2.46,-0.64,-1.40;
2.76,-0.87,-0.45;
0.90,1.13,1.35;
-0.32,1.04,1.24;
-1.13,-0.25,0.66;
-3.07,-1.22,-0.33;
-2.95,-0.03,-0.33;
-1.70,0.14,-0.42;
-0.40,0.10,-0.33;
2.06,-0.67,0.31;
2.55,-0.44,0.24;
1.95,-0.32,0.88;
-0.35,-0.19,1.12;
-3.53,0.62,0.72;
-4.02,1.37,-0.21;
-4.52,0.62,-1.72;
-2.64,-1.15,-2.70;
0.47,-1.57,-1.44;
1.88,-0.23,0.83;
4.23,1.69,2.68;
3.40,0.39,1.00;
0.59,-0.43,-0.63;
-3.59,-1.82,-1.18;
-7.31,0.10,-0.56;
-6.93,0.97,0.14;
-2.49,0.47,-0.10;
0.40,-0.54,0.59;
1.02,-0.64,0.37;
2.01,0.88,1.00;
2.62,-0.12,0.91;
0.26,-0.52,0.50;
-2.61,-0.55,0.43;
-3.25,0.24,0.16;
-1.16,1.25,-0.18;
-0.14,-0.15,0.13;
-1.63,-1.24,0.65;
-1.85,-0.81,0.68;
-2.05,-0.41,0.27;
-0.29,0.99,-0.86;
1.36,0.09,-0.92;
2.01,-0.78,0.05;
1.45,-0.89,2.25;
-0.32,0.75,2.69;
-1.76,0.49,2.07;
-3.71,-0.22,-0.15;
-3.97,-0.57,-1.57;
-2.76,-0.58,-0.88;
-2.11,0.75,0.14;
0.18,0.41,0.60;
2.20,-0.44,0.72;
1.48,0.43,0.28;
-0.52,0.39,0.45;
-3.13,0.24,-0.01;
-3.27,0.53,-0.60;
-2.98,0.20,-1.29;
-2.02,-0.09,-1.26;
0.09,-0.03,-0.41;
1.85,-0.26,0.14;
4.06,1.56,1.61;
2.56,0.79,0.98;
-0.32,0.65,-0.04;
-1.07,-0.69,-0.94;
-2.22,0.27,-0.01;
-0.57,1.74,1.61;
0.67,0.79,1.12;
-0.31,-0.38,0.86;
-1.86,-0.48,0.37;
-1.65,0.67,0.60;
-1.07,1.04,1.08;
-0.34,1.45,0.54;
-0.17,1.81,1.15;
-1.07,1.23,0.94;
-1.67,1.17,1.46;
-2.81,0.35,1.24;
-2.38,0.73,1.52;
-0.57,0.73,2.25;
1.46,1.56,2.72;
0.53,1.16,1.67;
-0.60,1.95,1.82;
-1.80,0.99,1.87;
-1.82,-0.37,1.18;
-3.41,1.01,1.03;
-5.22,0.55,0.56;
-4.05,1.52,-0.02;
2.46,3.69,1.34;
5.98,2.58,1.61;
3.20,-0.02,1.73;
2.01,-1.86,1.26;
2.17,1.05,1.05;
4.95,4.07,1.55;
6.46,6.10,0.30;
6.32,3.36,-1.87;
2.27,0.50,-0.94;
-5.41,1.10,0.53;
-8.92,4.01,1.26;
-0.73,4.64,1.44;
4.12,0.99,-0.05;
5.14,0.78,-1.76;
2.99,2.09,-1.96;
3.94,2.03,-1.76;
3.75,0.03,-0.42;
1.36,-2.99,0.86;
-1.96,-2.89,2.80;
-3.83,-0.95,4.27;
-5.47,1.23,4.33;
-2.47,1.48,2.94;
-0.90,0.07,0.48;
-4.43,-1.39,0.24;
-4.72,-2.06,0.34;
-1.45,-2.63,1.95;
1.53,-1.85,2.86;
10.53,1.56,4.33;
17.07,0.93,4.08;
17.07,-0.06,2.05;
17.65,-2.95,1.29;
14.18,-5.91,1.47;
6.32,-3.19,1.98;
-0.43,1.60,3.23;
-4.89,1.19,3.99;
-9.76,-4.95,2.76;
-8.80,-6.67,2.48;
-4.11,-4.58,2.71;
3.83,-1.42,4.17;
11.72,-1.15,3.52;
16.32,-1.06,1.98;
10.67,-4.49,0.13;
1.37,-5.83,-0.70;
-3.44,-5.22,0.27;
-6.52,-2.80,0.19;
-5.76,-4.44,0.57;
-4.54,-5.25,0.37;
-2.61,-3.65,3.00;
-1.74,-0.81,5.05;
-0.92,-1.21,4.54;
-1.04,-3.83,2.86;
-0.78,-4.40,2.40;
2.73,-4.69,3.00;
7.51,-3.01,3.41;
15.92,-1.88,3.30;
22.35,-4.08,4.13;
21.72,-5.74,5.61;
15.82,-5.53,6.36;
7.02,-5.19,5.24;
1.91,-4.37,5.67;
-3.56,-5.19,7.05;
-12.09,-7.01,7.96;
-14.57,-5.25,7.73;
-12.51,-3.30,7.87;
-11.39,-3.90,6.27;
-7.68,-6.37,3.73;
-2.46,-5.35,2.98;
2.24,-2.51,3.98;
3.24,-1.50,4.22;
5.49,-3.32,3.47;
9.51,-4.29,4.25;
7.16,-2.78,5.90;
1.72,-1.15,7.12;
-6.28,-1.97,4.82;
-10.89,-0.83,1.59;
-12.51,-1.32,1.66;
-13.10,-1.12,2.54;
-10.54,-1.97,3.14;
-3.27,-0.14,3.29;
3.86,3.45,3.26;
10.69,3.94,4.22;
9.24,0.04,3.41;
0.88,-3.33,0.59;
-5.38,-2.73,-0.42;
-5.42,7.19,0.27;
2.82,13.07,-1.52;
7.78,15.63,-5.14;
11.66,15.91,-6.91;
14.35,12.46,-6.02;
8.04,1.71,-3.26;
-2.17,-1.22,-2.63;
-5.67,7.59,-4.24;
2.35,11.05,-3.75;
1.77,4.81,-2.77;
-11.13,-1.57,-2.53;
-24.47,-2.58,2.36;
-31.34,-1.09,6.51;
-30.90,-2.78,7.69;
-30.67,-5.85,5.76;
-26.86,-4.38,4.79;
-15.34,-1.35,5.88;
-4.17,-2.72,5.85;
-0.78,-4.34,4.39;
0.62,-4.44,3.18;
4.73,-3.77,1.06;
8.70,-3.99,-1.26;
9.40,-3.91,-1.79;
6.76,-4.72,-1.38;
2.55,-6.06,-1.00;
-0.60,-5.61,-1.02;
-5.36,-4.54,0.02;
-8.26,-3.42,1.34;
-3.60,2.20,2.92;
3.36,5.89,3.96;
-0.43,-1.36,1.85;
-10.35,-1.13,-3.79;
-9.34,-1.61,-6.76;
0.81,-0.61,-4.33;
12.12,4.85,-1.35;
14.14,3.78,0.34;
8.61,1.72,-0.07;
4.85,0.52,-1.61;
4.52,0.41,-4.07;
11.72,2.81,-4.08;
17.63,2.21,-4.19;
9.71,0.24,-4.66;
5.54,0.99,-3.34;
2.33,-0.84,-1.14;
3.08,1.46,-0.07;
1.86,2.73,-0.86;
-1.67,4.06,-1.15;
-9.77,-1.30,-1.90;
-17.15,-3.51,-2.05;
-14.58,2.65,-2.19;
-7.19,5.25,-0.08;
-3.89,3.59,-0.13;
-0.86,2.07,-0.13;
1.11,0.49,-1.78;
6.14,2.15,-1.99;
3.45,0.99,-1.24;
-3.36,-3.68,0.45;
-6.92,-3.21,-0.33;
-6.37,2.23,-2.33;
0.52,8.26,0.59;
4.46,3.95,2.91;
-2.83,1.45,4.10;
-9.77,0.46,3.20;
-14.64,2.43,3.17;
-17.96,-2.29,2.10;
-16.54,-1.77,0.48;
-10.73,3.14,-1.14;
-1.01,6.46,-0.31;
3.88,1.94,0.39;
6.43,-2.87,0.37;
3.07,-2.69,1.49;
0.90,1.28,1.85;
0.18,1.36,1.46;
1.30,-1.28,0.53;
-1.33,0.09,-0.13;
-1.16,3.74,0.28;
0.49,4.27,1.08;
2.84,-0.63,-0.05;
1.75,-1.68,0.27;
-0.83,-0.73,0.57;
-4.73,0.62,1.37;
-1.51,0.96,2.66;
-1.50,0.39,3.43;
-4.22,1.34,3.73;
-9.96,0.55,3.17;
-10.69,-0.55,1.75;
-9.54,-2.37,1.08;
-5.24,-1.90,1.87;
0.29,-1.97,3.81;
2.21,-0.48,5.92;
2.96,1.02,8.19;
1.78,-0.98,9.06;
-2.22,-2.80,10.17;
-9.15,-2.02,11.35;
-13.19,-0.41,12.66;
-13.28,-1.16,13.49;
-6.28,-1.44,14.60;
-0.03,-5.18,15.24;
5.39,-7.79,16.10;
15.49,-5.41,15.09;
34.40,-5.53,13.34;
49.59,-6.54,14.39;
61.42,-8.49,17.95;
68.07,-11.07,22.62;
72.21,-9.65,25.05;
57.82,-15.10,25.63;
38.23,-13.88,26.45;
27.75,-15.82,27.90;
28.33,-15.80,34.60;
27.80,-9.51,38.48;
7.97,-12.77,40.91;
-19.45,-14.99,44.31;
-31.12,-24.22,46.71;
-20.28,-21.94,49.95;
-13.45,-18.78,52.45;
-18.22,-27.47,55.64;
-7.82,-35.77,55.03;
32.26,-25.01,50.21;
50.29,-11.24,49.82;
30.38,-12.06,48.74;
25.72,-17.13,48.85;
23.85,-24.51,56.59;
24.50,-25.51,65.93;
39.66,-19.86,73.12;
8.59,-28.73,62.82;
-15.51,-43.16,38.42;
6.30,-49.51,27.79;
13.83,-42.06,41.61;
47.14,-31.93,52.01;
65.54,-31.56,48.24;
36.75,-25.90,51.23;
-5.80,-1.51,51.75;
-27.07,-0.11,50.14;
-18.14,-9.97,41.30;
-16.26,-15.77,30.25;
-7.27,-18.46,27.99;
-8.78,-14.57,37.01;
-9.16,-10.72,49.00;
3.19,-1.77,47.79;
8.67,0.14,38.76;
8.46,-19.33,26.83;
9.82,-24.48,29.56;
8.72,-18.80,39.30;
2.15,-2.73,46.14;
5.98,3.88,33.29;
-2.23,-9.24,22.25;
-0.35,-16.70,28.40;
16.73,-6.37,38.13;
12.70,-3.10,34.77;
4.15,-3.74,25.01;
-10.66,-8.20,19.27;
0.64,-9.77,23.06;
24.96,-12.15,26.92;
39.02,-9.82,27.38;
25.62,-12.67,25.01;
4.53,-16.15,22.98;
-10.06,-10.26,17.27;
-4.58,4.64,19.06;
22.12,6.50,20.83;
36.66,7.27,20.31;
37.60,5.08,18.34;
36.08,-0.72,18.51;
24.43,-5.25,19.37;
9.56,-11.99,21.52;
0.03,-10.90,21.50;
-0.44,2.00,19.03;
8.90,11.77,16.48;
18.33,9.49,16.28;
24.15,-0.08,22.13;
37.17,0.82,20.31;
42.81,-3.77,17.38;
21.14,-7.83,22.94;
2.58,-12.89,21.78;
-11.19,-10.69,12.97;
-2.93,-6.98,11.20;
16.26,-1.90,15.76;
36.20,-0.57,18.57;
36.64,1.68,19.23;
16.18,3.43,16.94;
1.57,4.36,16.60;
-2.34,5.07,15.12;
-0.18,2.49,9.96;
6.52,-1.59,8.82;
11.37,-0.77,11.23;
15.48,4.07,12.80;
9.62,2.49,8.07;
-0.93,-0.25,4.77;
-7.10,-3.42,3.98;
1.68,-0.67,3.29;
12.76,4.99,2.66;
11.08,1.62,1.08;
-4.38,-9.47,-0.99;
-14.60,-12.92,-3.29;
-7.62,-6.51,-5.57;
-0.83,3.25,-4.70;
2.27,5.65,-5.18;
-5.86,0.67,-5.46;
-6.83,2.82,-4.42;
-2.60,6.21,-4.79;
-6.57,7.75,-9.31;
-13.68,8.64,-13.40;
-20.03,6.17,-14.56;
-18.38,6.33,-14.39;
-12.28,7.59,-17.63;
-7.67,8.94,-19.08;
-9.21,7.34,-18.65;
-16.66,4.53,-21.43;
-17.28,7.02,-23.64;
-20.15,6.26,-24.56;
-22.05,5.62,-25.41;
-21.60,5.45,-25.14;
-22.63,9.27,-26.22;
-23.48,13.78,-28.56;
-23.15,17.52,-30.60;
-20.58,15.05,-31.55;
-21.36,10.99,-34.15;
-19.39,9.94,-39.18;
-5.04,10.87,-41.44;
-5.73,6.68,-40.48;
-10.31,3.74,-38.83;
-18.78,7.33,-38.92;
-26.46,16.24,-41.84;
-28.92,21.37,-46.51;
-28.09,26.50,-51.02;
-4.41,21.46,-51.50;
2.81,9.74,-52.94;
-1.30,7.08,-53.90;
-5.47,18.29,-50.66;
-26.28,24.04,-52.21;
-40.44,25.75,-56.22;
-52.00,31.16,-58.31;
-37.54,32.29,-63.64;
-20.84,23.95,-68.22;
-10.25,16.47,-70.70;
-13.91,15.92,-68.50;
-21.50,18.75,-63.92;
-30.52,31.78,-59.54;
-33.56,46.55,-60.28;
-36.55,52.21,-68.01;
-44.99,43.34,-74.83;
-47.44,24.03,-76.07;
-52.52,16.21,-71.35;
-47.86,24.72,-69.38;
-34.11,34.52,-75.72;
-26.29,28.24,-78.83;
-16.12,17.54,-78.77;
-8.44,9.33,-78.18;
-9.15,6.62,-74.08;
-3.89,18.82,-72.76;
7.95,29.40,-72.24;
12.30,24.84,-69.87;
5.59,11.91,-71.20;
6.93,9.60,-73.98;
7.02,10.44,-67.87;
0.33,15.48,-56.83;
-2.05,22.00,-48.39;
8.35,22.75,-45.14;
16.78,11.33,-40.70;
18.47,1.52,-34.85;
26.56,-6.32,-27.64;
35.20,-5.74,-19.06;
55.33,5.42,-13.15;
67.37,20.15,-7.84;
66.21,20.50,-0.70;
33.43,7.68,3.81;
3.34,-2.57,4.08;
-0.96,0.75,-0.86;
7.63,4.72,-8.79;
13.59,-2.60,-13.64;
6.43,-6.17,-11.84;
2.84,-4.80,-5.00;
11.13,4.94,0.50;
14.76,7.34,3.50;
3.22,1.49,0.56;
-22.29,-1.62,-1.99;
-29.15,-0.81,-0.24;
-8.99,-1.79,5.06;
9.14,0.36,8.19;
18.15,5.80,6.74;
10.32,1.27,4.24;
-7.65,-3.62,1.40;
-16.90,-0.06,3.29;
-14.15,6.56,5.75;
-9.34,5.11,6.50;
-13.33,-3.82,3.21;
-15.96,-9.21,1.79;
-10.43,-1.90,4.19;
5.07,8.55,5.06;
21.22,9.63,6.60;
17.17,1.05,5.14;
-1.41,-4.35,2.04;
-16.11,-7.36,1.98;
-20.73,-4.78,-0.59;
-2.80,3.17,-1.35;
15.14,4.90,1.41;
19.54,1.33,2.92;
8.50,-2.44,3.63;
-6.75,-2.95,3.75;
-13.89,1.05,3.03;
-14.12,-0.02,0.74;
-8.57,3.75,0.66;
-5.41,3.36,3.12;
-7.51,3.69,4.05;
-3.80,2.70,3.27;
-6.11,-2.19,1.21;
-7.89,-1.61,-0.86;
-6.44,0.62,0.92;
0.93,2.87,2.68;
3.49,2.10,2.85;
0.20,0.41,0.63;
-6.67,0.81,-1.81;
-7.31,2.15,-3.14;
-2.14,-0.28,-1.20;
0.38,-2.15,0.17;
0.67,-0.99,2.08;
-0.99,2.75,3.01;
0.52,3.69,0.76;
-3.97,2.73,-2.65;
-4.18,1.19,-3.08;
-2.22,-5.01,-1.05;
-1.34,-3.77,1.64;
3.30,1.40,1.64;
4.09,3.10,-1.40;
8.08,2.87,-1.93;
4.26,-0.57,-0.89;
-1.15,-1.61,-0.04;
-8.31,-2.98,-1.08;
-7.42,-1.65,-1.98;
3.34,3.63,-1.02;
5.69,4.58,1.06;
4.81,-1.16,3.47;
0.64,-5.04,4.91;
-0.32,-3.41,5.93;
-0.41,2.58,3.24;
-0.31,4.64,-0.44;
-2.83,3.08,-1.95;
-10.73,-2.34,-2.89;
-16.58,-2.20,-1.31;
-11.79,0.55,0.01;
-4.73,2.00,-1.32;
3.75,4.93,-1.99;
13.95,7.27,-0.05;
11.14,1.63,2.21;
0.11,-1.65,2.85;
-4.99,4.32,1.09;
-4.09,6.50,1.11;
-5.25,-0.78,-0.95;
-10.02,-5.01,-2.56;
-12.81,-4.15,-0.57;
-8.17,2.00,2.04;
5.43,4.43,4.10;
5.46,1.04,2.76;
-2.25,-2.46,0.27;
-7.73,-1.19,-0.97;
-8.14,0.09,-0.62;
-5.82,-0.22,0.68;
-4.38,2.00,0.86;
-2.72,1.60,2.46;
-2.38,-0.19,2.76;
-1.02,0.56,1.99;
-2.76,-0.40,1.96;
-2.83,-2.05,1.61;
-1.04,-0.98,0.94;
3.91,1.42,0.05;
5.59,1.14,0.51;
3.07,0.27,1.50;
-3.07,-1.47,1.98;
-5.31,-0.81,1.58;
-6.15,-0.87,0.66;
-5.13,1.11,2.31;
-5.94,-0.63,4.42;
-10.47,0.07,6.13;
-9.59,1.72,6.10;
-9.85,2.12,3.35;
-10.15,1.17,0.27;
-9.02,0.15,-0.71;
-2.69,-1.73,-0.13;
0.09,-0.26,0.43;
5.95,0.59,0.36;
10.82,1.34,0.63;
8.67,2.55,1.49;
0.50,0.65,1.69;
-6.08,-1.61,0.94;
-11.21,-2.09,0.25;
-10.22,-0.11,0.45;
-6.98,1.07,0.82;
1.10,3.62,0.14;
1.83,0.46,-0.73;
1.82,-2.92,-0.16;
2.29,-2.03,1.20;
5.40,2.93,1.52;
4.21,1.43,0.43;
-1.63,-1.94,-0.83;
-3.85,-3.70,0.16;
-1.45,-2.70,2.68;
1.48,-0.63,2.71;
6.73,2.38,2.77;
1.95,1.68,0.16;
-1.47,1.02,-1.57;
-5.38,-3.44,-2.71;
-7.12,-5.71,-1.75;
-6.52,-4.37,-1.28;
0.30,0.56,-0.73;
9.40,3.83,-0.24;
12.49,2.44,-0.92;
10.20,-1.06,-0.48;
0.46,-3.59,-0.47;
-6.34,-0.29,-1.20;
-6.41,-0.19,-1.15;
-3.62,-1.50,-1.89;
-0.09,-0.17,-1.40;
2.91,6.58,0.01;
3.62,5.49,0.69;
-0.46,-2.58,-0.86;
-5.94,-6.31,-2.15;
-9.09,-3.12,-1.17;
-4.93,2.32,0.83;
3.20,1.34,0.28;
5.34,0.46,0.33;
2.38,-0.15,0.83;
-2.54,-0.75,2.85;
-8.26,-0.44,2.68;
-11.50,1.49,0.01;
-7.91,3.08,-2.53;
-3.44,-0.35,-3.69;
-1.07,-1.12,-4.13;
3.46,-1.24,-2.97;
11.10,-0.31,-1.17;
16.69,2.27,-0.27;
15.48,3.22,0.31;
4.93,0.56,0.53;
-8.18,0.68,0.25;
-15.97,0.20,-0.01;
-17.65,0.81,-0.08;
-9.73,-0.57,-1.40;
-3.71,-0.58,-1.55;
3.11,0.17,-2.28;
12.37,0.82,-1.29;
17.27,-0.40,0.22;
15.27,1.45,0.37;
8.04,2.70,0.50;
-7.13,0.26,-1.29;
-13.73,-1.45,-2.21;
-13.48,-2.40,-2.65;
-9.54,1.69,-2.36;
-3.34,2.67,-0.47;
0.84,1.01,0.54;
1.88,-1.44,0.01;
0.14,-2.32,-0.91;
2.72,0.21,-0.34;
3.25,0.43,0.27;
-1.73,-0.22,0.39;
-6.12,-1.44,0.11;
-10.02,-0.43,0.51;
-5.02,2.73,1.43;
-0.64,0.75,1.05;
-1.39,-1.04,-0.25;
-3.34,-2.28,-0.48;
-0.89,-0.29,0.07;
3.85,1.71,1.27;
5.14,1.19,0.85;
2.73,-0.87,1.73;
-2.84,-1.36,2.63;
-6.57,1.49,3.29;
-7.62,1.01,1.99;
-8.38,0.21,0.28;
-5.94,-0.14,-0.79;
-3.82,-0.40,-0.70;
1.54,-0.14,-0.01;
6.72,-1.15,0.69;
7.63,-0.46,1.05;
5.78,0.75,1.37;
0.85,-0.38,1.75;
-5.27,-0.98,1.64;
-8.76,-0.73,2.57;
-7.13,-1.85,4.36;
-6.32,-2.28,5.66;
-4.00,-0.25,5.67;
-2.05,1.36,5.93;
-5.07,1.20,5.09;
-8.51,-3.27,1.95;
-9.59,-7.62,2.39;
-9.50,-6.25,6.19;
-1.67,0.43,9.76;
8.75,0.36,11.24;
13.04,-2.35,10.80;
16.98,-12.64,8.28;
16.62,-16.09,10.54;
15.94,-13.42,17.18;
18.52,-9.47,23.11;
19.98,-7.79,24.48;
25.13,-9.18,24.48;
22.82,-14.02,30.48;
17.24,-11.82,35.08;
20.62,-8.49,34.07;
21.20,-6.87,34.76;
18.47,-11.64,36.79;
11.89,-22.69,39.61;
9.85,-20.98,43.32;
10.59,-17.15,42.65;
6.40,-12.96,40.91;
3.28,-15.16,39.47;
11.36,-17.28,35.85;
13.94,-21.67,36.07;
0.73,-17.83,37.49;
-18.90,-20.37,39.05;
-22.26,-19.16,45.09;
-5.19,-20.05,51.59;
10.49,-22.72,57.30;
4.06,-22.89,61.23;
-12.70,-28.54,56.05;
-13.88,-16.55,46.86;
-1.01,-2.99,47.95;
2.69,-2.86,49.82;
0.98,-8.96,45.87;
1.42,-24.84,40.13;
-1.42,-42.32,40.77;
3.01,-34.05,42.76;
9.42,-1.80,48.69;
11.74,12.33,55.29;
9.10,-5.99,58.01;
5.78,-43.30,51.69;
-3.24,-50.41,37.69;
-17.83,-15.88,37.98;
-4.76,0.62,48.17;
3.60,-1.24,57.30;
25.74,-9.44,50.92;
4.75,-14.90,48.43;
0.40,-16.51,53.85;
-7.97,-12.26,57.21;
-2.29,-4.31,44.91;
-23.13,-2.89,37.52;
17.86,-9.35,40.76;
46.85,-19.41,52.59;
41.28,-20.40,56.07;
17.53,-11.33,40.72;
-4.80,-6.64,34.68;
-1.16,-5.93,48.74;
13.75,-0.19,61.05;
30.03,4.79,49.70;
26.53,-5.57,35.76;
3.05,-13.67,37.73;
-3.10,-9.28,47.50;
12.91,6.61,47.78;
19.19,-0.84,39.32;
3.92,-11.48,35.47;
3.56,-0.89,42.02;
16.40,14.61,45.30;
18.88,11.81,39.98;
7.59,0.87,33.53;
-2.57,-8.08,31.06;
3.45,-6.61,34.48;
10.72,5.60,36.10;
12.82,15.16,33.24;
7.95,13.77,26.69;
1.11,2.61,19.78;
2.38,-1.50,22.05;
22.00,4.70,27.03;
37.05,9.77,23.99;
31.40,4.20,22.62;
11.83,-5.39,24.60;
-2.12,-6.64,21.66;
9.95,0.99,18.79;
18.67,3.97,17.12;
27.94,-4.52,21.99;
25.34,-7.74,20.19;
27.71,-0.55,13.66;
24.76,-1.01,15.00;
8.75,-7.07,19.63;
-6.14,-9.91,16.62;
-1.36,-0.28,9.06;
12.49,11.10,7.55;
25.10,14.53,9.61;
25.07,5.66,15.34;
20.38,4.04,13.66;
10.61,7.74,5.72;
-0.37,2.41,3.30;
-4.83,-2.29,3.14;
1.82,-5.10,2.30;
10.96,-5.28,5.79;
12.69,2.00,7.50;
10.17,7.14,3.87;
3.30,4.14,0.97;
-9.24,-1.88,3.17;
-5.73,2.38,2.62;
5.30,8.94,2.57;
1.94,10.26,1.79;
-6.47,3.54,-0.65;
-12.83,1.14,1.43;
-11.68,4.36,0.65;
-7.01,9.94,-6.53;
-3.65,8.46,-8.27;
-6.15,1.86,-5.31;
-8.47,-0.41,-6.16;
-8.18,4.64,-9.90;
-20.25,1.37,-9.90;
-35.12,2.27,-11.79;
-29.53,6.85,-15.29;
-20.73,12.72,-16.85;
-5.12,12.81,-17.72;
5.82,9.63,-17.26;
2.85,6.67,-17.21;
-10.25,2.09,-19.57;
-32.20,0.96,-26.59;
-31.89,2.65,-30.94;
-30.86,1.31,-31.43;
-21.30,3.89,-27.57;
-16.73,7.34,-26.12;
-14.20,14.46,-28.77;
-25.41,16.96,-32.92;
-36.02,14.52,-34.24;
-39.88,15.49,-35.90;
-39.13,16.67,-37.92;
-25.54,16.65,-39.90;
-22.37,15.08,-40.56;
-23.86,14.06,-40.34;
-35.18,15.77,-42.82;
-30.02,18.90,-47.84;
-28.46,21.52,-49.90;
-19.33,24.29,-50.12;
-17.77,20.62,-51.29;
-29.24,18.07,-53.96;
-39.79,20.17,-57.00;
-47.71,21.31,-60.30;
-41.01,20.58,-61.08;
-31.60,19.49,-60.54;
-19.38,18.65,-61.81;
-12.92,18.15,-64.15;
-14.52,21.10,-65.90;
-22.63,24.26,-73.20;
-27.71,25.89,-76.85;
-29.25,25.37,-74.95;
-25.89,15.02,-71.18;
-19.24,15.36,-69.84;
-16.86,21.31,-74.50;
-20.47,21.88,-79.86;
-16.32,19.10,-78.53;
-11.07,17.88,-78.44;
0.47,14.26,-81.60;
-2.60,12.03,-81.38;
0.84,15.91,-82.39;
-7.79,15.27,-78.89;
-19.65,19.07,-73.37;
-12.22,28.09,-77.78;
-21.07,22.14,-85.02;
-23.18,7.05,-85.20;
-14.84,-5.32,-86.56;
-7.41,-8.60,-80.47;
1.63,11.72,-68.08;
23.60,35.81,-61.81;
23.68,29.45,-59.87;
12.11,8.49,-62.31;
11.37,-2.81,-66.10;
6.69,-5.21,-58.08;
21.77,8.32,-46.48;
46.78,11.39,-39.17;
71.60,6.62,-22.07;
83.42,13.72,-8.70;
91.77,20.18,7.49;
87.85,32.30,10.76;
74.41,26.73,0.94;
19.88,-5.22,-12.34;
-36.52,-25.80,-20.30;
-55.77,-24.31,-19.49;
-20.20,-5.47,-9.58;
42.17,23.48,2.02;
81.20,30.12,3.21;
60.85,11.14,-3.02;
-1.99,-5.56,-3.02;
-39.48,-9.48,0.97;
-36.22,2.26,3.01;
0.08,10.53,2.08;
34.88,3.91,3.12;
24.43,-4.93,2.27;
-2.15,-7.79,5.17;
-17.74,4.20,2.53;
-3.97,9.42,-0.28;
18.50,2.10,1.11;
22.41,-5.27,1.44;
4.29,-8.60,2.17;
-13.22,-3.39,0.82;
-17.38,2.03,-1.64;
-6.06,-0.44,-0.59;
7.27,3.60,1.50;
7.54,2.24,1.38;
-4.09,1.94,0.91;
-11.13,2.58,2.14;
-9.44,-1.04,3.32;
-5.96,-6.67,4.51;
-3.48,-2.57,5.17;
0.56,5.62,3.87;
4.56,7.19,0.30;
3.01,0.03,-2.59;
-5.92,-4.38,-2.04;
-11.18,0.15,1.44;
-8.66,7.19,3.78;
2.11,5.57,4.57;
-3.27,1.94,2.60;
-7.21,-0.54,-0.01;
-11.42,-7.68,-3.14;
-7.18,-6.52,-4.56;
5.85,2.61,-2.97;
20.56,6.72,2.05;
27.17,5.27,4.13;
15.19,1.75,2.85;
-10.41,1.48,0.17;
-26.78,-0.89,-1.24;
-25.56,-2.54,0.16;
-14.26,-3.57,2.74;
-6.64,1.22,4.19;
-0.87,3.69,4.86;
1.80,3.95,3.40;
4.79,4.20,0.07;
6.50,0.58,-0.50;
0.53,-1.42,-2.48;
-1.24,-2.00,-2.62;
-1.42,-1.21,-3.60;
5.98,2.27,-3.43;
13.11,3.92,-1.67;
8.20,2.96,-0.53;
0.46,0.81,-0.34;
-6.09,-3.07,0.37;
-8.22,-2.86,2.30;
-5.54,1.22,2.85;
-1.02,4.81,2.79;
0.75,1.42,0.53;
-2.02,-2.93,-0.56;
-2.99,-2.34,0.59;
-0.84,-0.14,2.42;
-2.84,3.51,2.51;
-2.03,4.20,-0.22;
-0.34,-2.43,-2.62;
-0.81,-5.57,-2.73;
1.72,-2.29,-0.44;
2.79,1.59,1.93;
4.17,3.16,3.70;
3.98,3.19,2.88;
-1.54,2.50,1.59;
-11.89,-0.23,0.19;
-16.75,-2.87,-0.34;
-13.56,-1.25,0.76;
-3.04,-0.03,1.50;
5.28,4.26,2.74;
13.25,6.43,3.52;
10.95,0.07,2.05;
0.23,-4.96,-0.54;
-6.22,-3.73,-0.83;
-9.05,0.29,0.79;
-4.46,-0.20,2.08;
-2.35,2.41,2.28;
-3.83,2.82,1.84;
-6.81,0.09,1.67;
-7.82,-2.81,0.53;
-5.63,-2.43,-0.45;
-3.16,1.08,-0.05;
0.37,2.82,-1.15;
4.84,1.98,-1.44;
5.45,0.93,-1.66;
1.74,0.85,-0.89;
-4.40,-1.44,-0.07;
-7.33,-3.24,0.43;
-4.89,0.41,1.73;
-0.69,5.60,3.93;
-1.16,4.00,4.50;
-6.87,1.28,2.89;
-12.75,-1.56,0.02;
-11.16,-2.58,-0.05;
-4.49,-2.77,0.97;
2.06,0.70,2.27;
7.37,6.39,3.06;
1.04,3.45,1.95;
-6.44,-0.05,-0.92;
-8.12,-3.13,-2.13;
-8.00,-4.02,-1.40;
-5.54,-0.55,0.36;
-0.81,4.58,1.01;
2.96,4.85,0.59;
4.69,2.49,-0.15;
1.25,0.33,-0.42;
-3.05,-4.63,-0.12;
-6.80,-4.38,0.80;
-4.06,1.46,1.81;
-2.22,3.83,0.76;
-2.86,3.72,-0.27;
-2.05,0.23,-0.16;
-5.05,-3.42,0.08;
-6.98,-2.61,-0.04;
-1.19,1.10,0.42;
0.08,1.86,-0.21;
2.04,1.01,-0.27;
1.69,0.70,0.07;
-0.03,-0.54,-0.02;
-1.31,-1.13,0.53;
-2.99,-3.30,-0.07;
-6.00,-1.77,-0.71;
-1.31,1.01,-0.79;
2.35,0.30,0.22;
5.49,0.91,-0.01;
5.39,-0.20,0.60;
0.24,0.30,1.47;
-8.58,-0.15,0.56;
-15.53,0.17,-1.20;
-12.80,-1.04,-2.27;
-7.07,-3.42,-2.19;
1.24,-0.96,-0.88;
7.40,0.87,1.26;
9.51,0.27,3.17;
8.12,-2.05,3.05;
4.78,-0.28,1.11;
-0.25,2.61,0.43;
-6.54,1.51,0.76;
-14.44,-1.64,-0.01;
-13.70,-3.07,-0.71;
-7.09,-1.33,-0.04;
3.63,2.72,1.06;
6.91,3.30,1.76;
2.58,1.37,1.63;
-4.12,-1.04,-0.42;
-5.77,-0.60,-1.79;
-3.57,1.97,-1.58;
-1.18,1.23,-1.87;
-1.31,-1.30,-1.21;
-1.27,-0.38,-0.56;
1.37,0.18,-0.44;
5.91,-1.21,0.89;
6.46,-1.62,0.76;
4.03,1.08,0.97;
0.38,0.91,1.69;
-4.89,0.33,-0.21;
-6.00,0.93,-0.79;
-7.02,-1.42,0.25;
-6.31,0.14,-0.22;
-3.99,-1.56,-0.15;
-1.22,-0.99,-0.65;
2.38,1.25,-0.44;
8.81,3.48,2.08;
8.56,0.10,3.03;
0.03,-3.09,2.27;
-9.80,-2.31,0.21;
-11.18,-1.21,-1.23;
-8.20,1.46,-1.38;
-0.63,2.67,0.04;
1.89,-1.16,0.98;
1.01,-3.21,0.95;
0.96,-1.59,0.22;
4.23,0.04,0.34;
6.49,2.33,1.00;
1.63,2.24,0.56;
-4.69,0.15,0.33;
-10.43,-1.88,-0.27;
-11.59,-2.15,-1.15;
-7.57,0.99,-0.22;
-1.92,2.67,-1.09;
1.72,3.31,-1.76;
5.57,0.88,-1.60;
3.19,-0.61,-0.53;
-1.24,-2.73,1.09;
-2.32,-2.08,1.11;
0.91,0.03,1.41;
4.62,4.46,2.13;
2.99,2.87,2.76;
-5.34,-2.15,1.27;
-11.97,-1.93,0.37;
-12.00,0.61,-0.41;
-3.70,2.27,-0.57;
1.11,-1.38,-0.39;
1.25,-2.19,-0.62;
1.72,0.46,-0.18;
5.85,2.56,1.70;
7.27,-0.37,2.08;
0.55,-1.41,0.42;
-6.32,0.04,-0.16;
-9.28,0.18,0.40;
-6.60,-1.68,1.17;
-3.59,-0.84,1.06;
0.20,2.90,1.72;
2.75,3.11,1.98;
0.76,0.79,0.57;
-0.78,-1.04,-1.40;
-2.29,0.78,-2.10;
-0.02,1.05,-1.06;
2.46,0.62,-1.09;
0.88,-0.57,-0.53;
-1.10,-0.22,-0.80;
2.44,0.29,-0.50;
3.91,1.48,0.71;
2.27,2.39,1.34;
-2.89,-0.15,1.27;
-6.87,-1.53,-0.18;
-4.09,0.39,-0.34;
-1.33,2.59,0.51;
1.68,2.67,1.32;
0.98,0.38,1.30;
-1.73,-1.44,1.47;
-1.39,0.03,1.69;
-0.70,0.47,1.73;
-1.51,-1.03,1.43;
-3.88,-0.17,1.52;
-2.26,2.73,2.25;
-1.02,2.62,1.70;
-1.94,1.63,-0.18;
-1.62,-1.67,-1.43;
-1.92,-1.22,-1.08;
1.24,-0.05,0.16;
4.91,3.23,-0.05;
8.46,1.71,0.45;
4.91,-0.23,0.68;
-2.03,-1.30,1.52;
-5.12,-1.71,1.15;
-2.73,1.54,-0.27;
1.11,3.56,-0.05;
0.72,3.80,-1.34;
0.75,1.89,-1.73;
-0.09,-0.29,-0.66;
-1.59,0.76,1.52;
-2.41,1.36,1.46;
-0.55,0.39,0.57;
-0.00,-1.50,-0.21;
-2.23,1.98,0.01;
-3.25,0.99,0.33;
-7.77,-1.33,0.34;
-6.54,-2.29,0.01;
-5.89,0.10,0.66;
-2.28,1.74,4.42;
0.26,-0.75,6.50;
-2.60,-2.17,7.01;
-4.66,0.88,6.77;
-6.66,1.54,7.44;
-11.38,-2.80,8.39;
-12.76,-6.28,9.18;
-11.10,-5.79,8.37;
-3.22,1.51,11.67;
-0.20,1.86,14.79;
1.85,-5.93,17.85;
-0.87,-10.66,18.62;
2.73,-9.65,24.16;
7.63,0.38,31.14;
16.27,-7.30,34.31;
18.87,-20.93,36.53;
18.67,-18.05,39.17;
26.75,-5.80,37.47;
20.20,-5.33,30.30;
19.20,-5.48,23.06;
13.92,-18.69,17.20;
9.75,-28.41,17.17;
12.62,-24.55,25.90;
27.34,-7.16,38.82;
28.56,-0.11,45.23;
23.63,-9.61,43.87;
20.30,-21.06,38.76;
-4.70,-28.02,41.96;
-16.66,-27.15,48.79;
-17.04,-21.51,52.16;
4.17,-11.86,51.12;
17.28,-17.28,52.57;
20.75,-17.96,55.46;
10.23,-19.32,61.93;
-0.03,-14.19,59.75;
-7.41,-13.36,52.31;
-4.61,-15.04,46.79;
-2.55,-19.83,44.48;
-9.53,-20.35,50.17;
-7.04,-17.85,56.74;
-13.94,-15.38,64.59;
-10.29,-6.96,63.41;
-3.88,1.91,56.95;
7.72,-3.67,44.51;
3.27,-30.51,42.43;
-6.61,-39.10,57.20;
-14.86,-24.67,73.96;
1.22,10.49,72.83;
11.80,19.36,57.23;
15.33,-0.95,45.85;
-1.34,-33.50,49.18;
-6.90,-22.34,63.73;
-5.02,-3.94,65.38;
-7.77,-1.28,59.30;
-7.68,0.47,58.72;
-9.82,-2.90,63.81;
-5.92,-2.81,62.77;
-1.73,-8.34,62.31;
15.85,-16.48,59.41;
8.46,-26.12,56.33;
-3.02,-28.60,48.02;
-14.76,-20.05,50.63;
5.86,-18.32,56.54;
18.88,-17.16,54.57;
14.15,-20.35,45.12;
9.56,-13.74,41.15;
21.13,-4.93,42.40;
34.24,3.56,52.80;
18.87,3.40,55.46;
1.62,3.02,49.41;
-6.40,10.65,43.15;
7.48,9.57,40.98;
19.25,0.36,41.88;
23.66,-7.07,43.24;
14.49,-4.93,43.44;
6.66,3.78,40.85;
1.74,8.61,36.45;
1.71,7.04,35.21;
7.71,-1.45,41.67;
20.47,2.78,43.93;
35.30,9.01,36.62;
33.11,1.54,31.18;
9.01,-12.73,33.26;
-0.86,-18.81,31.00;
4.69,-8.35,25.32;
10.55,2.18,22.31;
13.75,0.75,22.88;
8.17,-2.89,23.35;
14.35,-1.25,21.41;
28.06,7.02,17.70;
36.91,8.91,14.82;
21.43,-0.38,14.50;
7.01,-10.09,15.96;
-9.73,-9.25,15.84;
-13.21,2.91,11.88;
-14.93,8.01,2.22;
-9.88,8.99,-5.75;
5.11,6.70,-6.16;
30.62,9.16,0.68;
36.04,9.66,2.71;
19.19,8.52,-2.89;
-12.00,1.22,-8.95;
-39.22,-4.03,-11.23;
-41.77,2.21,-14.13;
-15.47,11.71,-15.38;
2.21,8.70,-13.95;
9.92,2.56,-9.49;
11.95,2.64,-8.15;
4.67,9.30,-16.10;
-5.21,6.55,-20.92;
-22.20,-2.23,-21.28;
-19.65,-4.09,-16.24;
-9.15,2.61,-14.65;
-0.46,11.28,-18.91;
-4.35,8.81,-21.73;
-19.27,2.47,-19.95;
-22.96,4.94,-20.59;
-18.60,10.68,-24.31;
-6.92,13.10,-28.02;
-5.45,8.33,-29.86;
-1.92,-0.81,-29.58;
-2.44,-4.99,-26.34;
-8.92,-1.18,-26.97;
-22.57,4.24,-32.13;
-38.78,5.57,-34.51;
-38.64,11.33,-35.54;
-24.60,12.06,-31.26;
-11.34,14.49,-30.59;
3.45,19.94,-36.97;
9.24,17.08,-39.92;
-8.44,10.67,-38.54;
-28.52,9.89,-38.27;
-31.94,11.30,-41.73;
-29.41,9.30,-44.88;
-24.84,9.36,-44.71;
-10.00,16.58,-47.61;
0.40,13.48,-51.43;
-13.31,8.97,-51.69;
-25.09,14.47,-55.73;
-27.89,18.81,-58.13;
-35.45,18.09,-55.32;
-41.30,24.24,-52.22;
-37.89,30.65,-56.66;
-28.86,34.14,-67.24;
-24.86,32.68,-72.16;
-13.77,26.72,-70.99;
-17.42,21.43,-68.22;
-18.92,23.72,-69.40;
-31.28,26.33,-74.19;
-37.70,24.38,-77.57;
-48.75,19.59,-79.43;
-56.72,18.65,-79.55;
-54.81,23.95,-80.66;
-51.96,32.21,-82.01;
-47.27,31.57,-85.38;
-37.83,29.20,-84.57;
-30.52,23.28,-86.71;
-16.67,16.52,-85.31;
-18.52,11.91,-81.92;
-18.40,10.12,-83.50;
-24.26,18.27,-83.70;
-29.80,20.93,-86.07;
-27.07,17.08,-87.26;
-20.57,2.70,-86.02;
-7.59,-5.56,-85.29;
5.91,-1.18,-84.45;
7.98,21.51,-76.95;
1.95,23.45,-72.59;
-4.44,13.65,-68.54;
9.40,-3.56,-68.86;
31.19,-13.45,-65.79;
66.56,2.21,-56.80;
88.27,21.08,-48.39;
100.03,23.77,-36.42;
92.84,10.00,-26.70;
70.93,-0.03,-20.44;
51.01,3.11,-5.75;
52.27,14.99,-1.06;
48.84,23.46,1.59;
25.65,12.01,3.82;
-13.73,-2.43,0.10;
-28.46,-4.05,-2.34;
-9.96,6.79,-0.74;
17.10,15.30,0.74;
42.35,7.86,0.63;
38.82,-12.12,-4.89;
17.27,-14.41,-6.41;
10.27,1.72,-1.21;
22.40,8.99,7.58;
29.85,12.47,11.15;
28.59,6.81,11.98;
-9.96,-7.10,9.01;
-57.10,-9.10,4.21;
-58.41,-3.61,-0.16;
-16.22,10.29,2.31;
23.01,13.52,1.72;
37.54,1.80,2.45;
22.81,-7.10,2.39;
6.37,-5.53,2.51;
2.33,2.68,5.06;
18.04,5.80,3.20;
21.54,4.58,0.16;
7.57,2.81,1.30;
-8.84,-2.41,2.66;
-15.09,-2.64,4.76;
-6.70,4.68,6.04;
1.91,2.14,6.79;
-0.72,-5.41,6.01;
-2.76,-6.69,6.16;
-4.63,4.84,4.46;
6.04,11.72,2.91;
7.63,7.19,-0.60;
1.56,-5.71,-5.09;
-11.42,-13.90,-6.45;
-13.89,-7.71,-3.58;
-2.87,3.16,0.25;
18.00,8.99,3.43;
29.33,7.88,3.40;
19.49,6.99,0.68;
2.99,3.94,0.39;
-12.23,-3.64,0.54;
-19.42,-4.48,0.33;
-21.67,-2.93,-0.12;
-9.89,0.87,-1.86;
7.72,8.52,0.40;
17.72,8.00,2.36;
15.62,0.15,3.64;
0.53,-2.90,1.67;
-9.74,1.20,-0.27;
-5.80,6.67,0.28;
-6.60,1.45,-0.16;
-8.25,-4.02,-1.70;
-7.50,-6.06,-2.83;
2.00,-0.48,-0.65;
12.14,4.12,0.92;
15.01,5.92,0.02;
9.48,3.31,-0.05;
-4.81,-5.53,-2.36;
-14.44,-8.52,-3.29;
-18.44,-3.90,-3.60;
-9.73,3.77,-2.74;
6.29,6.82,-0.82;
18.49,1.78,0.83;
12.40,-2.58,-0.41;
0.90,-3.51,-0.51;
-1.60,-3.70,0.39;
0.32,-0.67,1.00;
2.32,3.08,0.25;
-1.94,4.10,-1.98;
-8.78,0.65,-3.69;
-12.55,-4.05,-2.42;
-10.28,-2.32,-0.37;
0.64,2.29,1.75;
7.77,0.06,0.76;
10.38,0.55,-3.17;
9.19,0.07,-4.99;
4.91,-2.61,-5.20;
2.04,-1.86,-3.31;
2.90,0.39,-2.48;
2.82,-0.98,-1.12;
-2.18,-5.67,-0.89;
-8.11,-2.40,0.22;
-6.78,2.62,2.50;
-5.85,3.05,1.63;
-3.42,2.46,0.74;
-1.16,-1.03,-0.80;
-3.54,-6.28,-1.44;
-6.22,-5.03,-2.22;
-4.81,-0.67,-2.79;
2.69,4.52,-1.24;
12.87,4.15,1.98;
4.30,1.05,1.40;
-4.90,-2.02,-1.21;
-7.21,-3.76,-2.18;
-8.38,-2.69,-2.33;
-3.13,1.68,-0.95;
4.29,0.81,1.00;
4.93,1.66,1.87;
4.84,2.85,1.08;
0.93,3.40,0.31;
-8.92,-0.14,-1.75;
-16.14,-3.18,-1.72;
-19.24,-2.46,-1.46;
-9.63,0.58,-0.83;
4.61,3.36,1.96;
10.15,2.01,3.03;
6.64,-0.20,2.85;
2.81,3.60,3.05;
-2.11,4.21,2.71;
-7.60,1.85,-0.10;
-8.55,-4.20,-2.33;
-8.02,-5.06,-2.83;
-1.77,-0.61,-2.13;
5.75,1.01,1.20;
9.72,1.40,1.82;
10.14,1.48,1.70;
6.21,2.97,1.38;
-2.54,-0.05,1.11;
-10.54,-2.37,1.79;
-13.99,-1.50,1.34;
-7.79,0.50,-0.99;
2.76,2.67,-0.30;
7.14,2.73,0.63;
4.35,1.36,1.85;
2.33,-2.49,2.86;
-1.33,-3.06,2.37;
-3.36,2.65,1.61;
-5.30,3.60,-0.33;
-8.83,1.40,-2.05;
-7.50,-1.62,-2.71;
-4.05,-2.84,-0.12;
1.34,0.21,2.95;
6.38,1.56,3.52;
3.97,-0.34,1.05;
-2.41,-0.66,-1.28;
-2.47,0.14,-0.68;
-4.25,-1.42,0.79;
-5.76,-1.44,0.46;
-4.92,-0.22,0.98;
-4.70,1.71,1.85;
0.29,1.88,2.62;
2.38,-0.09,2.31;
0.69,0.18,0.98;
-2.76,1.05,0.04;
-5.13,-0.49,-1.02;
-8.00,-2.20,-2.45;
-6.20,-1.80,-2.80;
1.71,-0.08,0.37;
6.49,1.33,2.46;
6.61,2.15,1.90;
-0.76,4.04,1.35;
-6.87,1.59,-0.53;
-10.98,-2.52,-1.57;
-7.44,-4.81,-0.15;
-2.70,-3.13,1.64;
1.45,1.56,1.05;
8.55,6.03,1.92;
8.88,0.88,2.91;
1.74,-4.05,2.48;
-7.59,-5.22,1.50;
-13.30,-0.34,0.57;
-8.58,2.24,0.13;
-1.63,0.38,-1.08;
-0.41,-4.31,-0.88;
-3.68,-3.93,-1.06;
-1.89,0.50,-2.92;
5.69,4.43,-2.30;
8.23,-0.81,-1.02;
3.08,-4.03,-0.31;
-4.46,-1.33,0.92;
-6.20,4.03,0.72;
-4.23,3.77,0.85;
-3.92,-1.38,0.79;
-8.69,-4.17,2.57;
-11.31,-1.68,3.87;
-8.55,0.87,3.05;
0.78,4.56,0.17;
6.79,3.11,-0.89;
6.43,-1.18,-1.57;
-0.23,-2.35,-0.50;
-5.24,-2.19,-0.97;
-1.74,2.01,-1.44;
3.85,3.57,-2.07;
8.37,2.49,-0.97;
1.97,-1.03,-0.36;
-4.73,-3.13,-0.34;
-9.15,-0.55,-1.61;
-3.18,3.31,-1.15;
4.21,2.91,-1.03;
2.66,-1.04,-1.86;
-2.40,-2.00,-2.34;
-1.99,-1.94,-0.13;
0.73,-2.54,2.59;
3.42,3.30,3.35;
4.56,7.68,2.51;
-0.14,5.20,0.42;
-8.29,-1.79,-0.48;
-17.09,-5.86,-1.17;
-18.22,-3.28,-1.02;
-8.95,1.19,0.72;
4.96,2.10,1.06;
10.85,2.70,2.33;
8.96,1.11,2.25;
2.32,-2.11,1.96;
-2.96,-2.26,1.00;
-3.77,-0.02,0.10;
-7.96,-0.31,-1.15;
-9.34,1.91,-2.41;
-3.18,2.39,-1.23;
4.41,0.18,0.72;
7.14,-1.86,2.34;
4.26,-2.08,2.28;
0.03,-0.15,2.34;
-4.06,2.82,1.12;
-3.13,3.34,0.72;
-4.15,0.64,0.42;
-8.54,-1.19,0.53;
-10.38,-0.08,2.54;
-4.40,1.59,3.12;
0.67,2.06,0.63;
2.84,2.01,-0.82;
3.48,1.14,-1.89;
3.19,-0.03,-1.96;
4.20,-0.61,-0.54;
4.76,-1.64,-0.24;
5.05,-0.05,0.22;
4.93,2.90,1.00;
3.66,0.33,0.25;
-0.22,-0.52,0.34;
-1.76,0.91,1.20;
-1.57,4.75,0.28;
-3.88,3.69,-0.41;
-6.18,-1.48,-1.92;
-6.49,-4.61,-1.23;
-5.48,-0.14,1.06;
2.78,5.16,1.52;
13.54,5.30,0.85;
12.03,-0.66,0.07;
-0.44,-3.12,-0.01;
-10.51,1.02,0.53;
-11.59,4.62,0.31;
-7.30,3.66,-1.46;
-6.47,1.51,-2.59;
-5.85,1.11,-1.54;
-1.60,0.68,1.24;
3.08,-0.43,2.39;
8.91,0.62,1.41;
10.53,3.19,0.25;
3.51,3.17,-2.10;
0.66,0.67,-2.16;
-1.21,-1.12,-1.08;
-0.06,0.75,-0.13;
1.01,1.95,0.13;
-0.73,1.95,-0.51;
-0.05,0.44,-0.47;
0.90,1.30,2.22;
0.55,-0.25,3.46;
-2.06,-0.58,2.05;
-5.57,0.23,-0.19;
-4.51,0.29,0.40;
-3.77,-1.18,2.14;
-2.28,-0.11,1.93;
2.17,2.81,1.08;
2.24,-0.09,0.28;
2.62,-0.28,-0.02;
0.40,-2.51,0.24;
-1.48,-1.97,1.69;
0.55,1.51,3.09;
1.53,2.55,1.90;
-3.19,0.58,1.27;
-10.32,-1.54,-0.01;
-11.82,-1.94,-0.30;
-8.92,-0.28,0.71;
0.14,2.79,1.11;
5.83,1.71,1.63;
6.56,0.23,1.12;
3.68,-1.33,0.94;
-0.05,-0.80,0.14;
-1.28,-0.61,-0.02;
-3.12,0.75,-0.80;
-3.05,0.82,-0.92;
0.62,0.88,-0.10;
3.74,1.14,1.50;
5.51,0.30,3.40;
-0.37,-0.38,1.58;
-4.51,-0.41,0.01;
-7.15,-2.00,-1.06;
-4.78,-2.31,0.33;
-0.70,-2.38,2.85;
3.45,1.56,4.34;
6.88,2.79,5.06;
1.43,-0.35,4.79;
-7.39,-2.75,3.35;
-11.21,-2.64,2.43;
-7.96,0.79,2.65;
-2.00,1.51,3.24;
0.70,-2.52,2.82;
0.84,-6.34,1.47;
1.88,-5.30,1.38;
5.85,-0.41,3.58;
9.63,0.52,5.32;
5.97,-2.09,5.47;
-0.14,-7.47,5.84;
0.08,-6.46,7.78;
3.10,-3.68,9.44;
9.95,-0.72,10.66;
23.22,-5.27,10.71;
29.66,-9.42,10.89;
35.39,-8.90,11.72;
35.10,0.99,13.84;
35.37,-3.65,11.85;
33.75,-7.62,10.68;
29.66,-13.27,12.04;
31.94,-12.15,16.57;
39.01,-12.67,21.40;
39.11,-11.32,23.24;
40.14,-15.38,21.96;
41.59,-20.51,23.50;
37.89,-17.06,27.87;
36.62,-12.77,30.98;
29.08,-8.25,31.56;
18.41,-11.10,28.14;
11.71,-21.82,24.54;
2.93,-26.40,31.85;
5.91,-25.09,40.22;
2.09,-27.25,45.01;
1.86,-14.06,36.98;
13.01,-13.70,22.80;
16.44,-18.28,21.14;
17.57,-27.74,27.66;
19.75,-36.06,34.98;
25.56,-22.15,39.79;
24.30,-6.51,44.22;
5.85,1.04,35.78;
-5.88,-1.03,29.14;
-8.57,-22.80,26.66;
-12.64,-34.25,26.74;
-8.69,-22.52,38.40;
-7.36,-8.02,52.21;
-12.05,1.22,57.93;
-24.03,-8.67,49.93;
-25.34,-20.25,42.39;
-24.05,-26.14,38.05;
-18.20,-14.58,47.55;
-0.93,-5.85,59.85;
14.88,-4.44,58.51;
28.11,-10.26,48.33;
25.83,-13.91,42.95;
7.25,-8.28,46.85;
-12.55,-3.85,52.04;
2.30,-4.17,45.26;
0.85,-10.37,39.95;
1.02,-15.09,47.05;
-6.28,-14.20,52.82;
-0.84,12.12,51.00;
5.04,12.72,46.07;
22.58,-15.82,36.89;
18.08,-34.15,38.62;
6.78,-27.62,47.05;
9.05,-0.14,45.85;
2.85,15.52,39.67;
7.66,4.36,36.24;
19.42,-21.56,36.46;
43.36,-32.09,39.64;
36.59,-16.69,45.11;
27.80,-7.99,43.92;
17.07,1.68,39.47;
16.00,-1.76,33.26;
26.79,-8.99,33.87;
40.21,-19.16,40.39;
42.30,-14.60,43.50;
29.22,-7.70,37.49;
15.40,-0.90,25.90;
-1.13,5.10,23.90;
22.95,2.03,35.66;
43.34,7.23,41.72;
34.88,4.53,30.79;
4.85,2.96,23.44;
-9.96,4.87,26.48;
10.70,15.08,30.43;
29.17,11.81,28.25;
27.40,2.99,27.15;
23.39,-3.96,22.50;
19.77,-8.61,20.42;
15.20,-6.55,20.17;
16.04,0.56,22.91;
11.24,1.85,18.72;
1.68,0.47,15.56;
8.91,6.84,16.33;
23.95,9.49,17.01;
26.67,5.92,15.84;
14.78,1.08,13.14;
2.73,-4.20,10.85;
-0.89,-2.31,7.66;
7.07,-3.44,4.11;
3.20,-9.33,5.20;
5.40,-10.28,4.98;
3.08,-5.97,2.21;
2.21,4.07,1.23;
-1.38,4.49,2.63;
-6.92,1.80,1.32;
-6.73,0.68,-0.85;
-8.96,3.05,-3.15;
-3.74,4.55,-7.14;
-7.22,2.04,-6.88;
-9.97,-4.77,-6.31;
-9.57,-3.21,-5.78;
-8.52,2.58,-8.79;
-9.85,3.54,-11.44;
-13.16,2.65,-12.30;
-7.07,0.64,-13.32;
-5.31,2.43,-11.99;
-3.04,5.66,-14.53;
-10.06,3.25,-17.52;
-23.31,-4.78,-16.42;
-30.22,-7.12,-15.29;
-18.14,2.65,-16.08;
-10.69,9.23,-16.42;
-15.47,7.71,-18.82;
-17.42,4.50,-21.96;
-14.95,3.13,-23.50;
-6.41,3.43,-21.50;
-5.63,3.89,-24.21;
-13.24,-0.93,-32.12;
-19.45,-7.47,-32.76;
-23.13,-5.41,-29.83;
-16.05,0.39,-26.99;
-14.72,5.34,-28.33;
-18.83,10.32,-33.46;
-26.25,10.90,-38.28;
-23.16,9.05,-34.33;
-19.50,5.94,-29.61;
-13.99,7.95,-31.93;
-18.20,9.48,-40.18;
-17.82,10.07,-44.83;
-21.56,4.75,-42.99;
-24.29,4.52,-39.63;
-22.09,7.62,-40.16;
-22.81,14.24,-43.67;
-25.02,21.34,-46.85;
-26.99,22.46,-48.56;
-37.25,18.18,-47.98;
-43.19,19.27,-45.32;
-39.74,26.47,-47.57;
-35.12,28.94,-54.41;
-32.58,22.33,-63.35;
-25.54,19.72,-63.24;
-15.07,20.64,-60.48;
-15.36,27.02,-60.16;
-16.95,30.00,-65.63;
-26.55,31.57,-70.51;
-43.04,28.17,-71.96;
-43.04,25.60,-71.09;
-43.50,25.92,-72.92;
-36.92,31.97,-77.18;
-29.82,30.44,-79.35;
-18.40,21.98,-78.97;
-22.80,16.76,-74.42;
-31.48,17.60,-73.75;
-41.94,22.00,-75.11;
-42.80,25.46,-72.65;
-42.76,20.03,-67.57;
-26.02,17.39,-65.67;
-13.34,18.56,-66.83;
-4.95,22.46,-66.07;
-4.43,17.98,-67.55;
5.27,9.92,-67.64;
19.65,7.01,-67.90;
34.50,19.10,-68.12;
39.66,25.39,-62.44;
36.00,20.55,-46.39;
31.57,0.68,-41.93;
38.49,-2.40,-36.47;
51.59,0.61,-24.99;
62.20,16.70,-13.05;
45.68,14.56,-2.54;
21.85,3.46,-0.76;
-11.83,-0.93,0.89;
-29.47,-1.99,4.56;
-14.17,10.12,4.40;
-0.81,6.26,-5.18;
-11.70,-11.47,-13.05;
-18.83,-11.06,-10.89;
-0.28,-2.26,-3.34;
32.32,9.11,9.70;
52.40,19.08,11.53;
28.15,6.35,9.12;
-24.00,-12.75,3.11;
-49.51,-14.12,0.07;
-39.80,-2.67,2.83;
-10.54,9.01,8.11;
18.52,16.61,11.38;
21.77,-5.71,3.72;
7.77,-14.95,-0.99;
-10.32,-6.32,1.08;
-8.14,7.86,8.16;
7.94,11.14,11.43;
20.91,3.19,7.27;
6.40,-3.59,1.69;
-9.31,-3.51,-0.13;
-21.91,-1.65,0.92;
-20.51,1.10,3.92;
-7.88,4.79,5.38;
1.48,2.93,4.89;
0.67,-1.56,3.56;
-2.03,-1.85,3.52;
-0.63,4.81,3.47;
10.26,12.39,5.66;
9.68,5.02,3.79;
-0.40,-6.87,-0.59;
-12.57,-11.62,-0.37;
-19.63,-4.06,2.56;
-12.15,7.66,3.41;
-0.51,10.04,3.43;
6.47,4.03,0.88;
-1.31,-5.97,-0.92;
-10.87,-6.61,-1.28;
-9.09,0.87,-0.42;
4.90,4.68,2.46;
11.92,3.20,3.78;
5.19,0.38,2.83;
-6.11,-2.05,1.46;
-13.97,-4.08,-0.12;
-14.06,-1.13,-0.01;
-6.58,3.33,0.74;
5.74,1.89,2.63;
5.86,-0.78,3.95;
-0.22,-2.32,4.27;
-6.32,-2.58,2.65;
-8.76,-0.54,0.62;
-4.95,0.79,-0.16;
0.81,0.43,0.42;
2.23,-0.06,1.34;
3.46,1.54,1.38;
2.21,0.07,-0.12;
-0.83,0.15,-0.85;
-2.18,0.09,0.68;
-0.02,1.45,4.02;
1.54,2.67,4.53;
0.06,-0.17,3.58;
-7.31,-5.76,-0.53;
-11.60,-3.48,-2.31;
-6.49,3.37,-1.49;
4.20,4.07,-0.02;
11.62,1.95,1.61;
10.37,-0.67,1.70;
1.30,-2.92,1.40;
-11.83,-2.69,-0.19;
-9.30,-0.90,-1.12;
0.06,-1.15,1.20;
5.65,0.35,5.00;
3.91,1.20,6.74;
-0.95,0.15,6.54;
-8.38,-1.48,5.00;
-19.76,-2.17,1.63;
-19.86,0.90,-0.13;
-10.09,3.22,-0.12;
1.46,2.32,1.06;
6.61,-2.73,1.40;
8.38,-2.31,0.77;
9.56,-0.23,0.85;
10.72,0.41,1.09;
7.07,-1.80,-0.47;
1.53,-7.41,-1.70;
-5.19,-6.02,-3.02;
-5.45,1.77,-1.73;
2.85,4.26,-0.41;
8.46,2.20,-2.21;
7.07,-0.67,-3.03;
1.71,-3.56,-1.41;
-1.33,-5.25,0.13;
-1.07,-3.86,0.80;
4.43,2.91,1.12;
8.69,4.38,2.36;
3.97,-0.34,2.76;
-6.44,-1.41,1.92;
-11.83,-1.36,1.88;
-10.70,-1.70,4.43;
-5.38,-0.22,4.34;
-3.59,-1.79,2.34;
-6.51,-3.01,0.01;
-2.29,-1.80,0.74;
4.69,-0.77,3.38;
8.47,3.25,3.49;
4.56,2.76,2.16;
-4.32,0.68,-0.94;
-8.02,-2.20,-2.60;
-11.53,-4.48,-2.82;
-9.01,-0.92,-0.79;
-2.08,2.04,1.27;
7.14,4.07,3.63;
8.06,3.16,3.78;
4.23,-0.49,1.76;
-2.81,-2.40,-1.67;
-8.37,-1.68,-2.82;
-8.46,1.23,-1.21;
-4.84,1.78,-0.68;
1.86,1.52,0.65;
3.56,0.50,0.68;
0.81,-1.15,0.19;
-4.95,-0.83,0.88;
-5.45,3.27,1.15;
1.34,3.42,1.01;
3.91,1.02,0.11;
0.41,-0.70,0.37;
-6.98,-3.38,-0.44;
-8.28,-0.41,-0.62;
-1.57,2.65,0.31;
6.91,-0.40,1.69;
7.10,-1.79,2.04;
2.23,2.10,1.18;
-3.41,1.68,0.42;
-7.67,-1.38,-0.83;
-9.53,-3.53,-2.66;
-7.47,-4.32,-2.24;
-2.78,-0.37,0.98;
2.90,3.46,2.98;
6.98,2.62,3.55;
3.39,-0.29,2.25;
-4.12,-0.70,0.25;
-6.87,0.99,0.45;
-3.24,1.77,1.37;
0.58,1.17,0.66;
-0.87,0.79,-0.88;
0.49,1.46,-1.96;
3.92,0.32,-0.33;
1.11,-2.05,0.53;
-4.60,-2.64,1.15;
-7.34,-0.83,0.97;
-4.78,2.50,0.68;
2.59,5.51,0.91;
4.53,-0.40,0.56;
-2.67,-6.70,-1.73;
-6.54,-4.73,-1.44;
-4.25,4.94,-1.70;
6.93,6.52,-1.21;
9.46,1.74,-1.46;
2.41,-4.49,-1.70;
-6.93,-4.58,1.00;
-9.04,-1.19,2.45;
-2.35,1.78,3.38;
3.17,4.29,2.97;
1.04,3.91,2.60;
-6.31,-0.64,2.95;
-9.97,-4.58,1.99;
-12.35,-1.93,-0.31;
-4.70,0.85,-1.06;
5.14,1.05,-0.79;
9.56,4.26,-1.05;
9.71,4.70,0.59;
0.64,-1.21,1.56;
-8.84,-3.99,0.10;
-10.64,-2.44,-0.80;
-5.79,2.67,-0.05;
2.76,3.13,1.40;
3.14,1.17,2.37;
0.43,-1.22,1.21;
-0.31,-0.48,0.42;
2.43,2.17,0.17;
1.59,0.73,-0.04;
-2.51,-1.59,-0.31;
-4.58,-0.54,0.25;
-3.44,1.63,1.59;
-0.90,0.70,1.53;
-2.20,-1.27,0.48;
-1.44,-1.04,0.66;
1.45,-1.38,2.36;
2.66,0.97,1.56;
4.08,3.71,0.77;
0.18,-0.02,0.17;
-6.52,-3.12,-1.00;
-8.64,-0.12,-1.87;
-3.76,2.65,-0.44;
3.33,-0.66,1.32;
5.89,-4.77,1.69;
5.49,-2.52,2.74;
4.11,2.07,3.66;
2.33,4.23,3.72;
-3.57,0.38,1.59;
-9.42,-4.51,-0.25;
-13.25,-4.19,-1.05;
-7.01,1.69,1.09;
2.11,1.23,1.40;
8.55,-0.05,1.06;
9.92,-2.11,1.69;
4.59,-2.26,2.57;
-0.41,-0.83,2.69;
-3.30,-0.49,2.68;
-5.83,-2.78,2.82;
-6.81,-3.03,3.88;
-7.41,-3.65,3.73;
-3.79,-1.16,2.45;
3.86,0.73,1.98;
7.34,-2.41,2.95;
4.11,-2.40,3.15;
-0.78,-1.86,2.25;
-4.52,-1.51,1.35;
-5.09,0.33,-0.16;
-1.71,1.05,0.14;
-2.52,-2.12,0.37;
-4.86,-3.19,-0.16;
-2.60,0.09,-0.50;
2.49,1.86,-1.17;
11.63,2.04,-0.25;
9.65,-4.05,1.26;
1.66,-3.13,2.21;
-3.89,0.64,2.16;
-3.83,1.23,2.13;
-3.94,-0.93,2.33;
-6.64,-1.86,1.56;
-11.94,0.23,-0.48;
-7.77,5.83,-0.10;
-3.38,3.78,0.63;
-2.41,-0.61,0.39;
-3.77,-4.11,-0.59;
-2.98,-3.13,-0.04;
0.62,-0.02,0.51;
6.61,3.52,0.68;
5.49,2.47,-0.34;
0.59,1.81,-1.20;
-4.44,0.50,-0.28;
-6.29,-2.06,-0.41;
-8.69,-3.10,-0.80;
-7.63,-1.59,-1.35;
-1.09,1.19,-0.88;
5.27,3.19,0.66;
9.22,4.47,2.27;
6.21,-0.15,2.24;
-4.84,-2.95,0.88;
-10.83,-2.34,0.39;
-9.99,-0.90,0.21;
-3.28,0.91,0.97;
1.72,1.97,1.27;
2.62,2.35,0.89;
-0.51,-1.07,0.02;
-3.74,-2.17,-0.37;
-4.08,-2.03,-0.71;
-0.15,-0.14,0.25;
3.85,2.88,0.68;
2.33,1.07,1.44;
-3.42,-3.33,0.83;
-6.63,-2.75,0.33;
-0.38,4.01,0.50;
2.93,4.55,0.14;
4.11,1.75,-1.18;
-0.61,-2.80,-1.18;
-5.70,-3.18,-0.05;
-6.51,-2.17,1.40;
0.73,1.43,2.69;
7.80,2.94,2.63;
5.53,0.85,1.96;
-1.47,-1.07,0.19;
-6.51,-1.38,0.42;
-8.66,0.09,1.00;
-6.37,0.14,0.17;
-5.01,-1.38,-1.54;
-1.79,0.18,-1.64;
3.40,1.62,-0.59;
7.57,0.24,-0.10;
9.16,-1.09,-1.20;
5.91,-0.87,-1.69;
1.62,0.17,-1.29;
-0.67,3.14,-2.51;
0.29,2.58,-2.30;
-0.58,-0.92,-3.15;
-6.12,-3.07,-2.31;
-7.18,-1.13,0.04;
-3.99,0.15,2.37;
2.12,1.13,3.49;
5.66,1.34,2.16;
1.80,-0.77,-0.54;
-6.70,-1.88,-6.07;
-5.45,-0.75,-6.92;
2.26,0.96,-2.42;
9.01,1.60,1.08;
11.60,2.12,3.35;
8.73,1.04,1.66;
4.08,-0.20,-0.30;
-0.76,-1.19,-1.06;
-4.14,-1.62,0.16;
-4.55,-0.55,0.72;
-1.73,1.20,0.45;
-1.38,-0.22,-1.06;
-2.63,-2.35,-1.93;
-2.06,-2.43,-1.34;
0.73,-1.09,0.42;
6.78,1.83,1.69;
6.40,2.01,2.13;
3.11,0.35,1.70;
-2.14,-5.06,1.08;
-5.77,-4.40,1.90;
-2.00,-0.31,3.81;
3.66,0.96,4.56;
3.34,-1.39,2.69;
3.63,-5.06,2.21;
5.68,-7.27,3.61;
11.11,-3.33,6.63;
15.19,-0.67,8.60;
16.35,-1.16,7.63;
20.73,-7.39,7.09;
26.41,-14.92,8.76;
30.17,-12.90,17.98;
35.49,-6.20,28.05;
37.56,-1.44,32.51;
29.57,-1.53,32.46;
19.36,-11.51,31.72;
15.27,-13.53,32.56;
3.66,-15.65,39.09;
-5.05,-21.93,41.26;
2.49,-24.12,41.81;
11.65,-20.98,44.72;
25.48,-18.46,52.34;
26.61,-16.54,55.15;
23.46,-13.47,48.71;
15.05,-12.75,41.75;
2.78,-24.41,42.33;
6.21,-32.00,45.44;
10.47,-25.62,45.05;
18.03,-6.93,45.63;
9.97,-13.82,48.97;
9.14,-24.28,47.03;
9.82,-29.59,42.57;
-0.18,-19.48,49.72;
-0.99,-6.80,54.63;
-2.41,-9.01,54.02;
-3.70,-17.68,44.31;
-11.91,-18.43,38.39;
-15.59,-7.62,36.98;
12.58,-12.38,37.72;
16.53,-20.83,40.05;
24.12,-15.48,46.48;
5.40,0.18,53.63;
-23.57,14.85,53.75;
-35.24,12.18,48.56;
-26.98,-10.58,39.40;
-11.45,-29.96,34.45;
8.81,-25.09,38.45;
32.69,-18.54,49.35;
38.58,-23.13,55.93;
27.53,-21.16,56.76;
9.78,-4.08,47.81;
0.78,1.51,44.33;
9.91,-0.11,49.59;
12.20,-11.38,52.83;
13.68,-12.03,53.27;
13.98,-14.22,47.08;
-0.57,-12.34,44.65;
1.59,-4.14,43.14;
14.90,2.96,42.45;
25.17,-8.12,42.59;
26.73,-18.34,44.13;
11.20,-7.06,47.08;
14.93,8.49,46.07;
9.91,10.04,38.46;
9.17,-1.39,34.56;
21.68,-1.88,40.65;
36.20,3.13,43.92;
39.33,10.88,41.20;
19.48,2.75,35.27;
7.10,-2.86,36.45;
9.92,-0.20,37.64;
31.14,5.22,37.18;
28.03,6.58,34.43;
27.54,0.18,34.63;
20.79,-1.18,35.81;
15.43,-3.94,32.77;
10.32,0.72,32.88;
11.53,7.63,31.75;
16.41,12.23,27.96;
17.56,7.05,25.06;
9.34,0.07,26.86;
11.91,3.33,28.53;
13.49,7.39,23.99;
13.65,7.37,19.92;
9.40,2.97,19.29;
12.46,-1.79,18.40;
14.85,-2.99,17.88;
10.40,1.49,16.83;
7.19,3.78,12.43;
-4.26,3.49,9.06;
-2.03,3.69,7.93;
8.03,3.37,7.50;
19.94,3.36,5.88;
18.78,3.40,4.80;
3.11,0.32,5.15;
-15.07,-2.54,3.35;
-20.67,2.26,0.51;
-12.98,7.78,-2.73;
-4.49,7.86,-1.11;
3.74,8.96,-0.66;
3.83,6.78,-1.61;
-3.51,4.73,-4.05;
-14.89,2.82,-6.77;
-21.56,-2.00,-9.06;
-21.94,-3.51,-8.92;
-13.80,0.09,-9.18;
-11.13,4.55,-10.16;
-16.18,7.28,-10.66;
-24.40,7.66,-11.55;
-25.73,8.06,-13.84;
-24.05,8.10,-16.31;
-24.18,7.57,-15.89;
-22.76,10.76,-15.28;
-24.17,8.61,-15.06;
-36.03,4.65,-15.83;
-40.86,4.20,-17.23;
-37.09,6.01,-19.76;
-26.75,10.53,-22.48;
-17.89,10.14,-25.57;
-17.94,5.57,-24.94;
-24.93,1.85,-21.41;
-38.52,6.10,-20.99;
-41.63,11.49,-22.63;
-46.95,16.41,-29.89;
-30.78,18.76,-35.73;
-19.15,9.49,-32.59;
-4.47,6.30,-28.15;
1.24,10.90,-30.94;
-9.45,11.04,-35.43;
-31.41,9.85,-39.09;
-41.15,15.98,-42.28;
-32.18,20.64,-44.10;
-17.92,21.86,-43.95;
-3.15,19.62,-45.32;
-4.89,17.02,-48.31;
-13.22,17.91,-51.67;
-20.14,19.28,-55.70;
-18.38,19.89,-57.72;
-21.73,17.69,-56.56;
-23.19,19.14,-55.29;
-30.05,23.01,-57.54;
-36.17,27.43,-61.90;
-38.84,29.13,-66.45;
-30.44,27.20,-69.95;
-22.92,23.66,-68.54;
-18.83,25.83,-66.51;
-21.31,29.36,-70.12;
-29.16,27.22,-73.47;
-43.16,25.45,-75.76;
-50.06,24.75,-79.23;
-40.05,24.49,-79.35;
-32.05,24.20,-77.78;
-23.02,18.49,-80.30;
-22.05,13.62,-80.54;
-27.15,14.32,-78.54;
-26.28,16.47,-76.24;
-22.72,15.69,-74.71;
-29.85,14.96,-71.44;
-27.48,16.17,-69.43;
-21.51,15.97,-73.43;
-10.67,6.91,-81.29;
4.38,0.38,-82.27;
15.01,2.21,-79.96;
24.29,1.69,-75.63;
9.59,2.55,-67.17;
5.60,10.36,-64.85;
1.97,19.65,-66.08;
-0.87,13.30,-67.60;
2.33,6.50,-70.07;
18.73,9.07,-70.19;
59.16,16.72,-56.92;
99.17,7.13,-51.40;
117.85,-5.22,-42.08;
104.04,-11.24,-19.32;
85.63,15.89,8.42;
62.82,48.76,22.98;
24.35,46.88,24.79;
-50.11,0.14,6.30;
-119.73,-30.64,-12.42;
-128.70,-28.48,-18.07;
-65.82,0.32,-12.16;
41.04,35.20,1.95;
90.44,26.81,9.23;
87.22,2.52,8.28;
34.37,5.22,8.34;
-1.96,1.30,7.06;
-31.22,1.34,1.26;
-37.02,-8.11,-4.39;
-35.13,-7.80,-5.81;
-15.02,-0.87,-1.08;
4.32,7.69,7.17;
26.59,5.71,8.07;
30.08,5.69,2.13;
17.74,-1.88,-0.56;
-1.47,-3.73,1.92;
-5.99,-2.57,5.12;
-1.80,0.67,8.40;
6.75,7.78,4.39;
0.58,0.35,1.18;
-16.11,-5.65,-2.30;
-20.83,-3.57,-3.26;
-8.99,-0.60,1.30;
5.05,3.33,6.22;
21.54,4.24,7.88;
10.91,-1.01,7.40;
-5.77,-4.28,3.61;
-13.25,-4.54,0.19;
-12.52,5.42,0.42;
-5.82,4.59,1.29;
-9.19,-3.01,1.99;
-8.92,-7.12,2.05;
-6.46,-1.12,2.72;
1.39,5.92,3.52;
11.05,4.58,2.71;
9.89,-0.84,0.76;
4.72,-4.83,-1.49;
-5.96,-3.56,-2.28;
-10.87,3.86,0.91;
-0.26,4.91,4.98;
4.87,0.70,6.39;
0.90,-2.95,5.44;
-7.30,-0.25,4.94;
-11.34,2.68,3.90;
-11.16,4.58,1.82;
-7.59,-0.34,-0.53;
-11.89,-6.98,-1.24;
-15.44,-6.58,-1.26;
-8.05,-2.86,0.14;
6.18,2.91,0.82;
19.39,8.68,2.14;
12.67,2.70,2.65;
-5.16,-5.32,1.11;
-18.20,-5.91,-0.01;
-20.40,1.91,-0.31;
-12.49,3.40,-0.22;
-5.57,2.44,-0.16;
-0.46,-0.14,0.83;
-0.63,5.20,2.69;
0.50,8.12,4.56;
-0.17,7.69,0.69;
-0.89,3.19,-4.59;
-11.45,3.54,-5.26;
-9.86,4.15,-3.03;
-5.34,5.01,-0.54;
3.11,3.48,-0.59;
8.43,1.74,-0.54;
6.61,5.43,-1.58;
-0.34,6.24,-1.63;
-8.63,4.87,-3.09;
-8.52,2.91,-2.13;
-2.03,1.91,-1.57;
0.17,3.16,-0.82;
2.53,2.90,-0.68;
6.93,3.80,0.66;
11.60,6.78,2.80;
10.76,6.04,3.43;
0.79,2.32,1.17;
-7.38,-1.35,-2.31;
-5.85,-2.25,-5.81;
0.84,-0.31,-5.73;
11.80,0.82,-5.18;
26.32,2.53,-3.24;
34.55,4.09,-1.52;
34.75,4.59,0.82;
27.28,1.51,0.57;
19.25,-1.15,-0.82;
10.15,-1.33,-2.15;
0.87,-0.25,-2.99;
-2.18,2.49,-3.37;
-1.76,4.01,-2.31;
1.34,3.36,-0.19;
-2.05,2.81,1.41;
-2.61,3.02,-2.42;
-2.99,2.78,-5.31;
-2.66,0.20,-5.75;
-3.99,-2.37,-5.69;
-4.41,-2.08,-3.43;
-2.40,-0.72,-3.12;
2.66,3.74,-0.88;
7.85,3.17,-0.51;
8.67,-1.83,-2.05;
6.29,-3.13,-2.34;
3.51,-1.70,-1.84;
2.67,1.25,-1.23;
2.46,3.33,-0.27;
5.43,3.10,1.01;
9.05,1.62,2.27;
11.68,1.05,3.03;
10.27,-0.49,2.45;
5.75,0.43,0.39;
4.46,1.17,-2.44;
3.63,-0.09,-3.35;
4.24,-0.29,-2.71;
11.07,-1.03,-1.00;
19.98,-0.14,0.19;
22.26,1.88,0.57;
20.12,-0.38,1.73;
11.95,-2.12,2.11;
3.94,-2.22,0.94;
-1.05,-1.50,0.31;
1.77,-0.66,-0.39;
8.11,-0.43,0.33;
11.05,0.09,2.16;
7.20,-1.77,3.35;
4.73,-2.34,4.30;
2.17,0.44,5.32;
-0.40,0.43,5.44;
-3.04,-1.36,4.16;
0.30,-3.51,3.00;
0.76,-4.70,2.92;
0.26,-3.28,4.34;
1.07,-2.22,4.48;
2.24,-2.03,4.21;
1.48,-1.94,4.51;
-0.57,-2.66,4.63;
-7.71,-3.80,4.59;
-14.25,-4.08,3.56;
-10.86,-0.35,4.02;
-5.54,-0.92,5.40;
-2.58,-2.73,5.64;
1.14,-3.67,6.02;
3.80,-0.73,7.41;
4.27,0.26,6.95;
0.64,-0.96,5.05;
-2.55,-3.13,2.72;
-5.15,-2.60,2.31;
-4.84,-1.28,3.38;
-3.68,-0.87,3.56;
-3.01,-2.55,3.06;
-4.60,-1.85,3.70;
-5.01,0.20,4.94;
-2.35,0.17,5.85;
-3.70,-1.67,5.67;
-8.35,-3.28,5.26;
-8.05,-3.61,4.91;
-8.22,-4.19,4.86;
-5.88,-4.32,3.52;
-4.11,-5.51,1.64;
-2.43,-4.40,0.92;
-1.07,-2.26,0.68;
-0.44,-2.28,0.71;
-2.60,-3.18,1.11;
-3.15,-3.80,1.29;
-0.35,-3.30,3.35;
3.88,-1.97,4.37;
8.18,-0.90,4.30;
9.63,-2.81,2.72;
5.14,-4.69,1.34;
0.21,-6.67,1.81;
-3.09,-6.52,3.47;
-3.01,-4.95,3.81;
2.12,-2.31,3.95;
3.07,-4.03,4.30;
-4.41,-7.76,5.18;
-9.83,-10.43,4.77;
-8.98,-11.25,4.39;
-6.20,-9.06,5.58;
-2.49,-6.22,6.62;
-4.57,-5.38,7.00;
-6.02,-6.29,6.46;
-9.02,-9.65,6.07;
-13.67,-11.18,5.58;
-13.02,-8.83,7.37;
-3.13,-8.00,7.43;
3.54,-7.07,7.21;
3.56,-6.11,7.40;
1.42,-9.73,7.53;
-4.02,-7.54,7.90;
-7.18,-8.02,7.49;
-12.73,-7.80,3.96;
-15.07,-8.03,2.40;
-17.09,-9.12,1.20;
-15.51,-10.29,0.57;
-13.53,-10.31,2.63;
-7.57,-9.33,2.88;
-0.15,-6.87,3.95;
6.69,-5.94,6.07;
7.92,-7.45,6.59;
-0.67,-9.32,5.21;
-12.96,-10.69,3.81;
-20.17,-9.99,2.80;
-17.59,-8.72,4.36;
-11.67,-7.36,6.19;
-7.24,-5.99,6.59;
-6.63,-5.13,6.34;
-7.65,-6.03,5.78;
-14.20,-8.08,5.00;
-20.76,-8.05,3.84;
-18.38,-4.61,3.56;
-12.92,-2.60,3.66;
-7.19,-2.73,3.56;
-5.47,-3.90,2.80;
-6.95,-4.02,1.58;
-10.90,-3.91,0.80;
-12.29,-3.42,1.17;
-9.22,-2.81,1.70;
-9.07,-2.63,2.07;
-11.15,-2.95,0.95;
-16.43,-2.66,0.51;
-19.96,-2.54,-0.71;
-15.42,-2.28,-0.73;
-6.61,-1.01,-2.02;
1.45,-0.28,-3.63;
6.03,-0.72,-4.60;
7.95,-0.19,-4.79;
5.37,-0.14,-3.67;
3.63,0.26,-2.73;
3.05,0.61,-5.11;
4.70,-0.64,-8.28;
9.19,-0.72,-10.10;
10.24,-0.78,-8.42;
7.71,-0.19,-5.32;
5.66,2.55,-3.60;
3.68,3.52,-5.17;
2.59,2.23,-8.16;
5.86,0.56,-9.49;
8.46,0.46,-8.63;
8.72,2.26,-5.14;
7.51,3.39,-3.79;
5.01,1.69,-4.80;
2.61,0.24,-7.72;
-2.70,1.49,-5.11;
-1.85,3.13,-2.63;
4.14,3.89,-2.25;
7.98,1.80,-3.43;
7.56,0.35,-4.74;
4.04,0.73,-6.57;
1.11,2.35,-7.70;
-0.23,2.15,-7.38;
3.34,2.29,-5.78;
8.70,2.56,-4.51;
10.43,1.37,-3.70;
8.93,1.77,-3.81;
4.93,2.56,-3.06;
2.59,2.32,-3.43;
4.06,1.27,-3.05;
3.74,0.91,-3.02;
4.26,1.25,-2.56;
2.50,1.40,-2.50;
3.43,2.41,-2.45;
3.78,1.30,-2.42;
4.23,0.87,-2.57;
6.29,0.75,-2.39;
6.58,1.01,-2.22;
5.27,1.62,-1.99;
0.82,1.46,-1.05;
-1.33,0.61,-0.82;
-3.47,0.44,0.36;
-2.35,0.91,-0.22;
1.34,2.32,-0.59;
2.84,2.39,-0.92;
6.03,2.41,-1.89;
4.75,1.33,-2.21;
3.04,1.46,-2.63;
5.37,1.19,-2.95;
8.27,0.79,-3.12;
10.50,0.99,-2.91;
10.15,1.68,-3.72;
7.34,1.72,-4.24;
3.60,0.85,-4.51;
3.59,0.76,-4.01;
6.46,1.01,-2.60;
8.78,1.51,-1.75;
10.44,2.00,-1.06;
8.17,2.81,-1.03;
4.91,2.46,-1.05;
1.16,1.07,-1.15;
0.61,0.93,-0.92;
2.55,0.72,-0.89;
4.20,2.36,-0.63;
4.84,2.09,-1.11;
2.18,1.94,-1.99;
1.10,1.49,-2.47;
-0.11,0.53,-1.40;
-0.05,0.90,-1.95;
3.51,-0.67,-3.32;
3.56,0.14,-4.22;
1.88,1.74,-2.42;
-0.81,1.88,-0.05;
-2.72,1.80,0.13;
-0.28,0.18,-0.31;
-1.27,0.07,-0.83;
-6.08,-0.12,-0.15;
-10.49,-0.20,-0.01;
-14.12,1.62,-0.71;
-17.79,3.08,0.05;
-19.97,3.51,-0.19;
-16.15,2.21,-0.08;
-10.90,-1.38,-0.34;
-8.89,-2.31,-2.68;
-11.25,0.12,-3.73;
-18.26,2.04,-3.20;
-25.62,3.48,-3.08;
-26.89,2.12,-4.07;
-24.54,1.30,-4.02;
-20.75,2.62,-1.96;
-20.47,3.17,0.98;
-28.20,3.46,2.46;
-34.28,5.27,3.72;
-38.26,6.68,5.23;
-33.85,7.04,7.99;
-23.47,7.78,8.10;
-15.50,7.78,7.44;
-13.83,8.44,7.72;
-20.02,8.01,7.50;
-25.77,5.86,4.46;
-26.20,5.46,4.05;
-25.60,6.93,6.22;
-25.15,8.64,9.69;
-26.51,7.81,12.08;
-29.09,7.19,12.80;
-34.25,6.46,13.43;
-39.54,7.54,13.59;
-38.20,8.03,13.29;
-32.47,10.84,13.43;
-24.43,11.01,13.78;
-21.33,12.62,13.73;
-17.70,11.34,13.27;
-9.47,8.36,13.43;
-9.31,6.76,14.04;
-10.09,6.59,15.27;
-12.98,7.02,16.30;
-16.96,5.71,17.44;
-15.16,6.27,17.96;
-15.04,5.16,18.89;
-18.31,4.47,20.71;
-17.89,5.72,19.73;
-15.47,5.02,18.36;
-9.34,3.98,17.35;
0.12,2.84,17.93;
4.06,1.74,18.60;
7.72,2.00,20.65;
4.84,2.35,21.06;
-1.28,1.92,20.19;
-8.47,-0.40,18.92;
-6.26,-1.45,19.09;
-3.56,-0.58,21.17;
0.41,3.80,22.94;
-3.45,3.05,21.96;
1.89,0.93,19.98;
7.92,-1.79,19.52;
13.17,-2.17,22.37;
11.14,-1.74,23.92;
7.86,1.78,24.56;
3.80,1.33,21.96;
7.71,-1.51,18.94;
14.27,-0.72,17.59;
9.28,0.07,18.14;
4.44,1.83,20.69;
5.36,1.16,20.08;
10.61,-0.73,18.02;
8.20,-3.67,16.22;
3.97,-3.10,15.12;
1.37,-0.02,13.14;
0.78,-0.19,10.60;
5.46,-0.52,8.33;
8.88,-1.38,6.79;
8.03,-0.60,7.27;
0.85,-1.32,8.53;
-3.94,-1.12,8.74;
-3.77,-1.64,7.00;
-5.27,-3.22,5.93;
-5.54,-2.70,5.82;
-5.04,-0.67,5.82;
-3.04,-0.28,6.91;
-0.40,1.23,7.66;
0.08,1.49,7.21;
-2.67,-0.44,5.99;
1.33,-1.65,4.79;
5.43,-2.73,4.45;
6.55,-1.57,4.37;
4.58,0.55,4.31;
-0.08,-0.25,3.70;
-0.58,-1.68,2.68;
-2.60,-2.78,1.30;
-2.60,-1.07,2.19;
-5.71,0.33,2.62;
-4.72,0.96,2.04;
-0.55,0.15,0.42;
4.84,-0.49,-0.70;
5.57,-0.81,-0.56;
0.11,-0.95,0.76;
-2.15,-1.15,0.88;
-1.73,0.56,0.39;
-0.43,1.45,0.10;
-4.28,0.59,1.17;
-4.72,0.44,1.78;
-2.22,-0.86,2.21;
2.14,-0.08,2.86;
4.67,0.87,1.32;
5.05,0.62,0.27;
3.40,0.70,0.27;
1.75,-0.11,1.15;
1.89,-0.26,1.79;
4.12,-0.70,1.52;
6.27,0.09,0.48;
9.56,0.49,-0.79;
9.71,1.08,-0.92;
7.74,1.40,0.51;
5.85,0.53,1.92;
3.48,-0.09,2.48;
1.54,0.46,1.35;
-2.61,0.32,-0.02;
-0.83,0.81,-0.91;
2.46,0.55,-0.57;
3.85,1.05,1.56;
3.14,1.60,2.24;
3.17,1.74,1.52;
0.35,0.76,-0.07;
-1.18,0.24,-0.50;
-0.83,0.68,-0.57;
-0.06,1.36,0.37;
2.61,2.29,1.05;
3.17,1.65,1.46;
1.28,1.57,0.71;
1.37,0.97,-0.71;
3.53,0.38,-0.42;
5.24,0.96,0.21;
3.01,1.75,0.72;
2.01,2.20,0.57;
-1.01,1.88,0.42;
-0.95,1.56,-0.25;
0.76,0.10,0.02;
0.91,0.93,1.40;
1.20,2.47,1.47;
0.30,2.75,0.85;
-0.63,1.74,0.30;
-0.11,0.50,-0.22;
-0.23,0.36,-0.34;
0.91,1.31,0.02;
0.35,2.03,0.43;
2.00,3.05,0.98;
2.81,1.81,1.15;
3.14,1.97,0.72;
0.93,1.34,0.51;
-0.89,1.01,0.19;
-2.37,2.09,-0.08;
-3.09,1.63,0.51;
-2.86,2.26,0.72;
-3.12,1.19,0.51;
-2.89,-0.15,-0.18;
-0.23,-0.78,-1.02;
2.23,-1.04,-0.97;
-0.03,0.94,1.06;
-1.73,2.43,1.69;
-4.41,1.92,0.94;
-5.31,0.55,-0.71;
-3.74,-0.89,-1.60;
-0.73,0.32,-0.63;
1.69,1.30,1.32;
3.14,1.13,1.78;
6.29,1.86,0.77;
3.17,0.41,-0.42;
0.09,-0.20,-1.17;
-3.39,0.07,-1.12;
-3.60,0.81,0.10;
-6.00,0.12,0.50;
-5.34,-0.73,0.17;
-3.01,-1.07,0.50;
1.22,0.12,0.86;
1.62,1.17,1.05;
-0.52,0.41,1.24;
-0.86,0.41,1.15;
-2.29,0.18,0.76;
-4.92,-0.32,0.95;
-2.81,1.14,0.28;
-2.18,0.47,0.42;
-1.48,-0.43,1.05;
1.24,-0.73,1.15;
3.20,0.38,1.43;
1.78,0.91,1.27;
-3.28,0.72,0.33;
-6.12,-0.40,-0.30;
-5.30,-1.33,-0.16;
-4.02,-0.92,0.68;
-2.96,0.29,1.26;
-0.92,0.27,1.14;
1.07,0.03,0.63;
0.78,-1.07,0.74;
1.10,-0.11,1.01;
-0.08,0.23,1.70;
-2.86,0.06,1.66;
-3.45,0.01,0.43;
-3.42,-1.28,-0.31;
-0.49,-0.83,0.07;
0.53,0.10,0.86;
0.69,0.47,1.46;
1.98,0.61,0.74;
0.69,-0.80,0.36;
-2.73,-0.31,0.07;
-4.46,-0.20,0.37;
-4.02,-0.12,0.94;
-2.35,0.04,1.38;
-2.87,-0.22,1.30;
-1.85,-0.15,1.00;
-0.92,0.04,0.56;
-0.81,-0.09,0.91;
-0.46,-0.48,1.49;
-1.80,-1.86,1.52;
-2.89,-1.15,0.59;
-1.53,0.87,0.13;
-4.29,0.35,1.21;
-2.52,0.29,1.40;
-1.01,0.04,1.29;
1.08,-0.64,1.55;
1.43,-0.61,1.63;
1.89,-0.25,0.98;
-0.17,-0.20,0.97;
-0.93,1.33,0.89;
-3.83,0.73,0.79;
-6.37,-0.80,0.19;
-4.11,-1.01,-0.53;
-2.66,-0.44,-0.51;
0.14,0.87,0.57;
2.00,1.14,1.63;
3.17,0.39,1.35;
0.88,-0.09,0.76;
-3.57,0.04,0.33;
-5.96,1.37,0.02;
-5.30,1.51,-0.02;
-3.44,1.36,0.24;
