-1.14,-0.66,-0.00;
-0.53,-0.69,0.40;
1.27,-0.80,0.38;
2.05,-0.83,0.66;
1.73,-0.43,0.21;
0.68,-0.45,0.49;
0.13,-0.51,-0.03;
0.81,-0.39,0.09;
1.50,-0.71,0.03;
0.98,-0.56,0.03;
0.43,-0.85,0.14;
0.25,-0.39,-0.17;
0.10,-0.25,-0.09;
0.28,-0.02,-0.00;
0.07,-0.31,-0.18;
0.75,-0.27,-0.00;
0.37,-0.31,0.27;
-0.33,-0.01,-0.02;
-0.83,-0.13,0.27;
-1.11,-0.24,-0.08;
-1.00,-0.59,0.17;
-0.21,-0.19,-0.00;
-0.16,-0.34,0.18;
0.08,-0.17,-0.15;
0.23,-0.19,-0.26;
0.62,0.01,-0.03;
0.49,0.02,0.21;
0.08,0.07,-0.12;
-0.64,0.18,0.08;
-0.65,0.10,-0.12;
-1.20,0.01,0.11;
-1.38,-0.11,0.05;
-1.46,-0.30,0.01;
-1.40,-0.31,-0.18;
-1.57,-0.31,0.15;
-1.52,-0.07,0.26;
-1.66,0.09,-0.14;
-1.23,0.10,0.34;
-0.64,-0.40,0.32;
-0.42,-0.49,0.23;
-0.04,-0.37,0.09;
0.63,-0.62,0.21;
1.03,-0.14,0.49;
1.24,-0.14,0.58;
1.06,0.10,0.26;
0.48,-0.31,0.58;
0.58,-0.62,0.26;
0.62,-0.91,0.29;
0.68,-0.65,0.24;
0.80,-0.49,0.01;
0.83,-0.34,-0.06;
1.41,-0.10,-0.23;
2.25,-0.60,-0.17;
2.54,-0.92,0.11;
2.95,-0.95,0.03;
3.01,-0.85,-0.14;
3.01,-0.02,-0.06;
3.01,0.88,0.03;
3.56,1.89,-0.08;
3.79,2.42,-0.23;
3.97,2.77,-0.28;
3.21,3.09,-0.28;
2.71,3.15,-0.31;
1.97,3.38,-0.20;
0.31,3.58,-0.11;
-1.45,3.96,-0.03;
-3.20,4.89,-0.20;
-4.38,5.52,0.05;
-4.50,6.04,0.23;
-3.46,6.33,0.78;
-2.15,6.24,1.10;
0.33,6.10,1.27;
2.86,6.65,1.24;
3.17,7.44,1.45;
1.15,7.98,1.66;
1.35,8.24,2.37;
4.92,8.24,2.72;
8.77,8.05,3.19;
9.52,8.10,3.22;
10.07,8.25,3.16;
10.07,8.15,3.07;
10.89,8.09,2.30;
12.65,8.77,2.00;
13.44,9.66,1.56;
13.78,10.10,1.39;
15.07,10.01,1.25;
16.31,8.65,0.93;
16.23,7.98,0.21;
16.84,6.83,0.34;
17.70,5.83,0.15;
18.74,5.55,-0.34;
20.84,5.38,-0.75;
22.43,4.63,-0.98;
22.58,3.90,-1.33;
21.21,3.35,-1.24;
21.17,2.88,-1.13;
21.70,2.02,-0.99;
19.93,0.77,-0.87;
14.51,0.02,-1.50;
9.49,0.71,-1.12;
8.07,1.17,-0.79;
8.29,1.34,-0.57;
8.63,2.57,-0.20;
8.10,3.76,0.43;
7.49,4.04,0.37;
5.07,3.34,0.73;
1.85,1.64,0.35;
-0.87,0.30,0.29;
-3.09,-0.71,0.40;
-2.77,-1.37,0.75;
-0.76,-1.85,0.82;
0.23,-1.69,0.76;
-0.48,-1.55,0.18;
-0.91,-1.17,0.79;
0.26,-0.72,0.81;
1.68,-0.57,0.49;
1.94,-0.92,0.37;
3.61,-1.01,0.32;
4.86,-0.83,-0.41;
3.79,-1.30,-0.34;
1.82,-1.20,-0.35;
0.31,-1.49,-0.38;
-0.85,-1.62,-0.52;
-1.74,-2.14,-0.84;
-2.41,-2.72,-0.67;
-3.31,-2.89,-0.37;
-3.20,-2.34,0.06;
-2.15,-2.01,0.56;
-1.17,-2.39,0.23;
-2.47,-2.11,-0.26;
-4.12,-1.14,-0.38;
-5.52,-0.10,-0.23;
-6.65,-0.34,-0.23;
-7.20,-1.15,-0.47;
-7.19,-1.59,-0.81;
-6.71,-2.02,-0.60;
-5.84,-3.03,-0.43;
-5.26,-4.07,-0.55;
-5.14,-3.50,-0.40;
-6.00,-1.81,-0.79;
-6.68,-0.13,-1.13;
-8.45,1.31,-1.54;
-9.35,2.16,-1.97;
-8.53,2.89,-2.00;
-6.24,3.15,-1.95;
-4.27,3.35,-2.52;
-4.56,3.18,-2.23;
-3.96,2.28,-1.92;
-2.79,1.64,-1.10;
-2.16,0.16,-1.71;
-2.68,-0.74,-2.76;
-2.93,0.76,-2.69;
-4.62,4.24,-2.08;
-5.54,9.69,-1.19;
-4.51,14.12,-1.68;
-4.73,18.97,-3.97;
-5.58,23.78,-4.78;
-5.43,25.63,-3.28;
-3.09,24.21,-0.26;
-2.09,18.79,0.98;
-5.92,14.65,0.76;
-14.47,13.93,0.67;
-20.25,12.67,-0.38;
-20.22,12.13,-1.53;
-19.02,12.16,-1.85;
-20.77,12.65,-1.07;
-24.35,13.05,-0.61;
-25.06,12.42,-0.32;
-22.21,10.18,0.18;
-18.12,7.73,-0.69;
-17.52,5.84,-0.49;
-16.45,4.57,0.52;
-10.94,1.11,0.63;
-2.83,0.91,-1.22;
4.00,3.70,-2.18;
9.20,4.89,-2.41;
14.80,5.72,-1.25;
17.15,6.19,-0.09;
18.86,7.00,0.46;
20.02,7.75,1.53;
20.91,9.03,1.57;
22.39,10.99,2.14;
23.46,12.21,1.27;
24.54,12.41,0.24;
23.20,12.96,-0.12;
20.62,14.05,0.35;
19.41,15.52,1.19;
18.36,16.39,1.56;
18.58,16.83,2.03;
17.75,16.57,2.08;
16.23,17.63,2.61;
17.21,19.37,2.47;
14.45,22.21,2.27;
9.65,25.96,1.74;
3.21,30.21,1.75;
-1.54,34.54,1.14;
-1.37,37.37,0.43;
0.37,39.32,-0.32;
0.69,41.58,-0.00;
3.18,43.67,1.40;
7.55,45.35,2.99;
10.43,45.58,4.38;
10.17,43.52,4.23;
9.07,44.15,4.26;
4.84,47.34,4.30;
-2.24,48.65,4.37;
-6.62,47.60,3.59;
-11.17,46.74,2.56;
-11.54,46.92,3.68;
-3.09,43.98,6.06;
4.63,41.31,6.21;
9.81,39.80,4.72;
6.17,42.65,4.50;
3.09,46.21,6.53;
6.31,48.68,9.69;
17.93,48.80,11.85;
32.39,49.00,11.36;
39.96,51.02,9.94;
36.63,52.79,8.92;
31.35,52.51,7.50;
32.31,53.89,7.04;
42.48,56.62,8.00;
49.33,54.42,11.56;
46.51,54.28,13.88;
38.68,54.15,14.12;
31.18,51.75,13.11;
28.34,55.06,10.32;
28.13,58.41,7.66;
21.56,61.03,6.27;
32.43,64.91,5.21;
33.41,66.51,3.72;
25.84,65.47,1.21;
21.58,63.52,-2.43;
17.93,67.67,-3.07;
7.70,69.46,-5.53;
13.94,67.52,-7.73;
11.64,69.52,-10.03;
-4.27,70.19,-12.49;
-15.20,68.68,-15.97;
-7.69,64.27,-14.43;
-5.05,60.15,-11.51;
-3.54,57.58,-8.64;
13.82,60.74,-7.92;
20.69,69.87,-9.28;
21.78,68.19,-11.48;
37.50,62.24,-14.92;
36.00,56.94,-13.25;
29.67,48.73,-10.11;
20.83,46.53,-5.48;
19.87,46.48,-1.53;
25.70,46.16,1.19;
27.09,43.47,-1.83;
22.89,45.34,-5.77;
28.46,44.18,-3.02;
18.11,40.65,0.59;
27.36,41.55,0.20;
31.33,40.12,-1.31;
29.47,43.61,-8.83;
22.92,41.67,-17.01;
20.16,42.44,-17.71;
13.38,41.35,-15.66;
5.49,40.36,-15.85;
-5.72,44.09,-16.41;
-3.86,43.73,-16.52;
-14.76,42.63,-16.61;
-10.73,38.07,-16.00;
-6.04,37.05,-13.44;
0.33,36.38,-9.05;
2.60,38.30,-6.25;
6.68,35.61,-6.43;
0.81,36.39,-9.34;
10.52,33.95,-9.73;
14.33,28.33,-12.26;
6.87,29.08,-11.48;
4.28,27.66,-7.36;
-1.98,26.71,-5.77;
-11.08,29.51,-7.92;
-13.14,31.83,-9.04;
-10.18,30.21,-9.21;
-8.19,29.02,-11.24;
-1.93,28.83,-12.26;
-3.38,29.17,-13.07;
-6.16,28.27,-13.60;
-8.74,28.67,-14.06;
-11.92,29.47,-13.53;
-11.60,24.94,-13.15;
-13.98,25.87,-13.59;
-11.40,25.40,-12.43;
-9.69,25.43,-12.34;
-6.07,25.05,-13.95;
-0.10,25.72,-16.47;
3.99,25.92,-16.92;
3.12,23.75,-15.21;
-0.39,22.85,-13.60;
-1.54,24.01,-11.89;
-4.35,25.22,-10.29;
-6.54,23.28,-10.08;
-5.23,22.45,-8.26;
-6.59,21.22,-7.85;
-3.78,19.09,-6.31;
-0.48,18.53,-5.10;
-0.82,18.59,-4.52;
8.13,17.87,-4.76;
10.86,17.32,-5.16;
9.58,18.01,-4.95;
10.68,16.30,-4.49;
8.07,15.23,-4.20;
4.97,13.11,-4.79;
3.93,11.14,-3.97;
4.20,10.91,-3.36;
7.06,10.41,-2.61;
7.75,11.15,-2.60;
9.38,10.85,-2.67;
6.89,11.08,-4.20;
7.52,9.58,-5.82;
6.83,10.74,-5.99;
4.07,11.28,-5.88;
2.05,10.25,-7.08;
-0.30,8.50,-8.26;
-0.03,8.71,-8.34;
1.15,7.93,-7.16;
4.83,7.09,-6.57;
1.84,7.09,-7.86;
4.28,9.66,-8.55;
4.83,8.07,-9.01;
3.24,8.67,-10.34;
0.49,8.97,-9.54;
0.08,8.45,-8.55;
-5.00,8.15,-8.37;
-7.23,8.24,-7.70;
-6.06,8.38,-6.43;
-7.26,8.24,-7.08;
-7.42,8.05,-7.74;
-4.30,5.38,-9.07;
-3.09,5.32,-8.47;
-2.62,3.83,-6.72;
-6.56,2.07,-6.61;
-8.67,-2.74,-5.73;
-9.78,-6.30,-4.60;
-13.93,-9.24,-3.59;
-16.36,-13.64,-1.41;
-14.47,-19.09,-1.12;
-14.18,-23.04,-0.67;
-12.32,-29.15,-0.79;
-7.89,-32.98,-0.32;
-5.37,-36.63,0.05;
-1.69,-41.23,0.58;
-4.19,-45.84,1.82;
-7.93,-51.96,2.85;
-9.72,-57.15,2.85;
-9.11,-61.87,2.69;
-5.09,-65.59,5.07;
-1.26,-68.20,7.17;
2.75,-70.65,9.98;
5.12,-71.06,13.11;
4.19,-72.28,16.70;
2.65,-74.98,19.05;
0.28,-76.63,20.63;
-4.87,-76.53,22.75;
-5.74,-76.22,24.34;
-5.90,-76.68,25.79;
-4.03,-76.63,27.28;
-2.85,-77.50,28.72;
-4.99,-77.81,28.63;
-6.77,-76.59,27.75;
-11.13,-75.08,26.50;
-9.77,-74.46,25.36;
-14.29,-74.43,23.62;
-21.72,-73.30,21.25;
-27.38,-75.03,19.24;
-30.67,-75.75,17.48;
-32.27,-75.38,15.77;
-30.13,-75.33,14.52;
-28.00,-73.72,12.99;
-26.71,-73.99,10.37;
-27.86,-72.78,7.19;
-29.71,-72.48,3.82;
-29.43,-73.17,0.95;
-31.43,-71.26,-0.86;
-33.67,-70.68,-1.53;
-33.64,-69.78,0.03;
-31.26,-70.22,2.08;
-31.05,-69.38,3.68;
-28.71,-69.81,5.57;
-24.67,-70.86,7.42;
-23.19,-72.69,7.11;
-22.85,-72.37,6.85;
-20.53,-71.27,6.32;
-15.93,-67.88,7.10;
-7.42,-67.98,7.37;
-4.15,-68.54,7.83;
4.19,-67.76,4.98;
10.69,-67.40,1.21;
13.26,-64.30,-4.18;
15.87,-60.27,-7.82;
11.84,-57.76,-8.21;
9.99,-56.19,-7.62;
6.81,-55.99,-6.61;
3.30,-56.94,-5.57;
0.26,-59.76,-4.46;
-2.39,-63.30,-3.33;
-8.77,-62.88,-3.18;
-13.54,-61.43,-3.79;
-15.17,-61.43,-4.32;
-17.77,-60.85,-5.19;
-20.74,-60.92,-5.85;
-22.65,-62.80,-6.03;
-27.23,-64.28,-6.08;
-32.54,-65.66,-7.02;
-36.06,-64.40,-7.80;
-35.06,-62.33,-8.06;
-32.01,-62.43,-8.58;
-29.78,-64.49,-11.60;
-30.15,-62.74,-15.21;
-29.42,-58.27,-13.53;
-26.01,-55.46,-9.74;
-22.21,-56.08,-7.62;
-19.26,-56.22,-9.94;
-19.34,-50.31,-12.02;
-18.71,-40.05,-10.02;
-14.24,-31.47,-9.34;
-14.77,-30.37,-9.44;
-22.45,-33.55,-10.20;
-33.13,-34.74,-10.63;
-37.11,-31.29,-11.59;
-34.15,-28.30,-11.18;
-28.04,-29.62,-10.43;
-24.94,-33.32,-8.54;
-23.38,-33.47,-7.01;
-22.70,-30.71,-5.95;
-21.63,-27.55,-5.91;
-19.90,-26.62,-6.83;
-15.14,-24.92,-7.21;
-6.64,-23.35,-6.73;
1.99,-23.44,-4.28;
5.65,-23.37,-1.71;
5.97,-23.24,1.10;
8.52,-24.60,3.21;
11.07,-25.56,3.08;
10.02,-23.15,2.43;
7.94,-17.29,2.27;
8.49,-12.65,2.66;
7.71,-7.81,2.01;
5.12,-3.62,0.59;
2.45,-0.13,-0.25;
-0.70,2.09,-0.86;
-3.49,1.92,-1.33;
-4.50,-0.66,-2.11;
-4.51,-2.39,-1.60;
-4.56,-3.58,-1.16;
-4.96,-3.27,-0.87;
-5.80,-3.18,-1.19;
-7.48,-1.61,-0.90;
-8.41,1.18,-0.86;
-5.03,4.07,0.59;
1.10,6.34,0.98;
5.90,7.54,1.16;
8.10,7.29,1.60;
8.17,6.02,1.42;
7.20,4.51,1.01;
4.97,3.26,0.78;
2.05,2.13,0.29;
-0.29,1.08,-0.00;
-1.25,1.02,0.23;
-1.77,1.14,0.49;
-3.14,2.65,0.23;
-4.58,4.04,-0.03;
-5.25,4.13,0.20;
-3.83,3.60,0.79;
-2.10,2.99,1.39;
-1.16,3.96,1.07;
-0.21,3.64,1.08;
0.87,2.63,0.88;
1.73,0.86,1.02;
1.61,0.09,0.41;
1.81,0.22,-0.34;
3.52,0.89,-0.03;
5.20,2.62,0.61;
5.47,2.82,1.13;
5.81,2.54,1.65;
4.34,2.02,1.65;
1.87,1.80,1.36;
-0.56,1.89,1.10;
-0.09,1.64,0.70;
0.23,1.95,0.12;
-0.67,2.48,-0.44;
-2.39,2.85,-0.44;
-4.27,2.92,-0.52;
-3.71,1.60,-0.26;
-3.14,-0.31,0.41;
-2.36,-0.89,0.35;
-0.36,-0.78,0.27;
1.15,-0.04,0.52;
2.40,-0.45,0.73;
3.24,-0.31,0.40;
3.67,-0.69,0.52;
3.49,-1.69,0.30;
3.70,-1.73,0.11;
2.52,-1.17,0.01;
2.40,-0.85,0.46;
2.71,-0.53,0.38;
1.03,-0.37,0.11;
0.40,-0.02,0.37;
-0.71,-0.40,0.67;
-2.24,-1.09,0.41;
-3.19,-1.49,0.21;
-4.10,-1.82,0.08;
-4.68,-2.49,-0.03;
-4.65,-2.63,-0.14;
-3.90,-2.49,-0.21;
-2.51,-1.76,0.23;
-1.22,-1.55,-0.02;
-0.35,-0.97,0.01;
0.95,-1.64,0.64;
1.82,-1.81,0.37;
2.17,-2.05,0.41;
3.21,-1.87,0.61;
3.99,-1.72,0.70;
3.26,-1.47,0.58;
2.75,-1.24,0.26;
1.75,-0.56,0.15;
-0.04,-0.34,0.40;
-1.19,-0.45,0.63;
-0.79,-1.91,0.58;
0.04,-2.88,0.53;
0.00,-2.91,0.44;
-0.44,-2.28,0.18;
-1.17,-1.81,0.30;
-1.46,-1.17,0.30;
-1.19,-1.11,0.47;
-1.00,-0.86,0.27;
-0.85,-0.65,0.23;
0.51,-0.89,0.47;
1.75,-1.50,0.49;
1.94,-1.72,0.47;
2.14,-1.99,0.47;
1.81,-1.06,0.44;
1.29,-0.91,0.01;
1.76,-1.50,0.67;
1.96,-1.82,0.64;
1.84,-1.62,0.50;
1.03,-1.38,0.09;
0.08,-1.70,-0.29;
-0.51,-2.07,-0.18;
-0.36,-2.56,-0.09;
-0.01,-2.14,-0.06;
0.22,-1.21,-0.00;
-0.12,-0.83,0.08;
-1.14,-0.94,-0.05;
-0.62,-1.27,0.12;
0.39,-1.75,-0.20;
1.50,-1.96,0.11;
1.53,-1.72,0.03;
0.54,-1.11,-0.18;
-0.74,-0.68,-0.55;
-0.53,-0.10,-0.21;
1.30,0.18,-0.11;
2.19,0.04,0.27;
2.22,-0.69,0.06;
1.61,-1.29,0.11;
0.58,-1.44,0.11;
0.07,-1.70,-0.28;
-0.54,-1.58,-0.15;
-0.13,-1.21,-0.49;
0.08,-0.97,-0.31;
0.25,-0.34,-0.58;
0.33,-0.53,-0.34;
1.52,-1.08,-0.12;
1.13,-1.30,-0.23;
-0.25,-1.06,-0.57;
0.26,-1.64,-0.43;
1.26,-1.67,-0.00;
1.78,-2.36,-0.05;
2.57,-3.62,0.14;
3.07,-5.11,-0.02;
2.49,-6.08,-0.28;
1.52,-5.20,-0.84;
0.39,-3.62,-1.25;
-3.92,-1.81,-1.91;
-6.16,-1.98,-2.35;
-5.61,-2.37,-2.37;
-2.53,-2.75,-1.41;
1.79,-4.24,-1.57;
5.35,-2.72,-1.30;
3.10,-0.01,-1.65;
3.97,3.43,-1.73;
7.97,9.41,0.88;
12.72,9.60,2.85;
17.97,10.42,3.11;
24.94,13.69,1.94;
25.68,13.69,1.65;
19.88,12.53,1.17;
14.31,13.76,0.53;
12.40,17.96,0.38;
13.23,21.12,0.52;
13.44,23.06,1.22;
14.52,21.72,1.46;
15.01,19.78,1.54;
16.05,19.18,1.46;
14.42,20.45,1.71;
11.67,21.34,1.68;
6.94,21.67,1.31;
1.75,22.01,0.24;
-2.68,23.44,-1.04;
-4.80,25.54,-0.66;
-6.00,29.26,1.25;
-5.23,34.05,4.12;
-1.98,38.47,5.69;
6.62,43.05,7.16;
17.85,45.57,8.98;
29.84,48.45,12.23;
36.72,55.93,14.78;
34.26,64.67,15.89;
27.75,66.99,16.21;
21.85,66.36,15.40;
11.97,69.23,13.98;
2.11,78.82,11.65;
3.59,87.00,10.53;
9.29,87.90,9.30;
9.13,78.39,9.91;
9.49,66.67,10.66;
20.34,56.19,11.72;
36.57,55.60,11.98;
50.95,58.60,12.26;
53.27,65.67,14.50;
56.62,68.91,17.66;
62.25,67.61,18.24;
69.46,66.53,14.21;
68.55,68.92,10.75;
57.03,69.32,6.63;
39.23,72.45,2.73;
31.27,71.84,-2.18;
27.90,70.76,-3.30;
30.31,70.89,-2.12;
23.01,71.12,-0.76;
15.36,73.05,1.56;
12.84,76.36,3.27;
-11.00,76.09,0.95;
-24.44,75.78,0.44;
-19.16,75.57,-1.45;
-27.11,79.22,-3.25;
-28.15,78.34,-5.94;
-18.87,76.28,-5.24;
4.97,68.88,-2.58;
26.00,65.49,-2.61;
47.13,61.75,-1.62;
75.15,58.47,-3.41;
84.46,61.35,-5.37;
86.54,56.60,-9.27;
88.02,54.04,-9.47;
74.17,51.87,-7.79;
51.53,48.18,-8.40;
32.31,51.93,-15.34;
12.11,56.05,-19.34;
11.39,55.58,-21.59;
2.13,50.50,-19.04;
4.74,49.86,-15.33;
-0.12,54.10,-11.41;
-1.42,57.76,-5.04;
3.21,58.18,-1.92;
6.78,52.51,-6.12;
9.21,53.83,-12.66;
3.07,49.31,-22.73;
11.62,52.60,-24.55;
3.27,58.30,-22.64;
-3.34,59.96,-19.33;
-2.77,58.28,-16.79;
-6.56,49.92,-20.50;
-6.35,45.31,-29.82;
-8.35,47.86,-36.21;
-13.31,53.64,-34.54;
-13.64,53.73,-27.44;
-11.71,48.86,-24.99;
-10.29,49.76,-27.66;
-5.05,46.05,-29.22;
-4.90,48.86,-26.84;
-9.02,47.90,-23.89;
-14.22,39.03,-22.18;
-12.74,36.91,-19.13;
-6.12,34.67,-17.44;
2.97,37.75,-12.08;
6.65,40.38,-6.92;
3.18,39.02,-3.71;
3.23,34.05,-2.96;
-3.55,33.26,-4.29;
2.75,34.86,-4.84;
4.49,33.87,-6.20;
4.74,33.49,-6.08;
3.32,33.49,-5.30;
-0.56,32.70,-4.90;
-0.09,29.89,-6.34;
1.50,29.73,-8.08;
1.47,28.34,-8.72;
5.21,26.01,-8.78;
5.10,25.98,-7.92;
3.26,23.84,-8.50;
2.58,22.70,-7.99;
-0.19,21.41,-6.20;
-0.16,19.37,-5.53;
0.13,19.15,-6.02;
1.75,18.62,-7.54;
6.04,17.08,-7.56;
8.07,13.64,-6.84;
9.12,10.97,-6.25;
10.10,10.94,-5.51;
7.41,9.75,-5.05;
2.84,8.31,-4.81;
1.44,6.47,-4.76;
6.19,4.36,-3.77;
4.28,3.76,-2.89;
4.17,2.12,-1.24;
0.97,0.16,-1.76;
1.75,-0.13,-2.08;
2.51,0.25,-2.15;
3.64,-0.07,-1.91;
6.71,-0.48,-1.99;
6.04,-1.53,-2.23;
7.88,-1.53,-1.18;
6.04,-0.74,-0.83;
4.39,-0.10,-1.04;
0.45,0.73,-1.85;
-1.40,2.31,-2.35;
-4.29,2.56,-1.53;
-5.22,2.71,-1.05;
-7.84,2.34,-1.47;
-5.42,1.75,-1.62;
-4.85,2.34,-0.90;
-4.07,3.37,-0.03;
-5.13,3.60,-0.52;
-3.05,3.05,-0.83;
-0.44,2.21,-1.34;
0.37,2.01,-1.59;
0.31,2.25,-0.95;
-0.50,1.73,-0.17;
-2.64,2.21,0.05;
-7.16,2.74,0.43;
-8.27,2.80,0.53;
-6.50,2.92,1.21;
-3.37,3.67,1.56;
-3.64,4.96,2.14;
-3.40,4.31,2.27;
-3.60,3.55,2.95;
-3.13,3.28,2.15;
0.20,3.25,0.82;
0.98,3.37,-0.43;
0.69,3.46,-0.47;
-0.30,3.69,0.73;
-0.21,2.04,1.21;
-2.41,1.20,0.98;
-4.30,1.09,0.53;
-5.64,1.51,1.17;
-4.33,1.46,2.27;
-4.44,0.77,2.24;
-5.75,-0.31,1.71;
-3.72,-2.08,1.65;
-3.20,-2.95,1.66;
-1.95,-2.62,1.40;
-3.19,-4.19,-0.08;
-3.92,-5.76,-1.01;
-4.91,-7.72,-1.04;
-6.58,-9.61,-0.34;
-6.04,-11.24,0.52;
-3.74,-12.65,0.75;
-4.01,-14.34,0.59;
-1.96,-16.10,0.20;
-3.17,-17.44,-0.06;
-3.16,-20.16,-0.25;
-4.29,-23.58,-0.57;
-1.92,-26.20,-1.28;
0.75,-26.25,-1.94;
-2.48,-27.55,-2.32;
-1.03,-29.79,-0.46;
-3.02,-32.59,0.66;
-1.84,-34.69,2.23;
-1.77,-36.14,3.74;
-2.12,-36.30,4.15;
-2.90,-36.57,5.13;
-7.25,-38.28,6.98;
-8.59,-41.06,10.47;
-12.54,-43.72,13.53;
-14.58,-44.74,16.49;
-13.74,-47.56,18.26;
-12.09,-49.67,18.81;
-12.00,-51.79,19.89;
-10.27,-52.91,21.25;
-10.33,-53.61,21.65;
-7.75,-54.10,22.23;
-10.19,-56.59,20.40;
-15.43,-56.66,17.59;
-16.51,-58.04,17.43;
-19.00,-60.62,16.90;
-23.74,-61.95,13.48;
-26.79,-63.14,11.07;
-27.58,-64.60,8.98;
-30.21,-66.17,6.55;
-33.02,-67.41,4.66;
-36.07,-69.73,2.69;
-37.84,-70.46,1.82;
-36.54,-71.08,1.63;
-34.91,-71.75,0.93;
-34.41,-72.72,1.11;
-34.97,-74.05,0.70;
-34.27,-74.40,0.59;
-31.14,-74.71,-0.31;
-30.44,-75.37,-1.76;
-30.77,-75.00,-2.84;
-31.54,-74.74,-3.45;
-31.31,-74.75,-1.92;
-33.45,-75.24,-0.28;
-31.31,-76.91,1.11;
-26.47,-78.37,1.80;
-18.09,-79.98,2.08;
-14.42,-80.25,3.24;
-12.18,-80.40,4.63;
-2.80,-80.42,6.38;
3.12,-79.59,6.98;
9.33,-79.08,6.47;
9.65,-78.88,4.27;
10.45,-77.53,2.56;
13.55,-75.99,1.79;
16.33,-74.14,0.30;
18.34,-73.21,0.03;
16.14,-73.76,-1.31;
14.77,-74.78,-1.18;
12.81,-73.03,1.17;
6.29,-72.05,2.63;
-4.38,-72.24,2.47;
-4.35,-71.17,0.63;
-3.72,-70.57,-1.36;
-3.75,-70.11,-4.25;
-6.07,-66.77,-7.70;
-8.80,-65.23,-9.10;
-7.19,-65.61,-9.53;
-11.90,-67.66,-10.93;
-26.33,-67.72,-13.05;
-30.79,-67.08,-12.95;
-30.18,-67.79,-10.61;
-33.28,-70.72,-7.99;
-45.74,-71.70,-6.96;
-62.06,-70.27,-7.07;
-65.17,-69.90,-7.41;
-55.95,-72.57,-7.01;
-45.00,-75.03,-7.77;
-39.05,-75.70,-9.76;
-39.89,-73.76,-11.56;
-42.80,-68.94,-12.35;
-42.30,-63.03,-12.37;
-35.43,-58.60,-11.86;
-24.07,-56.51,-10.99;
-11.87,-54.62,-10.61;
-2.01,-48.71,-9.77;
5.68,-41.30,-7.79;
10.10,-36.95,-6.31;
13.20,-33.41,-5.85;
11.65,-31.23,-6.73;
9.59,-30.17,-6.23;
8.36,-29.46,-5.07;
5.46,-29.47,-3.91;
4.63,-30.20,-3.22;
5.30,-32.27,-2.31;
4.28,-34.95,-2.12;
1.12,-32.89,-3.08;
-3.87,-27.03,-5.08;
-8.62,-16.62,-5.39;
-6.36,-4.72,-3.27;
4.00,0.22,-0.81;
17.24,1.67,2.26;
20.31,1.70,3.10;
17.44,0.92,2.29;
12.63,-1.96,0.81;
4.83,-7.18,-1.08;
-1.98,-7.59,-1.45;
-4.29,-5.96,-0.49;
-3.23,-6.11,0.78;
-6.97,-4.01,0.38;
-10.71,0.02,-0.12;
-9.90,4.15,-0.67;
-4.94,5.28,-1.45;
-3.08,4.44,-2.35;
-3.51,4.12,-2.18;
-0.61,2.07,-0.87;
5.15,-1.21,0.52;
7.65,-2.82,0.73;
8.08,-1.46,1.02;
8.55,-0.20,1.43;
8.14,-0.37,1.42;
5.44,0.18,0.52;
1.55,1.96,0.46;
-1.09,3.14,0.50;
-1.20,2.79,0.09;
0.02,1.66,-0.49;
0.31,0.89,-0.66;
-0.16,1.41,-0.32;
-1.26,1.51,0.76;
-2.22,0.57,0.66;
-3.92,-0.31,0.24;
-5.40,-0.85,-0.31;
-5.14,-1.33,-0.57;
-3.58,-1.67,-0.73;
-0.45,-2.19,-0.14;
2.48,-1.58,0.20;
4.37,-1.62,0.15;
5.97,-1.38,-0.00;
5.30,-0.01,-0.15;
4.29,1.46,0.40;
3.24,1.32,0.64;
1.56,-0.13,0.53;
0.58,-1.17,0.52;
0.78,-1.17,0.61;
1.68,-0.30,0.90;
2.78,0.07,0.67;
1.75,0.56,0.06;
0.43,1.92,-0.12;
0.19,1.99,0.26;
-0.21,1.44,0.34;
-1.54,0.82,0.55;
-3.28,0.21,0.35;
-3.63,0.33,0.55;
-2.35,0.45,0.56;
-0.83,1.18,0.55;
0.33,2.76,0.34;
1.00,2.82,0.09;
1.88,2.63,0.21;
2.40,2.45,0.23;
0.69,2.45,0.15;
-0.67,2.54,0.53;
0.02,1.81,1.16;
1.71,1.40,1.16;
1.75,1.90,0.96;
2.07,2.54,0.59;
0.97,2.74,0.11;
-0.50,2.96,-0.40;
-2.24,2.33,-0.54;
-3.66,2.05,-0.12;
-2.76,1.08,0.44;
-0.82,0.07,-0.06;
0.08,-0.59,-0.28;
-0.30,-0.59,-0.55;
-0.83,0.47,-0.57;
-0.03,1.06,-0.44;
0.37,0.68,-0.40;
-0.62,1.69,-0.46;
-1.71,2.82,-0.00;
-2.58,2.65,-0.02;
-2.73,1.78,-0.21;
-2.59,1.00,-0.17;
-1.67,-0.16,-0.55;
-0.79,0.07,-0.73;
-0.39,0.31,-1.12;
0.66,1.41,-0.37;
1.09,2.04,0.32;
1.24,1.51,0.63;
0.25,0.77,0.78;
-1.03,0.73,0.78;
-1.60,1.31,0.56;
-0.87,1.40,0.58;
0.37,1.18,0.30;
0.80,1.08,-0.00;
1.24,0.54,-0.02;
2.34,0.41,-0.09;
3.23,0.05,-0.38;
2.10,-0.05,-0.12;
0.04,0.33,-0.20;
-0.59,1.23,0.21;
-1.05,1.49,0.32;
-1.34,1.11,0.43;
-2.10,0.45,0.14;
-2.15,-0.19,-0.52;
-2.18,-0.27,-0.46;
-2.30,1.08,-0.40;
-1.61,1.78,-0.21;
-1.26,1.98,0.40;
-1.77,1.29,0.52;
-2.30,-0.02,-0.05;
-3.31,-1.08,-0.44;
-3.55,-1.62,-0.83;
-3.80,-1.41,-1.41;
-4.13,-0.40,-1.12;
-2.76,0.10,-0.50;
-1.08,0.85,-0.31;
-1.64,1.51,-0.49;
-1.96,1.18,-0.67;
-2.22,0.48,-0.44;
-0.47,-0.59,-0.31;
0.54,-1.11,-0.21;
0.51,-1.09,-0.57;
1.64,-1.38,-0.46;
1.94,-0.65,-0.47;
0.54,0.02,-0.73;
-1.29,1.03,-0.81;
-1.77,0.91,-0.28;
-0.01,0.04,0.29;
1.03,-0.39,0.27;
1.50,-0.59,0.23;
1.44,-0.51,-0.34;
0.62,-0.31,-0.15;
0.20,-0.97,-0.09;
-0.47,-1.61,-0.21;
-0.87,-1.88,-0.32;
-0.71,-1.33,-0.17;
-0.83,-0.45,-0.35;
-1.72,0.24,0.11;
-1.64,0.28,0.15;
-0.04,0.12,-0.00;
0.77,-0.80,-0.11;
1.33,-1.09,-0.25;
2.02,-1.41,0.03;
2.65,-1.56,0.49;
2.84,-1.40,0.47;
2.02,-0.16,0.53;
0.05,-0.07,-0.15;
-1.28,-0.65,-0.34;
-1.20,-1.20,-0.26;
-0.42,-1.32,-0.17;
0.89,-1.33,0.15;
1.04,-1.56,0.34;
1.15,-1.62,0.20;
0.40,-2.10,0.56;
0.84,-2.45,0.46;
1.23,-1.53,0.18;
1.04,-0.83,-0.44;
0.69,-0.71,-0.02;
1.15,-0.91,0.20;
0.80,-0.04,0.72;
1.12,0.41,0.58;
2.04,-0.01,0.41;
1.61,-0.45,0.32;
0.81,-0.53,0.29;
0.49,-0.56,0.50;
-0.73,0.79,0.58;
-1.71,1.41,0.29;
-3.78,1.93,-0.09;
-8.30,2.07,-0.29;
-9.32,2.24,-0.31;
-1.03,5.02,0.53;
3.13,8.82,2.63;
-2.12,11.09,2.55;
-2.12,13.72,2.27;
0.86,20.62,3.34;
12.92,25.47,4.41;
28.46,28.18,5.19;
34.66,33.54,5.74;
28.17,36.63,6.43;
15.04,26.47,5.66;
4.04,16.19,2.63;
-4.56,12.82,-0.11;
-2.22,14.36,-0.05;
6.65,16.09,2.53;
14.00,16.76,4.24;
16.65,19.89,5.24;
15.35,23.87,5.45;
13.99,25.22,5.01;
12.49,25.40,4.29;
11.13,25.90,2.58;
10.00,26.42,1.71;
10.08,26.85,1.34;
12.91,28.79,2.03;
16.91,33.02,3.11;
21.38,36.94,3.51;
26.26,38.86,2.05;
30.23,42.83,1.79;
31.55,47.63,3.46;
31.53,53.40,6.79;
31.03,58.39,10.03;
31.44,62.22,10.79;
31.96,66.77,9.88;
29.39,71.89,8.00;
25.47,74.74,6.88;
21.75,72.02,6.88;
17.01,68.13,7.37;
10.19,63.29,8.93;
5.30,56.96,9.37;
6.29,51.81,9.86;
16.39,51.60,9.50;
31.26,53.28,9.66;
48.37,57.67,10.26;
53.88,68.71,12.49;
52.43,76.62,14.67;
50.29,74.07,17.82;
51.70,66.05,16.58;
50.95,62.99,13.36;
47.10,64.62,10.44;
28.72,73.28,6.55;
18.81,82.54,1.59;
15.52,85.66,-0.61;
20.25,78.36,0.95;
38.54,70.63,3.19;
27.91,74.54,5.89;
22.10,81.31,3.50;
17.94,89.80,-2.60;
1.94,92.01,-4.54;
4.68,88.38,-4.34;
5.81,89.17,-4.81;
17.64,87.57,-6.86;
10.84,85.46,-10.64;
12.22,86.15,-10.95;
5.18,85.95,-10.96;
24.95,83.67,-8.31;
36.75,78.09,-10.81;
43.82,76.99,-12.09;
47.10,73.11,-13.63;
49.78,71.03,-13.34;
53.71,69.22,-17.22;
46.54,66.73,-18.20;
35.15,73.95,-19.08;
32.39,80.56,-17.63;
22.48,79.78,-16.67;
0.95,74.89,-15.50;
1.03,73.14,-17.50;
-3.22,74.10,-20.83;
2.43,69.67,-25.76;
5.15,69.40,-29.47;
1.09,72.42,-29.88;
-4.97,78.79,-30.52;
3.39,81.78,-29.66;
-6.06,78.28,-34.05;
-14.15,71.46,-39.88;
-5.87,65.96,-39.05;
-2.50,71.18,-33.66;
-12.27,77.89,-29.83;
-17.95,74.89,-29.30;
-16.39,68.15,-31.30;
-12.70,63.46,-33.36;
6.97,68.48,-31.04;
20.74,72.51,-26.83;
21.81,70.02,-26.02;
10.13,65.69,-28.26;
4.97,61.76,-29.01;
1.88,59.99,-28.79;
-2.04,55.78,-24.64;
1.68,53.60,-18.47;
-5.86,54.80,-16.78;
-12.80,55.43,-15.54;
-15.93,55.70,-18.73;
-11.86,53.80,-20.84;
-2.35,51.47,-21.16;
0.25,48.15,-20.52;
2.51,44.27,-17.95;
0.33,41.23,-17.59;
-3.32,39.75,-17.91;
0.08,36.33,-15.94;
0.94,31.87,-14.46;
3.01,28.38,-11.91;
8.36,25.58,-9.37;
7.85,25.28,-7.68;
6.33,27.12,-6.92;
6.37,26.38,-7.04;
5.93,24.12,-7.57;
7.91,21.90,-8.25;
3.99,19.60,-8.08;
-3.58,16.56,-6.75;
-8.67,14.47,-5.59;
-12.38,13.96,-6.37;
-8.77,12.54,-7.10;
-4.91,11.86,-7.07;
4.57,9.72,-6.41;
2.83,10.45,-6.31;
2.51,8.24,-5.30;
1.47,6.50,-3.76;
-2.22,4.33,-0.90;
-7.58,2.04,1.13;
-8.15,0.86,2.11;
-9.13,-0.89,3.46;
-7.28,-2.07,4.12;
-2.79,-3.98,4.55;
-1.46,-3.93,4.70;
0.43,-4.39,4.93;
-1.14,-5.56,5.50;
-2.50,-7.00,5.57;
-4.74,-8.97,4.64;
-5.52,-8.20,5.33;
-5.28,-8.77,6.30;
-7.71,-9.00,6.73;
-5.93,-9.84,6.70;
-5.38,-10.66,5.77;
-4.09,-11.03,3.82;
-3.11,-11.52,1.33;
-6.01,-11.96,0.38;
-3.66,-15.12,1.25;
-5.14,-16.95,3.02;
-9.96,-18.10,4.70;
-11.00,-18.46,5.60;
-11.87,-22.34,6.08;
-9.22,-24.62,7.11;
-8.39,-25.44,7.82;
-7.17,-28.85,9.50;
-5.89,-32.17,10.47;
-5.95,-35.08,10.67;
-0.30,-38.42,12.84;
-2.29,-41.37,13.40;
-1.63,-44.54,15.39;
-4.97,-46.75,17.56;
-5.66,-48.77,18.73;
-3.95,-49.75,18.37;
-9.13,-54.20,17.89;
2.04,-57.52,18.15;
-8.18,-57.47,12.88;
3.71,-59.93,12.37;
0.05,-62.39,11.24;
0.63,-62.30,11.88;
0.80,-63.30,13.48;
0.29,-60.71,16.11;
-6.44,-61.64,18.12;
-10.83,-65.17,18.59;
-11.43,-67.58,19.37;
-14.91,-70.88,21.01;
-15.52,-68.91,23.65;
-16.97,-68.72,25.08;
-16.12,-68.57,26.27;
-20.24,-71.09,25.74;
-22.53,-74.80,25.34;
-20.94,-75.69,24.98;
-19.64,-77.37,24.70;
-21.78,-76.88,24.06;
-24.32,-76.31,22.98;
-26.10,-76.48,20.21;
-30.16,-79.62,16.17;
-33.90,-80.60,12.30;
-37.80,-81.53,7.91;
-41.08,-81.08,4.92;
-42.76,-80.74,3.33;
-48.15,-81.50,1.31;
-48.09,-82.36,-1.01;
-47.45,-81.90,-3.42;
-49.19,-81.33,-4.09;
-51.90,-81.73,-5.02;
-49.89,-82.07,-6.17;
-44.97,-80.40,-7.31;
-41.06,-79.09,-8.96;
-37.42,-78.45,-10.87;
-36.74,-77.46,-12.32;
-28.70,-76.01,-11.50;
-22.80,-75.14,-10.44;
-15.13,-73.11,-8.93;
-4.47,-72.37,-9.07;
5.88,-72.92,-9.82;
6.74,-70.74,-10.99;
8.10,-69.84,-10.20;
11.79,-67.85,-7.68;
14.40,-67.23,-5.51;
21.65,-68.78,-3.54;
21.84,-68.95,-2.96;
15.07,-64.42,-4.40;
15.09,-62.62,-5.30;
11.73,-59.40,-6.81;
13.65,-58.28,-6.70;
5.81,-58.71,-8.28;
-9.14,-55.59,-11.12;
-19.46,-55.99,-12.40;
-30.48,-56.72,-12.49;
-34.53,-55.72,-12.28;
-36.83,-56.13,-12.81;
-43.16,-57.96,-13.63;
-48.16,-57.17,-12.92;
-46.19,-57.93,-10.72;
-38.90,-59.43,-9.18;
-40.38,-60.45,-9.86;
-40.00,-58.89,-10.05;
-39.48,-58.27,-11.76;
-34.16,-58.77,-12.86;
-27.81,-57.58,-12.54;
-19.51,-54.28,-11.54;
-9.87,-51.40,-9.82;
-2.25,-50.17,-8.37;
-0.06,-49.35,-9.34;
-6.30,-46.77,-11.65;
-14.07,-42.13,-11.74;
-11.86,-46.69,-8.76;
-5.43,-57.30,-7.62;
-10.13,-69.30,-8.50;
-19.72,-73.41,-8.76;
-30.61,-72.56,-7.47;
-31.32,-65.69,-2.98;
-18.16,-56.42,0.34;
2.19,-48.77,-0.44;
10.91,-49.12,-5.22;
8.89,-50.28,-7.70;
5.24,-45.00,-8.96;
5.67,-33.30,-9.99;
10.39,-22.42,-9.77;
12.97,-18.33,-7.82;
17.24,-18.62,-4.26;
24.31,-22.10,-0.57;
31.26,-23.59,1.65;
34.48,-22.69,2.29;
29.15,-21.41,-0.02;
19.09,-18.54,-3.30;
11.09,-17.44,-4.78;
8.91,-18.30,-4.47;
9.96,-17.18,-3.10;
10.52,-12.69,-1.68;
9.18,-7.04,-1.99;
3.09,-2.02,-3.02;
-1.60,2.53,-2.78;
-3.17,5.40,-0.72;
-0.80,4.04,1.85;
-1.17,0.74,3.02;
-5.86,-2.45,2.21;
-10.45,-3.15,-0.06;
-15.55,-2.34,-2.98;
-22.06,0.16,-4.87;
-23.03,1.57,-4.72;
-17.86,3.73,-3.04;
-10.88,4.86,-1.77;
-4.94,4.50,-0.23;
-0.99,2.02,1.30;
2.26,0.76,2.15;
7.21,-0.17,1.97;
6.20,-0.10,0.70;
3.12,0.36,0.41;
1.09,0.67,0.09;
0.80,0.48,0.61;
0.66,0.09,0.90;
0.92,-1.08,0.63;
0.51,-2.36,-0.29;
-0.41,-2.63,-0.64;
-0.74,-3.08,0.14;
-0.29,-2.30,0.46;
0.58,-1.61,1.30;
1.56,-1.24,1.25;
1.35,-0.16,1.17;
0.02,0.09,0.32;
-1.35,-0.28,-0.37;
-2.22,-1.62,-0.78;
-2.41,-2.65,-0.76;
-1.81,-2.19,-0.61;
-0.97,-1.08,-0.17;
-0.32,-0.42,0.58;
0.94,-0.45,0.29;
1.94,-1.18,0.56;
2.74,-1.44,1.07;
2.58,-1.95,0.72;
1.84,-2.25,0.38;
0.10,-2.69,-0.49;
-2.58,-2.01,-1.05;
-3.11,-0.49,-0.75;
-1.29,0.74,-0.15;
0.05,1.09,0.18;
-0.32,0.99,0.40;
-0.65,1.12,0.46;
-0.15,0.38,0.52;
1.17,-1.29,0.47;
1.64,-1.53,0.32;
1.27,-0.82,0.12;
1.20,-0.10,-0.08;
1.84,-0.28,-0.00;
2.26,-0.98,0.32;
2.84,-1.35,0.67;
3.75,-1.00,1.28;
4.45,-1.33,1.82;
3.42,-1.12,1.33;
0.74,-0.62,0.93;
-2.19,0.25,0.92;
-4.24,0.13,0.55;
-3.89,-0.77,0.61;
-3.40,-1.52,0.66;
-2.96,-2.07,0.26;
-2.87,-2.19,0.21;
-2.29,-2.07,-0.12;
-1.48,-2.01,-0.06;
-0.32,-1.03,-0.03;
0.58,-0.40,0.21;
1.15,-0.07,0.63;
1.75,-0.46,0.63;
2.60,-1.33,0.24;
2.07,-1.21,-0.26;
1.35,-0.63,0.14;
1.47,-0.14,0.06;
1.01,-0.14,0.18;
0.54,-0.02,0.15;
0.45,-0.46,0.06;
0.00,-1.69,0.11;
-0.03,-2.51,-0.00;
0.51,-2.56,0.21;
0.68,-1.59,0.08;
0.25,-0.43,0.43;
-0.93,0.18,0.11;
-1.60,0.50,0.17;
-1.67,0.39,0.12;
-1.42,-0.25,0.03;
-0.53,-1.12,0.08;
-0.09,-0.88,0.29;
-1.31,-0.27,-0.09;
-3.13,0.74,0.09;
-2.79,1.51,0.47;
0.31,0.97,0.75;
1.61,0.85,0.44;
0.55,0.89,0.06;
-1.37,0.88,0.17;
-3.55,0.51,0.05;
-5.28,0.71,0.15;
-5.61,1.22,0.20;
-5.60,1.78,-0.18;
-5.31,1.69,-0.32;
-3.80,1.37,-0.47;
-2.18,1.22,-0.61;
-1.28,1.70,-0.37;
-0.94,2.10,-0.02;
0.13,2.07,-0.06;
1.70,1.78,0.24;
2.17,1.81,0.18;
2.23,1.78,0.24;
2.16,1.47,0.21;
2.60,1.22,0.06;
2.23,0.97,-0.40;
0.91,1.26,-0.70;
0.02,2.24,-0.66;
0.46,2.50,-0.06;
1.12,2.42,0.21;
1.56,2.15,0.49;
1.55,1.49,0.43;
0.26,1.63,0.26;
-1.69,1.49,-0.14;
-3.40,1.49,-0.37;
-4.38,1.29,-0.38;
-4.18,0.68,-0.29;
-3.25,0.60,-0.66;
-2.27,0.67,-0.35;
-1.05,1.38,-0.37;
0.62,1.86,0.34;
1.88,2.10,0.40;
1.96,2.15,0.08;
1.20,2.47,-0.17;
0.29,2.45,-0.31;
0.31,1.93,-0.11;
1.59,0.63,-0.02;
2.71,-0.33,-0.40;
2.42,0.15,-0.49;
2.33,1.32,0.20;
2.55,1.73,0.73;
2.89,1.41,0.40;
1.93,0.85,0.27;
0.66,0.63,0.14;
0.60,0.22,-0.21;
0.54,0.41,-0.40;
0.42,0.36,-0.37;
0.68,-0.04,-0.28;
1.00,0.19,0.08;
0.75,0.54,-0.21;
0.92,0.59,-0.03;
1.26,0.53,-0.31;
1.73,-0.01,0.40;
3.20,-0.72,0.18;
4.16,-0.62,0.29;
4.57,-0.31,0.17;
4.71,-0.04,-0.23;
3.88,0.38,-0.69;
2.10,0.67,-0.55;
1.93,0.28,-0.03;
2.43,-0.31,0.34;
3.23,-0.39,0.34;
4.17,-0.40,0.01;
3.82,-0.31,-0.38;
2.23,-0.37,-0.14;
0.94,-0.33,-0.25;
-0.56,-0.25,0.12;
-0.61,-0.36,0.11;
-0.10,-1.14,0.08;
0.89,-1.33,0.23;
1.64,-1.30,0.17;
2.22,-1.15,0.17;
1.70,-0.83,0.32;
0.29,-0.71,0.09;
0.69,-0.48,-0.14;
0.74,0.30,-0.21;
0.29,0.30,-0.14;
-0.07,0.68,-0.28;
0.29,0.73,0.01;
0.04,0.05,0.11;
-0.22,-0.36,0.12;
-0.13,-0.34,-0.21;
0.34,-0.66,-0.21;
1.61,-0.31,-0.02;
2.40,0.15,0.32;
2.04,1.05,0.05;
2.10,1.87,0.38;
1.09,1.99,0.27;
-0.51,1.18,0.67;
-1.80,0.74,0.64;
-1.98,0.01,0.93;
-1.63,-1.08,0.41;
-3.00,-1.81,0.03;
-5.08,-1.24,-0.18;
-4.04,-0.66,0.18;
-2.85,-0.46,0.43;
-1.61,-0.68,0.23;
-3.60,-0.63,0.24;
-8.38,0.12,-0.37;
-5.25,-0.25,-0.46;
-0.24,1.87,1.48;
0.72,2.56,2.40;
3.61,5.52,1.77;
5.49,11.60,3.39;
3.20,12.63,4.70;
-1.37,12.97,2.49;
0.26,15.84,0.58;
3.73,17.02,-0.72;
3.04,16.50,-0.29;
-2.51,16.47,1.07;
-4.56,14.89,1.89;
-4.48,14.88,1.74;
-4.19,17.26,1.16;
-4.10,19.95,0.96;
-3.42,22.07,2.20;
-2.06,22.16,2.06;
-0.94,23.31,2.03;
0.65,25.35,2.17;
3.47,27.81,3.27;
5.84,30.07,4.17;
8.46,32.88,5.04;
9.79,36.25,5.53;
9.56,37.52,4.23;
12.42,39.92,3.60;
19.41,45.03,5.02;
34.05,54.15,9.65;
53.41,63.99,14.59;
69.87,70.60,16.00;
83.88,77.29,15.13;
84.65,81.26,14.06;
78.22,84.19,16.29;
69.55,82.09,19.66;
61.87,73.95,19.72;
45.91,67.90,17.82;
33.17,64.30,14.90;
22.36,62.51,11.25;
9.64,64.60,8.53;
7.47,68.92,9.85;
14.31,69.70,14.09;
18.11,66.12,17.11;
22.91,59.55,17.92;
17.78,53.22,16.09;
13.42,51.84,15.19;
18.29,51.72,15.53;
22.36,52.91,16.64;
33.00,58.88,18.09;
41.12,61.61,17.48;
44.28,59.95,16.14;
44.95,58.86,13.34;
44.98,62.63,9.37;
46.94,66.47,5.95;
47.94,63.76,2.79;
47.21,64.39,1.07;
47.65,69.95,-0.55;
42.75,75.64,-2.93;
14.60,81.84,-6.31;
8.69,82.73,-7.60;
-4.90,80.31,-9.86;
-23.55,73.80,-9.60;
-20.44,73.06,-5.89;
-8.94,71.25,-1.47;
3.03,75.66,-0.60;
21.81,72.76,1.40;
47.17,70.36,0.24;
62.19,69.72,-0.63;
71.35,64.10,-4.43;
69.30,64.65,-9.07;
52.31,68.38,-12.73;
30.29,72.91,-19.37;
5.84,70.70,-23.07;
-2.29,68.53,-26.31;
-1.93,62.63,-22.63;
5.64,61.12,-18.18;
-5.00,65.87,-15.94;
-8.30,68.91,-13.28;
3.64,67.25,-9.24;
22.11,60.85,-4.18;
21.59,53.58,-7.37;
21.64,57.47,-12.26;
15.91,56.82,-15.15;
4.14,63.34,-18.26;
7.59,66.53,-19.95;
2.10,63.14,-22.40;
0.29,62.76,-24.02;
-1.89,58.12,-25.31;
2.00,55.14,-24.79;
-3.43,61.72,-24.55;
-1.77,64.85,-23.59;
1.23,61.25,-22.26;
5.15,54.70,-24.67;
5.44,50.92,-24.14;
7.46,47.44,-16.76;
10.72,49.08,-9.10;
4.14,51.76,-6.02;
-1.49,46.86,-8.00;
-0.97,42.86,-8.99;
1.73,42.12,-5.91;
1.49,39.41,-5.15;
5.71,39.90,-4.41;
8.60,38.56,-4.25;
8.97,35.61,-6.90;
7.85,32.83,-7.97;
-0.27,30.07,-7.02;
0.42,25.60,-5.27;
-4.33,25.28,-5.07;
-0.41,24.24,-5.85;
-2.90,20.25,-6.95;
-1.69,18.25,-4.90;
-3.58,15.41,-0.86;
-3.89,11.43,2.06;
0.34,10.36,2.93;
6.51,10.09,2.69;
3.87,9.09,-1.36;
0.52,6.09,-4.05;
1.93,2.12,-3.30;
2.14,0.85,-1.63;
3.07,0.82,0.55;
-0.25,0.82,1.28;
-6.56,-0.16,1.48;
-7.22,-2.72,2.15;
-7.60,-3.56,0.67;
-0.93,-3.15,-0.63;
3.01,-2.69,-1.54;
1.75,-2.36,-1.92;
0.49,-3.76,-2.06;
-1.35,-4.24,-1.68;
-2.67,-2.34,-0.29;
-3.66,-2.08,0.90;
-2.33,-3.20,2.00;
-0.10,-3.95,1.98;
1.62,-3.52,1.54;
4.74,-2.80,1.05;
2.69,-3.40,0.27;
1.47,-3.76,0.11;
-1.67,-3.46,-0.09;
-0.68,-3.62,0.59;
-4.09,-2.14,0.37;
-3.40,-2.25,0.17;
-3.29,-2.37,-0.18;
-2.41,-2.94,-1.07;
-2.53,-3.90,-1.66;
-1.37,-4.16,-2.54;
-0.29,-4.48,-3.19;
1.81,-3.72,-2.69;
0.58,-2.66,-3.07;
-1.46,-3.87,-1.82;
-3.78,-4.91,-0.09;
-4.62,-5.30,0.79;
-6.39,-5.04,0.82;
-5.72,-5.37,1.08;
-4.39,-7.11,1.24;
-0.39,-9.43,1.43;
2.31,-9.85,1.51;
3.32,-8.75,1.50;
1.50,-8.28,2.03;
-0.45,-9.95,2.00;
-1.17,-11.11,1.56;
-4.30,-11.87,0.50;
-5.93,-13.24,0.47;
-3.38,-15.53,2.14;
-4.12,-16.82,2.43;
-5.77,-18.42,1.16;
-6.90,-19.79,0.30;
-7.71,-20.77,-0.86;
-7.84,-22.19,-1.53;
-6.53,-24.22,-2.93;
-5.64,-26.71,-5.08;
-7.95,-27.62,-7.27;
-6.62,-27.11,-7.76;
-10.36,-28.53,-7.97;
-16.38,-29.62,-7.28;
-18.82,-34.48,-5.71;
-20.79,-40.01,-3.66;
-20.94,-42.62,-0.81;
-13.45,-43.44,1.82;
-6.56,-44.16,3.75;
-0.76,-45.03,5.11;
1.73,-46.69,6.70;
1.67,-47.33,8.49;
-0.56,-47.81,9.74;
-9.54,-49.88,10.06;
-13.77,-54.28,10.03;
-19.38,-56.72,10.46;
-20.87,-56.77,9.62;
-23.26,-55.87,6.90;
-23.80,-56.20,3.79;
-22.47,-58.85,1.59;
-18.04,-59.93,1.05;
-15.96,-60.49,1.07;
-15.49,-59.11,1.37;
-17.72,-58.02,2.26;
-20.99,-58.42,3.88;
-23.58,-60.40,4.63;
-24.93,-61.50,6.15;
-26.04,-63.29,6.78;
-25.54,-63.56,7.22;
-26.44,-62.24,6.14;
-24.01,-60.77,4.84;
-22.33,-59.79,4.66;
-21.09,-61.85,6.24;
-22.94,-61.35,7.75;
-19.09,-62.10,11.13;
-14.71,-60.25,13.83;
-12.77,-57.98,15.43;
-5.64,-58.13,15.42;
-5.45,-59.09,14.41;
-2.87,-60.51,11.95;
-5.14,-62.14,9.37;
-9.71,-62.17,7.79;
-10.25,-61.01,7.66;
-9.13,-61.20,7.17;
-2.29,-62.27,6.15;
2.69,-64.31,4.47;
4.58,-64.17,2.55;
1.33,-63.37,0.95;
1.64,-61.17,0.64;
3.20,-61.40,-0.37;
7.61,-60.83,-2.40;
4.98,-61.26,-5.19;
-4.41,-62.13,-7.42;
-10.15,-63.11,-8.52;
-13.55,-62.95,-9.24;
-17.87,-61.56,-10.11;
-24.83,-61.17,-11.18;
-33.37,-60.10,-13.12;
-40.04,-59.08,-14.25;
-41.11,-57.85,-14.60;
-42.27,-55.23,-15.51;
-38.73,-55.17,-16.09;
-32.35,-57.55,-16.15;
-29.49,-58.51,-15.97;
-27.52,-58.80,-15.95;
-28.58,-57.55,-16.79;
-28.73,-55.08,-16.54;
-23.37,-52.88,-16.29;
-19.17,-56.05,-15.80;
-25.35,-58.83,-16.38;
-37.90,-54.97,-16.47;
-41.89,-44.40,-13.25;
-26.67,-35.08,-7.65;
-9.84,-34.46,-3.85;
-10.54,-38.69,-6.47;
-29.92,-39.95,-10.02;
-48.27,-38.65,-11.80;
-59.81,-38.95,-13.31;
-51.81,-42.53,-14.46;
-40.01,-45.69,-13.56;
-30.18,-45.03,-11.82;
-28.48,-42.05,-10.05;
-32.18,-38.05,-9.25;
-34.62,-32.82,-10.28;
-23.86,-32.17,-10.66;
-9.29,-31.79,-7.79;
-2.03,-30.53,-5.79;
1.65,-27.67,-5.53;
-2.79,-26.75,-6.86;
-3.69,-26.36,-6.38;
0.00,-26.51,-3.48;
2.72,-31.23,-1.77;
1.79,-34.01,-2.95;
1.01,-29.33,-2.96;
-1.25,-23.23,-2.00;
-3.72,-20.46,-3.05;
-9.02,-21.37,-4.58;
-20.62,-22.91,-6.03;
-26.50,-22.91,-5.80;
-22.41,-20.98,-4.40;
-9.00,-20.24,-2.25;
-0.50,-22.17,-1.24;
-1.35,-25.41,-0.50;
-5.58,-30.72,-0.43;
-7.57,-35.23,-1.31;
-8.24,-37.49,-4.37;
-8.25,-37.30,-6.44;
-3.64,-35.09,-6.95;
-2.07,-31.55,-6.32;
-2.00,-25.47,-4.55;
5.56,-19.58,-1.80;
17.99,-14.39,1.45;
25.33,-8.60,2.95;
29.00,-1.98,3.46;
25.09,0.41,2.58;
15.91,-0.98,0.35;
5.10,-2.95,-1.57;
-2.33,-6.98,-2.44;
-4.88,-12.74,-2.84;
-7.84,-14.89,-3.01;
-12.83,-13.12,-3.18;
-16.27,-7.87,-2.98;
-17.20,-1.85,-2.66;
-12.32,1.83,-1.51;
-3.95,4.12,-0.23;
6.46,4.27,0.59;
13.03,3.78,1.37;
18.07,1.29,2.15;
18.13,-1.52,1.79;
15.18,-2.02,1.11;
10.17,-2.11,0.67;
4.43,-1.27,0.47;
2.29,-0.48,0.09;
1.73,0.47,-0.18;
2.17,2.13,0.03;
2.78,4.56,0.23;
4.13,5.93,0.58;
4.65,5.70,-0.28;
3.73,5.09,-1.10;
2.63,4.67,-0.86;
2.31,4.34,-0.26;
1.13,3.25,0.50;
-0.04,2.96,0.75;
-0.70,3.14,0.87;
1.55,3.47,0.56;
4.55,3.66,0.63;
6.62,3.96,0.44;
6.75,4.51,0.17;
5.82,5.17,0.30;
4.45,4.36,0.47;
3.70,3.08,0.61;
3.09,1.83,1.02;
1.32,0.25,0.70;
-0.39,-1.11,-0.11;
-1.48,-1.33,-0.15;
-1.92,-0.01,-0.64;
-2.58,1.31,-0.49;
-2.67,2.47,-0.32;
-2.03,3.66,0.26;
-0.61,2.74,0.47;
0.66,1.38,0.55;
0.83,0.65,0.15;
0.72,0.59,-0.15;
0.13,0.92,0.17;
-0.51,0.94,-0.03;
-2.10,0.86,-0.00;
-3.34,0.71,-0.47;
-4.65,1.11,0.08;
-2.32,1.92,0.66;
0.11,1.52,0.99;
2.42,0.47,0.66;
2.43,-0.07,0.23;
0.89,0.15,-0.09;
-1.81,-0.08,-0.69;
-5.20,0.48,-0.95;
-6.16,1.18,-0.38;
-3.81,1.25,0.06;
1.03,1.22,0.56;
2.68,1.38,0.63;
2.52,1.58,0.26;
2.26,1.03,-0.08;
2.98,-0.14,0.46;
3.21,-0.27,0.44;
2.42,0.74,0.21;
2.43,0.88,0.09;
0.86,1.14,0.06;
-1.45,1.02,0.21;
-2.68,1.46,0.15;
-1.22,1.11,0.32;
0.39,0.25,0.49;
1.65,-1.69,0.11;
2.07,-2.10,0.26;
1.88,-1.61,0.18;
0.68,-1.41,-0.47;
-1.63,-0.11,-0.60;
-1.57,0.44,-0.26;
-0.94,0.22,-0.05;
-1.08,-0.39,-0.34;
-0.18,-1.03,0.03;
0.97,-1.72,0.14;
1.78,-2.14,0.08;
1.99,-1.69,-0.44;
1.47,-1.09,-0.31;
1.50,-0.88,-0.03;
1.35,-0.63,0.26;
1.01,-0.95,0.29;
0.17,-0.66,0.14;
0.14,-0.30,0.20;
1.18,-1.11,-0.00;
1.36,-1.82,-0.21;
-0.06,-1.75,-0.60;
-1.57,-1.32,-0.58;
-1.77,-0.54,-0.35;
-1.87,0.09,-0.46;
-1.51,0.27,-0.23;
-0.64,0.34,0.32;
0.34,-0.05,0.24;
0.98,-0.17,-0.09;
0.16,-0.11,-0.69;
-0.85,0.16,-0.41;
-0.65,0.79,-0.52;
-1.14,1.32,-0.41;
-0.91,0.92,-0.02;
0.25,0.28,-0.11;
1.46,-0.11,-0.09;
1.64,-0.17,-0.43;
0.65,0.34,-0.35;
-0.41,0.53,-0.38;
-0.47,0.76,0.09;
-0.44,0.77,-0.35;
-0.87,0.22,-0.37;
-1.03,-0.19,-0.34;
-0.39,-0.05,0.11;
0.43,0.82,-0.02;
-0.04,1.44,-0.40;
-2.00,1.51,-0.58;
-2.44,1.09,-0.52;
-0.76,0.33,-0.26;
-0.01,0.33,-0.41;
0.48,0.04,-0.12;
0.37,-0.92,-0.20;
-0.51,-1.26,-0.25;
-1.06,-0.10,-0.32;
-0.91,0.88,-0.02;
-0.58,0.89,-0.26;
-0.73,0.99,-0.12;
-0.42,0.25,0.01;
0.63,-0.40,0.24;
0.69,-1.33,0.17;
-0.53,-1.32,-0.08;
-2.13,-0.86,-0.44;
-3.49,-0.05,-0.37;
-3.26,0.60,-0.35;
-1.66,0.04,0.09;
-0.30,0.60,0.15;
0.10,0.42,0.15;
0.00,0.04,0.27;
0.66,-0.20,0.14;
0.29,-0.20,0.09;
-0.85,0.25,-0.15;
-1.38,0.48,-0.34;
-1.20,0.57,-0.15;
-0.03,1.52,0.23;
0.71,1.57,0.50;
0.69,0.86,0.44;
0.23,0.22,0.56;
-0.70,0.12,0.12;
-1.54,0.13,-0.00;
-1.32,-0.07,-0.23;
-0.44,-0.04,0.27;
0.08,0.15,0.35;
0.39,0.53,0.14;
0.14,0.25,-0.41;
-1.11,0.28,-0.31;
-0.80,0.33,-0.18;
0.08,0.38,0.72;
1.20,0.09,0.76;
1.87,-0.16,0.55;
1.53,0.16,-0.05;
0.83,-0.01,-0.21;
0.52,-0.78,0.29;
1.49,-0.97,0.35;
0.78,-1.08,-0.03;
-0.18,-0.74,-0.18;
-0.62,-0.68,-0.18;
-1.57,-0.45,-0.26;
-1.26,0.10,0.34;
0.00,0.21,0.41;
-0.18,0.63,-0.54;
-1.40,0.91,-0.47;
-2.01,0.94,-0.31;
-1.42,0.10,-0.08;
-0.04,0.01,-0.11;
0.86,-0.11,-0.47;
0.65,0.15,-0.20;
-0.35,0.57,-0.40;
-0.64,0.57,-0.00;
-0.33,1.18,-0.06;
-0.61,1.18,0.46;
0.52,0.34,0.56;
2.52,-1.15,0.38;
2.37,-1.21,-0.02;
1.56,-0.46,-0.37;
0.57,0.60,-0.41;
-0.24,0.80,-0.05;
0.42,0.73,0.59;
0.19,0.30,0.29;
-0.27,-0.07,0.18;
-0.90,-0.85,-0.05;
-0.41,-1.26,-0.20;
0.54,-0.39,-0.18;
1.03,0.59,-0.14;
1.03,0.71,-0.26;
0.95,0.59,0.12;
0.83,0.12,-0.09;
0.69,-0.14,-0.18;
0.10,-0.43,-0.52;
-0.19,-0.40,-0.35;
0.10,-0.39,0.11;
1.67,-0.30,0.56;
1.97,0.01,0.44;
0.87,-0.17,0.38;
0.55,-0.30,0.03;
0.28,-0.48,0.09;
0.00,-0.56,-0.31;
-0.32,-0.51,0.01;
-0.53,-0.65,-0.25;
-0.91,-0.72,0.14;
-0.70,-0.57,0.06;
-0.44,-0.37,0.24;
-0.16,-0.11,0.43;
0.40,-0.04,0.32;
-0.03,-0.19,0.03;
-0.06,-0.07,-0.09;
0.49,-0.31,0.06;
1.27,-0.62,0.20;
1.44,-0.33,0.44;
1.13,-0.42,0.24;
-0.33,-0.80,-0.02;
-0.83,-1.12,0.20;
-0.79,-0.53,0.06;
-1.22,-0.17,0.12;
-1.00,-0.66,-0.35;
-0.79,-1.11,-0.32;
0.68,-1.41,-0.14;
1.64,-1.14,-0.21;
2.29,-0.69,-0.15;
1.64,-0.77,-0.32;
0.16,-0.54,-0.17;
0.14,-1.11,0.11;
1.73,-1.64,0.37;
1.27,-1.69,-0.17;
0.46,-1.04,-0.46;
-0.48,-0.51,-0.41;
-0.58,-0.27,0.20;
0.63,-0.19,0.40;
-0.39,0.27,0.26;
-0.99,-0.01,0.03;
-1.08,-0.54,-0.57;
-2.04,-0.22,-1.02;
-2.19,0.05,-0.89;
-1.92,1.08,-0.63;
-0.54,0.79,-0.29;
0.51,0.47,0.17;
1.47,0.42,0.20;
1.23,0.39,-0.00;
0.10,0.39,-0.26;
-0.10,0.60,-0.35;
0.65,0.45,-0.26;
1.78,0.60,-0.09;
2.77,0.86,0.08;
1.33,1.17,-0.44;
-0.79,1.46,-0.70;
-2.03,2.02,-0.76;
-2.77,2.62,-0.78;
-2.30,2.77,-0.60;
-2.00,3.20,-0.14;
-5.87,4.89,-0.15;
-16.35,6.67,-1.85;
-5.45,7.32,-4.79;
12.26,18.18,1.04;
8.04,25.92,9.42;
5.61,23.23,11.07;
22.98,27.52,6.78;
39.58,29.43,1.53;
36.46,24.51,0.81;
17.24,15.80,2.79;
1.47,10.47,2.44;
-1.61,8.86,0.47;
10.68,12.36,-0.78;
22.52,16.85,1.08;
24.25,17.17,2.88;
18.46,16.13,3.30;
11.47,16.01,2.58;
6.08,15.18,1.80;
3.38,14.30,1.28;
0.23,13.89,-0.15;
-1.64,13.64,-0.96;
-3.54,14.10,-1.21;
-1.90,15.35,-0.96;
1.64,16.82,-0.18;
6.25,18.48,1.85;
13.93,20.88,4.08;
22.60,23.28,5.80;
30.75,26.48,7.34;
35.76,31.26,8.30;
40.80,39.72,8.85;
46.89,48.45,8.93;
51.93,52.18,8.98;
56.28,54.13,7.98;
57.49,56.15,6.09;
54.17,58.45,4.99;
44.22,62.80,5.21;
33.87,63.64,6.35;
26.04,62.67,6.56;
19.29,63.11,6.52;
9.01,64.16,6.75;
-3.86,62.12,7.34;
-11.93,59.69,8.38;
-18.19,56.01,11.33;
-15.42,51.08,13.89;
-7.67,48.92,13.59;
-0.36,53.23,13.05;
5.91,56.50,14.35;
9.76,55.55,15.57;
18.89,54.76,17.02;
32.72,55.44,16.44;
36.60,59.47,13.83;
37.00,65.14,11.43;
36.77,71.09,10.88;
46.07,64.99,13.36;
45.30,56.39,13.69;
48.11,56.39,10.59;
56.20,65.78,5.30;
58.23,70.92,2.96;
56.65,68.67,1.53;
39.38,61.98,0.43;
27.78,58.51,2.37;
12.54,58.21,4.34;
2.91,55.20,6.58;
-10.53,53.54,5.98;
-12.62,55.23,4.46;
-16.27,61.90,3.89;
-1.09,64.10,4.50;
11.42,59.83,2.82;
24.51,55.29,0.11;
32.84,57.43,-2.69;
46.04,59.51,-4.21;
49.88,60.79,-4.76;
55.12,63.66,-5.47;
50.57,60.39,-7.65;
33.87,63.08,-7.92;
27.29,67.40,-10.46;
22.62,64.24,-11.27;
30.02,55.26,-14.86;
25.99,48.44,-15.97;
26.14,47.67,-18.37;
28.46,48.88,-15.88;
29.67,52.36,-17.04;
19.70,63.32,-18.60;
14.19,62.89,-17.07;
12.60,64.07,-16.44;
15.62,59.73,-14.78;
0.69,59.12,-15.63;
-1.48,58.39,-14.98;
-9.43,57.92,-14.12;
-11.35,56.51,-14.43;
-17.06,59.03,-12.86;
-3.87,56.68,-15.94;
-4.56,53.17,-18.06;
-1.48,52.01,-15.68;
-7.90,52.13,-11.99;
-4.41,52.53,-10.67;
-5.60,52.94,-15.85;
-6.16,50.56,-21.86;
-4.77,43.84,-24.50;
-1.83,35.96,-18.76;
-6.41,32.01,-13.44;
-3.43,31.63,-12.02;
3.65,33.09,-13.37;
10.00,33.61,-16.69;
9.52,34.18,-17.89;
3.58,32.28,-15.18;
7.97,22.83,-7.34;
3.39,14.79,-4.37;
0.91,15.57,-6.35;
-4.01,21.43,-8.54;
-2.36,21.05,-8.75;
-9.14,17.03,-9.16;
-7.87,11.95,-9.65;
-8.06,9.76,-9.44;
-5.35,9.98,-6.83;
-4.16,11.09,-2.92;
-3.84,10.70,-2.40;
-7.11,9.66,-5.45;
-2.96,8.76,-6.67;
0.74,7.29,-6.40;
2.71,5.37,-5.10;
1.62,4.45,-3.33;
-5.80,2.45,-3.12;
-8.70,0.27,-1.80;
-9.40,-1.99,-1.50;
-6.04,-1.58,-1.04;
-4.15,-0.91,0.26;
-0.27,-0.86,1.85;
-2.44,-3.12,1.60;
-0.85,-5.06,1.08;
-2.22,-5.12,0.92;
-0.65,-5.46,1.40;
-2.54,-4.65,0.66;
-4.41,-3.56,0.59;
-5.67,-2.14,1.13;
-3.93,-2.65,2.37;
-3.34,-2.74,2.90;
-1.31,-3.58,2.93;
1.03,-2.37,2.88;
4.23,-1.56,2.81;
6.34,-0.36,3.43;
4.02,-0.53,3.24;
1.62,-1.33,2.56;
-0.13,-1.91,3.05;
1.44,-1.46,4.03;
0.86,-0.60,4.49;
1.67,-0.71,3.85;
2.17,-1.66,2.58;
0.08,-0.37,1.34;
0.52,0.31,0.95;
-0.53,0.05,1.07;
-3.69,-0.94,0.05;
-2.16,-1.11,0.32;
-1.48,-1.21,0.67;
0.05,-1.37,0.35;
0.89,-1.24,0.05;
2.13,-1.81,-0.72;
1.26,-0.24,-1.18;
0.26,1.06,-1.36;
-1.52,0.77,-0.55;
-2.15,0.57,-0.06;
-3.43,1.54,0.27;
-3.26,1.98,0.03;
-3.75,3.15,-0.58;
-1.98,2.05,-1.80;
-0.58,2.27,-1.79;
1.10,2.94,-0.78;
3.12,2.01,0.43;
0.57,1.92,0.35;
-0.54,2.38,0.95;
1.26,2.12,2.40;
0.23,0.41,3.25;
-0.68,-0.31,2.56;
-0.58,-0.49,2.08;
0.86,-1.14,2.63;
2.45,-2.33,2.96;
2.42,-1.98,2.35;
3.67,-2.49,2.50;
1.56,-2.83,1.91;
0.46,-2.72,0.95;
1.55,-3.33,0.70;
0.54,-4.77,-0.38;
0.19,-4.54,-1.54;
0.31,-3.90,-1.79;
-0.22,-3.44,-2.26;
-0.07,-3.67,-2.43;
0.83,-4.08,-2.43;
1.30,-3.44,-1.95;
1.00,-3.01,-1.59;
0.66,-2.01,-0.86;
0.40,-1.76,-0.44;
-0.07,-2.22,-0.18;
1.59,-1.58,0.14;
1.82,-0.98,0.79;
1.38,-0.63,0.67;
1.50,-0.59,0.61;
0.43,-0.45,0.67;
0.62,-0.07,0.78;
0.26,-0.17,0.88;
0.23,0.80,1.02;
2.05,1.03,1.21;
1.65,1.37,0.61;
1.71,0.67,-0.38;
1.62,0.85,-0.76;
1.15,0.47,-1.15;
1.07,0.63,-1.24;
0.05,2.33,-1.18;
-0.24,2.65,-1.76;
-0.59,3.11,-2.05;
-0.59,4.07,-1.76;
-1.77,5.38,-1.30;
-1.17,5.64,-0.92;
-0.74,4.77,-1.66;
0.26,2.99,-1.48;
-0.64,3.32,-0.66;
1.17,3.03,0.69;
0.37,3.49,0.67;
0.75,3.63,0.38;
1.39,2.19,-0.99;
2.25,2.71,-1.89;
2.83,3.34,-1.79;
2.04,2.77,-2.57;
-1.31,3.52,-3.16;
-1.46,3.41,-3.12;
-1.06,3.06,-2.02;
-2.07,1.46,-2.72;
-1.55,1.86,-3.66;
-0.45,1.95,-3.95;
1.46,1.52,-3.59;
1.53,1.61,-3.37;
0.40,1.84,-3.41;
-0.62,1.40,-3.19;
-2.01,1.18,-2.83;
-0.27,-0.04,-2.41;
1.71,-0.65,-2.35;
1.24,-0.48,-3.34;
1.32,0.04,-4.63;
2.31,-0.49,-4.67;
1.35,-0.63,-4.46;
-0.96,-1.15,-4.18;
-1.08,-2.27,-4.23;
-1.66,-2.63,-4.02;
-3.38,-1.67,-3.92;
-2.19,-1.06,-4.35;
-3.80,0.21,-4.46;
-4.35,-1.15,-5.44;
-5.14,-3.55,-5.54;
-6.51,-4.72,-5.91;
-6.70,-4.40,-5.42;
-9.00,-3.08,-6.09;
-8.44,-3.46,-7.89;
-10.01,-5.93,-12.02;
-9.67,-10.13,-15.18;
-9.74,-10.24,-17.59;
-10.22,-7.17,-16.05;
-3.71,-12.04,-13.21;
-9.37,-14.89,-11.30;
-9.95,-17.11,-7.10;
-11.80,-21.40,-2.99;
-12.22,-22.66,0.61;
-11.43,-23.62,4.35;
-10.96,-24.02,9.88;
-13.38,-26.54,14.09;
-10.54,-29.87,16.67;
-6.29,-33.33,18.59;
-3.95,-35.93,20.34;
-4.45,-36.71,21.83;
-4.07,-41.00,22.95;
-5.54,-44.05,23.01;
-6.65,-47.12,23.42;
-11.78,-49.15,22.56;
-10.94,-51.33,21.80;
-9.87,-54.46,20.99;
-11.37,-55.43,20.17;
-11.63,-57.56,19.43;
-11.90,-59.35,17.97;
-13.16,-61.35,16.43;
-15.38,-62.69,13.72;
-18.38,-65.04,11.40;
-20.44,-64.63,9.25;
-20.29,-64.74,7.34;
-21.51,-64.77,5.53;
-22.56,-64.42,3.48;
-22.73,-64.68,1.31;
-25.31,-63.32,-3.12;
-28.10,-59.85,-7.83;
-29.61,-59.01,-10.63;
-34.45,-56.69,-12.58;
-39.05,-54.04,-13.10;
-38.99,-53.32,-12.52;
-41.31,-53.47,-11.50;
-43.22,-53.90,-10.23;
-42.22,-54.10,-7.15;
-42.54,-53.88,-4.89;
-37.90,-55.61,-1.89;
-34.56,-55.52,0.69;
-26.06,-55.64,2.20;
-21.66,-55.69,3.17;
-16.87,-55.01,2.67;
-13.66,-55.81,1.42;
-11.37,-55.73,0.56;
-7.80,-55.76,0.08;
2.89,-56.07,-0.54;
11.90,-56.28,-0.61;
21.30,-56.72,-2.03;
32.08,-55.47,-2.55;
36.83,-54.49,-3.19;
37.49,-53.37,-3.74;
40.97,-54.14,-4.17;
37.73,-54.71,-4.76;
29.12,-53.06,-5.28;
17.32,-50.88,-5.25;
8.62,-52.28,-4.40;
0.07,-52.72,-3.05;
-14.87,-52.39,-2.92;
-23.63,-50.71,-2.25;
-25.84,-48.27,-2.57;
-28.73,-45.23,-2.87;
-29.66,-43.32,-4.37;
-23.02,-44.20,-4.92;
-22.53,-48.94,-5.79;
-26.12,-48.66,-7.83;
-24.71,-46.05,-9.51;
-19.42,-42.42,-9.36;
-18.29,-41.93,-8.95;
-18.59,-43.84,-8.06;
-15.81,-43.98,-6.92;
-5.64,-42.66,-5.45;
5.17,-41.75,-4.14;
9.15,-42.69,-3.97;
5.35,-42.45,-4.44;
-1.95,-41.55,-3.91;
-9.49,-41.73,-3.59;
-14.36,-42.34,-5.44;
-12.32,-40.33,-7.44;
-6.97,-39.91,-6.47;
-5.48,-40.57,-5.18;
-14.88,-41.43,-6.63;
-27.38,-40.10,-7.85;
-33.06,-38.92,-7.57;
-32.29,-36.75,-6.25;
-25.08,-33.64,-6.11;
-19.86,-32.62,-5.31;
-18.36,-33.44,-4.29;
-27.38,-36.83,-4.38;
-39.84,-41.20,-5.54;
-46.29,-44.65,-5.91;
-45.09,-42.75,-7.63;
-33.26,-34.49,-10.37;
-23.17,-26.63,-9.60;
-18.96,-18.20,-6.20;
-24.19,-18.94,-5.88;
-27.20,-22.80,-5.89;
-24.68,-26.53,-4.89;
-16.88,-26.53,-5.39;
-11.63,-21.27,-5.24;
-11.96,-17.88,-4.03;
-14.71,-20.86,-4.76;
-14.59,-23.11,-5.10;
-11.98,-22.92,-4.64;
-7.35,-22.48,-2.49;
-2.77,-22.82,-1.19;
-0.29,-22.43,-0.89;
-0.35,-19.82,-2.14;
-3.43,-17.59,-4.50;
-5.19,-16.30,-5.79;
-3.67,-16.85,-5.54;
2.98,-18.91,-4.06;
9.26,-20.83,-2.69;
14.14,-22.04,-1.15;
16.34,-22.91,-0.09;
15.59,-24.11,-0.57;
14.11,-23.67,-1.66;
9.13,-20.07,-3.27;
3.94,-13.73,-3.63;
4.04,-9.53,-2.47;
9.24,-8.54,-0.83;
15.06,-8.04,0.05;
19.23,-5.27,1.46;
20.68,-2.75,2.76;
18.55,-2.40,3.31;
12.65,-2.51,2.70;
7.26,-2.56,1.92;
1.71,-2.95,0.93;
-2.87,-4.19,-0.43;
-5.92,-4.56,-0.93;
-8.09,-3.90,-0.63;
-9.37,-2.83,-0.47;
-9.23,-2.54,-0.23;
-9.29,-3.35,-0.67;
-9.93,-2.89,-0.96;
-8.15,-2.17,-0.54;
-4.61,-2.20,0.23;
0.23,-2.82,0.53;
4.84,-2.94,0.67;
7.87,-2.75,1.37;
10.63,-2.24,1.82;
12.74,-2.39,1.46;
12.94,-2.33,0.81;
10.87,-1.20,0.79;
9.39,-0.53,0.32;
8.37,-1.49,0.06;
7.23,-1.98,-0.38;
6.14,-1.15,-0.43;
4.86,0.60,0.37;
3.99,0.97,0.92;
2.57,-0.30,1.08;
0.58,-1.49,0.67;
-2.51,-1.95,0.03;
-2.94,-2.60,0.14;
-0.27,-3.76,-0.09;
2.08,-3.41,0.15;
3.64,-2.57,0.23;
4.33,-1.58,0.78;
3.65,-1.23,0.73;
2.77,-1.29,0.41;
1.91,-1.67,0.32;
1.90,-2.02,0.29;
2.23,-2.24,0.21;
3.07,-1.81,0.49;
3.84,-0.95,0.56;
3.00,-0.25,0.59;
1.88,-0.22,0.27;
0.43,-0.46,0.38;
-0.13,-0.59,0.38;
0.34,-1.04,0.34;
1.29,-0.77,0.15;
1.12,-0.53,-0.26;
0.74,-0.19,-0.05;
1.33,-0.69,0.24;
1.32,-1.37,-0.18;
0.51,-2.07,-0.06;
-0.21,-2.28,-0.35;
-1.64,-1.53,0.09;
-2.85,-1.20,0.08;
-3.13,-0.83,0.11;
-2.65,-0.83,0.18;
-1.20,-1.47,0.12;
0.78,-1.73,0.41;
2.68,-2.08,0.20;
3.49,-1.98,0.27;
3.67,-1.62,0.06;
3.38,-1.66,0.27;
3.07,-1.61,-0.03;
2.29,-1.75,0.08;
1.61,-1.17,0.46;
1.70,-0.49,0.63;
0.94,-0.40,0.69;
-0.42,-0.43,0.35;
-1.23,-0.39,0.01;
-1.03,-0.40,-0.02;
0.20,-0.66,-0.18;
0.31,-0.97,-0.14;
0.81,-0.89,0.17;
2.20,-0.30,0.61;
2.95,0.31,0.87;
2.51,0.89,0.64;
1.61,0.97,0.30;
0.98,1.00,-0.05;
1.49,1.03,0.03;
2.43,0.89,0.15;
1.90,0.65,0.12;
0.91,0.39,-0.02;
-0.03,0.09,0.23;
-0.32,-0.02,0.40;
-0.48,0.01,0.32;
-0.80,0.79,0.23;
-0.27,1.23,0.23;
-0.04,1.35,0.24;
0.58,0.85,0.27;
1.49,0.02,0.23;
2.26,-0.45,0.11;
2.92,-0.14,0.27;
3.33,0.56,0.59;
2.22,0.68,0.24;
0.98,0.30,0.15;
0.48,0.42,-0.12;
1.15,-0.04,0.09;
2.16,0.01,-0.05;
3.56,0.18,0.41;
3.85,1.22,0.38;
2.80,1.70,0.46;
1.46,1.15,0.18;
-0.21,0.28,0.30;
-0.90,-0.20,-0.23;
-0.64,-0.07,0.24;
-0.09,0.53,0.06;
0.29,1.23,0.05;
0.22,1.63,-0.05;
-0.74,1.98,-0.08;
-0.97,1.75,0.24;
-0.64,1.29,0.32;
-0.73,0.96,0.24;
-0.35,0.83,0.23;
-0.12,1.46,0.32;
-0.30,1.28,0.15;
0.00,1.41,0.24;
-0.12,1.55,0.15;
-0.21,1.20,0.44;
-0.19,0.86,0.44;
-0.29,0.74,0.63;
-0.97,1.09,0.44;
-1.98,1.15,0.52;
-2.53,0.76,0.27;
-1.84,0.05,0.18;
-1.57,-0.16,0.35;
-1.51,-0.25,0.30;
-1.87,-0.04,0.46;
-2.18,0.18,0.67;
-2.21,-0.13,0.34;
-1.52,0.16,0.63;
-0.47,0.18,0.34;
0.39,0.27,0.46;
0.49,0.07,0.41;
0.55,0.28,0.50;
-0.04,0.12,0.52;
-0.65,0.07,0.70;
-1.58,-0.24,0.15;
-1.87,0.22,0.46;
-2.42,0.34,0.49;
-3.16,-0.17,0.56;
-3.05,-0.88,0.26;
-2.50,-1.29,-0.23;
-1.28,-1.41,-0.38;
0.22,-1.67,-0.35;
2.39,-2.19,-1.47;
4.78,-3.09,-1.56;
8.84,-2.54,-1.10;
12.74,-1.61,-0.34;
14.89,-1.26,-0.25;
14.87,-2.16,-0.03;
14.07,-2.49,-0.18;
13.70,-2.75,0.01;
13.56,-2.71,0.23;
12.91,-1.85,-0.00;
11.41,-1.47,-0.26;
9.33,-0.98,-0.52;
7.52,-0.98,-0.70;
6.58,-1.21,-0.66;
5.88,-1.55,-0.64;
5.67,-1.38,-0.99;
5.96,-1.72,-0.81;
6.11,-1.64,-0.21;
6.57,-1.59,0.11;
6.75,-1.14,0.12;
6.63,-0.85,-0.08;
6.16,-0.31,-0.20;
6.00,0.09,-0.28;
6.04,0.31,0.01;
5.64,-0.17,0.20;
5.50,-0.25,0.15;
5.58,-0.63,0.43;
6.37,-0.62,0.50;
6.49,-0.34,0.53;
5.87,-0.27,0.29;
4.87,0.42,0.06;
2.94,0.48,0.32;
1.30,0.83,0.09;
1.15,1.11,0.01;
0.75,1.26,0.55;
0.57,1.05,0.14;
0.19,0.48,0.38;
-0.03,0.48,0.53;
-0.18,0.59,0.63;
-0.71,0.51,0.34;
-0.80,0.30,0.21;
-1.13,0.12,0.21;
-0.76,0.39,0.03;
-0.35,0.91,-0.00;
-0.19,0.71,-0.18;
0.00,0.70,-0.09;
1.01,0.51,0.03;
1.38,0.30,0.41;
1.44,0.38,0.29;
1.73,-0.04,0.18;
1.00,0.15,0.12;
0.29,0.09,0.12;
-0.58,0.63,0.11;
-1.64,0.79,-0.05;
-1.96,0.97,-0.31;
-2.33,1.17,-0.40;
-2.76,1.22,-0.02;
-2.58,1.17,0.08;
-2.33,0.77,0.09;
-2.51,0.38,0.20;
-2.56,0.65,0.23;
-2.10,0.79,0.38;
-1.86,0.41,0.20;
-2.51,0.45,0.21;
-2.64,0.82,-0.00;
-2.15,1.08,0.15;
-2.30,1.23,0.27;
-2.70,0.91,0.24;
-3.20,0.89,0.11;
-2.18,0.04,0.18;
-1.35,-0.16,-0.14;
-0.80,0.10,0.27;
-0.51,0.48,0.26;
-0.58,0.73,0.09;
-0.68,0.82,0.09;
-1.00,0.94,0.24;
-0.85,0.19,0.40;
-0.47,-0.01,0.12;
0.10,-0.19,0.01;
0.40,-0.02,0.15;
0.65,-0.14,0.30;
0.49,0.12,-0.02;
-0.24,-0.07,0.08;
-0.04,0.04,0.05;
0.36,-0.04,0.23;
0.33,-0.08,0.11;
0.57,0.16,0.14;
0.11,0.31,0.20;
-0.36,0.33,0.17;
-0.21,0.39,0.26;
0.04,0.28,0.37;
0.11,0.42,0.72;
0.20,0.10,0.50;
0.25,0.21,0.27;
-0.39,0.44,0.29;
-1.08,0.62,0.14;
-1.13,0.80,0.21;
-1.02,0.77,0.44;
-0.44,0.70,-0.00;
-0.15,0.30,0.44;
0.31,0.30,0.52;
1.20,0.01,0.50;
2.05,0.53,0.55;
2.07,0.76,0.49;
1.12,0.70,0.37;
-0.12,0.50,0.41;
-0.58,0.13,0.30;
-0.93,-0.02,0.47;
-0.96,0.04,0.38;
-1.02,0.10,0.26;
-0.38,0.41,0.05;
0.07,0.39,0.14;
0.37,0.44,0.03;
0.22,0.68,0.32;
-0.16,1.08,0.32;
-0.58,0.77,0.32;
-0.99,0.53,0.27;
-0.65,0.27,0.26;
-0.12,-0.37,0.17;
0.54,-0.34,0.09;
1.07,0.22,0.03;
1.17,1.09,-0.12;
0.77,1.67,-0.18;
0.19,1.95,-0.09;
0.23,2.01,-0.38;
0.92,1.43,-0.55;
1.76,1.31,-0.69;
1.85,2.18,-0.60;
7.24,2.47,-1.89;
14.00,11.14,-2.75;
12.48,22.05,0.11;
5.59,20.65,2.34;
2.98,11.41,3.13;
8.31,8.60,2.76;
12.36,12.65,1.25;
17.46,18.22,0.21;
21.32,18.38,0.29;
20.31,18.09,-0.18;
18.69,20.13,-0.61;
18.26,23.41,-0.00;
20.86,25.35,-0.08;
21.84,26.18,-0.41;
17.24,24.50,-0.21;
11.75,21.64,0.26;
7.26,20.53,-0.21;
4.37,20.48,-0.41;
-0.42,23.02,-0.69;
-4.88,27.76,-0.40;
-7.80,33.37,0.08;
-6.67,39.73,1.33;
-2.09,48.67,3.36;
1.99,56.89,5.19;
7.01,66.44,7.75;
16.25,73.81,10.58;
28.63,77.86,13.05;
38.58,77.58,14.88;
44.40,76.99,14.73;
44.13,76.09,11.53;
42.55,76.73,8.09;
41.67,77.70,5.31;
40.77,76.54,4.58;
37.78,73.81,3.30;
27.26,68.96,1.59;
6.17,64.86,2.95;
-14.71,59.87,4.49;
-24.62,55.87,4.67;
-21.05,53.00,6.11;
-10.94,50.47,7.69;
1.79,50.21,9.07;
14.63,54.71,10.63;
22.62,61.96,12.17;
26.69,62.94,12.12;
28.84,57.25,11.59;
25.59,52.31,8.93;
21.97,56.94,3.91;
26.43,67.00,0.58;
27.67,66.19,-2.49;
18.28,58.25,-4.08;
11.39,53.05,-4.09;
18.29,55.02,-3.30;
28.33,63.17,-1.13;
40.05,65.31,-0.92;
28.16,62.12,-0.37;
13.47,52.47,1.04;
0.07,48.27,3.39;
-3.28,50.10,7.40;
5.38,52.83,11.33;
17.84,52.18,12.23;
27.33,54.45,11.02;
51.24,55.51,9.46;
51.96,58.82,4.32;
62.80,60.41,-0.47;
71.97,62.15,-7.04;
71.18,60.82,-11.54;
57.88,58.99,-14.00;
40.00,61.83,-13.63;
26.36,62.91,-10.92;
10.20,61.84,-7.44;
-11.96,61.08,-4.50;
-14.22,61.14,-3.39;
-13.48,74.12,-7.25;
-13.06,73.69,-14.15;
-11.03,78.91,-20.83;
-9.49,77.93,-23.45;
-6.00,73.96,-20.95;
-1.35,69.92,-17.85;
-3.34,65.49,-15.25;
-5.34,62.09,-14.92;
-8.38,58.86,-12.41;
-6.58,57.14,-11.80;
-17.45,59.03,-13.79;
-14.71,59.31,-16.41;
-13.37,57.52,-18.90;
-9.54,50.51,-21.44;
-8.10,46.34,-20.81;
-1.55,39.03,-16.96;
4.80,37.17,-13.16;
6.98,34.77,-9.94;
12.23,33.75,-7.94;
12.37,31.67,-6.76;
8.89,27.22,-5.25;
7.97,24.79,-1.68;
1.17,25.00,-0.54;
-2.19,25.43,-3.05;
-0.15,24.36,-5.63;
4.02,21.70,-7.51;
5.29,13.55,-7.47;
-0.80,16.59,-8.55;
-4.13,17.75,-7.82;
-1.16,16.47,-6.70;
-3.95,16.53,-8.25;
-6.51,17.78,-11.05;
-4.25,18.01,-12.67;
-4.83,17.66,-15.82;
-4.22,15.67,-18.44;
-4.54,15.05,-19.07;
-4.97,12.22,-17.13;
-5.06,11.03,-13.47;
-6.04,10.12,-9.10;
-5.75,9.41,-6.92;
-6.82,8.51,-6.75;
-5.57,9.80,-5.12;
-0.67,6.80,-3.07;
0.71,5.20,-1.94;
2.65,3.09,-1.39;
3.41,2.99,-1.02;
0.71,1.69,-0.11;
-1.96,0.73,1.46;
0.78,0.44,2.58;
-1.29,1.40,1.85;
-0.82,3.80,0.46;
-0.73,4.68,-1.33;
-0.99,3.66,-2.32;
-0.32,2.91,-2.92;
-1.86,1.20,-2.84;
-0.71,1.05,-2.32;
-1.22,1.86,-0.95;
-0.21,0.56,0.21;
-0.32,1.08,1.33;
0.49,0.68,1.88;
-0.44,0.44,2.38;
-1.25,1.54,2.70;
0.83,1.96,2.67;
0.72,1.51,2.88;
0.43,0.50,2.98;
2.33,-0.97,2.59;
4.16,-0.54,2.67;
3.00,-0.46,2.79;
1.61,0.56,2.85;
2.02,0.57,2.73;
0.69,0.16,2.46;
1.36,-1.18,2.14;
1.99,-1.44,2.53;
2.98,-1.47,2.61;
4.00,-0.56,2.11;
3.00,0.85,1.07;
1.13,0.89,0.95;
0.83,0.13,1.51;
-0.03,0.41,0.75;
-0.80,0.24,-0.46;
0.46,1.05,-1.54;
0.20,1.43,-2.43;
-0.09,1.02,-2.70;
-0.71,1.14,-2.32;
-0.53,0.71,-2.28;
-1.67,0.97,-2.61;
-2.87,1.69,-3.95;
-4.07,2.99,-4.21;
-2.85,3.70,-3.33;
0.83,2.62,-3.07;
-0.90,2.16,-3.21;
0.62,1.34,-3.15;
-0.09,2.15,-2.25;
0.36,2.54,-1.41;
1.17,2.77,-0.61;
0.00,2.50,-1.01;
-0.19,2.04,-1.28;
-1.08,2.01,-1.65;
0.31,1.70,-1.45;
1.50,1.99,-0.81;
2.60,2.05,-0.34;
2.62,2.91,-0.05;
3.01,2.71,-0.75;
2.33,2.39,-1.31;
1.20,3.22,-2.25;
1.09,4.15,-2.17;
-1.98,4.44,-2.43;
-5.09,3.95,-3.30;
-1.80,2.27,-3.01;
-0.06,2.02,-2.90;
2.34,2.85,-2.43;
0.20,4.01,-2.05;
0.83,3.17,-1.89;
0.84,2.27,-1.89;
-3.49,1.25,-2.50;
-2.41,0.68,-2.70;
-1.92,-0.48,-2.34;
-3.75,-1.33,-3.13;
-5.81,-3.06,-4.64;
-5.64,-4.39,-4.55;
-3.83,-9.41,-3.44;
3.27,-13.15,-1.54;
0.48,-18.56,0.41;
7.96,-20.59,4.21;
8.71,-26.85,8.63;
12.05,-31.79,12.40;
7.75,-33.12,15.08;
7.56,-35.38,17.91;
4.48,-38.54,19.82;
1.00,-39.43,20.27;
-1.90,-40.40,21.80;
-4.87,-42.71,22.87;
-6.38,-45.72,23.33;
-6.00,-45.96,23.33;
-7.90,-47.40,22.47;
-8.09,-48.20,20.92;
-11.05,-47.73,18.96;
-12.62,-47.81,16.96;
-13.71,-50.56,15.17;
-16.56,-53.20,13.50;
-17.02,-55.09,12.21;
-20.51,-56.65,10.87;
-23.74,-57.73,10.03;
-25.72,-59.62,8.43;
-29.77,-61.88,6.46;
-33.74,-63.47,4.09;
-36.51,-64.59,2.14;
-37.23,-65.72,1.75;
-34.61,-66.66,2.38;
-31.23,-68.39,2.79;
-32.93,-69.23,3.45;
-33.80,-69.23,3.37;
-33.61,-67.67,3.54;
-29.43,-66.74,3.48;
-26.07,-67.01,3.68;
-24.33,-67.87,3.62;
-21.51,-69.73,3.36;
-22.77,-68.59,2.98;
-19.75,-67.47,1.85;
-17.93,-67.72,-0.02;
-11.77,-69.11,-0.17;
-10.71,-69.37,-0.47;
-9.90,-68.80,-0.31;
-8.79,-67.29,0.26;
-2.01,-65.96,0.41;
-0.04,-63.72,-0.72;
-0.85,-61.75,-1.48;
3.46,-61.24,-2.25;
4.29,-62.19,-2.79;
2.25,-63.20,-2.90;
-2.16,-64.04,-3.57;
-4.42,-62.62,-5.16;
-6.87,-59.79,-6.83;
-12.62,-56.10,-8.98;
-15.61,-54.10,-11.08;
-15.69,-53.79,-14.02;
-21.67,-53.14,-19.44;
-24.96,-53.87,-23.80;
-28.21,-53.91,-25.89;
-30.30,-51.84,-25.79;
-33.89,-49.84,-23.60;
-36.36,-48.91,-20.64;
-40.29,-50.25,-16.43;
-44.77,-50.59,-14.08;
-47.26,-50.11,-11.88;
-45.19,-50.98,-8.12;
-46.97,-53.14,-5.19;
-55.83,-55.62,-5.05;
-64.88,-57.26,-6.55;
-68.64,-58.22,-8.90;
-62.94,-60.19,-9.33;
-57.60,-61.18,-10.14;
-52.29,-61.37,-10.41;
-44.68,-60.33,-10.50;
-35.87,-58.10,-10.38;
-26.80,-55.64,-11.94;
-11.63,-51.70,-12.96;
6.52,-47.40,-11.73;
18.97,-41.67,-8.43;
25.27,-36.97,-3.56;
25.41,-33.93,-2.12;
22.69,-31.66,-0.40;
19.24,-32.05,0.26;
12.66,-32.51,-2.06;
6.08,-31.30,-5.77;
2.26,-29.33,-7.08;
-2.67,-26.43,-6.11;
-12.12,-28.30,-5.45;
-23.58,-33.59,-5.66;
-31.29,-37.32,-4.98;
-32.51,-42.37,-3.04;
-28.74,-45.67,-2.43;
-21.31,-44.40,-3.83;
-19.08,-38.31,-6.08;
-22.44,-29.49,-6.90;
-21.58,-18.77,-5.73;
-10.64,-10.72,-2.81;
2.68,-10.07,-1.01;
8.26,-11.67,-0.67;
11.27,-17.59,-0.78;
15.94,-27.87,-1.94;
24.13,-37.67,-3.19;
29.52,-41.06,-3.02;
26.20,-35.33,-2.92;
19.30,-22.89,-1.60;
17.56,-13.52,1.05;
22.69,-9.04,3.17;
27.88,-9.06,3.56;
26.22,-7.61,2.56;
20.22,-4.57,1.17;
14.72,-3.70,-0.25;
9.46,-6.92,-1.33;
-1.84,-9.53,-2.06;
-10.04,-8.48,-2.81;
-10.97,-7.21,-2.93;
-9.40,-7.78,-2.46;
-5.31,-9.11,-1.59;
-0.87,-9.09,-1.30;
2.98,-7.98,-1.08;
7.88,-6.04,-1.44;
10.89,-4.91,-1.54;
11.53,-2.71,-1.08;
