-11.96,-1.50,-2.94;
-7.90,-1.74,-3.01;
-8.27,-1.56,-3.24;
-9.41,-1.76,-2.77;
-9.70,-1.79,-2.20;
-8.34,-1.71,-1.59;
-6.25,-2.00,-0.92;
-1.58,-2.21,-0.84;
1.00,-2.35,-0.97;
3.61,-2.46,-0.87;
3.72,-2.40,-0.81;
1.85,-2.17,-0.72;
0.89,-1.33,-0.26;
1.98,-0.50,0.18;
1.82,-0.81,-0.20;
2.72,-0.92,-0.11;
2.34,-0.86,-0.26;
1.93,-1.09,-0.28;
-0.37,-0.46,-0.02;
-0.47,0.38,1.00;
1.26,6.47,3.31;
6.92,8.20,5.03;
7.93,4.11,2.06;
5.59,1.19,1.54;
5.92,-0.52,1.14;
4.65,-0.15,1.37;
2.63,0.08,1.35;
0.51,-0.47,1.57;
0.19,0.18,1.22;
1.44,0.27,1.51;
1.35,-0.69,0.88;
0.39,-1.88,0.35;
0.16,-2.55,0.27;
-0.33,-2.46,-0.14;
-2.62,-2.64,-0.07;
-5.02,-2.80,-0.29;
-6.30,-2.32,-0.31;
-5.81,-2.40,-0.34;
-3.46,-2.66,-0.77;
-2.41,-2.80,-1.30;
-4.97,-2.93,-1.70;
-7.11,-2.66,-1.73;
-6.70,-2.21,-1.79;
-7.72,-1.79,-2.05;
-10.10,-1.89,-1.97;
-7.34,-1.41,-2.23;
-2.13,-0.90,-2.23;
1.41,-0.20,-2.65;
0.33,-0.15,-3.01;
-2.51,0.20,-3.23;
-5.34,0.75,-2.83;
-5.54,0.79,-2.36;
-4.73,0.90,-2.54;
-1.34,0.64,-2.17;
4.74,0.91,-2.39;
5.43,0.75,-2.49;
4.04,0.43,-2.32;
2.71,1.02,-1.87;
4.45,1.25,-1.56;
6.63,1.56,-1.88;
5.26,1.33,-1.93;
5.50,1.45,-2.07;
6.60,1.17,-1.94;
6.63,0.78,-1.96;
5.29,0.52,-1.53;
3.85,0.08,-1.29;
3.81,0.24,-0.87;
3.95,-0.06,-0.74;
3.32,0.06,-0.72;
2.95,-0.02,-1.13;
3.30,-0.23,-1.16;
3.17,-0.38,-0.97;
3.11,-0.15,-1.00;
3.11,0.09,-0.92;
2.75,0.09,-0.81;
1.08,0.11,-0.87;
-0.30,0.04,-0.87;
-0.74,0.52,-0.58;
0.91,0.50,-0.31;
1.59,0.78,-0.77;
1.50,0.79,-0.72;
1.27,1.05,-0.54;
0.86,0.99,-0.28;
0.43,1.10,-0.34;
0.79,1.04,0.03;
1.59,1.05,-0.65;
0.88,1.34,-0.57;
0.21,1.27,-0.48;
-0.54,1.42,-0.52;
0.08,1.14,-0.40;
0.82,1.20,-0.54;
1.69,0.99,-0.39;
1.75,0.76,-0.71;
1.20,0.81,-0.51;
0.83,0.87,-0.52;
1.24,0.98,-0.60;
0.92,0.46,-0.61;
1.06,0.59,-0.54;
1.23,0.30,-0.49;
1.93,0.62,-0.60;
1.93,0.55,-0.61;
2.07,0.40,-0.34;
1.92,0.41,-0.42;
1.67,0.37,-0.61;
1.38,0.32,-0.40;
0.68,0.26,-0.31;
0.74,0.29,-0.31;
0.91,0.15,-0.48;
1.56,0.24,-0.43;
1.09,0.37,-0.17;
0.25,0.52,-0.07;
-0.04,0.35,-0.17;
0.08,0.15,-0.07;
0.21,0.18,0.03;
0.28,-0.00,0.10;
0.62,-0.15,0.26;
1.21,-0.43,0.09;
1.15,-0.44,0.16;
1.03,-0.31,0.12;
1.23,-0.12,-0.16;
0.68,-0.25,0.15;
0.56,-0.31,0.07;
0.37,0.01,0.27;
1.29,-0.29,0.27;
1.52,-0.21,0.07;
2.05,-0.18,0.07;
2.21,-0.21,0.33;
1.98,-0.18,0.35;
2.50,-0.23,0.35;
3.01,-0.37,0.10;
2.59,-0.23,0.19;
2.17,-0.14,0.24;
1.96,0.14,0.26;
2.21,0.12,0.03;
2.22,0.52,-0.10;
1.69,0.37,0.09;
1.66,0.75,-0.13;
1.55,0.76,-0.07;
2.07,0.69,0.06;
2.28,0.58,-0.11;
1.78,0.67,0.04;
1.58,0.82,0.04;
1.59,0.55,-0.23;
1.15,1.04,-0.10;
1.08,1.07,0.12;
1.87,0.98,-0.00;
1.95,1.19,-0.16;
1.08,0.82,-0.14;
1.11,1.11,0.12;
1.14,1.22,-0.17;
1.98,1.11,-0.16;
0.88,1.19,-0.17;
1.05,1.42,-0.13;
2.19,1.40,0.03;
3.29,1.36,-0.08;
4.94,1.34,-0.03;
7.00,1.62,-0.39;
7.63,1.45,-0.17;
7.82,1.50,-0.52;
7.05,1.37,-0.60;
5.43,0.96,-0.36;
4.25,0.73,-0.37;
4.65,0.76,-0.10;
3.50,0.55,-0.65;
2.50,0.66,-0.94;
1.12,0.76,-0.63;
0.31,0.96,-0.89;
0.05,1.01,-0.71;
0.33,0.99,-0.83;
0.86,1.24,-0.75;
2.04,1.13,-1.03;
2.13,1.19,-0.92;
1.63,1.05,-1.04;
1.11,0.76,-1.06;
1.15,0.55,-0.87;
1.52,0.67,-1.12;
1.37,0.53,-0.84;
0.97,0.38,-0.92;
1.06,0.84,-1.00;
1.37,0.55,-1.15;
2.08,0.73,-1.01;
1.56,0.43,-1.13;
1.26,0.23,-1.10;
0.43,0.38,-0.89;
-0.05,-0.03,-0.83;
0.07,0.11,-0.52;
1.15,-0.02,-0.77;
1.75,0.08,-0.58;
2.24,0.03,-0.68;
2.69,0.09,-0.45;
2.48,0.06,-0.58;
3.00,0.04,-0.42;
2.28,-0.11,-0.48;
1.96,-0.08,-0.61;
2.19,0.04,-0.39;
1.90,-0.21,-0.07;
1.81,-0.11,-0.39;
1.09,-0.34,-0.14;
0.53,-0.32,0.15;
-0.37,-0.69,0.15;
-1.95,-1.21,0.27;
-2.51,-1.67,0.53;
-2.47,-2.58,0.71;
-2.95,-3.82,0.74;
-2.97,-4.83,0.76;
-2.19,-6.02,1.03;
-2.53,-7.18,1.34;
-3.70,-8.55,1.31;
-4.39,-8.73,1.86;
-0.51,-8.73,3.68;
0.59,-10.69,3.20;
-0.12,-12.46,3.29;
-0.27,-13.62,3.74;
12.94,-12.57,3.93;
25.93,-11.05,3.05;
18.82,-9.67,0.99;
7.59,-8.43,1.75;
4.72,4.64,3.58;
12.42,15.19,7.34;
9.59,9.11,3.52;
2.22,4.96,2.38;
1.35,2.18,2.12;
0.24,-0.73,1.61;
-1.37,-1.33,1.57;
-6.08,-3.13,1.77;
-8.08,-5.12,2.87;
-9.06,-9.22,3.58;
-7.02,-13.82,3.63;
-5.11,-18.98,3.81;
-4.02,-24.12,4.16;
-5.06,-30.15,4.04;
-6.48,-35.86,4.70;
-8.77,-43.96,5.63;
-13.32,-52.52,6.53;
-18.02,-60.76,8.42;
-19.26,-71.44,10.67;
-22.02,-82.89,13.03;
-20.60,-94.69,16.22;
-15.95,-104.86,19.22;
-7.40,-114.55,21.60;
3.79,-116.90,22.68;
9.20,-121.91,24.88;
10.22,-126.69,23.35;
16.85,-130.49,22.18;
46.21,-128.02,22.88;
43.27,-125.89,22.73;
-2.53,-127.91,19.23;
-39.17,-128.57,22.01;
-51.73,-129.31,25.22;
-42.04,-129.47,22.97;
-31.20,-126.15,23.03;
-22.24,-120.86,27.29;
-32.39,-118.03,28.03;
-26.65,-122.05,27.90;
-2.77,-121.36,25.52;
26.80,-118.60,23.90;
34.82,-111.53,19.48;
29.38,-105.57,18.90;
9.90,-95.15,22.70;
-2.01,-85.60,24.53;
-4.04,-73.30,22.06;
-0.97,-59.02,18.13;
-6.88,-43.76,13.71;
-3.08,-28.49,11.78;
4.45,-15.38,9.28;
5.41,1.40,7.26;
10.34,18.18,2.32;
9.34,34.12,-1.27;
12.69,50.59,-1.68;
14.66,67.05,-4.98;
3.72,89.66,-8.34;
1.05,109.80,-10.77;
8.97,131.07,-11.13;
25.46,155.08,-14.77;
29.46,171.74,-24.97;
50.02,185.66,-36.69;
58.02,193.74,-52.65;
56.04,207.59,-65.73;
50.51,236.04,-74.52;
32.71,232.90,-89.71;
14.63,240.40,-95.81;
-28.54,228.00,-98.31;
-70.53,221.68,-89.81;
-18.91,185.46,-127.52;
-16.62,174.30,-124.42;
36.40,130.20,-107.10;
82.25,75.75,-134.00;
48.77,43.83,-149.39;
-6.97,28.79,-113.27;
-63.34,22.62,-84.39;
-126.45,16.14,-57.01;
-162.21,6.70,-34.42;
-150.08,-1.86,-21.35;
-128.21,-14.00,-24.22;
-113.52,-30.96,-32.55;
-87.92,-49.94,-39.36;
-55.64,-65.65,-44.32;
-31.86,-74.17,-45.71;
-18.42,-80.08,-48.80;
-18.79,-85.54,-53.21;
-14.76,-91.99,-55.73;
2.66,-95.62,-53.16;
16.94,-103.34,-41.96;
52.63,-108.95,-1.52;
116.98,-110.26,0.64;
328.42,-167.54,-25.29;
506.37,-246.93,-87.27;
169.92,-216.47,-120.37;
-160.88,-168.50,18.50;
-363.37,-154.14,76.36;
-237.17,-141.05,109.25;
78.17,-145.21,12.82;
-24.33,-110.35,10.22;
-121.11,-93.51,20.97;
-94.25,-78.58,50.13;
-47.09,-57.22,13.11;
20.82,-36.12,-5.90;
67.00,-10.60,-15.50;
56.69,13.10,-8.74;
25.63,42.81,2.45;
14.37,63.86,11.68;
42.42,100.49,19.08;
46.92,134.64,3.78;
51.15,159.50,-5.85;
38.97,188.06,-20.80;
15.79,215.07,-31.74;
-9.40,227.42,-39.82;
-30.08,241.42,-33.32;
-58.56,264.04,-22.49;
-93.84,275.13,-7.99;
-26.62,252.81,-6.80;
-19.44,195.74,5.98;
5.85,133.92,38.85;
32.25,84.70,60.41;
33.73,30.99,86.87;
61.56,3.28,97.93;
69.23,-10.63,97.89;
90.14,-26.32,92.91;
136.21,-39.48,85.93;
190.54,-47.99,81.90;
201.32,-50.37,84.19;
169.72,-50.75,86.71;
105.06,-47.67,84.13;
40.59,-41.82,80.96;
-19.76,-34.17,86.67;
-48.48,-34.02,88.76;
-85.25,-25.70,76.41;
-98.76,-2.89,66.61;
-101.08,-4.70,76.07;
-122.54,-24.64,80.32;
-186.22,-66.76,78.21;
-2.82,-99.60,33.78;
-205.84,-89.33,43.97;
-129.38,-109.71,27.55;
-201.64,-116.26,33.92;
-139.17,-108.61,80.39;
-71.95,-76.73,49.93;
22.22,-87.54,21.22;
-33.29,-89.82,19.93;
9.46,-95.89,10.12;
38.02,-70.14,20.45;
-23.09,-39.31,33.87;
71.78,-34.20,7.51;
124.33,-20.49,-27.44;
6.68,8.46,-12.95;
-65.02,28.01,14.85;
-61.21,32.53,17.54;
-25.67,36.47,9.06;
0.42,48.41,-5.47;
37.52,52.66,-15.74;
51.27,58.91,-19.90;
55.82,61.24,-22.80;
58.51,62.04,-20.89;
42.88,60.37,-17.99;
34.59,57.42,-11.96;
34.82,54.24,-5.30;
41.26,63.10,-4.98;
57.03,60.69,-12.58;
40.19,65.34,-15.84;
49.05,61.86,-20.16;
35.98,61.63,-20.58;
38.19,55.83,-19.04;
33.11,53.10,-16.89;
21.44,50.79,-14.55;
6.63,52.91,-7.44;
0.01,53.57,-7.88;
-4.21,50.69,-11.30;
-7.83,41.42,-9.59;
-6.44,36.37,-7.59;
-2.54,30.75,-6.58;
-10.22,24.37,-4.51;
-10.33,20.84,-2.42;
-0.19,14.96,-2.36;
15.93,10.79,-2.74;
25.26,9.05,-4.40;
16.86,8.88,-4.48;
11.40,6.30,-4.20;
-1.57,4.33,-1.64;
-8.99,3.94,0.30;
-10.05,4.29,0.90;
-0.95,4.41,-0.00;
3.88,5.10,-0.98;
2.22,5.34,0.03;
-1.50,6.21,0.85;
-5.35,7.01,0.64;
-4.27,6.21,0.55;
-4.97,5.07,0.93;
-9.32,4.30,2.53;
-11.78,4.41,2.27;
-8.76,2.66,1.89;
-7.54,0.93,1.13;
-5.86,-0.84,0.10;
-1.46,-2.12,-0.65;
1.34,-3.25,-1.87;
4.36,-4.69,-1.39;
6.83,-7.02,-1.24;
7.27,-8.63,-1.24;
10.42,-9.22,-2.40;
6.71,-8.15,-1.99;
6.48,-7.39,-0.66;
14.19,-6.60,1.34;
19.14,-5.38,0.33;
22.24,-4.49,-1.18;
18.69,-3.99,-1.56;
20.80,-3.71,-1.12;
28.83,-2.03,-0.42;
25.17,-1.05,-0.81;
18.89,-0.98,-1.56;
12.72,-1.19,-1.48;
10.13,-1.19,-0.80;
14.50,-0.81,0.29;
15.11,-0.86,-0.25;
14.59,-1.21,-1.03;
11.95,-0.84,-0.66;
8.02,-0.63,-1.00;
8.91,-0.50,-0.87;
7.76,0.15,-0.75;
6.19,0.88,-0.03;
2.69,1.14,-0.49;
-0.68,1.28,-0.16;
0.24,1.53,0.62;
1.67,1.30,0.70;
3.75,1.77,1.60;
2.92,1.95,1.45;
1.29,1.91,1.54;
-2.05,1.66,1.80;
-3.09,1.48,2.13;
-5.69,0.90,2.13;
-2.36,0.46,2.12;
1.11,0.15,1.81;
1.44,-0.08,1.37;
-2.01,-0.09,1.40;
-3.79,0.21,2.22;
-2.21,0.21,2.24;
-1.84,0.15,1.83;
-1.43,-0.25,1.80;
-1.18,-0.02,2.50;
2.36,0.67,2.00;
2.97,1.97,0.68;
-1.21,1.62,0.81;
-3.63,1.66,2.50;
-5.54,1.94,2.36;
-3.52,2.24,1.77;
-1.11,2.93,1.71;
0.56,2.24,1.48;
-0.62,1.79,1.22;
-1.76,1.83,1.06;
-0.99,1.42,1.06;
-0.31,1.43,0.45;
-1.55,1.82,0.59;
-3.78,2.01,0.01;
-4.28,1.89,-0.00;
-3.34,2.38,1.08;
-0.92,2.32,0.79;
-0.34,2.04,0.03;
-0.16,2.49,0.03;
-0.50,2.37,-0.10;
-1.46,2.41,-0.29;
-2.92,2.69,-0.42;
-5.18,2.81,-0.43;
-7.86,2.99,-0.55;
-8.63,3.05,0.07;
-6.92,2.61,0.16;
-4.15,1.88,0.26;
-1.43,1.42,-0.05;
-0.86,0.88,-0.84;
-2.05,1.10,-0.54;
-8.21,10.72,3.28;
-17.99,34.78,9.49;
3.53,27.75,6.58;
-5.18,12.20,0.06;
-1.73,-1.74,3.54;
-1.92,-11.97,2.53;
7.88,-20.81,2.64;
13.05,-26.96,3.74;
9.95,-30.09,5.17;
12.85,-36.60,5.52;
8.65,-45.10,7.55;
10.13,-52.46,11.16;
5.81,-59.30,14.26;
7.18,-63.68,14.67;
11.63,-66.09,17.08;
17.67,-66.78,16.64;
14.37,-66.75,16.13;
-4.44,-68.63,16.71;
-18.68,-74.83,16.32;
-48.62,-84.69,14.27;
-49.63,-92.93,20.58;
-30.02,-104.09,13.29;
-18.77,-112.11,9.22;
-32.15,-120.89,2.97;
-40.13,-124.50,5.20;
-40.92,-127.09,3.78;
-43.31,-129.92,0.77;
-34.88,-130.02,-2.00;
-1.20,-124.25,7.08;
5.11,-117.41,8.65;
4.60,-110.86,8.07;
-19.20,-103.86,6.62;
-15.63,-97.92,12.35;
-4.91,-96.05,13.60;
16.45,-90.28,11.55;
22.11,-82.93,10.15;
17.96,-73.57,11.46;
20.17,-64.49,14.30;
28.10,-53.22,16.65;
26.95,-43.47,16.48;
26.85,-27.41,17.16;
20.43,-11.21,18.06;
14.57,3.59,16.82;
22.16,23.02,18.06;
35.08,40.73,14.24;
40.10,57.65,9.34;
42.48,78.32,1.83;
47.59,99.16,-5.41;
49.87,121.54,-12.14;
51.09,138.21,-16.71;
50.92,155.17,-20.39;
45.84,171.36,-23.84;
24.07,186.27,-27.03;
1.58,208.72,-36.66;
-3.25,216.11,-53.19;
-2.37,222.98,-63.81;
-30.80,217.92,-79.03;
-88.24,191.85,-87.07;
-141.46,194.04,-86.98;
-99.70,198.12,-92.78;
-51.29,177.43,-123.12;
-20.54,142.96,-119.07;
-22.74,98.47,-98.32;
21.24,49.33,-134.39;
-9.20,49.71,-148.14;
-37.02,59.25,-103.70;
-46.37,50.79,-80.51;
-53.21,46.01,-62.45;
-81.15,39.60,-47.26;
-88.12,36.27,-42.55;
-68.70,27.98,-42.61;
-36.44,16.59,-44.77;
-5.72,-1.30,-48.25;
19.53,-19.22,-52.86;
48.75,-28.78,-57.61;
63.09,-36.44,-62.36;
73.85,-42.99,-55.62;
71.93,-60.32,-44.74;
47.50,-66.81,-33.90;
34.27,-82.60,-3.73;
154.42,-135.24,31.81;
160.63,-231.05,25.11;
194.75,-275.39,-14.42;
-1.72,-216.15,23.03;
147.11,-202.17,46.71;
-62.08,-189.85,-25.41;
-243.93,-187.02,34.59;
-252.82,-176.28,26.44;
-27.95,-167.39,0.84;
-87.43,-180.14,-59.73;
10.62,-140.55,13.22;
-38.42,-123.24,-1.73;
29.63,-82.52,-25.41;
51.49,-46.54,3.02;
48.98,-24.57,6.79;
10.21,-0.44,20.48;
29.96,18.32,29.90;
29.64,52.29,19.54;
44.57,89.22,9.08;
65.81,120.76,0.16;
78.08,150.15,-15.85;
75.26,177.71,-29.97;
70.05,198.44,-47.36;
51.93,220.47,-56.39;
30.98,236.96,-56.55;
-10.07,244.78,-39.12;
-53.26,256.90,-11.06;
-22.18,268.37,4.39;
-27.38,226.46,-4.40;
-48.71,176.26,8.35;
-45.76,134.03,46.88;
-57.69,80.41,71.39;
-43.38,40.82,82.03;
26.51,8.81,81.43;
48.60,-6.93,79.75;
58.95,-19.12,76.62;
90.42,-37.05,78.22;
128.51,-51.31,80.73;
166.16,-59.24,79.54;
190.54,-62.46,77.90;
178.60,-69.27,68.71;
152.97,-68.28,71.80;
98.60,-73.16,80.58;
43.43,-64.52,78.21;
24.94,-61.44,71.60;
-30.95,-40.96,42.79;
-90.18,-29.71,42.33;
-217.79,-67.83,64.42;
-226.83,-91.70,63.26;
-196.97,-55.42,93.71;
-52.13,-123.56,69.11;
-18.80,-153.16,-2.13;
134.02,-134.60,28.01;
156.88,-97.91,-0.92;
85.82,-91.05,-3.96;
71.34,-96.98,1.34;
19.99,-84.17,0.22;
7.37,-61.94,26.58;
-30.73,-30.49,28.22;
-90.04,-16.54,21.52;
-93.81,-15.28,18.39;
-5.98,-17.45,-6.11;
14.11,-8.25,-6.58;
22.68,10.01,-12.00;
23.29,30.38,-16.17;
6.11,46.43,-17.68;
-8.50,56.69,-11.04;
-32.24,64.69,-4.31;
-40.42,72.14,-2.68;
-33.61,77.40,-3.42;
-25.73,78.88,-5.16;
-21.15,78.38,-9.62;
-11.34,80.17,-10.89;
-5.40,87.16,-11.85;
-0.73,106.55,-8.81;
31.20,87.13,-12.13;
33.17,70.17,-16.94;
23.08,58.73,-14.95;
20.33,49.42,-10.46;
23.14,41.39,-9.58;
26.42,33.40,-9.90;
25.27,25.89,-9.87;
25.92,22.38,-7.47;
12.50,21.95,-4.36;
-7.55,19.53,-0.20;
-15.55,17.82,3.06;
-13.12,13.65,4.44;
-6.18,12.53,4.52;
-3.50,14.82,3.55;
-1.63,14.81,2.00;
-2.13,16.44,0.93;
-1.37,17.77,0.74;
-8.79,19.25,0.27;
-19.58,20.61,0.48;
-15.06,21.08,1.81;
-2.82,20.76,0.29;
3.87,20.01,-3.81;
6.27,18.33,-4.34;
7.46,16.32,-3.48;
8.89,15.63,-1.81;
1.66,13.92,-1.16;
-2.08,12.23,-1.18;
-1.66,10.53,-0.75;
-0.77,8.14,-1.01;
0.04,5.80,0.29;
0.40,4.88,-0.16;
3.40,4.56,0.50;
0.48,4.03,-0.81;
-5.21,4.03,0.21;
-8.80,3.83,1.39;
-12.92,3.25,1.02;
-7.63,2.95,1.97;
1.08,3.56,-0.00;
9.12,4.00,-1.64;
11.52,4.06,-2.92;
10.85,4.73,-2.58;
2.40,4.93,-2.13;
-4.53,5.25,-0.74;
-6.60,5.20,-0.02;
-2.13,5.07,-0.10;
1.38,5.02,-0.75;
4.95,5.60,-1.82;
5.03,5.57,-2.26;
3.41,6.06,-1.12;
2.05,5.69,-1.12;
-1.66,5.40,-1.29;
-4.18,4.93,-0.52;
-4.66,4.59,-0.14;
-2.82,3.98,-0.08;
-0.66,3.36,-0.31;
-0.77,2.20,-0.49;
-2.86,1.20,-0.16;
-3.57,0.01,0.27;
-2.28,-0.99,0.35;
1.00,-1.34,-0.02;
1.93,-2.29,-0.32;
2.25,-2.46,-0.13;
1.32,-2.93,0.10;
2.22,-2.78,-0.02;
3.12,-2.90,-0.14;
0.65,-2.08,-0.75;
0.08,-2.15,-0.03;
0.10,-1.85,0.16;
-0.08,-1.83,-0.23;
1.06,-1.31,-0.34;
1.81,-0.80,-0.37;
1.88,-0.14,-0.40;
1.66,0.27,-0.43;
3.05,0.78,-0.86;
3.61,0.95,-1.03;
2.91,1.53,-1.06;
-0.53,2.09,-0.83;
-1.81,2.37,-0.07;
-1.95,2.40,-0.10;
-0.99,2.93,-0.75;
-0.41,2.91,-0.51;
-0.74,3.20,-1.13;
-1.06,3.34,-0.71;
-0.60,3.56,-0.80;
0.22,3.85,-0.83;
0.21,4.41,-1.00;
-0.30,4.50,-1.15;
-1.32,4.82,-0.77;
-1.96,4.81,-0.65;
-1.18,4.49,-0.52;
0.27,4.73,-0.72;
0.75,5.10,-0.75;
1.81,5.07,-1.06;
1.75,5.22,-1.00;
1.03,5.36,-1.16;
1.95,5.36,-1.23;
3.27,5.46,-1.23;
4.02,5.36,-1.55;
3.95,5.33,-1.45;
1.96,5.31,-1.33;
-0.73,5.45,-1.04;
-2.04,4.72,-0.68;
-1.83,5.10,-0.57;
-1.72,4.73,-0.95;
-1.90,4.91,-1.16;
-1.86,4.64,-0.78;
-4.04,4.78,-0.83;
-4.86,4.58,-0.45;
-4.85,4.46,-0.42;
-3.79,3.94,-0.43;
-0.80,4.29,-0.51;
-1.66,3.97,-1.03;
-4.95,3.46,-0.97;
-6.18,3.10,-0.45;
-4.70,2.66,-0.14;
-3.40,1.95,-0.68;
-1.17,1.19,-0.97;
1.14,0.50,-1.07;
1.50,-0.08,-1.00;
-0.16,-1.01,-1.04;
-1.75,-2.31,-0.32;
-4.36,-2.26,0.29;
-3.11,-1.83,1.52;
-0.99,-2.60,1.49;
-0.59,3.20,2.94;
4.28,9.02,5.03;
10.91,-0.09,2.71;
8.04,-11.04,1.78;
5.44,-20.47,2.74;
5.09,-32.55,3.86;
-3.09,-47.02,4.30;
0.57,-54.92,5.55;
5.52,-65.01,8.68;
7.24,-77.13,8.88;
7.63,-84.00,10.84;
4.50,-77.67,16.41;
12.34,-88.21,18.97;
0.02,-98.81,17.28;
1.43,-103.04,18.85;
0.16,-111.47,18.53;
-3.18,-117.86,13.22;
-14.50,-123.63,9.43;
-4.99,-117.56,14.07;
0.94,-116.05,17.46;
-17.72,-115.73,14.70;
-64.95,-112.83,11.45;
-104.54,-116.81,13.06;
-69.98,-120.38,19.16;
-31.89,-118.90,23.68;
-1.60,-116.28,22.45;
30.97,-115.18,19.71;
32.75,-110.46,13.39;
16.13,-104.34,12.32;
-16.12,-99.56,15.81;
-18.95,-95.28,18.13;
-18.28,-86.93,20.15;
-3.08,-75.36,22.58;
-3.78,-59.82,24.62;
2.14,-47.85,27.22;
25.90,-32.49,25.83;
52.31,-15.01,14.26;
39.06,2.72,7.49;
26.40,25.62,6.82;
16.21,50.29,7.35;
16.83,76.49,7.42;
4.77,94.85,5.43;
11.41,117.20,3.11;
28.71,135.97,-5.36;
42.21,150.61,-13.84;
59.99,160.09,-29.74;
74.27,166.26,-48.49;
57.17,174.96,-65.55;
55.17,202.53,-72.51;
43.58,206.14,-79.88;
16.14,215.85,-100.08;
-31.02,217.50,-106.77;
-100.95,211.36,-100.63;
-47.26,196.20,-119.50;
-37.63,164.15,-133.79;
-20.65,130.75,-109.39;
-11.73,76.26,-118.65;
3.58,28.24,-133.01;
-35.79,-4.35,-133.59;
-67.21,-12.50,-108.40;
-96.71,-16.90,-87.33;
-140.27,-16.50,-68.19;
-147.18,-15.99,-54.29;
-126.88,-16.08,-50.90;
-102.51,-16.90,-57.09;
-79.12,-17.18,-62.77;
-61.23,-22.35,-66.08;
-29.67,-34.21,-68.69;
-3.35,-51.92,-70.37;
54.53,-76.26,-65.65;
73.08,-98.43,-59.97;
104.50,-121.12,-36.72;
127.63,-142.83,-3.67;
245.35,-185.57,34.16;
323.17,-199.68,-10.16;
254.69,-220.52,-67.13;
31.67,-186.26,3.39;
-172.31,-174.69,45.83;
-324.19,-165.36,59.13;
-176.66,-143.97,40.99;
-120.70,-129.71,-21.84;
-91.72,-110.64,-25.00;
40.01,-108.29,-8.03;
-16.10,-83.38,-44.22;
43.55,-62.83,-16.07;
40.59,-30.03,-12.75;
18.36,7.05,-10.34;
11.85,43.80,16.42;
-15.96,75.63,16.30;
0.62,98.37,10.29;
56.59,121.25,-20.80;
90.79,147.91,-45.23;
79.95,171.69,-59.15;
49.40,182.14,-57.97;
3.46,197.89,-40.17;
-3.31,216.00,-19.16;
7.47,221.92,-8.07;
45.58,197.11,7.66;
34.80,174.24,49.71;
71.44,156.66,90.12;
115.90,126.56,99.72;
140.85,88.70,91.49;
122.82,59.40,73.72;
77.95,59.05,84.29;
70.69,55.88,108.00;
70.56,42.66,112.71;
114.34,29.34,100.61;
168.71,18.50,82.01;
138.75,12.04,81.08;
80.80,5.85,86.45;
34.10,-1.50,87.55;
-18.95,-8.95,80.90;
-68.21,-9.76,82.93;
-70.44,-12.89,84.70;
-88.70,-14.86,80.58;
-58.88,-27.60,80.77;
-69.84,-73.83,87.35;
-68.12,-126.15,34.03;
-12.68,-129.83,31.90;
12.72,-116.25,18.85;
80.95,-143.68,0.74;
33.69,-140.23,12.38;
59.23,-140.96,31.48;
61.44,-125.53,-8.61;
31.69,-108.26,10.77;
35.30,-86.93,28.45;
12.88,-73.33,30.42;
-11.40,-42.58,41.57;
-39.00,-24.58,37.57;
-71.41,-19.38,25.54;
-42.85,-15.36,10.99;
23.82,-7.42,-7.15;
39.15,12.58,-14.43;
38.16,29.24,-17.90;
17.98,43.01,-20.57;
1.98,52.96,-16.94;
3.63,59.88,-13.58;
9.44,66.58,-12.94;
6.71,73.50,-14.77;
2.36,79.69,-13.73;
-15.69,84.29,-12.25;
-29.31,87.57,-8.75;
-27.31,90.01,-6.57;
-14.89,89.57,-8.92;
-8.16,89.13,-12.71;
-0.66,85.91,-14.48;
1.00,82.47,-15.42;
5.85,80.09,-15.45;
-2.37,81.16,-14.95;
-4.10,82.04,-12.98;
-3.67,83.51,-11.23;
2.34,91.05,-8.37;
-6.42,79.04,-10.39;
-25.05,69.45,-9.74;
-46.89,60.32,-3.18;
-50.51,50.53,1.19;
-43.06,41.53,2.12;
-29.46,31.14,1.39;
-18.07,21.46,-0.43;
-7.93,16.37,-1.36;
8.02,12.29,-1.87;
27.61,10.15,-4.28;
25.72,8.88,-6.10;
10.28,7.69,-5.06;
-12.50,7.20,-0.89;
-27.63,6.91,1.83;
-32.94,6.88,3.66;
-26.41,7.51,4.93;
-12.34,8.21,3.42;
2.57,9.65,1.66;
17.63,10.44,-0.92;
26.01,11.04,-3.74;
23.78,11.97,-4.98;
17.73,12.20,-2.77;
8.22,11.95,-0.83;
-4.50,10.81,-0.51;
-16.10,9.30,1.87;
-19.28,6.50,3.77;
-17.14,6.08,3.77;
-7.14,4.85,3.78;
5.21,3.08,3.69;
14.69,2.78,0.64;
17.58,2.03,0.55;
17.06,2.49,1.02;
11.85,2.33,0.81;
4.19,2.09,2.67;
-1.05,2.99,2.84;
-2.74,3.34,3.68;
0.71,3.36,2.84;
0.79,3.65,2.74;
3.01,4.00,2.36;
4.88,4.12,1.58;
2.24,4.30,1.69;
-1.64,3.85,2.07;
-5.37,3.13,1.97;
-4.45,3.62,1.92;
0.79,3.39,2.00;
-1.02,3.31,1.23;
-1.44,3.86,1.39;
-0.05,4.62,1.69;
1.72,6.41,2.07;
4.85,7.24,3.10;
-0.37,6.64,1.68;
-3.83,6.20,1.66;
-3.92,5.39,2.91;
-4.13,6.08,2.68;
-4.05,7.75,3.14;
-4.63,7.05,3.10;
-4.13,5.04,2.09;
-7.90,3.72,2.09;
-7.99,2.98,2.13;
-7.08,3.31,2.12;
-5.03,4.24,2.42;
-5.72,3.46,1.74;
-3.70,3.36,1.08;
1.49,2.62,0.36;
5.69,2.59,-0.07;
4.79,3.19,-1.04;
3.82,8.85,0.64;
2.28,19.57,3.35;
4.10,23.66,4.16;
7.84,22.44,2.62;
4.63,16.90,0.67;
6.16,15.42,0.94;
9.58,17.10,1.26;
16.02,18.62,1.92;
11.23,14.08,0.93;
10.14,13.36,0.21;
4.22,10.29,-0.11;
-0.04,7.82,-0.46;
-3.18,6.90,0.36;
-0.50,6.38,1.95;
7.09,5.17,1.34;
9.53,4.81,-0.45;
10.74,4.27,-1.44;
10.05,3.88,-2.36;
5.90,3.46,-1.84;
5.67,2.90,-1.13;
5.55,2.55,-1.15;
5.93,2.41,-1.56;
6.86,2.20,-1.90;
6.60,2.27,-1.88;
3.85,1.88,-2.60;
1.18,1.85,-1.81;
0.51,1.82,-1.73;
1.32,1.45,-1.79;
1.27,1.57,-2.02;
3.79,1.14,-1.71;
2.89,0.78,-1.81;
4.04,0.56,-1.42;
5.24,0.32,-1.32;
3.90,0.14,-1.62;
0.66,0.09,-1.32;
-1.76,-0.54,-0.48;
-2.01,-0.81,-0.42;
-0.53,-1.47,-0.60;
-0.04,-1.31,-0.75;
-1.43,-0.81,-1.15;
-1.92,-1.24,-0.98;
-2.50,-1.77,-0.61;
-3.75,-2.06,-0.13;
-3.29,-2.44,0.44;
-1.99,-3.33,0.42;
0.43,-3.80,-0.00;
1.03,-4.76,0.07;
-0.02,-5.45,0.16;
0.83,-6.31,0.32;
0.16,-6.14,0.32;
-0.88,-6.40,-0.28;
-1.72,-6.89,-0.51;
-3.79,-7.60,0.10;
-4.94,-8.09,0.32;
-7.37,-8.31,0.91;
-6.10,-9.16,0.56;
-4.79,-9.67,0.32;
-1.66,-10.05,0.48;
1.69,-10.92,-0.22;
0.36,-11.77,-0.48;
2.22,-13.83,-1.35;
0.51,-16.76,-1.26;
1.70,-22.89,-0.40;
2.31,-27.09,2.07;
3.75,-31.60,1.97;
5.27,-36.03,2.47;
-0.30,-39.18,4.79;
3.12,-48.17,4.27;
-11.73,-57.22,8.73;
-7.44,-65.34,13.95;
-3.73,-71.18,16.59;
4.63,-78.02,17.05;
4.59,-82.64,20.88;
6.04,-86.93,19.75;
12.45,-92.15,19.98;
9.67,-97.07,18.09;
5.37,-101.59,19.31;
0.24,-110.44,17.20;
-12.22,-116.96,18.32;
-8.88,-122.37,19.61;
-11.66,-126.29,21.87;
-8.85,-129.85,16.55;
-47.60,-135.83,13.32;
-37.52,-138.12,13.34;
-7.72,-132.93,17.26;
3.32,-127.04,17.22;
-7.83,-124.76,15.03;
-10.79,-121.45,16.58;
16.82,-115.82,24.30;
49.50,-109.79,18.12;
62.62,-105.15,12.39;
33.52,-94.54,12.53;
15.29,-83.83,14.82;
-20.53,-75.65,13.52;
-29.70,-64.66,19.83;
-19.70,-53.30,18.53;
-24.50,-43.13,10.97;
-16.47,-29.86,9.63;
-16.79,-15.27,5.89;
-31.64,-1.15,8.67;
-3.67,13.68,5.05;
-14.04,27.79,1.08;
2.53,44.62,-2.65;
27.09,58.85,-8.42;
43.69,78.64,-17.26;
43.85,99.37,-22.05;
53.79,121.08,-22.31;
65.93,144.41,-27.32;
57.00,158.91,-32.26;
79.84,170.95,-40.19;
75.09,185.75,-56.52;
52.68,210.84,-70.07;
45.03,214.29,-77.76;
24.46,212.53,-90.34;
-22.39,219.51,-88.72;
-83.43,215.08,-85.00;
-123.14,199.82,-92.42;
-117.54,168.32,-124.94;
-50.53,136.96,-104.08;
-37.83,81.56,-75.09;
16.91,20.08,-108.52;
3.75,-8.31,-132.10;
-82.54,-18.61,-117.61;
-110.94,-16.43,-102.00;
-129.73,-18.25,-69.04;
-135.63,-23.34,-59.42;
-135.46,-25.83,-57.10;
-125.72,-27.47,-55.18;
-103.29,-31.91,-50.86;
-72.30,-40.32,-49.79;
-51.09,-57.91,-56.90;
-16.76,-75.80,-56.61;
43.15,-99.70,-45.45;
86.88,-111.68,-48.03;
120.63,-118.12,-41.45;
123.93,-153.56,-18.65;
97.98,-171.73,-8.02;
100.05,-187.25,-1.29;
62.62,-212.89,-10.19;
61.82,-191.33,-19.23;
-165.70,-175.25,27.80;
-232.86,-161.01,61.26;
-134.57,-149.77,32.35;
-26.68,-123.91,9.34;
-28.07,-105.01,0.07;
-65.86,-87.27,5.08;
-6.77,-50.46,22.42;
18.57,-43.88,-14.11;
32.21,-20.32,-6.37;
56.54,7.43,23.35;
41.66,42.08,13.66;
37.98,78.62,28.41;
40.33,103.98,30.68;
20.07,128.70,19.69;
30.92,149.28,3.25;
50.71,168.85,-25.58;
24.34,193.56,-42.49;
-7.50,231.42,-31.21;
-34.30,231.83,-33.70;
-54.80,246.90,-21.48;
-22.04,243.02,0.18;
2.57,195.66,1.64;
-24.91,159.72,16.74;
15.87,114.55,51.69;
22.74,64.99,61.35;
29.98,25.92,70.64;
53.18,1.01,69.42;
28.97,-12.28,75.57;
6.37,-19.53,88.64;
9.43,-28.28,90.94;
43.41,-34.54,90.41;
73.75,-40.15,86.13;
78.01,-44.72,83.20;
79.00,-50.46,81.43;
69.15,-57.21,80.62;
65.09,-57.31,83.39;
63.41,-52.61,88.79;
55.96,-45.92,93.90;
66.65,-74.50,93.90;
-5.98,-87.28,34.84;
-91.29,-95.10,19.55;
-156.89,-98.41,68.15;
-119.20,-122.58,64.99;
-121.63,-138.34,33.54;
19.15,-145.34,20.65;
53.79,-137.56,-27.74;
112.95,-123.68,1.54;
37.20,-102.81,5.51;
2.69,-106.73,12.73;
-55.11,-93.21,6.06;
-55.52,-73.21,26.27;
-26.31,-54.95,19.39;
-17.99,-30.99,5.06;
-13.69,-3.24,4.29;
-21.92,13.33,14.00;
-21.49,21.89,14.79;
4.13,30.27,6.30;
38.53,36.87,-5.44;
47.59,41.72,-11.96;
42.98,47.95,-14.87;
31.81,55.27,-13.58;
21.20,61.89,-11.53;
2.62,71.19,-8.40;
-20.07,114.93,4.26;
4.92,114.41,3.58;
13.23,108.84,-6.05;
10.60,103.33,-9.99;
15.11,95.42,-10.58;
22.57,91.37,-13.39;
25.55,89.45,-16.81;
17.17,86.70,-21.64;
15.69,89.20,-18.74;
19.26,95.54,-19.00;
11.52,101.01,-16.49;
-14.31,92.73,-16.77;
-20.51,85.89,-10.95;
-32.04,73.07,-9.21;
-22.01,63.98,-6.42;
-17.49,52.98,-5.90;
-4.70,50.59,-9.41;
4.45,49.60,-8.00;
1.08,44.59,-8.23;
11.93,45.28,-6.26;
13.90,42.46,-4.86;
12.71,35.20,-6.20;
5.23,28.47,-3.93;
7.85,22.76,-3.56;
10.40,20.14,-4.98;
11.95,16.85,-5.62;
18.42,12.76,-5.73;
24.59,15.10,-5.44;
30.60,13.63,-6.05;
31.81,9.69,-8.34;
16.48,6.47,-9.26;
2.94,4.23,-5.73;
-0.47,1.46,-2.46;
-1.14,0.20,-1.53;
2.98,-1.51,-1.07;
10.34,-3.07,-1.97;
18.69,-4.12,-4.19;
18.13,-3.12,-6.51;
2.33,-2.55,-6.22;
-10.16,-1.68,-3.64;
-15.49,3.24,-1.10;
-10.83,5.30,0.61;
-4.25,4.21,0.13;
5.34,3.07,-1.04;
11.35,2.62,-1.96;
13.76,2.64,-2.46;
10.28,2.56,-2.51;
6.30,2.93,-2.00;
4.43,3.04,-2.45;
2.77,2.30,-3.38;
-2.18,1.14,-3.68;
-7.92,0.70,-3.45;
-8.97,0.95,-2.54;
-7.34,0.91,-2.72;
-5.55,0.88,-2.83;
-2.97,1.86,-3.07;
0.14,2.81,-2.54;
0.16,3.07,-2.66;
-1.50,3.34,-2.83;
-3.44,4.98,-2.37;
-3.03,6.33,-1.87;
-3.28,6.95,-2.25;
-3.96,6.96,-2.46;
-5.23,6.46,-2.37;
-4.34,5.88,-1.87;
-1.12,4.99,-1.84;
0.01,3.51,-1.82;
0.59,2.64,-1.26;
1.81,2.06,-0.74;
1.29,1.34,-0.37;
2.48,1.01,-0.28;
3.90,1.28,0.29;
2.50,1.75,-0.05;
0.68,2.00,0.30;
0.01,2.17,0.41;
0.34,2.29,0.82;
1.88,2.53,1.00;
6.94,3.37,0.97;
9.66,3.01,0.27;
8.92,3.05,-0.10;
5.17,3.59,-0.23;
1.84,4.30,0.58;
-0.33,4.81,0.45;
-2.15,5.11,0.26;
-0.91,5.36,0.41;
0.86,5.57,0.16;
0.02,5.45,-0.42;
-0.71,5.14,-0.42;
-2.53,5.31,-0.48;
-3.41,5.36,-0.42;
-6.08,5.39,-0.80;
-8.08,5.39,-0.63;
-8.16,5.86,-0.32;
-7.34,6.06,-0.36;
-5.17,6.27,-0.66;
-4.27,6.27,-0.77;
-1.93,6.21,-1.26;
0.48,5.95,-1.52;
1.20,6.12,-1.99;
1.26,5.94,-1.56;
0.11,6.08,-1.10;
-0.44,6.08,-1.04;
-1.17,5.79,-1.33;
-1.28,5.56,-1.27;
-0.99,5.13,-1.10;
0.21,4.99,-1.73;
1.52,4.72,-1.33;
2.37,3.79,-1.33;
2.50,3.79,-1.23;
3.26,3.25,-1.38;
2.89,3.19,-0.89;
3.41,3.31,-0.71;
3.27,3.20,-0.68;
2.54,2.70,-1.00;
0.68,2.30,-0.84;
-0.13,1.92,-0.80;
0.22,1.54,-0.68;
1.99,1.48,-0.26;
3.52,1.08,-0.37;
3.84,0.85,-0.49;
3.99,0.73,-0.25;
3.09,0.38,-0.65;
0.72,0.56,-0.77;
1.43,0.75,-0.22;
0.42,0.78,-0.17;
-1.55,0.88,-0.28;
-3.32,0.73,-0.26;
-3.52,0.70,-0.26;
-1.69,1.22,-0.37;
0.80,1.36,-0.28;
2.19,1.19,-1.04;
1.27,1.40,-1.24;
0.86,1.25,-0.92;
0.39,1.57,-0.97;
-0.37,1.28,-0.87;
-0.21,1.48,-0.92;
0.54,1.51,-1.21;
0.17,1.11,-1.06;
-0.85,1.01,-1.06;
-1.31,0.53,-0.66;
-2.12,0.20,-0.95;
-1.61,0.15,-0.68;
-0.54,-0.03,-0.68;
0.45,-0.34,-0.78;
0.92,-1.13,-0.75;
0.77,-0.86,-0.98;
-0.16,-1.22,-1.12;
-2.42,-1.36,-0.37;
-2.66,-1.71,-0.42;
-3.21,-2.15,-0.14;
-2.51,-2.44,-0.37;
-1.90,-2.87,-0.40;
-0.76,-3.24,-0.34;
0.27,-3.25,-0.52;
-1.86,-3.80,-0.40;
-3.14,-4.00,0.03;
-3.29,-4.40,0.13;
-2.83,-4.67,0.21;
-2.77,-5.21,0.33;
-2.18,-5.82,0.24;
1.11,-6.14,0.42;
4.65,-6.43,0.15;
6.59,-6.15,-0.22;
6.97,-5.92,0.18;
5.15,-5.16,0.16;
3.23,-4.37,0.18;
1.01,-3.34,-0.22;
-1.55,-2.37,-0.28;
0.48,-1.28,-0.36;
2.95,-0.46,-0.80;
3.37,0.01,-1.10;
1.59,0.44,-1.21;
1.93,1.50,-1.00;
2.72,1.92,-0.95;
3.49,1.95,-1.29;
2.51,1.62,-0.87;
1.03,1.25,-0.66;
1.14,-0.02,-0.42;
1.40,-1.16,-0.08;
1.61,-2.44,0.04;
2.30,-3.28,0.30;
2.48,-4.23,0.52;
2.75,-4.75,0.30;
3.58,-4.92,0.47;
3.53,-5.24,0.59;
4.21,-5.47,0.77;
4.66,-5.85,1.16;
4.37,-6.83,1.31;
3.55,-8.23,1.77;
5.34,-9.56,2.10;
3.64,-10.31,2.36;
5.17,-8.69,5.29;
6.10,-10.61,6.18;
8.24,-15.09,5.97;
8.50,-16.66,6.21;
11.43,-17.07,8.42;
10.42,-25.88,7.75;
6.36,-36.54,6.91;
2.83,-45.25,8.18;
0.34,-52.67,8.90;
-4.13,-60.64,8.64;
-9.14,-71.45,10.12;
-14.82,-83.39,12.36;
-16.95,-92.63,15.02;
-16.70,-101.12,18.45;
-11.02,-106.18,21.55;
-7.95,-111.62,24.91;
-8.63,-115.71,26.53;
-11.18,-116.78,26.44;
-7.76,-121.94,24.33;
15.82,-123.62,24.70;
36.91,-124.83,21.00;
31.01,-128.43,19.58;
15.24,-130.81,20.88;
-36.47,-136.06,23.52;
-53.08,-143.21,30.56;
-49.66,-147.15,30.30;
-11.57,-144.70,29.57;
10.71,-133.21,34.22;
19.14,-128.35,27.40;
10.62,-125.01,19.98;
26.50,-116.70,25.19;
44.14,-109.07,12.09;
22.11,-93.28,6.26;
3.03,-71.68,14.84;
-16.28,-53.67,11.19;
-30.12,-38.46,11.60;
-6.59,-25.24,4.41;
2.28,-8.60,-7.62;
4.07,8.55,-14.81;
13.30,28.76,-16.95;
26.45,49.97,-18.55;
34.21,72.32,-17.03;
38.39,89.36,-17.42;
33.95,109.91,-18.46;
42.07,130.35,-18.28;
53.26,144.67,-20.84;
62.21,160.64,-27.71;
60.53,175.97,-38.78;
47.18,193.10,-53.53;
37.76,222.26,-63.04;
29.09,221.59,-74.92;
16.08,237.27,-86.42;
-28.88,203.04,-94.26;
-61.86,200.87,-102.52;
-35.40,191.17,-112.86;
-3.35,163.42,-134.63;
6.85,124.70,-116.55;
10.89,70.85,-103.78;
9.70,30.14,-117.50;
-40.89,24.21,-121.47;
-115.60,35.20,-84.37;
-160.22,39.75,-60.80;
-177.90,39.11,-45.15;
-175.17,37.89,-39.62;
-154.89,35.88,-38.36;
-129.17,32.43,-40.60;
-99.52,27.01,-45.97;
-66.82,18.66,-50.49;
-39.61,11.08,-53.99;
-8.01,-1.13,-57.65;
25.61,-14.98,-60.74;
51.61,-35.19,-56.29;
66.27,-53.44,-42.71;
112.59,-94.44,-6.19;
206.42,-160.95,10.68;
373.44,-251.89,-3.33;
404.17,-246.35,-43.36;
221.99,-257.70,-27.32;
-125.28,-224.73,0.07;
-352.59,-204.37,123.17;
-95.55,-218.60,83.08;
144.79,-183.12,-55.06;
115.18,-144.12,-49.32;
0.43,-130.86,6.85;
-119.95,-99.22,20.97;
-62.10,-85.94,5.83;
7.30,-51.62,-7.73;
27.06,-14.40,-9.56;
14.37,23.94,3.14;
1.50,59.83,14.79;
-9.75,95.45,15.74;
-0.92,121.37,1.35;
40.39,150.14,-27.39;
60.80,177.91,-54.29;
55.61,196.35,-68.02;
14.39,219.33,-61.16;
-24.65,247.16,-37.74;
-53.44,267.28,-22.08;
-33.96,269.59,-7.70;
-57.23,221.83,-8.23;
-63.86,188.35,5.68;
-56.82,156.90,31.89;
-89.20,109.95,48.47;
-45.41,48.32,81.81;
20.63,13.68,87.39;
54.33,-2.54,90.74;
45.00,-15.88,87.23;
58.94,-26.11,85.58;
102.11,-33.62,80.03;
133.87,-35.60,79.03;
116.57,-44.05,78.88;
71.67,-50.29,81.13;
9.59,-56.03,93.08;
-41.06,-61.97,100.35;
-64.45,-68.83,102.13;
-119.63,-78.43,108.09;
-135.03,-70.44,114.68;
-88.34,-70.35,112.45;
-49.54,-99.31,107.20;
-97.55,-112.26,41.58;
-171.32,-101.12,32.36;
-148.71,-104.96,96.19;
-3.69,-143.51,59.81;
163.66,-178.12,-4.19;
211.66,-186.35,-14.17;
122.98,-143.19,-13.03;
6.89,-135.10,10.33;
-9.52,-114.37,29.89;
-40.86,-81.77,27.06;
-60.82,-53.65,26.13;
-62.79,-28.17,18.36;
-77.08,-10.90,21.11;
-56.45,16.12,18.41;
-14.53,26.29,13.95;
4.57,36.95,6.58;
22.14,49.36,3.11;
30.63,58.24,-1.67;
46.62,61.51,-7.99;
43.14,63.72,-14.14;
32.62,64.14,-18.22;
16.01,65.91,-18.49;
6.53,67.40,-18.52;
6.17,69.13,-15.58;
11.99,72.96,-13.59;
7.37,77.97,-11.15;
4.05,80.12,-11.67;
-1.50,80.50,-12.54;
-9.64,80.23,-12.40;
-13.69,77.71,-12.22;
-17.14,72.06,-14.97;
-7.43,67.48,-17.88;
4.86,67.02,-15.96;
12.48,65.56,-15.62;
17.85,63.20,-13.90;
16.89,61.46,-12.03;
3.27,57.95,-10.00;
-11.99,52.79,-6.13;
-12.62,48.58,-3.41;
-4.66,43.07,-3.35;
10.31,37.82,-4.17;
23.76,33.86,-6.71;
31.99,32.18,-7.78;
25.58,32.06,-6.77;
11.46,31.22,-5.42;
0.82,30.72,-3.59;
-8.47,30.66,-1.16;
-10.07,30.09,-1.07;
-5.00,28.99,-2.00;
4.22,27.82,-3.99;
12.75,25.14,-5.27;
16.05,22.20,-4.48;
10.77,19.04,-2.40;
7.81,16.44,-0.10;
8.40,14.43,1.39;
11.11,12.46,0.47;
14.54,10.58,0.50;
15.90,8.62,0.65;
18.08,7.48,0.96;
21.82,6.98,1.45;
16.56,6.61,0.91;
13.47,5.89,1.48;
8.24,5.54,1.42;
9.43,5.72,1.40;
14.08,5.68,0.73;
16.95,5.16,-0.17;
15.99,4.33,-0.10;
15.32,3.88,0.59;
18.25,3.68,1.45;
19.14,3.69,1.52;
17.21,3.48,0.94;
13.93,3.53,0.58;
11.34,3.65,0.62;
12.74,4.33,1.14;
14.97,3.88,0.15;
14.63,2.78,-0.57;
18.37,2.64,0.15;
20.68,2.38,-0.58;
19.03,2.33,-1.00;
15.87,2.50,-0.52;
10.40,1.54,-1.06;
7.15,1.33,-0.94;
9.23,1.69,-0.07;
12.50,1.89,-0.10;
11.72,2.00,-0.98;
9.52,1.66,-1.90;
11.03,1.79,-1.32;
16.17,2.32,-0.90;
16.75,2.44,-1.62;
18.13,2.37,-1.94;
15.09,2.37,-2.31;
12.02,2.99,-1.47;
10.86,3.83,-1.16;
7.06,4.98,-1.52;
5.26,5.98,-1.97;
2.27,6.46,-2.29;
-0.92,6.91,-2.28;
-1.55,7.36,-2.66;
-1.72,7.51,-2.31;
-2.63,7.42,-2.71;
-1.32,7.43,-2.19;
-0.41,7.14,-2.11;
-0.12,6.88,-2.19;
0.92,6.26,-2.22;
1.08,5.79,-2.17;
1.61,5.48,-2.32;
1.96,5.16,-1.79;
2.40,4.79,-2.26;
2.36,4.67,-2.23;
2.33,4.69,-2.31;
2.75,4.64,-2.31;
2.66,4.81,-2.05;
2.27,4.32,-2.11;
0.56,4.04,-2.36;
1.59,3.66,-2.22;
2.17,3.11,-2.07;
3.95,2.43,-1.71;
6.33,2.18,-1.53;
6.75,1.19,-1.55;
6.57,0.84,-2.03;
6.74,0.59,-1.52;
6.54,0.27,-1.81;
5.69,0.46,-1.65;
4.72,0.64,-1.52;
2.36,0.84,-1.53;
1.59,1.50,-1.65;
1.98,2.47,-1.67;
3.55,3.19,-1.32;
3.37,3.50,-1.70;
3.52,3.82,-1.48;
2.69,3.88,-1.07;
2.97,3.86,-0.25;
2.92,3.31,-0.92;
2.11,3.36,-0.51;
3.90,3.17,-0.19;
4.66,3.17,-0.20;
3.05,2.84,-0.23;
3.27,2.52,-0.26;
3.14,2.14,-0.52;
3.75,2.21,0.07;
3.56,2.41,0.13;
2.69,2.37,0.21;
0.79,2.30,0.33;
-0.82,2.26,0.55;
-1.02,2.75,0.88;
-0.30,2.70,0.61;
0.83,2.78,0.74;
0.10,2.79,0.65;
-0.44,2.91,0.59;
-0.19,2.87,0.87;
0.10,2.72,0.65;
0.36,2.40,0.82;
1.75,1.98,1.05;
0.94,1.75,0.79;
0.53,1.42,0.97;
0.21,1.19,0.94;
0.98,1.30,1.05;
1.93,1.46,0.97;
3.34,1.59,0.84;
3.27,1.83,0.88;
0.39,1.54,0.50;
-0.50,2.03,0.84;
-1.76,2.18,1.11;
-1.87,2.32,1.28;
-3.06,2.73,1.20;
-5.72,2.93,0.91;
-8.16,3.16,1.16;
-7.60,3.54,0.87;
-6.59,3.92,0.94;
-5.14,4.04,0.79;
-6.25,4.29,0.87;
-5.87,4.04,1.03;
-5.61,3.85,1.26;
-3.69,3.62,1.08;
-4.21,3.39,0.82;
-5.47,2.87,1.16;
-4.42,2.53,1.37;
-3.47,2.11,1.00;
-2.97,2.06,1.46;
-2.62,2.32,1.35;
-2.05,2.11,1.34;
-1.98,1.86,1.25;
-0.30,1.36,1.25;
1.17,1.30,1.20;
2.71,0.82,0.87;
2.37,0.73,0.87;
0.68,0.37,1.00;
1.32,0.88,1.08;
2.97,0.84,1.02;
3.05,0.41,0.41;
4.71,0.33,0.67;
5.03,-0.03,0.68;
5.12,0.09,0.59;
5.27,-0.21,0.85;
4.94,0.01,0.52;
3.85,0.11,0.64;
2.16,-0.31,0.82;
1.96,-0.41,0.73;
3.58,-0.32,0.26;
5.66,-0.64,0.59;
5.53,-1.05,0.47;
4.36,-0.83,-0.00;
4.65,-0.83,0.30;
4.65,-0.81,0.38;
3.21,-0.50,0.06;
1.15,-0.55,0.36;
0.62,-0.44,0.59;
0.37,-0.54,0.50;
1.23,-0.26,0.24;
2.51,-0.47,0.44;
2.75,-0.11,0.22;
3.00,-0.29,0.42;
3.09,-0.49,0.09;
2.56,-0.43,0.10;
2.08,-0.09,0.56;
2.17,-0.14,0.47;
2.63,-0.05,0.50;
3.00,0.12,0.36;
3.43,0.21,0.47;
5.11,0.40,0.24;
4.50,0.46,0.44;
3.00,0.87,0.42;
0.83,1.02,0.64;
-0.47,1.05,0.53;
0.51,0.99,0.44;
1.12,0.85,0.48;
2.54,0.85,-0.13;
2.21,1.01,-0.10;
2.14,0.78,0.04;
1.84,0.82,0.12;
2.42,0.75,-0.26;
1.59,0.82,-0.02;
0.85,0.75,0.21;
-1.61,0.78,-0.66;
-3.12,1.08,-0.60;
-3.87,1.08,0.15;
-2.44,1.30,0.21;
-0.83,1.20,-0.63;
0.13,1.63,-0.81;
0.07,1.75,-0.25;
-0.50,1.42,-0.34;
0.72,1.77,-0.94;
1.06,1.89,-1.26;
0.65,1.86,-0.65;
0.86,1.75,-0.95;
1.50,1.56,-0.46;
1.44,1.80,-0.86;
0.94,1.53,-1.41;
1.35,1.66,-0.94;
1.67,1.59,-0.83;
2.28,1.50,-1.13;
2.60,1.34,-1.10;
2.80,1.27,-0.98;
2.59,1.17,-1.21;
2.85,0.95,-1.07;
3.24,0.88,-1.09;
4.27,0.61,-1.24;
5.09,0.18,-1.00;
5.20,0.69,-1.15;
3.23,0.79,-0.90;
2.31,0.90,-0.65;
2.39,0.85,-0.90;
3.46,0.88,-0.89;
5.12,0.90,-1.04;
8.02,0.93,-0.87;
9.85,0.95,-0.97;
9.88,0.88,-1.24;
5.17,0.99,-1.26;
2.17,0.88,-0.39;
-0.57,-0.00,-0.37;
1.67,-0.08,0.09;
2.82,-0.87,-0.39;
4.28,-0.76,-0.63;
4.02,-0.37,-0.68;
3.44,0.18,-0.60;
1.72,0.49,-0.49;
0.66,0.67,-0.42;
1.12,1.02,-0.31;
2.95,1.28,-0.63;
3.81,0.81,-0.42;
4.19,0.79,-0.43;
2.54,0.53,-0.43;
1.26,0.81,-0.19;
0.39,0.66,-0.16;
0.36,0.78,-0.14;
0.17,0.38,-0.31;
1.41,0.76,-0.03;
2.56,0.58,0.32;
3.05,0.58,-0.42;
3.69,0.76,-0.19;
1.98,0.84,0.04;
-0.24,1.04,-0.11;
-1.06,1.01,0.21;
-1.05,1.28,0.32;
-1.18,1.14,0.29;
-1.72,1.31,-0.05;
-1.28,1.05,0.16;
-0.50,1.11,0.36;
0.07,1.08,0.47;
-0.13,1.24,0.16;
-0.27,1.13,0.50;
-0.82,1.08,0.26;
-0.54,1.22,0.45;
-0.53,1.34,0.33;
-0.24,1.39,0.22;
0.01,1.50,0.45;
-0.25,1.72,0.53;
-0.21,1.54,0.45;
-0.10,1.30,0.44;
0.60,1.20,0.45;
2.13,1.19,0.55;
2.36,0.93,0.73;
0.83,1.40,0.70;
0.43,1.65,0.93;
-1.92,1.77,0.85;
-2.34,2.08,1.13;
-1.57,1.86,1.00;
-2.82,2.00,0.47;
-4.04,1.91,0.36;
-3.87,1.57,0.77;
-1.37,1.59,0.93;
-1.43,1.62,-0.11;
-2.15,2.00,0.19;
-3.26,1.88,0.09;
-3.43,2.15,0.16;
-5.40,2.23,-0.37;
-8.01,2.17,-0.34;
-9.31,2.81,-0.22;
-8.28,3.16,-0.11;
-9.03,3.10,-0.34;
-7.23,3.43,-0.49;
-5.41,3.33,-0.40;
-5.90,3.34,-0.69;
-4.79,3.69,-0.20;
-6.10,3.75,-0.43;
-5.78,3.57,-0.13;
-5.05,3.25,-0.31;
-3.17,3.45,-0.39;
-3.32,3.24,-0.87;
-2.94,2.98,-0.63;
-3.99,2.78,-0.83;
-3.92,2.84,-0.75;
-3.76,3.10,-0.71;
-3.90,3.08,-0.71;
-5.35,3.33,-0.92;
-5.58,3.28,-0.57;
-5.35,3.08,-0.66;
-3.50,3.08,-0.71;
-1.87,2.87,-0.32;
-2.25,2.96,-0.86;
-3.23,2.87,-0.60;
-4.19,2.69,-0.49;
-2.65,2.82,-0.14;
-1.35,2.91,-0.42;
-0.13,3.24,-0.28;
-0.79,3.40,-0.11;
-1.86,3.74,-0.48;
-3.08,3.79,-0.29;
-3.60,3.95,-0.10;
-1.89,3.82,-0.39;
-2.56,3.57,-0.74;
-1.14,3.59,-0.52;
-1.81,3.95,-0.71;
-2.02,3.95,-0.75;
-1.63,3.80,-0.87;
-1.72,3.68,-1.13;
-0.37,3.77,-0.94;
0.68,3.28,-1.03;
1.92,3.30,-1.16;
2.51,3.20,-1.15;
3.72,3.37,-1.29;
2.19,3.24,-1.41;
0.86,3.39,-1.42;
0.08,3.31,-1.32;
-0.89,2.79,-1.41;
0.75,2.43,-1.29;
1.20,2.23,-1.32;
2.79,1.69,-1.23;
3.34,1.40,-1.30;
4.22,0.99,-1.38;
3.41,0.62,-1.38;
2.71,0.21,-0.98;
2.66,-0.09,-0.80;
3.59,-0.58,-0.69;
5.92,-0.80,-0.32;
7.50,-1.18,-0.74;
8.59,-1.59,-0.66;
7.17,-1.94,-0.52;
4.75,-2.02,-0.31;
4.08,-2.02,0.18;
5.00,-1.83,0.15;
6.13,-2.14,-0.03;
6.80,-2.18,-0.03;
7.55,-1.97,0.07;
7.03,-2.12,-0.00;
4.82,-2.08,0.15;
2.98,-1.91,0.52;
3.37,-1.88,0.61;
3.87,-1.53,0.41;
4.62,-1.45,0.36;
4.25,-1.09,-0.03;
2.92,-1.10,0.38;
2.34,-0.96,-0.07;
1.93,-1.13,0.12;
3.44,-0.80,0.16;
3.27,-0.64,0.03;
0.94,-0.44,-0.40;
-1.34,-0.35,-0.34;
-2.19,-0.25,-0.08;
-1.21,-0.11,-0.48;
-0.59,0.38,-0.60;
-0.42,0.49,-0.58;
-1.44,0.98,-0.60;
-2.08,0.98,-0.34;
-2.31,0.98,-0.32;
-1.73,1.39,-0.39;
-0.88,1.57,-0.29;
-1.25,1.50,-0.65;
-1.73,1.60,-0.55;
-1.79,1.80,-0.29;
-1.47,1.56,-0.08;
-0.97,1.43,0.01;
0.17,1.63,-0.13;
1.29,1.46,-0.19;
2.22,1.80,-0.13;
1.92,1.94,-0.43;
0.86,1.91,-0.37;
-0.85,2.11,-0.32;
-1.40,2.08,-0.10;
-0.62,2.08,-0.10;
1.09,1.92,-0.28;
1.78,1.68,-0.51;
1.92,1.45,-0.43;
2.59,1.43,-0.25;
3.01,1.39,-0.61;
3.69,1.48,-0.48;
4.34,1.34,-0.46;
4.63,0.69,-0.68;
4.60,0.61,-1.03;
3.79,0.69,-1.47;
2.59,0.59,-1.21;
0.71,0.29,-1.30;
-0.57,0.21,-1.06;
0.17,0.32,-1.15;
1.43,0.72,-1.29;
1.46,1.02,-1.56;
0.46,1.25,-1.55;
-0.25,2.09,-1.27;
-0.45,2.30,-1.36;
-1.23,2.72,-1.70;
-1.34,3.10,-1.13;
-0.41,3.31,-1.15;
-2.33,3.17,-1.44;
-2.62,3.11,-1.07;
-2.30,2.70,-0.97;
-1.70,2.35,-0.92;
-0.16,2.32,-0.83;
0.02,1.83,-0.92;
0.04,1.40,-0.95;
-0.36,1.25,-0.34;
-1.78,1.25,-0.32;
-2.54,1.24,-0.28;
-2.10,1.02,-0.00;
-0.92,1.02,0.07;
0.86,0.88,-0.20;
1.49,0.81,-0.16;
0.92,0.62,-0.02;
0.42,0.58,0.12;
1.44,0.15,0.47;
3.34,-0.11,0.55;
5.32,-0.52,0.52;
7.63,-0.86,0.13;
8.91,-1.15,0.26;
11.21,-1.21,0.55;
11.14,-1.42,0.29;
11.46,-1.30,0.07;
10.57,-1.02,-0.17;
8.91,-0.57,-0.46;
6.10,-0.47,-0.42;
5.59,-0.43,-0.37;
6.07,0.08,0.09;
5.34,0.46,-0.48;
3.63,1.17,-0.75;
1.92,1.86,-0.92;
0.97,2.72,-0.80;
1.14,4.01,-1.36;
0.63,4.87,-1.48;
-1.81,5.46,-1.56;
-3.21,6.06,-1.33;
-3.40,5.75,-1.55;
-3.38,5.59,-1.32;
-1.28,5.33,-0.97;
-0.19,4.69,-1.07;
-0.71,3.92,-1.24;
-0.82,3.42,-0.86;
-0.15,3.02,-0.54;
0.13,2.72,-0.71;
0.31,2.70,-0.43;
-0.22,2.30,-0.48;
0.02,2.04,-0.39;
-0.54,1.34,-0.69;
-1.55,0.79,-0.32;
-2.15,0.37,0.22;
0.27,0.12,0.52;
1.66,-0.40,0.39;
0.33,-0.90,0.42;
-3.15,-1.67,0.68;
-4.42,-1.77,1.03;
-3.96,-1.91,1.17;
-1.17,-2.43,0.79;
-0.77,-2.03,-0.05;
-2.54,-1.65,-0.08;
-4.10,-1.36,0.15;
-4.15,-0.61,-0.00;
-3.57,0.32,-0.13;
-3.93,0.93,-0.83;
-6.16,2.30,-1.53;
-6.89,3.40,-1.33;
-4.88,4.85,-1.94;
-2.60,5.60,-2.40;
-2.15,6.53,-2.78;
-3.69,6.98,-3.45;
-7.49,7.13,-3.45;
-7.05,7.07,-3.06;
-2.68,6.04,-3.50;
-0.66,5.20,-3.65;
2.95,3.98,-3.70;
1.90,2.73,-3.79;
4.40,1.53,-3.30;
6.62,0.35,-3.15;
8.62,-0.76,-2.84;
11.03,-1.39,-2.80;
11.84,-2.12,-2.92;
10.68,-2.98,-2.94;
9.96,-3.33,-2.74;
10.21,-3.54,-2.72;
9.05,-3.94,-3.09;
6.07,-4.18,-3.12;
3.67,-4.47,-2.77;
2.51,-4.40,-2.71;
2.95,-4.38,-2.61;
3.93,-4.46,-2.49;
5.53,-4.43,-2.40;
8.56,-4.26,-2.63;
10.42,-4.06,-2.74;
11.08,-3.67,-2.78;
10.66,-3.25,-2.52;
8.28,-3.10,-2.39;
6.57,-3.16,-2.36;
6.17,-3.09,-2.11;
6.74,-3.01,-1.82;
7.78,-2.90,-1.79;
7.99,-2.60,-1.42;
6.65,-2.09,-0.97;
3.82,-1.42,-0.74;
2.72,-0.75,-0.60;
0.88,-0.49,0.04;
0.42,0.50,-0.36;
0.94,1.24,-0.36;
-0.21,2.17,-0.46;
-1.96,2.62,-0.48;
-4.91,3.17,-0.81;
-6.08,3.74,-0.45;
-4.88,4.01,-0.54;
-3.95,4.29,-0.71;
-3.12,4.20,-0.81;
-2.59,4.14,-1.00;
-2.63,4.08,-0.86;
-2.27,3.60,-1.03;
-2.76,3.53,-0.83;
-2.62,3.05,-0.95;
-1.06,2.88,-1.03;
0.66,2.17,-0.92;
1.35,2.03,-0.97;
1.52,1.80,-1.15;
0.07,1.77,-1.27;
-1.15,1.59,-1.13;
-1.31,1.62,-0.80;
-1.89,1.50,-0.72;
