-0.24,-0.09,-0.50;
0.04,-0.20,-0.48;
0.51,-0.15,-0.36;
0.91,-0.17,-0.33;
0.72,-0.26,-0.44;
0.51,-0.43,-0.26;
0.53,-0.17,-0.36;
0.95,-0.43,-0.21;
2.07,-0.56,-0.15;
2.91,-0.76,-0.44;
3.20,-1.10,-0.24;
3.06,-0.58,-0.24;
0.54,-0.59,-0.03;
-1.22,-0.52,-0.07;
-1.35,-0.20,0.11;
0.10,-0.21,0.00;
0.46,-0.18,-0.09;
0.97,-0.14,0.10;
0.80,0.12,0.16;
-0.19,-0.14,-0.01;
-1.02,-0.18,0.05;
-0.86,0.03,0.11;
-0.71,-0.12,-0.01;
-0.59,-0.14,0.05;
-0.53,-0.20,0.29;
-0.39,-0.61,0.42;
0.20,-0.32,0.39;
0.59,-0.56,0.36;
1.00,-0.63,0.29;
0.53,-0.56,0.42;
0.27,-0.47,0.31;
0.40,-0.40,0.57;
0.75,-0.37,0.31;
0.80,-0.29,0.31;
0.98,0.03,0.48;
1.40,0.03,0.42;
1.09,0.38,0.46;
1.11,0.31,0.46;
0.82,0.38,0.28;
0.97,0.41,0.31;
0.86,0.60,0.49;
1.44,0.52,0.57;
1.91,0.87,0.22;
1.78,0.93,0.19;
0.83,1.02,0.60;
0.34,0.92,0.14;
0.25,0.90,0.13;
0.30,0.99,0.32;
0.43,0.98,0.19;
1.09,0.78,0.19;
0.62,0.93,0.25;
0.69,1.15,0.11;
0.65,1.15,0.10;
0.13,0.95,0.10;
0.20,1.04,-0.06;
0.60,0.98,0.02;
0.74,0.67,0.36;
1.41,0.58,0.14;
1.14,0.44,0.32;
0.77,0.29,0.45;
0.82,0.29,0.49;
1.14,0.14,0.20;
1.73,0.09,0.42;
2.05,-0.08,0.45;
1.30,0.18,0.43;
1.07,0.03,0.39;
0.27,0.18,0.46;
0.19,0.08,0.61;
0.69,0.32,0.42;
0.56,0.23,0.34;
0.10,-0.03,0.66;
-0.15,0.06,0.34;
0.08,0.09,0.42;
0.45,0.20,0.34;
0.86,-0.01,0.26;
0.94,0.09,0.25;
0.74,-0.12,0.26;
0.63,-0.01,0.14;
1.11,-0.41,0.08;
1.50,-0.40,0.17;
0.86,-0.47,0.22;
0.16,-0.44,0.03;
-0.51,-0.63,-0.12;
-0.89,-0.30,0.07;
0.11,-0.17,0.03;
1.00,0.03,-0.15;
1.00,-0.20,-0.10;
0.78,0.02,-0.12;
-0.36,-0.08,-0.12;
-2.53,-0.20,-0.01;
-4.13,0.00,-0.21;
-5.22,-0.34,-0.12;
-3.02,-0.43,0.32;
-2.70,-0.79,0.14;
-2.39,-0.92,0.00;
-2.51,-0.90,-0.04;
-2.76,-1.07,-0.10;
-2.39,-1.02,-0.12;
-2.70,-0.98,-0.12;
-3.47,-1.27,-0.07;
-3.58,-1.34,0.23;
-3.23,-1.25,0.11;
-5.54,2.14,1.07;
-3.38,5.80,4.11;
0.40,7.83,5.09;
4.72,8.09,4.71;
4.66,4.25,3.87;
6.77,-0.40,2.55;
6.92,-1.97,0.90;
5.20,-5.19,-0.12;
3.29,-6.88,-0.32;
1.96,-7.43,-0.13;
3.50,-8.72,-0.45;
1.21,-10.95,-0.64;
3.35,-13.24,-0.73;
6.86,-15.24,-1.48;
8.07,-15.69,-2.35;
7.41,-18.35,-3.03;
6.07,-20.01,-2.18;
6.11,-22.93,-2.50;
6.49,-24.81,-2.88;
5.94,-27.42,-3.49;
6.82,-29.43,-4.06;
9.72,-30.47,-3.87;
8.62,-31.85,-4.45;
2.40,-32.79,-4.24;
1.20,-34.14,-3.42;
3.91,-34.92,-3.80;
3.29,-35.97,-3.83;
-0.48,-37.07,-3.19;
-2.83,-38.04,-3.00;
-3.25,-38.73,-3.16;
-5.11,-39.11,-3.19;
-9.26,-39.07,-2.94;
-12.74,-38.63,-1.92;
-19.11,-38.26,-1.22;
-26.73,-36.95,-0.10;
-31.15,-33.56,1.88;
-31.66,-31.68,3.55;
-32.59,-28.40,4.52;
-36.01,-21.05,6.54;
-31.93,-16.99,8.84;
-33.32,-17.54,6.51;
-39.40,-16.92,3.82;
-43.72,-12.93,3.01;
-42.15,-12.61,1.33;
-52.47,-13.22,1.18;
-56.74,-14.96,3.45;
-55.11,-16.41,3.74;
-55.49,-16.43,3.21;
-53.49,-14.79,3.13;
-50.54,-15.89,3.68;
-46.56,-15.46,4.25;
-38.97,-15.45,4.83;
-33.22,-14.66,4.54;
-31.60,-12.70,4.28;
-22.38,-12.46,4.61;
-20.93,-11.63,4.43;
-23.15,-11.16,5.36;
-20.01,-10.53,6.37;
-17.90,-11.74,7.81;
-18.28,-12.56,9.52;
-12.18,-11.01,10.05;
-9.28,-8.72,10.81;
-7.55,-5.60,11.47;
-4.74,-5.53,14.49;
9.58,-8.06,14.10;
23.30,-10.38,9.41;
16.75,-8.63,9.97;
19.88,-5.34,8.13;
5.23,-5.07,5.00;
-4.02,-4.12,5.15;
-3.03,-5.72,5.29;
1.76,-6.12,7.35;
21.38,-5.53,8.28;
33.85,1.07,6.90;
39.64,10.06,8.14;
40.19,15.79,8.08;
32.83,23.88,7.30;
17.12,30.00,8.17;
0.05,37.66,9.76;
-20.42,44.34,10.28;
-34.41,47.41,11.38;
-36.15,46.46,17.94;
-23.86,37.34,19.16;
-38.33,28.99,15.16;
-51.17,19.44,10.02;
-36.59,14.41,6.22;
2.69,11.42,5.30;
26.37,6.79,5.42;
56.66,1.21,2.49;
79.03,1.48,-2.82;
75.64,4.49,-5.43;
46.98,6.93,-2.00;
13.96,9.28,2.92;
-2.41,11.70,6.80;
-16.65,14.41,12.22;
-23.17,15.08,15.07;
-20.15,13.60,14.32;
-11.70,12.69,13.01;
0.77,11.02,11.10;
18.34,8.49,8.98;
30.71,8.37,7.27;
30.36,10.44,7.90;
17.43,9.41,8.16;
10.45,8.50,8.83;
5.46,6.14,8.74;
7.09,5.53,9.00;
3.99,3.88,7.96;
5.85,3.13,8.11;
6.95,2.08,6.86;
13.61,1.97,6.89;
16.30,2.12,6.37;
17.56,2.41,4.43;
7.26,3.25,2.52;
8.05,5.18,3.56;
10.89,8.12,3.36;
10.74,12.70,3.41;
10.98,16.23,4.11;
11.26,23.83,5.78;
18.05,24.92,7.79;
20.49,20.17,3.85;
20.40,16.49,2.74;
21.40,11.80,2.92;
21.09,9.60,1.18;
12.95,8.21,0.97;
7.76,6.95,2.71;
-1.28,2.21,2.97;
-1.37,-1.69,3.78;
-2.54,-4.50,3.33;
-1.64,-6.34,3.19;
-0.88,-9.14,1.58;
-6.09,-10.15,1.55;
-6.02,-9.72,2.94;
-2.24,-10.76,2.92;
4.19,-13.28,1.74;
5.03,-15.56,0.07;
-0.31,-16.66,0.17;
-3.66,-15.57,1.29;
-4.44,-15.91,2.34;
-3.41,-18.52,1.87;
-4.16,-20.06,1.50;
-5.34,-22.78,1.97;
-4.67,-25.63,2.78;
-4.76,-31.10,2.58;
-3.06,-34.35,3.06;
-1.18,-36.72,3.44;
2.94,-41.72,3.74;
-1.96,-48.95,3.24;
-7.92,-55.16,5.33;
-15.51,-59.75,10.77;
-14.57,-65.54,13.82;
-12.12,-71.25,13.70;
-15.46,-77.86,12.71;
-13.66,-79.36,14.81;
-5.64,-80.06,14.52;
-16.12,-81.34,12.90;
-30.47,-86.66,11.88;
-36.07,-93.45,14.48;
-48.85,-104.29,12.58;
-57.37,-112.37,16.13;
-35.51,-117.82,15.04;
-19.25,-124.82,12.25;
-33.38,-130.34,9.48;
-59.18,-133.63,8.14;
-30.39,-129.83,12.11;
6.27,-125.54,18.00;
6.95,-120.37,14.55;
33.50,-116.99,16.03;
31.99,-107.50,15.65;
37.40,-86.59,12.20;
17.79,-64.99,5.48;
14.30,-47.27,5.76;
26.48,-23.34,2.94;
24.89,3.51,-3.66;
23.44,30.09,-7.28;
24.49,51.01,-12.55;
23.04,77.82,-17.75;
31.58,101.73,-24.22;
45.20,119.77,-29.39;
57.78,135.19,-37.83;
60.91,145.77,-46.18;
43.53,155.48,-52.45;
36.17,177.50,-63.43;
28.54,189.85,-72.97;
13.61,197.45,-87.84;
-14.35,204.28,-95.69;
-39.46,196.98,-97.68;
-75.57,182.76,-100.68;
-39.41,155.04,-121.72;
-21.14,125.16,-124.71;
-25.32,85.62,-93.61;
12.74,43.02,-88.18;
14.36,-0.50,-122.97;
-41.46,-19.53,-106.71;
-107.92,-24.32,-84.62;
-124.18,-29.25,-57.16;
-141.40,-38.75,-46.58;
-143.47,-45.16,-46.87;
-145.64,-47.98,-48.87;
-142.51,-51.11,-51.61;
-127.70,-56.06,-55.34;
-85.66,-59.79,-57.69;
-55.35,-68.26,-69.06;
-35.73,-71.01,-76.85;
-4.54,-89.21,-69.08;
39.93,-101.92,-41.26;
198.20,-139.08,3.65;
390.83,-194.58,-41.34;
433.69,-216.73,-88.22;
169.78,-191.02,-26.77;
-115.47,-201.21,45.30;
-299.69,-173.28,98.46;
-89.98,-183.51,74.66;
-1.46,-164.92,-28.32;
-6.04,-147.39,-25.28;
3.04,-130.03,-20.91;
49.47,-102.21,-30.24;
6.60,-66.85,-44.03;
26.56,-34.52,-34.41;
39.81,-2.49,-32.39;
20.98,32.06,-13.87;
18.34,61.05,-0.32;
7.36,97.16,12.75;
1.17,124.96,7.19;
11.85,142.64,-6.21;
3.44,159.36,-20.97;
-7.20,177.22,-22.76;
-33.28,196.20,-21.34;
-32.89,214.89,-4.81;
-55.02,198.66,-3.92;
-111.43,184.79,-6.53;
-112.33,183.01,27.07;
-101.54,160.26,68.10;
-91.70,127.76,97.74;
-65.20,102.75,100.54;
0.37,90.38,136.68;
125.40,74.52,124.74;
185.09,60.49,92.87;
245.61,50.20,71.79;
238.01,48.37,65.94;
186.98,47.34,60.49;
97.40,45.99,76.17;
-1.51,29.05,79.91;
-42.97,13.74,74.48;
-69.92,11.62,81.00;
-110.73,9.15,100.31;
-146.85,-17.34,99.97;
-154.60,-28.98,90.28;
-108.33,-41.74,94.22;
-30.22,-83.94,88.55;
-66.04,-157.54,87.73;
34.25,-174.08,28.31;
114.46,-180.44,60.45;
194.49,-214.34,-0.03;
14.63,-207.19,19.42;
-91.84,-204.82,24.00;
-144.41,-168.95,25.78;
-35.17,-147.54,50.36;
-126.22,-141.51,8.74;
-74.77,-117.40,30.16;
-26.53,-104.63,35.45;
4.49,-90.82,1.48;
-8.36,-67.39,5.96;
54.91,-54.69,-14.36;
52.54,-24.01,-19.84;
39.27,2.23,-7.64;
21.38,33.12,3.39;
19.32,56.58,9.84;
23.55,82.72,9.64;
23.81,110.99,7.27;
10.75,127.41,2.40;
37.81,151.51,-2.29;
44.69,168.02,-20.90;
57.15,183.04,-39.77;
47.35,203.08,-56.87;
45.26,222.25,-68.61;
5.90,222.70,-89.48;
-42.65,231.16,-98.30;
-99.17,226.75,-103.05;
-148.79,211.53,-111.23;
-133.41,183.71,-131.55;
-30.45,150.14,-115.34;
35.32,86.26,-54.30;
93.43,26.02,-81.87;
76.68,-21.80,-128.94;
-3.34,-36.58,-114.85;
-87.76,-43.91,-87.31;
-130.25,-47.72,-58.29;
-152.44,-56.41,-35.57;
-156.27,-67.43,-38.82;
-152.67,-73.22,-43.03;
-143.11,-81.40,-45.80;
-110.04,-90.37,-44.65;
-58.38,-99.56,-51.61;
31.88,-112.92,-65.42;
95.11,-118.43,-74.48;
132.83,-141.56,-59.52;
177.21,-166.18,-47.34;
142.10,-154.64,-68.38;
361.85,-139.86,-56.62;
359.20,-146.08,-71.60;
89.70,-150.30,-66.36;
-223.75,-140.04,44.45;
-274.56,-142.32,44.90;
-67.37,-147.33,20.20;
19.15,-144.78,-13.77;
-7.15,-117.05,-26.18;
12.57,-103.74,-23.63;
55.78,-78.34,-20.68;
51.47,-44.63,-29.03;
55.47,-23.13,-18.30;
70.13,7.21,-9.45;
32.10,42.50,-2.42;
8.19,83.22,4.75;
2.25,117.47,-1.17;
1.52,143.59,-11.31;
-12.12,162.98,-20.19;
-16.09,179.89,-22.93;
-11.76,200.92,-17.95;
15.55,197.88,-9.29;
-9.08,186.11,-8.94;
-12.35,178.02,6.19;
8.83,172.63,31.09;
29.93,149.79,48.48;
18.19,115.82,57.64;
5.91,70.63,74.14;
39.69,46.05,76.02;
56.33,45.66,94.28;
43.81,42.87,90.65;
47.87,26.90,91.79;
54.53,10.76,94.83;
28.22,-2.52,98.69;
-8.48,-12.20,99.48;
-38.56,-24.92,103.47;
-49.15,-37.95,107.18;
-39.41,-52.32,112.84;
-35.95,-61.80,106.81;
-32.47,-84.53,96.83;
-52.13,-91.28,84.84;
-37.41,-117.98,105.61;
-79.63,-140.06,79.00;
-80.88,-131.11,27.64;
-129.93,-136.99,68.07;
-15.44,-176.63,53.74;
13.11,-170.69,-14.22;
77.36,-172.93,-13.34;
-88.65,-166.21,-31.19;
-81.73,-141.66,14.61;
-56.36,-120.99,13.15;
-88.24,-101.01,13.70;
-128.70,-86.55,27.42;
-75.80,-64.82,15.70;
51.20,-45.89,24.94;
109.98,-25.86,-1.46;
43.88,1.01,-11.26;
11.17,24.25,37.06;
41.72,35.01,29.93;
18.98,59.50,14.60;
36.80,90.81,-0.32;
63.53,115.99,-11.28;
112.88,139.47,-15.86;
114.59,160.31,-30.74;
74.49,177.74,-41.90;
57.52,200.66,-44.76;
38.80,210.52,-60.88;
13.56,213.21,-87.08;
-6.21,218.12,-91.66;
-33.73,225.74,-85.11;
-16.86,201.77,-91.80;
24.62,177.88,-114.94;
68.01,101.59,-93.89;
88.91,53.31,-66.68;
83.47,3.25,-101.66;
27.75,-25.10,-125.90;
-31.40,-23.51,-102.15;
-56.76,-14.38,-73.28;
-89.67,-12.78,-59.40;
-128.48,-16.40,-51.51;
-158.13,-20.96,-49.31;
-165.86,-23.21,-41.69;
-150.41,-26.75,-30.50;
-101.73,-38.11,-33.77;
-64.45,-47.66,-48.29;
19.46,-66.95,-61.10;
81.46,-79.08,-62.21;
133.76,-108.82,-39.75;
232.20,-166.15,-27.48;
234.57,-165.07,-45.81;
311.40,-167.85,-45.51;
222.56,-171.80,-39.95;
-15.44,-172.46,-4.82;
-220.31,-160.40,72.17;
-212.65,-164.21,59.13;
-56.21,-174.37,35.29;
26.37,-146.67,-9.22;
16.54,-125.66,-13.05;
0.31,-98.08,-6.61;
6.53,-65.89,-2.77;
5.61,-34.09,1.04;
20.11,-2.08,12.43;
13.33,27.05,10.81;
-12.21,59.71,16.68;
-9.93,83.25,10.87;
7.56,105.94,-8.39;
27.12,128.90,-22.99;
24.07,148.14,-32.97;
8.33,158.79,-35.19;
-34.16,173.85,-25.32;
-20.19,176.20,-7.69;
-36.83,158.76,-9.29;
-47.78,149.04,-7.78;
-29.60,147.30,8.90;
1.03,138.11,21.58;
15.29,114.28,42.94;
4.66,84.83,63.15;
44.49,65.76,75.00;
89.49,63.15,87.73;
103.88,69.51,79.96;
106.13,66.67,71.47;
109.38,52.23,68.02;
83.88,35.97,73.67;
47.82,15.80,84.51;
-8.33,-3.11,89.15;
-24.27,-15.17,90.86;
-37.66,-23.79,100.51;
-33.02,-36.79,97.30;
-33.22,-36.14,102.81;
-54.73,-64.20,106.34;
-123.67,-122.93,120.69;
-148.28,-143.86,61.19;
-172.12,-166.15,97.24;
-61.46,-168.92,66.31;
52.86,-199.05,28.45;
32.10,-194.90,8.51;
-31.98,-183.94,17.41;
23.85,-171.17,4.28;
-28.71,-145.57,-2.48;
2.04,-126.03,17.35;
-63.96,-88.26,31.13;
-94.70,-72.15,42.83;
-46.74,-52.96,37.01;
-10.67,-35.46,19.04;
11.23,-13.75,15.26;
39.53,12.96,15.55;
40.39,43.08,7.52;
31.12,73.48,4.22;
18.36,94.57,4.02;
48.31,119.80,-3.13;
58.78,138.78,-25.34;
58.68,152.69,-42.85;
64.33,170.41,-60.97;
56.53,195.68,-71.51;
42.56,216.87,-75.08;
-0.68,220.40,-89.97;
-49.43,241.94,-93.46;
-76.28,259.79,-95.84;
-59.99,257.42,-100.12;
-20.30,185.12,-127.52;
40.82,125.01,-99.80;
69.96,64.38,-59.92;
73.20,15.50,-123.49;
35.58,-8.37,-125.64;
-24.22,-16.52,-105.11;
-57.46,-33.31,-73.43;
-63.87,-51.71,-51.13;
-67.44,-70.03,-50.30;
-78.13,-79.02,-50.13;
-97.81,-85.22,-49.80;
-85.72,-85.33,-49.23;
-65.29,-85.21,-48.21;
-38.70,-91.50,-53.32;
4.83,-98.49,-51.22;
42.02,-112.08,-45.83;
94.59,-126.01,-21.86;
198.68,-167.56,-2.96;
180.75,-158.32,-42.32;
265.53,-117.48,-54.42;
168.80,-138.49,-20.93;
-100.94,-145.97,5.56;
-175.63,-141.46,72.57;
-186.36,-135.85,45.90;
-133.32,-142.85,22.16;
12.22,-142.43,22.83;
44.43,-118.99,-40.39;
-0.48,-104.40,-18.21;
24.22,-75.27,-10.19;
-9.63,-47.22,-15.28;
7.30,-12.29,5.78;
14.14,16.86,-0.74;
-14.71,40.76,5.82;
22.40,73.60,10.36;
39.96,106.09,-6.73;
62.11,133.70,-22.56;
70.89,151.91,-35.86;
61.40,165.19,-40.73;
17.20,180.11,-42.01;
-6.25,202.17,-27.98;
-3.49,197.56,-10.67;
-37.60,180.28,-4.12;
-36.33,171.56,9.65;
-0.80,163.04,26.29;
2.59,138.29,42.26;
-23.57,105.54,57.13;
-2.50,57.45,74.94;
40.86,34.31,84.58;
37.99,26.03,90.17;
22.60,11.02,92.78;
49.81,-10.93,97.79;
73.49,-30.59,102.58;
75.90,-43.05,104.16;
47.26,-53.83,106.69;
6.25,-59.92,112.58;
-24.02,-57.14,116.87;
-26.19,-52.73,115.19;
-20.33,-70.03,95.56;
-71.61,-58.20,70.74;
-112.07,-77.50,100.75;
-129.99,-125.19,66.61;
-243.49,-149.08,67.21;
-123.90,-142.30,117.04;
51.14,-166.35,55.19;
162.40,-186.11,-13.06;
203.82,-185.45,-0.61;
-30.77,-161.79,-7.64;
13.69,-139.39,7.58;
-43.99,-128.17,-1.00;
-83.98,-100.46,21.96;
-84.67,-82.43,47.13;
-89.38,-94.17,11.00;
12.74,-71.21,19.24;
71.21,-42.87,-11.49;
33.67,-6.35,-3.68;
11.94,24.06,10.39;
-10.06,46.38,9.67;
-4.79,72.17,10.75;
19.67,89.01,-1.69;
25.29,112.90,-11.42;
52.46,139.42,-15.63;
81.12,155.60,-22.03;
76.08,176.90,-36.53;
38.24,186.20,-46.68;
18.24,205.18,-52.67;
9.98,214.70,-59.97;
-11.51,210.21,-88.27;
-35.11,215.37,-96.76;
-34.56,205.33,-99.92;
-43.28,184.28,-122.38;
30.20,142.83,-135.08;
94.36,108.95,-79.93;
87.11,40.95,-69.87;
95.33,-3.14,-140.88;
-1.49,-9.65,-143.20;
-93.08,-3.17,-105.06;
-141.47,-6.61,-68.88;
-161.76,-14.04,-50.77;
-164.44,-21.37,-48.04;
-174.33,-28.47,-46.47;
-168.36,-33.60,-47.08;
-133.29,-36.35,-48.16;
-72.73,-47.14,-52.16;
4.34,-59.83,-61.43;
82.46,-76.90,-62.82;
143.88,-101.62,-54.99;
206.48,-142.46,-25.55;
331.15,-202.26,-24.52;
336.45,-162.29,-58.94;
255.12,-159.97,-38.32;
-16.94,-171.68,-1.22;
-155.00,-156.58,48.29;
-202.04,-140.01,65.06;
-220.77,-142.47,25.56;
-141.29,-152.95,26.89;
-36.88,-135.71,-9.69;
-26.51,-120.63,0.19;
-52.53,-106.50,4.17;
-49.47,-114.98,-6.33;
33.90,-90.75,7.78;
50.20,-57.57,0.81;
51.49,-31.31,-12.85;
19.52,6.18,3.61;
8.46,44.14,14.19;
-2.36,68.11,4.80;
28.40,94.03,-6.12;
55.78,115.82,-23.51;
71.73,134.76,-37.71;
76.20,149.37,-45.61;
58.49,172.57,-43.74;
18.95,193.74,-29.74;
-34.38,195.59,-28.97;
-76.04,212.15,-7.78;
-58.38,204.20,21.39;
-93.00,182.26,16.55;
-89.41,176.73,21.64;
-81.84,160.72,38.48;
-74.88,125.70,69.38;
-63.02,84.38,91.29;
-15.31,49.59,104.97;
31.35,44.55,118.89;
47.82,41.79,130.74;
68.49,27.33,118.68;
77.44,5.04,103.32;
55.07,-19.43,92.48;
17.82,-37.13,90.68;
-16.70,-50.61,103.13;
-6.82,-61.50,106.81;
-5.40,-68.82,99.62;
8.97,-64.93,97.00;
43.18,-85.33,103.90;
6.17,-104.85,91.59;
-122.96,-124.99,74.34;
-198.60,-118.21,57.59;
-168.53,-149.19,98.46;
-102.36,-196.70,89.45;
-34.28,-205.39,33.55;
85.88,-211.88,-6.59;
4.82,-193.19,14.22;
81.12,-189.88,5.82;
20.36,-160.30,14.92;
18.01,-140.96,27.68;
-0.27,-120.37,23.71;
6.54,-90.69,38.55;
10.20,-69.01,35.30;
-20.68,-46.00,19.88;
-31.14,-25.59,11.38;
-9.92,-1.54,11.26;
20.80,26.31,9.12;
29.00,54.34,9.13;
17.85,78.93,-4.27;
-8.67,98.57,-15.77;
21.06,115.30,-26.36;
78.43,126.57,-41.16;
121.50,135.56,-54.94;
110.24,150.34,-71.81;
71.67,177.45,-72.94;
41.88,194.37,-68.96;
8.07,191.36,-85.16;
-20.24,201.33,-93.02;
-29.29,203.60,-94.65;
-30.27,188.60,-104.65;
45.32,146.60,-120.91;
56.01,97.13,-100.58;
66.49,56.08,-69.48;
86.05,22.60,-122.76;
58.46,16.11,-142.47;
5.50,23.01,-124.81;
-24.83,26.83,-99.06;
-61.32,20.67,-75.19;
-86.25,13.15,-68.90;
-99.47,6.29,-70.18;
-110.57,4.69,-66.99;
-99.78,0.57,-59.58;
-84.07,-4.03,-55.66;
-55.51,-14.21,-63.02;
16.94,-38.32,-64.97;
45.00,-73.37,-63.90;
79.24,-124.76,-41.68;
216.25,-193.66,-48.88;
274.34,-200.14,-62.09;
318.62,-243.34,-62.12;
120.98,-220.15,-12.52;
53.11,-216.99,45.07;
-199.00,-192.66,53.21;
-167.43,-175.46,75.32;
-101.20,-134.17,46.75;
-130.30,-119.53,39.48;
-74.79,-113.19,34.32;
-25.00,-96.70,13.07;
28.77,-64.64,7.55;
57.01,-23.95,-12.52;
52.04,18.90,-13.71;
54.24,51.21,1.29;
10.46,79.74,3.58;
-9.96,106.35,10.89;
5.26,129.45,6.20;
25.99,150.78,-10.82;
50.48,171.94,-34.03;
38.49,181.74,-44.93;
15.41,199.94,-43.78;
-4.57,202.09,-33.11;
-37.26,211.89,-25.93;
-35.43,211.54,-1.63;
17.03,201.07,12.94;
-6.28,154.49,-1.75;
-1.29,137.41,16.80;
-14.36,94.20,41.10;
-56.56,60.14,60.81;
-49.06,24.00,76.90;
-25.06,15.01,84.36;
-32.77,9.89,95.53;
-27.44,-1.02,100.28;
-7.66,-21.27,97.71;
18.65,-43.83,94.28;
32.37,-58.73,97.70;
9.82,-70.15,101.99;
3.15,-79.02,100.10;
-8.41,-82.88,103.33;
14.02,-85.36,112.61;
73.09,-97.17,94.75;
66.01,-99.11,55.23;
33.78,-106.17,57.15;
-62.62,-132.52,57.29;
-127.86,-160.70,48.40;
-57.80,-216.82,69.47;
56.45,-196.95,72.36;
113.52,-198.52,5.10;
103.20,-182.32,3.00;
-79.23,-157.39,32.07;
57.56,-151.45,40.28;
-17.69,-123.11,19.78;
-29.84,-100.75,32.28;
5.56,-74.30,25.85;
-29.26,-41.77,13.50;
8.53,-8.46,14.54;
5.99,23.24,-6.59;
14.08,50.20,-3.16;
25.59,80.52,-9.61;
34.63,105.70,-11.68;
50.04,123.96,-18.76;
75.87,138.66,-30.84;
63.75,146.95,-51.48;
44.34,157.12,-62.53;
16.54,183.56,-60.77;
-9.86,183.12,-62.90;
-31.55,185.66,-80.53;
-67.84,168.35,-84.58;
-96.19,156.00,-92.82;
-40.12,145.73,-100.29;
20.43,116.23,-108.79;
30.36,82.67,-73.10;
48.60,43.54,-106.13;
48.51,37.41,-142.71;
-35.40,53.44,-136.91;
-90.71,65.92,-112.33;
-128.51,67.68,-94.00;
-167.67,64.12,-67.02;
-192.85,61.21,-57.92;
-202.64,59.12,-51.75;
-206.27,51.76,-46.96;
-185.60,34.05,-47.74;
-140.42,17.66,-40.73;
-71.52,-1.79,-35.78;
34.92,-27.62,-41.43;
135.07,-90.40,-40.56;
189.23,-120.37,-43.86;
375.64,-201.48,-36.36;
312.11,-218.95,-60.73;
289.58,-244.50,-68.22;
39.67,-201.65,50.71;
-143.20,-198.55,71.71;
-286.33,-178.06,77.39;
-245.92,-189.31,63.84;
56.36,-150.55,0.95;
-12.62,-185.39,-67.86;
58.74,-136.32,8.65;
33.15,-94.41,-5.03;
58.62,-62.46,-42.10;
86.71,3.37,-22.94;
85.73,56.86,3.47;
-19.57,89.16,17.67;
-51.20,115.91,18.26;
-5.09,146.93,1.44;
45.72,174.11,-31.35;
46.82,199.65,-53.84;
33.20,223.89,-55.80;
21.61,225.05,-52.00;
-26.28,241.07,-31.75;
-57.35,246.29,-10.74;
-27.54,232.89,6.03;
-44.88,173.42,17.06;
-18.28,107.77,44.22;
13.73,34.47,64.60;
45.47,-17.27,76.07;
67.29,-35.94,81.84;
50.51,-45.31,92.31;
38.19,-60.11,106.22;
55.59,-77.25,113.36;
72.28,-85.86,115.62;
70.88,-90.35,115.91;
39.90,-91.71,117.76;
-0.19,-93.95,112.98;
-34.97,-94.92,112.10;
-58.74,-88.46,112.92;
-46.97,-76.69,113.99;
-23.83,-75.13,97.09;
-12.71,-77.86,79.71;
-44.12,-87.83,51.27;
-130.89,-109.24,29.62;
-184.97,-152.29,56.17;
-57.92,-161.74,90.36;
85.33,-170.52,4.43;
263.90,-180.53,-28.01;
80.60,-165.19,-5.46;
45.84,-148.67,7.13;
85.96,-126.27,3.91;
-24.10,-108.29,-12.74;
-105.46,-77.83,39.68;
-94.31,-64.90,41.73;
-125.47,-64.11,25.85;
-19.25,-50.76,19.70;
43.69,-27.11,6.34;
61.09,7.77,0.40;
60.17,49.63,2.72;
41.12,80.35,10.20;
26.85,97.70,8.16;
24.04,116.52,3.07;
51.03,133.47,-5.60;
53.26,142.03,-20.30;
45.46,151.82,-40.33;
33.69,168.79,-54.68;
19.87,191.15,-58.64;
-2.13,180.92,-75.22;
-19.95,189.28,-84.74;
-49.11,179.31,-83.63;
-57.64,157.24,-101.31;
-29.69,131.83,-110.50;
25.20,97.37,-92.01;
19.55,79.08,-84.85;
71.90,43.02,-100.85;
72.07,27.45,-145.60;
-22.36,39.99,-138.61;
-78.50,47.21,-101.66;
-114.68,50.40,-77.26;
-141.38,50.58,-60.68;
-158.39,49.63,-50.79;
-152.76,46.25,-43.48;
-123.98,35.80,-41.87;
-84.35,22.14,-43.49;
-35.20,2.05,-45.39;
59.94,-8.47,-46.13;
144.08,-41.65,-54.81;
209.11,-66.30,-74.12;
302.71,-147.11,-58.45;
217.85,-224.08,-29.63;
211.33,-270.24,-37.22;
75.26,-232.56,25.19;
41.26,-215.14,3.94;
-135.99,-195.57,80.37;
-254.97,-202.37,57.15;
-53.73,-166.72,32.40;
-39.06,-152.92,1.71;
-66.64,-146.24,-0.85;
-7.87,-131.63,10.66;
-27.87,-98.90,5.35;
9.29,-55.68,-0.93;
56.49,-12.93,-7.37;
31.91,24.63,-4.35;
1.64,62.29,10.14;
-7.58,94.08,8.36;
15.18,127.05,1.50;
37.18,147.68,-12.15;
54.59,171.73,-29.81;
59.09,193.30,-46.44;
32.53,211.51,-51.45;
-12.27,245.28,-41.22;
-47.15,238.25,-29.61;
-68.76,247.15,-29.75;
-88.35,247.04,8.10;
-95.51,188.61,25.87;
-86.02,133.15,29.58;
-78.94,76.26,57.90;
-38.54,16.54,81.62;
-18.54,-18.40,86.19;
-2.16,-35.21,88.58;
24.97,-56.27,90.66;
44.34,-76.95,95.03;
63.58,-86.23,100.22;
66.48,-92.59,102.86;
57.50,-98.87,107.41;
25.40,-110.04,106.03;
-2.42,-109.30,96.20;
-13.37,-100.26,94.32;
-13.31,-90.03,94.08;
-20.68,-81.97,88.16;
-14.59,-74.24,86.45;
-21.69,-82.06,72.42;
-65.22,-100.49,26.63;
-151.14,-150.69,78.22;
-166.13,-168.40,117.12;
57.01,-180.55,96.13;
224.92,-171.88,1.82;
206.60,-168.52,7.84;
-65.40,-165.65,9.48;
6.17,-125.63,50.36;
-12.50,-118.99,1.76;
-33.64,-88.34,27.04;
-33.17,-63.65,26.98;
-53.95,-40.50,24.61;
-15.22,-27.10,23.19;
-12.53,-9.77,12.66;
30.72,6.67,5.15;
55.43,29.97,-8.88;
54.65,52.96,-16.13;
56.33,80.44,-23.11;
56.77,105.63,-28.59;
64.24,124.55,-34.56;
63.44,139.74,-42.70;
57.91,147.37,-50.88;
50.01,160.78,-60.71;
35.75,176.11,-64.99;
32.08,176.15,-79.69;
30.14,177.66,-85.87;
10.42,172.11,-89.32;
-43.54,156.14,-85.97;
-73.47,160.52,-83.71;
-38.68,136.92,-86.22;
-3.09,94.96,-84.00;
-22.25,61.63,-81.37;
-9.76,50.46,-87.71;
-15.76,56.02,-102.44;
-79.76,76.15,-113.26;
-128.01,81.79,-78.18;
-149.40,78.52,-61.34;
-161.32,72.60,-46.47;
-150.97,67.71,-42.48;
-131.02,54.96,-51.22;
-114.48,38.70,-58.99;
-81.92,11.27,-61.87;
-25.52,-14.98,-66.68;
30.36,-38.78,-66.70;
49.79,-91.08,-40.85;
160.19,-187.45,-18.73;
272.92,-272.82,-16.61;
185.07,-259.30,-19.90;
146.89,-202.49,22.31;
21.88,-203.68,13.33;
-285.93,-205.88,74.51;
-322.60,-188.76,102.58;
53.20,-175.72,46.17;
-46.86,-156.47,13.03;
-80.24,-150.34,16.78;
-24.06,-128.38,17.07;
7.64,-109.98,-9.84;
52.31,-72.11,-16.71;
107.76,-41.42,-25.35;
79.14,-15.45,-31.23;
17.07,17.18,-17.10;
11.90,47.30,-16.88;
18.04,80.28,-20.62;
38.92,101.97,-28.09;
64.86,130.60,-39.98;
90.31,153.77,-53.28;
98.95,171.92,-63.31;
91.90,188.43,-71.45;
67.14,209.13,-69.31;
30.65,233.30,-54.21;
-11.93,221.48,-31.60;
-60.50,228.25,-12.29;
-41.99,238.18,9.84;
-4.36,211.71,5.35;
-66.02,148.58,18.46;
-71.28,101.22,65.64;
-52.15,48.58,83.93;
-40.30,1.79,81.81;
-29.89,-12.95,84.71;
-33.98,-22.50,95.73;
-17.40,-36.64,100.11;
4.95,-55.02,94.54;
29.88,-68.30,92.25;
11.36,-76.63,93.29;
7.29,-78.82,99.29;
-8.93,-83.08,104.78;
14.94,-78.30,111.39;
69.30,-93.66,102.20;
65.84,-98.58,76.72;
31.47,-93.75,59.68;
-65.99,-103.59,64.66;
-173.80,-97.31,23.62;
-120.80,-121.11,92.78;
-73.11,-183.27,115.74;
109.82,-196.15,7.56;
75.56,-169.69,-3.60;
50.94,-181.11,21.67;
66.71,-165.22,11.79;
26.43,-147.25,8.84;
-55.51,-114.26,12.22;
-99.25,-86.98,42.16;
-201.46,-68.59,61.68;
-218.53,-84.03,31.59;
-112.12,-62.11,26.57;
11.20,-40.26,4.75;
65.88,-11.10,-10.18;
28.01,18.98,-6.18;
-3.17,38.31,0.34;
14.25,60.64,0.72;
21.04,79.07,-4.53;
36.19,102.05,-8.04;
72.71,122.15,-11.37;
89.49,140.17,-15.64;
80.56,154.35,-30.81;
65.87,160.55,-44.42;
61.04,179.24,-52.76;
51.47,204.86,-63.34;
33.47,199.56,-83.46;
1.29,209.33,-105.11;
-20.80,217.96,-103.83;
-27.29,206.84,-108.67;
0.19,185.18,-126.61;
27.55,136.05,-114.58;
63.23,82.09,-58.96;
100.74,33.63,-104.15;
72.72,15.02,-132.45;
-55.58,18.63,-116.81;
-118.54,23.45,-78.61;
-156.38,20.96,-50.47;
-166.38,11.82,-31.02;
-163.72,-1.31,-27.90;
-159.00,-14.84,-30.13;
-127.73,-28.27,-33.22;
-89.64,-42.50,-42.59;
-49.26,-53.83,-50.29;
-6.67,-68.32,-54.30;
51.93,-78.52,-61.16;
125.38,-113.71,-48.61;
147.30,-140.32,-41.68;
229.32,-193.69,-39.29;
219.14,-187.50,-37.83;
332.20,-240.27,-43.51;
183.70,-218.56,-42.61;
142.95,-209.51,20.94;
-28.07,-185.42,12.90;
-186.76,-178.14,37.13;
-97.70,-147.51,52.14;
-48.88,-128.00,10.00;
-159.05,-104.85,18.69;
-131.54,-80.32,33.44;
-70.38,-64.75,10.51;
-14.67,-36.03,6.28;
34.17,-3.56,-3.10;
55.04,27.51,-12.16;
60.92,56.95,-11.63;
51.91,79.01,-10.93;
41.62,102.41,-16.93;
41.88,118.17,-33.37;
54.49,127.12,-50.71;
56.25,151.88,-59.68;
46.02,175.89,-52.62;
26.28,183.54,-53.48;
22.28,203.83,-36.18;
56.69,195.57,-15.29;
20.33,170.28,-23.39;
-15.75,163.30,-4.85;
-37.37,147.54,27.50;
-61.90,135.25,72.65;
-70.96,104.60,94.97;
-64.44,58.83,90.83;
-61.06,38.15,104.72;
-41.92,28.44,116.08;
-13.32,25.53,114.55;
51.53,15.13,99.65;
70.14,5.44,93.01;
52.80,8.43,86.25;
33.65,2.47,84.80;
-0.85,-1.85,82.43;
-27.22,-1.50,90.71;
-28.04,-1.17,88.39;
-25.18,-9.54,79.41;
-39.22,-33.42,75.91;
-100.10,-59.25,66.45;
-163.81,-114.04,66.61;
-157.52,-138.93,96.51;
-53.78,-174.29,83.06;
141.96,-172.35,30.92;
164.16,-183.17,0.42;
100.08,-198.64,-18.73;
82.80,-176.70,1.38;
95.81,-172.35,-20.35;
-41.11,-153.68,-19.86;
-64.65,-135.94,13.33;
-120.56,-118.32,15.67;
-165.26,-95.42,35.64;
-144.89,-80.75,53.97;
-116.50,-70.35,33.48;
-98.76,-55.69,22.19;
-49.15,-43.13,20.72;
-0.85,-23.22,9.15;
7.53,-6.14,1.55;
19.53,11.51,1.52;
40.25,26.90,0.07;
49.59,50.28,-1.26;
40.01,70.31,1.74;
30.63,86.38,4.29;
36.65,105.73,8.34;
46.83,123.88,2.97;
64.14,139.36,-8.99;
86.05,151.86,-20.07;
74.75,168.21,-43.69;
57.29,186.54,-58.90;
57.12,214.64,-61.17;
44.60,212.60,-83.05;
18.89,219.27,-102.06;
-15.14,234.05,-98.76;
1.98,273.15,-77.60;
8.46,184.79,-117.54;
40.16,117.62,-121.74;
61.85,82.73,-82.82;
78.37,40.49,-91.03;
16.17,19.10,-113.57;
-54.57,8.28,-96.90;
-104.16,-5.42,-68.30;
-119.52,-23.59,-36.00;
-121.57,-41.13,-33.86;
-111.40,-58.03,-35.35;
-105.15,-68.78,-39.69;
-79.03,-72.84,-47.08;
-52.93,-74.99,-53.55;
-35.61,-82.09,-64.62;
-33.37,-87.98,-66.62;
-21.44,-90.38,-64.55;
8.48,-105.51,-59.03;
32.92,-135.69,-43.54;
54.89,-165.72,-28.68;
88.80,-199.02,-27.77;
283.85,-222.53,-16.39;
238.31,-239.57,-67.00;
29.99,-186.53,-31.93;
-30.12,-185.97,28.02;
-161.41,-173.88,26.00;
-236.85,-144.26,70.29;
-73.14,-150.92,34.80;
-23.06,-135.83,21.07;
-70.41,-115.79,21.84;
-39.66,-91.60,24.92;
-20.19,-69.36,2.92;
7.30,-44.76,-13.87;
48.85,-19.54,-22.73;
44.77,13.15,-28.91;
50.14,46.14,-17.77;
46.14,72.76,-14.36;
32.04,99.88,-13.46;
52.34,119.37,-21.08;
62.30,135.50,-36.77;
71.47,145.57,-47.48;
71.27,156.70,-57.32;
49.69,176.05,-58.71;
41.07,192.38,-40.84;
8.66,193.22,-42.13;
28.60,213.37,-34.41;
65.36,209.18,-22.00;
55.67,178.21,-20.73;
70.51,162.89,10.49;
77.90,153.44,46.11;
54.46,141.08,64.66;
57.17,112.61,63.55;
8.14,80.40,51.29;
-30.93,70.28,70.60;
-41.55,55.59,91.84;
-26.85,40.95,97.61;
1.44,25.08,95.26;
27.79,10.41,96.89;
24.16,-8.81,93.94;
-10.31,-23.04,88.19;
-45.81,-33.17,83.52;
-77.11,-36.61,88.74;
-71.35,-47.86,102.22;
-96.93,-53.46,94.74;
-70.07,-61.63,98.05;
-28.38,-75.95,107.41;
-52.21,-118.66,101.70;
-118.60,-136.37,73.41;
-85.05,-195.43,99.16;
81.70,-199.25,61.91;
150.49,-184.34,11.36;
96.48,-176.11,4.17;
-56.68,-187.71,9.81;
39.64,-178.15,6.69;
94.75,-167.36,-13.46;
30.14,-146.26,-14.12;
38.91,-132.67,-1.34;
23.56,-110.81,5.82;
-14.91,-94.50,17.59;
1.33,-76.59,21.53;
-7.64,-63.34,10.86;
-4.22,-44.72,14.51;
4.69,-26.50,10.42;
1.36,-9.91,4.52;
13.78,9.13,3.94;
27.61,27.57,-4.07;
27.88,46.15,-4.88;
20.31,71.18,-2.96;
18.82,92.99,-1.37;
23.38,109.99,-3.54;
11.09,126.03,-10.55;
29.84,140.57,-16.27;
37.73,151.15,-26.67;
16.08,165.70,-43.95;
6.31,184.84,-49.20;
16.80,194.18,-62.68;
11.07,195.96,-80.79;
-13.70,196.26,-91.95;
-45.06,187.71,-90.90;
-79.87,184.09,-85.64;
-56.02,177.50,-103.84;
20.36,128.23,-111.35;
42.56,73.74,-83.48;
42.91,30.55,-94.62;
51.53,2.34,-139.89;
-32.99,8.96,-137.80;
-93.41,15.57,-100.12;
-131.46,6.78,-74.56;
-178.21,-4.32,-59.72;
-210.38,-9.27,-52.33;
-210.44,-15.13,-50.27;
-159.23,-23.27,-58.62;
-99.12,-34.20,-69.98;
-42.02,-55.21,-83.54;
43.67,-77.28,-85.11;
76.54,-103.21,-85.31;
139.40,-160.41,-65.08;
49.91,-174.40,-64.55;
237.75,-202.35,1.45;
268.85,-216.82,-41.16;
149.24,-189.82,-27.43;
-78.39,-178.37,49.56;
-235.81,-171.66,73.29;
-187.00,-158.03,83.82;
-32.73,-135.62,56.05;
-52.73,-116.96,28.02;
-62.16,-95.71,23.12;
-17.66,-71.42,23.04;
8.68,-46.47,-0.32;
40.69,-18.04,-1.58;
68.49,15.21,-12.79;
51.65,49.66,-14.22;
42.80,76.73,-9.11;
35.98,102.46,-15.51;
33.43,123.74,-26.06;
40.31,137.34,-38.10;
39.87,154.29,-51.26;
29.32,183.16,-47.46;
6.28,186.28,-34.21;
-10.39,198.23,-26.52;
-8.94,206.70,-3.23;
49.03,187.86,11.41;
58.95,164.11,7.29;
76.22,149.85,25.74;
52.63,115.99,38.69;
-4.77,84.73,56.75;
-10.65,44.83,71.24;
5.30,27.96,84.52;
-16.19,23.24,98.34;
-31.95,14.66,108.57;
-25.31,-1.59,116.00;
-10.41,-13.74,116.02;
1.75,-24.04,110.23;
-10.39,-39.25,104.42;
-45.78,-50.43,101.55;
-50.31,-53.46,107.12;
-14.28,-62.17,114.60;
29.87,-80.44,83.45;
-5.03,-89.14,64.34;
-86.48,-103.04,66.02;
-146.42,-116.15,60.61;
-108.74,-154.46,55.82;
2.71,-197.01,90.36;
140.60,-176.96,48.68;
229.04,-191.98,1.48;
43.32,-175.30,-1.55;
-40.74,-166.59,50.68;
8.75,-161.39,44.13;
-17.95,-142.50,34.31;
-52.16,-127.74,41.16;
-25.89,-107.94,49.13;
-33.76,-91.48,38.31;
-57.52,-72.50,32.58;
-47.05,-58.20,34.61;
-24.53,-39.91,13.16;
-9.98,-18.63,5.87;
19.04,-1.54,-1.29;
27.15,18.44,-8.61;
39.30,41.30,-10.04;
29.12,60.87,-15.14;
16.66,83.83,-16.12;
11.52,104.55,-20.33;
25.46,122.89,-21.25;
37.01,134.40,-31.83;
48.66,147.57,-42.70;
56.56,162.08,-54.10;
47.47,178.14,-62.96;
23.53,203.24,-66.91;
3.55,205.57,-72.39;
-19.43,212.31,-88.10;
-39.44,215.53,-91.34;
-68.28,200.69,-97.14;
-35.90,180.93,-109.78;
-21.70,118.35,-108.50;
15.24,80.37,-63.74;
50.27,31.94,-83.23;
22.19,7.86,-122.77;
-96.06,-3.40,-126.79;
-123.96,1.31,-95.03;
-121.95,0.63,-75.14;
-111.70,-7.02,-65.81;
-97.70,-15.50,-60.16;
-100.70,-23.43,-57.14;
-92.16,-28.93,-59.31;
-62.33,-31.08,-65.42;
-22.54,-32.96,-70.87;
6.98,-42.14,-78.81;
52.22,-54.90,-86.71;
100.17,-79.59,-63.34;
140.49,-112.12,-47.34;
149.65,-164.82,-42.06;
160.13,-232.93,-18.97;
83.73,-217.46,-24.00;
38.85,-175.80,14.32;
-9.22,-164.32,12.48;
-159.03,-144.40,47.71;
-213.92,-136.90,52.54;
37.88,-128.98,15.65;
29.64,-105.89,-1.34;
-62.86,-78.55,21.65;
-35.63,-48.44,20.43;
-5.54,-28.87,-2.56;
11.99,1.47,1.97;
51.84,30.67,1.33;
42.65,64.47,9.91;
22.86,101.21,21.90;
-9.63,127.22,19.18;
-15.00,146.03,15.44;
3.58,162.93,-8.59;
-3.43,174.83,-31.83;
-16.60,210.49,-37.86;
-34.56,210.96,-33.49;
-36.59,218.17,-26.58;
-38.18,227.30,-11.34;
87.46,201.05,2.81;
109.85,148.40,6.13;
143.30,86.21,18.72;
154.68,37.79,33.12;
133.23,11.60,50.39;
89.88,1.71,71.29;
32.86,-5.63,95.71;
6.43,-18.24,113.94;
5.21,-32.34,124.55;
-2.10,-41.69,130.39;
-24.64,-50.23,133.23;
-47.64,-56.72,129.99;
-75.57,-71.30,119.21;
-91.87,-78.11,116.28;
-80.13,-81.46,116.13;
-64.70,-79.68,110.28;
-18.73,-82.27,96.07;
-27.51,-83.42,88.26;
-70.83,-90.20,71.24;
-97.12,-110.26,15.45;
-152.88,-197.51,87.30;
-135.66,-167.53,43.85;
94.40,-179.02,9.79;
189.90,-167.82,-11.68;
79.58,-174.21,-20.58;
-22.28,-146.40,7.70;
-17.92,-124.96,17.18;
-85.44,-103.77,22.17;
-103.90,-83.98,49.44;
-119.34,-71.77,52.94;
-150.04,-69.27,12.78;
-37.52,-53.17,26.52;
71.91,-39.28,-0.73;
22.77,-14.08,-16.39;
20.88,6.81,7.67;
32.19,22.63,17.53;
26.77,28.00,10.02;
32.86,43.19,8.94;
33.41,63.51,4.36;
30.39,88.47,7.61;
11.17,110.26,8.34;
-2.10,129.25,5.64;
-13.55,146.84,4.26;
30.39,166.43,9.07;
72.17,182.00,1.70;
58.62,193.04,-13.89;
16.46,209.44,-31.78;
-13.98,213.12,-50.82;
-32.86,203.74,-87.46;
-71.66,204.23,-112.67;
-60.97,212.06,-107.84;
53.20,220.76,-120.01;
150.25,138.87,-59.08;
146.16,63.37,-76.15;
185.14,16.29,-119.86;
106.39,-6.44,-127.26;
-55.89,-8.09,-100.13;
-78.94,-15.46,-59.63;
-64.54,-40.18,-40.10;
-97.98,-50.78,-42.79;
-123.44,-54.56,-29.49;
-117.41,-57.56,-26.03;
-86.42,-59.57,-30.01;
-49.43,-63.10,-38.18;
-28.48,-69.04,-47.90;
5.67,-67.24,-53.90;
60.28,-81.11,-54.19;
69.52,-97.75,-44.82;
97.47,-126.17,-23.22;
187.56,-163.53,12.31;
180.89,-236.92,-33.08;
219.41,-246.58,-78.00;
172.75,-213.19,0.20;
150.65,-181.89,0.92;
-109.66,-176.44,24.42;
-112.77,-158.01,45.12;
-74.51,-125.79,22.40;
-112.47,-99.88,19.35;
-92.12,-67.42,29.15;
-90.74,-41.14,19.41;
-58.71,-12.92,16.42;
2.20,8.86,12.37;
42.88,41.48,2.60;
56.62,75.60,3.85;
57.40,98.61,0.45;
32.04,119.89,-2.73;
17.76,134.11,-20.47;
25.64,146.11,-35.17;
25.59,174.72,-40.84;
17.20,184.41,-42.19;
-2.85,219.44,-38.53;
-22.70,238.21,-27.22;
-26.21,234.58,-26.67;
-74.35,196.89,-21.58;
-70.93,187.10,20.11;
-47.76,143.86,65.47;
-38.04,98.46,82.80;
-47.99,64.09,84.81;
-17.03,47.39,80.00;
-11.02,30.00,69.56;
37.98,5.79,69.39;
74.40,-12.87,72.20;
103.17,-28.69,80.10;
89.52,-41.22,81.85;
67.33,-51.63,82.81;
18.20,-65.75,87.13;
-40.94,-74.78,94.98;
-73.32,-75.75,99.06;
-69.92,-80.70,108.92;
-57.37,-88.53,106.46;
-31.90,-98.61,96.23;
-4.10,-98.75,81.88;
-13.06,-132.92,60.48;
-103.14,-156.75,46.63;
-44.44,-189.95,75.10;
100.80,-208.15,81.67;
182.66,-210.61,21.62;
174.59,-198.35,-8.26;
-52.35,-183.10,31.15;
-1.73,-173.51,42.19;
19.17,-153.43,15.26;
-3.75,-133.50,23.53;
17.03,-115.17,31.48;
-14.59,-86.15,35.38;
-32.50,-65.86,36.97;
-5.31,-38.69,31.04;
-16.91,-15.22,19.90;
-5.25,10.96,19.87;
23.41,39.16,14.45;
23.70,69.24,9.00;
3.96,97.25,6.40;
-16.07,116.05,3.36;
-16.21,132.15,-1.25;
-1.00,149.33,-14.06;
-19.61,161.56,-32.01;
-39.98,185.02,-38.04;
-34.85,192.93,-49.19;
-29.84,208.46,-65.92;
-17.70,228.50,-60.18;
-49.72,213.82,-71.43;
-60.89,168.46,-92.93;
-28.65,127.10,-98.82;
-28.76,98.60,-112.90;
-27.00,85.80,-113.26;
-12.09,85.77,-141.49;
-28.76,91.65,-157.87;
-45.54,92.87,-137.29;
-45.54,91.97,-125.06;
-62.21,89.56,-105.10;
-75.38,87.86,-85.64;
-76.93,80.75,-69.20;
-73.95,67.50,-59.63;
-42.39,49.10,-55.11;
-4.50,27.59,-54.26;
32.97,13.13,-52.79;
88.98,-7.77,-47.61;
130.24,-45.72,-47.78;
133.18,-82.66,-46.10;
168.91,-147.25,-21.34;
207.93,-204.27,-8.76;
198.60,-205.31,-23.55;
57.96,-204.35,35.27;
-61.28,-192.40,52.77;
-105.22,-202.53,82.61;
-172.18,-215.22,29.30;
-59.22,-212.17,34.13;
61.23,-194.95,-43.68;
18.02,-180.50,-42.21;
-19.93,-143.14,-16.33;
37.76,-110.03,-11.40;
44.16,-82.92,-26.01;
64.22,-40.29,-22.18;
88.63,3.18,-1.72;
32.78,33.57,1.38;
0.59,64.79,16.89;
-0.64,97.96,20.46;
8.85,126.49,9.04;
32.78,144.89,-4.04;
60.45,169.24,-27.25;
59.56,196.78,-40.44;
48.57,205.63,-45.87;
21.91,216.72,-48.65;
-15.08,237.73,-35.29;
-31.09,249.48,-24.06;
-23.14,216.44,-27.92;
-50.13,198.76,-3.93;
-38.70,155.27,14.71;
-78.18,110.92,27.21;
-106.97,55.10,57.00;
-74.71,31.02,82.69;
-68.53,14.60,87.96;
-68.04,-3.50,86.97;
-46.36,-31.80,84.20;
-27.03,-55.37,83.84;
-22.24,-69.07,86.81;
-29.58,-82.11,90.37;
-32.28,-100.90,90.32;
-33.02,-112.69,89.09;
-35.44,-123.25,86.74;
-40.28,-121.63,88.26;
27.07,-113.10,104.80;
90.60,-127.56,87.67;
40.10,-123.85,40.74;
-42.36,-117.98,1.21;
10.17,-157.08,78.80;
-34.83,-172.64,55.12;
-14.88,-183.02,21.61;
11.32,-173.40,27.13;
-24.09,-190.98,9.52;
19.21,-158.18,39.27;
28.56,-134.61,34.63;
-28.45,-104.53,25.61;
-47.35,-77.02,45.21;
-67.32,-83.79,19.93;
-0.76,-61.05,4.17;
64.62,-39.02,-8.07;
71.36,-2.29,-32.26;
66.88,26.99,-21.75;
50.01,48.81,-18.29;
26.08,69.33,-12.88;
43.09,88.69,-10.24;
47.40,112.69,-17.16;
56.68,133.77,-17.32;
36.65,148.00,-25.52;
39.30,160.89,-37.81;
27.96,168.69,-52.67;
34.66,188.40,-66.07;
34.10,192.06,-75.95;
17.61,198.76,-94.12;
-0.42,200.61,-101.95;
-25.57,182.17,-109.93;
-41.55,155.01,-123.26;
0.94,135.07,-110.38;
54.46,114.28,-102.81;
70.34,77.57,-79.11;
97.69,26.43,-83.64;
94.69,-0.11,-113.81;
8.34,0.23,-115.39;
-45.67,5.44,-79.87;
-69.93,5.62,-55.39;
-77.99,2.37,-43.48;
-94.70,-2.90,-41.74;
-116.24,-6.32,-39.02;
-128.09,-12.20,-40.64;
-129.02,-18.11,-47.95;
-96.15,-25.59,-52.56;
-49.32,-48.04,-52.04;
-13.06,-88.11,-54.77;
15.12,-126.95,-35.29;
133.76,-215.19,-33.49;
74.24,-246.95,-71.72;
67.03,-208.21,-11.72;
237.43,-200.72,4.78;
102.51,-207.40,5.39;
-193.49,-190.38,45.33;
-136.79,-171.98,65.44;
-6.22,-154.43,14.03;
-23.51,-166.35,-29.42;
-51.67,-134.67,-9.37;
9.36,-112.72,-8.94;
19.99,-76.92,-25.68;
-2.28,-27.40,-26.38;
14.83,8.41,-3.71;
34.68,30.67,-3.14;
19.20,65.53,2.65;
32.59,99.97,14.26;
30.28,125.65,14.57;
17.46,153.56,14.08;
11.47,173.37,12.29;
5.52,185.77,2.97;
-36.45,194.81,-13.43;
-53.87,223.53,-12.24;
-52.53,211.73,-11.71;
-40.22,227.94,-7.83;
9.27,244.99,-10.81;
30.43,197.30,-9.32;
25.59,158.43,28.39;
24.98,95.27,52.74;
53.50,49.56,62.52;
43.88,21.48,78.58;
27.46,10.08,94.94;
44.88,1.53,99.65;
55.62,-13.62,103.41;
48.63,-23.25,104.69;
25.78,-29.63,107.53;
-18.59,-42.52,105.29;
-51.32,-54.69,101.62;
-74.21,-72.49,99.88;
-81.58,-84.63,96.48;
-72.36,-94.73,93.82;
-37.69,-99.08,91.96;
23.27,-108.70,90.68;
49.32,-118.35,83.15;
90.04,-111.21,41.07;
138.08,-106.04,-15.86;
147.29,-173.71,50.58;
102.48,-187.28,34.61;
90.33,-209.91,3.52;
17.56,-179.57,17.65;
30.82,-197.75,-7.69;
45.61,-166.70,20.37;
-17.37,-148.53,4.28;
-86.02,-120.43,25.99;
-83.76,-98.79,45.85;
-112.65,-86.38,57.70;
-79.70,-59.11,68.94;
-41.80,-44.53,52.45;
-42.83,-22.14,29.67;
4.68,3.01,25.97;
32.33,23.47,10.55;
43.84,48.70,2.77;
44.37,73.05,-5.35;
44.94,90.67,-5.51;
58.01,106.17,-6.15;
58.54,120.84,-15.86;
54.48,135.27,-24.00;
45.44,146.31,-31.17;
24.56,164.25,-37.86;
-1.08,188.15,-40.90;
-9.80,183.08,-48.70;
-16.42,189.02,-60.03;
-36.80,181.66,-68.62;
-54.59,155.02,-80.19;
-58.60,141.63,-103.77;
37.40,126.31,-102.91;
31.20,83.88,-85.55;
36.60,42.25,-88.55;
35.33,26.23,-136.74;
-42.89,36.32,-151.25;
-71.44,43.31,-124.50;
-94.48,44.92,-104.87;
-138.80,40.67,-75.31;
-169.75,36.87,-52.73;
-164.62,34.09,-43.75;
-130.18,28.67,-44.36;
-86.42,20.73,-51.06;
-50.89,14.26,-59.43;
-3.22,-5.75,-73.32;
66.60,-15.27,-75.95;
125.26,-67.05,-70.01;
79.47,-101.62,-67.86;
89.04,-144.84,-22.48;
153.79,-222.84,-21.97;
42.01,-261.14,-21.20;
38.89,-205.69,52.28;
70.65,-176.67,8.69;
-68.06,-150.73,33.96;
-221.06,-134.34,76.54;
-34.86,-115.88,50.90;
-161.84,-159.17,-58.94;
58.10,-107.21,30.36;
79.35,-70.23,-1.87;
83.50,-25.56,-42.59;
51.75,27.33,0.86;
60.80,71.82,32.92;
-32.06,95.05,21.59;
-69.44,117.44,26.23;
-12.53,142.57,3.55;
2.27,163.77,-22.68;
-12.60,185.68,-35.34;
-29.20,202.02,-32.53;
-15.44,213.13,-40.42;
-2.47,224.66,-33.22;
24.86,221.18,-19.75;
81.91,178.12,-10.32;
39.87,134.86,1.85;
53.87,102.76,42.43;
34.31,54.09,52.69;
34.08,24.47,64.89;
35.43,18.06,79.50;
3.72,14.14,102.46;
-18.44,0.15,116.57;
-13.75,-24.66,122.28;
-22.44,-43.42,120.63;
-42.36,-60.73,118.39;
-73.55,-81.53,114.11;
-95.28,-98.11,112.31;
-108.70,-104.64,120.74;
-42.71,-114.44,139.62;
15.96,-138.46,118.80;
24.01,-142.70,86.34;
-4.18,-127.14,70.98;
3.14,-118.78,16.36;
3.18,-203.74,48.07;
-128.67,-185.95,49.52;
194.37,-176.99,86.94;
249.30,-168.99,-32.87;
146.56,-167.97,12.83;
34.40,-131.75,16.98;
-25.11,-123.33,31.96;
-42.97,-99.40,45.29;
-48.74,-78.23,49.64;
-58.71,-58.37,46.26;
-38.89,-33.39,37.16;
-43.46,-11.37,25.39;
-45.55,16.12,26.72;
-40.28,40.72,16.05;
-26.25,64.98,13.84;
-8.79,87.21,9.01;
2.49,105.15,3.33;
16.13,126.08,-5.42;
24.25,143.68,-15.46;
25.11,156.41,-23.55;
12.63,169.89,-34.62;
6.34,182.99,-42.21;
-13.54,209.42,-50.07;
-29.78,220.99,-57.29;
-49.28,221.89,-82.77;
-61.06,232.05,-87.16;
-50.96,226.12,-95.63;
11.99,203.54,-136.41;
61.82,109.25,-64.22;
68.28,62.21,-74.68;
95.50,34.86,-121.22;
-47.43,19.97,-139.05;
-122.64,7.05,-100.33;
-99.23,-11.97,-67.14;
-53.40,-33.46,-63.32;
-52.42,-44.53,-54.61;
-77.99,-53.83,-50.19;
-66.42,-66.17,-50.97;
-22.51,-76.27,-55.52;
-1.81,-85.25,-66.70;
1.65,-100.04,-76.91;
-48.31,-130.79,-63.80;
-44.64,-146.18,-35.11;
33.96,-197.37,-16.56;
64.92,-166.37,-53.61;
230.01,-175.07,-27.92;
178.59,-169.86,-67.61;
9.72,-152.61,-20.76;
-192.19,-130.98,15.94;
-229.46,-142.99,47.48;
-130.21,-130.32,40.68;
-44.12,-130.26,1.64;
3.62,-106.73,8.25;
-6.07,-90.38,-10.90;
24.19,-63.28,-3.89;
44.34,-39.27,-9.25;
38.80,-3.54,-9.55;
37.70,32.67,8.52;
37.98,59.19,11.10;
12.53,79.47,13.96;
25.17,96.17,9.33;
55.90,113.60,-6.00;
66.86,127.18,-27.19;
58.13,139.07,-31.45;
28.02,158.25,-33.22;
0.19,179.18,-21.14;
-6.80,173.31,-21.80;
13.09,181.48,-23.19;
29.26,181.30,-15.77;
79.88,165.88,-0.19;
98.53,127.71,36.84;
115.20,91.34,50.69;
157.32,50.89,44.00;
134.53,30.26,39.71;
85.12,25.28,57.58;
69.03,21.97,83.84;
83.55,7.94,106.49;
108.24,-6.49,107.27;
110.94,-8.20,100.49;
95.62,-9.13,103.13;
50.71,-11.22,102.58;
35.29,-18.64,95.61;
-10.09,-17.98,98.68;
-69.81,-33.21,114.40;
-99.72,-61.04,95.44;
-136.56,-86.66,49.16;
-367.40,-133.83,75.24;
-381.60,-169.54,105.81;
-272.82,-182.92,96.49;
-2.15,-178.04,25.53;
82.82,-177.59,-0.82;
200.28,-185.27,-11.64;
286.53,-159.98,-30.00;
92.30,-137.66,-45.74;
-10.30,-114.32,34.63;
-113.63,-87.56,63.65;
-154.89,-87.77,48.31;
-83.00,-70.90,50.23;
-1.51,-53.21,36.52;
1.87,-24.69,18.34;
-10.77,6.46,35.45;
16.04,32.79,30.95;
-19.66,53.13,22.75;
9.56,72.93,16.26;
47.94,93.96,-1.11;
55.59,110.41,-12.53;
81.46,131.01,-24.33;
51.64,141.82,-42.45;
28.19,150.67,-55.02;
25.43,171.53,-65.87;
16.98,182.29,-69.72;
-3.25,184.98,-92.68;
-36.42,199.53,-90.70;
-49.23,210.98,-89.80;
24.20,211.10,-117.29;
76.54,177.79,-100.91;
35.18,97.27,-86.56;
59.23,46.57,-69.87;
89.03,27.89,-94.73;
28.56,19.92,-106.88;
-12.24,18.20,-79.13;
2.74,12.05,-66.27;
44.10,-4.08,-57.78;
27.14,-15.04,-56.67;
-12.48,-18.72,-53.25;
-36.76,-22.34,-47.86;
-40.91,-28.79,-47.32;
-44.86,-37.11,-49.74;
-65.69,-44.87,-51.81;
-102.99,-61.51,-38.94;
-91.89,-90.38,-15.11;
-64.86,-118.61,-7.32;
121.46,-215.10,-33.92;
56.49,-209.01,-63.83;
-4.38,-209.27,2.55;
210.08,-178.37,30.25;
67.88,-167.91,-10.30;
-245.58,-163.56,21.42;
-248.68,-123.77,77.10;
-142.25,-117.39,42.60;
-141.72,-137.02,-35.72;
-17.51,-126.11,-5.87;
55.21,-100.34,3.19;
59.81,-58.40,-11.45;
46.05,-19.66,-13.89;
22.56,7.22,25.24;
41.23,32.17,23.01;
31.40,52.49,13.24;
33.14,78.11,15.70;
40.10,106.32,13.99;
15.06,125.51,4.13;
14.30,138.38,-0.41;
28.46,152.84,-11.81;
13.70,161.15,-35.93;
-1.64,182.08,-46.71;
9.52,183.25,-40.27;
0.83,181.56,-37.63;
13.82,188.17,-14.91;
44.78,173.30,-0.96;
78.80,147.30,4.80;
72.91,122.06,29.19;
84.53,84.55,50.90;
45.53,44.26,59.44;
36.94,12.21,77.18;
53.20,-3.68,93.94;
53.12,-7.16,113.19;
58.68,-10.26,117.30;
72.92,-23.34,106.02;
63.56,-31.86,92.71;
41.01,-36.52,84.52;
0.57,-39.62,89.48;
-7.90,-41.51,91.79;
16.34,-53.75,97.88;
-30.74,-86.29,69.74;
-118.51,-100.18,41.00;
-193.66,-118.49,58.49;
-114.06,-179.62,87.36;
-24.59,-176.46,55.52;
110.19,-185.45,27.73;
179.76,-174.87,-1.13;
40.97,-171.16,17.23;
92.17,-155.10,31.55;
39.21,-132.08,13.06;
-57.03,-115.01,27.21;
-63.31,-92.66,43.97;
-50.77,-63.88,47.41;
-74.19,-33.19,43.04;
-61.46,-5.86,27.35;
-33.81,25.44,14.54;
-23.67,59.30,14.58;
-9.70,87.68,11.15;
10.69,105.99,2.63;
33.94,117.37,-5.90;
63.62,126.26,-20.61;
59.35,134.90,-36.90;
35.35,143.97,-52.74;
-7.25,167.86,-56.50;
-19.26,181.83,-51.03;
-36.06,181.01,-69.83;
-43.70,192.26,-73.72;
-44.42,196.00,-78.58;
57.78,181.73,-109.97;
74.83,125.79,-88.22;
47.35,81.47,-102.84;
92.45,49.19,-126.87;
20.72,43.12,-139.19;
-74.56,48.98,-111.89;
-101.61,42.93,-79.05;
-77.76,27.54,-59.60;
-61.09,16.32,-52.82;
-60.54,9.16,-48.85;
-60.83,0.12,-45.31;
-41.89,-11.37,-46.09;
-34.97,-29.22,-52.97;
-36.79,-41.21,-56.53;
-27.02,-63.25,-48.87;
-47.00,-105.92,-34.18;
-30.48,-132.15,-23.64;
90.56,-183.13,-8.87;
72.94,-236.41,-48.93;
197.41,-221.07,-37.95;
166.28,-195.11,13.09;
159.49,-188.90,14.26;
-98.39,-180.78,2.74;
-207.61,-149.19,55.33;
-93.08,-125.69,42.49;
-57.99,-115.97,16.02;
-83.87,-161.77,-27.03;
15.35,-110.03,17.87;
13.62,-77.56,-10.90;
22.08,-36.26,-27.02;
16.86,6.61,-14.84;
29.17,43.65,-5.05;
4.59,74.02,-7.87;
3.23,99.07,-6.30;
23.11,122.03,-19.37;
33.58,140.26,-37.03;
29.38,149.12,-45.71;
21.20,167.88,-52.36;
32.69,179.18,-38.52;
28.40,183.36,-34.97;
43.84,192.37,-20.93;
43.72,182.98,-7.37;
10.62,154.00,0.16;
20.88,126.75,43.87;
23.58,102.41,72.19;
15.12,69.89,80.23;
27.15,58.44,98.63;
57.84,55.07,132.14;
80.69,51.48,117.79;
100.98,44.58,99.59;
115.24,32.64,84.29;
88.72,21.51,77.15;
45.52,13.76,80.75;
-11.06,5.45,87.07;
-45.14,-5.65,91.91;
-80.62,-11.57,94.49;
-109.57,-21.36,95.62;
-102.56,-46.14,117.42;
-103.02,-88.40,108.29;
-81.37,-113.13,56.49;
-150.89,-157.34,54.05;
-107.05,-207.75,43.29;
18.59,-191.82,22.11;
97.82,-180.58,27.79;
110.43,-194.04,-9.31;
237.76,-181.30,-15.89;
231.41,-173.37,-42.33;
112.51,-147.27,-11.28;
-9.81,-115.19,20.95;
-11.58,-88.14,41.44;
-80.73,-55.27,59.18;
-139.61,-25.66,66.42;
-138.60,-5.45,54.34;
-91.60,19.22,43.44;
-38.67,44.03,24.69;
7.01,62.72,4.08;
39.35,82.63,-4.93;
65.23,105.44,-12.55;
71.58,125.30,-23.55;
56.34,138.75,-33.80;
7.04,155.16,-43.49;
-24.56,177.28,-46.21;
-36.25,199.21,-44.45;
-64.79,199.15,-64.96;
-99.93,209.70,-76.50;
-105.14,207.88,-79.75;
-79.92,196.20,-108.26;
4.39,130.44,-114.82;
24.62,78.73,-75.46;
117.15,35.70,-94.73;
76.71,3.10,-146.97;
-17.20,-2.32,-134.21;
-36.12,-6.03,-103.68;
-32.28,-17.97,-78.67;
-52.79,-30.37,-63.46;
-80.27,-38.78,-60.16;
-97.64,-46.63,-50.56;
-91.54,-56.85,-46.81;
-68.70,-65.07,-52.44;
-36.97,-70.75,-62.01;
-15.37,-76.69,-67.78;
5.59,-79.05,-77.66;
10.11,-86.26,-73.93;
3.64,-103.21,-58.06;
57.98,-149.66,-37.26;
76.49,-199.94,-34.22;
76.65,-244.73,-13.69;
190.07,-216.32,-10.50;
284.51,-213.19,-27.63;
9.20,-185.91,-13.46;
-251.80,-170.50,55.42;
-172.51,-135.16,48.58;
-59.66,-128.90,21.70;
-58.77,-101.60,5.36;
-57.66,-66.08,3.55;
-19.54,-43.53,-6.81;
24.11,-7.97,-10.91;
72.74,29.25,-19.16;
68.17,53.66,-15.90;
53.12,79.85,-4.45;
38.69,101.50,1.81;
32.89,115.42,-5.31;
57.01,127.97,-22.90;
67.73,142.26,-38.27;
53.40,168.29,-33.13;
35.70,165.05,-27.63;
22.62,181.21,-16.76;
51.15,177.05,-2.71;
49.56,156.26,-6.47;
18.17,137.94,5.21;
-23.23,118.21,40.48;
-66.06,103.57,63.16;
-108.01,96.90,79.30;
-107.44,98.11,136.22;
-28.94,94.05,162.08;
-34.06,85.15,119.07;
-38.28,68.21,92.40;
-27.86,54.54,91.88;
21.27,45.39,93.70;
109.35,27.51,85.15;
159.56,21.22,80.29;
156.74,-3.17,87.03;
61.47,-24.95,102.08;
-13.17,-69.48,83.76;
-190.89,-104.88,91.81;
-296.27,-154.23,115.01;
-277.69,-208.17,82.46;
-15.37,-158.79,54.69;
3.40,-174.46,19.30;
252.04,-176.15,-19.32;
202.10,-189.82,-67.97;
97.30,-153.86,0.23;
-22.35,-136.15,22.71;
-65.63,-124.55,23.39;
-46.93,-100.78,26.42;
-39.06,-75.59,22.34;
-64.02,-52.04,30.75;
-77.25,-27.79,48.80;
-50.99,-2.59,52.08;
-39.58,11.60,37.36;
-47.35,17.94,33.84;
-18.50,22.61,19.09;
15.17,34.26,3.06;
44.63,47.96,-8.84;
51.23,58.26,-13.92;
42.04,70.09,-13.23;
26.30,81.80,-9.22;
8.92,89.88,-6.67;
-12.67,96.73,-2.91;
-18.97,103.57,0.02;
-15.09,108.81,-2.61;
-4.59,111.57,-9.52;
-1.22,111.91,-18.30;
7.81,109.85,-23.78;
16.59,106.98,-28.21;
7.56,102.06,-33.17;
-4.73,95.15,-31.64;
4.30,87.94,-26.18;
7.00,77.25,-22.70;
-0.41,66.52,-19.34;
-19.15,67.51,-14.71;
-21.26,80.12,-4.48;
-4.77,46.61,-7.13;
-6.35,28.87,-6.24;
4.49,7.22,-3.46;
13.47,-12.46,-13.58;
21.93,-23.77,-13.61;
21.50,-30.64,-5.54;
21.12,-32.79,-2.12;
26.77,-34.92,2.83;
42.68,-32.69,0.54;
30.45,-28.59,-1.03;
22.71,-18.49,0.72;
11.18,-11.46,-0.91;
-3.73,-3.48,0.61;
-18.33,1.15,2.84;
-24.89,3.53,3.70;
-24.60,5.22,4.07;
-24.68,4.50,3.84;
-15.95,2.32,2.95;
-7.22,-0.08,2.86;
0.91,-3.33,3.36;
0.62,-6.29,4.13;
-5.12,-9.37,5.19;
-0.60,-13.42,8.22;
-0.31,-17.39,11.06;
-8.89,-22.38,9.04;
-3.51,-30.18,5.59;
0.10,-39.66,3.18;
35.99,-49.48,2.28;
50.59,-54.81,4.42;
52.39,-61.33,1.27;
35.09,-69.11,1.65;
10.05,-76.24,4.28;
-0.68,-82.55,13.59;
3.96,-86.37,18.23;
5.21,-91.36,14.16;
11.94,-96.58,9.67;
37.81,-98.85,8.97;
38.31,-100.40,3.96;
32.54,-98.73,3.23;
26.14,-93.86,5.96;
33.23,-79.40,7.87;
36.97,-64.78,12.28;
22.07,-46.34,9.78;
-1.31,-26.61,12.25;
-6.41,-7.24,13.55;
-11.28,13.18,5.58;
-8.83,36.73,5.07;
5.99,56.75,-1.80;
21.23,75.22,-3.81;
29.87,93.54,-13.29;
34.86,109.80,-22.96;
17.70,122.14,-33.11;
10.89,139.92,-42.62;
18.78,156.18,-49.75;
5.50,165.94,-68.71;
-5.23,174.66,-81.34;
-9.96,180.99,-84.90;
-10.96,173.50,-90.99;
-30.79,153.51,-118.84;
-16.42,143.91,-100.56;
57.17,98.09,-95.58;
59.09,55.50,-84.21;
114.02,10.57,-100.22;
72.10,-20.21,-143.14;
-17.96,-23.56,-130.24;
-58.54,-28.47,-82.41;
-78.56,-33.66,-59.39;
-117.96,-37.10,-38.00;
-128.51,-37.91,-29.13;
-111.47,-40.67,-27.86;
-81.75,-46.18,-34.70;
-64.07,-52.82,-40.35;
-32.24,-61.74,-39.78;
-35.57,-81.19,-43.74;
-10.54,-88.85,-49.77;
3.49,-92.21,-57.45;
-19.98,-98.46,-47.37;
-82.50,-156.82,-13.92;
144.08,-250.23,15.03;
14.22,-249.46,-8.55;
195.00,-220.18,-11.61;
293.62,-204.73,-49.86;
102.10,-179.25,-35.40;
-176.31,-152.78,28.10;
-95.99,-118.15,32.31;
-38.65,-90.79,11.36;
-58.82,-70.11,3.76;
-109.15,-41.22,10.45;
-72.83,-16.99,3.94;
-39.51,-9.34,-31.92;
91.72,16.73,-15.77;
108.51,49.27,-27.86;
81.76,85.31,-22.50;
53.23,113.54,2.46;
20.86,129.56,1.90;
-11.75,147.04,-2.56;
-2.36,164.38,-13.98;
-1.87,193.77,-19.55;
-15.47,195.10,-21.77;
-27.47,217.16,-16.12;
-21.98,233.83,-9.84;
13.14,226.57,-13.22;
-4.47,177.74,28.31;
-29.34,133.05,66.81;
5.58,100.60,89.48;
-24.86,53.15,94.86;
-53.54,27.57,100.72;
-52.06,16.52,109.36;
-42.38,2.44,118.25;
-7.35,-19.46,126.45;
8.57,-39.86,129.91;
11.62,-49.11,134.02;
-1.05,-65.92,130.87;
-23.05,-80.20,121.23;
-37.03,-85.98,122.05;
-38.53,-92.21,122.32;
-10.62,-99.75,114.87;
10.10,-116.38,105.36;
-2.88,-125.53,92.11;
-21.25,-112.85,59.41;
-23.54,-105.66,1.56;
-16.54,-117.62,1.09;
-108.50,-165.40,50.13;
-74.30,-180.61,27.81;
203.12,-170.06,22.97;
137.47,-153.14,-37.35;
89.99,-155.36,-4.35;
2.42,-121.57,23.52;
-35.84,-105.65,45.47;
-36.70,-84.46,68.58;
-78.04,-63.25,76.61;
-74.28,-47.79,69.73;
-50.47,-26.01,48.13;
-23.34,-1.51,29.94;
-23.23,23.07,14.26;
-10.71,50.08,13.79;
6.95,73.65,10.25;
13.58,93.27,3.29;
26.28,108.75,0.81;
48.30,120.32,-11.13;
77.91,134.46,-17.22;
68.69,145.88,-28.96;
28.14,164.02,-33.29;
-4.59,185.05,-31.05;
-28.39,211.77,-29.03;
-55.03,208.64,-52.47;
-63.54,213.41,-69.28;
-55.03,216.28,-90.88;
20.33,196.25,-96.47;
34.82,118.78,-65.32;
60.71,73.33,-100.48;
77.50,44.75,-141.31;
-68.93,36.37,-174.71;
-109.05,35.34,-113.61;
-109.84,20.69,-95.71;
-113.66,8.02,-69.23;
-144.24,2.28,-50.52;
-134.64,-4.24,-44.91;
-91.51,-13.10,-49.03;
-34.54,-26.38,-60.48;
-5.37,-38.63,-68.21;
-3.78,-48.81,-73.97;
-9.23,-59.50,-76.22;
-26.83,-73.34,-74.87;
-36.31,-97.85,-64.24;
-49.55,-125.95,-54.61;
-31.63,-147.60,-38.94;
39.49,-219.51,-47.71;
3.40,-191.27,-9.14;
263.59,-200.44,-9.32;
351.61,-189.54,-62.16;
247.93,-178.17,-40.21;
-81.73,-172.66,17.06;
-111.40,-157.50,50.39;
-107.20,-137.33,58.03;
-108.42,-101.21,69.19;
-120.04,-78.30,70.36;
-64.24,-59.48,51.90;
-50.41,-48.64,15.70;
22.51,-28.58,19.71;
55.62,7.89,5.45;
56.05,40.69,-6.22;
51.67,75.41,4.20;
41.70,95.62,-3.40;
29.43,114.34,-3.52;
47.91,133.63,-15.40;
45.87,150.37,-29.97;
44.36,174.31,-32.64;
33.65,186.49,-36.85;
12.33,192.29,-44.64;
-9.80,204.02,-35.95;
-8.65,213.34,-23.19;
32.49,214.69,-15.92;
28.60,173.70,1.94;
-10.25,123.85,12.34;
-12.77,75.39,43.33;
3.43,34.23,60.87;
17.58,15.50,79.15;
50.24,7.77,78.36;
98.22,-5.37,71.44;
127.56,-15.83,67.29;
126.36,-22.58,66.57;
95.76,-30.93,67.94;
55.23,-35.59,69.94;
40.04,-39.07,74.57;
28.34,-39.21,67.97;
3.09,-37.66,66.78;
-9.98,-44.43,77.13;
-47.51,-55.65,75.18;
8.60,-141.30,32.23;
-242.51,-216.47,38.05;
-219.55,-185.82,104.36;
60.19,-166.79,79.97;
217.65,-162.81,9.48;
153.75,-159.45,22.92;
78.51,-149.79,5.12;
-19.67,-151.57,-9.05;
-2.89,-144.40,31.21;
27.17,-131.25,37.84;
-17.72,-117.94,31.06;
-47.11,-94.85,45.79;
-11.95,-80.06,45.27;
0.62,-62.37,35.44;
3.17,-39.27,38.19;
5.35,-18.53,36.61;
-11.86,7.57,37.13;
-1.90,31.31,40.40;
14.54,54.02,30.71;
0.33,71.31,22.58;
-17.17,90.57,17.52;
-20.83,110.12,14.02;
-22.59,122.72,8.00;
-8.38,137.19,-3.23;
9.87,146.69,-23.49;
14.66,153.05,-50.50;
16.14,157.24,-76.04;
7.65,183.15,-75.37;
-8.44,165.62,-82.48;
-32.36,164.23,-93.08;
-24.57,162.78,-107.11;
45.62,119.47,-109.20;
43.18,53.79,-110.35;
43.52,33.56,-108.04;
68.89,29.77,-100.35;
45.55,42.64,-125.93;
22.89,55.57,-116.88;
9.18,56.02,-85.95;
-25.96,46.14,-64.65;
-51.66,40.78,-51.93;
-17.60,29.28,-53.46;
6.27,14.18,-69.22;
-1.18,-2.75,-78.39;
-19.02,-23.04,-69.51;
-50.24,-40.37,-56.15;
-85.40,-61.63,-28.65;
-14.07,-119.43,-7.28;
-43.69,-232.53,-7.92;
28.53,-248.95,-46.12;
71.30,-231.36,24.84;
235.20,-196.66,-10.81;
21.23,-183.79,2.29;
-235.15,-188.67,45.53;
-33.89,-149.17,40.08;
28.68,-130.85,-5.93;
-35.44,-118.99,-2.52;
-34.47,-84.38,5.30;
-15.29,-50.70,-0.73;
3.85,-18.61,-7.69;
33.07,18.66,-9.06;
54.80,50.92,-15.17;
48.49,75.59,-11.48;
39.93,100.72,-4.76;
31.93,120.69,-1.17;
23.90,138.60,-3.75;
15.11,151.80,-10.79;
-3.05,171.41,-15.39;
-7.32,177.42,-10.24;
-17.15,186.06,-12.74;
-20.44,191.57,-5.11;
-6.07,187.34,3.99;
-10.68,168.37,7.91;
-44.74,133.66,32.77;
-43.43,99.65,70.39;
-37.66,71.13,70.55;
-50.80,50.92,83.52;
-38.73,48.14,99.06;
-25.35,35.13,98.22;
4.16,15.28,88.66;
25.90,-3.62,86.32;
10.62,-20.98,80.39;
-4.47,-31.85,80.29;
-2.59,-47.48,82.71;
29.32,-60.06,83.55;
35.40,-73.19,74.75;
24.98,-92.63,60.81;
-78.15,-99.37,48.55;
-128.28,-140.56,44.22;
-90.57,-176.11,71.74;
-74.91,-168.04,60.25;
150.33,-182.06,42.69;
127.56,-180.46,-13.84;
122.54,-170.26,33.56;
143.41,-174.46,-11.81;
78.08,-152.12,0.42;
-10.86,-135.39,27.99;
-47.22,-113.74,44.77;
-90.33,-93.65,50.60;
-73.52,-72.41,48.45;
-64.59,-57.62,35.26;
-46.83,-35.25,21.87;
-32.22,-13.40,19.90;
-12.83,16.15,17.93;
5.91,44.93,13.79;
21.32,65.39,10.28;
14.66,88.78,6.60;
4.60,108.90,1.64;
16.98,125.45,-4.26;
39.01,139.05,-14.38;
39.78,149.16,-29.48;
30.10,160.43,-44.36;
10.85,175.60,-55.00;
-3.75,198.50,-55.57;
-14.60,191.21,-74.50;
-21.52,195.31,-79.86;
-6.48,189.48,-82.77;
15.04,163.71,-106.53;
57.65,118.31,-112.48;
39.18,78.40,-81.45;
65.14,42.44,-77.28;
44.33,5.02,-108.82;
-24.68,-7.54,-123.39;
-45.73,-13.83,-93.23;
-61.02,-19.94,-72.42;
-79.29,-26.78,-63.63;
-101.09,-36.20,-49.95;
-120.44,-43.97,-46.33;
-116.54,-53.48,-42.96;
-91.73,-63.33,-44.39;
-69.78,-78.14,-49.13;
-87.55,-126.20,-55.39;
-65.73,-130.43,-47.29;
-13.46,-147.71,-34.03;
52.56,-178.99,-40.45;
105.00,-192.30,-51.11;
275.73,-193.37,-19.81;
245.61,-193.48,0.11;
227.24,-184.38,-20.99;
49.96,-166.75,-29.58;
-126.68,-139.28,30.68;
-116.83,-116.43,40.34;
-86.89,-93.08,27.79;
-92.67,-71.50,-0.12;
-167.84,-116.88,-57.46;
95.94,-65.42,4.58;
57.93,-30.59,-31.86;
55.33,23.04,-30.30;
53.03,55.37,12.42;
29.78,79.92,18.31;
0.20,99.65,34.20;
31.04,117.30,26.11;
42.17,130.09,11.21;
39.88,141.86,1.30;
28.60,152.20,-4.90;
14.16,169.62,-13.89;
14.25,173.13,-23.16;
9.76,182.05,-29.69;
4.30,187.15,-18.44;
7.55,175.96,-11.05;
-26.01,152.64,-4.50;
-51.17,134.20,19.09;
-52.47,109.13,37.97;
-58.50,79.65,51.09;
-23.95,63.37,80.36;
15.26,55.45,89.24;
64.57,38.60,80.92;
88.10,18.76,67.99;
89.12,9.62,61.56;
84.69,0.17,64.34;
62.72,-11.05,75.76;
48.07,-28.58,72.16;
21.04,-42.08,67.38;
-21.20,-53.85,75.62;
-43.12,-76.03,101.44;
-88.89,-93.56,102.37;
-124.83,-139.25,65.30;
-111.22,-198.29,75.39;
-55.92,-174.98,85.10;
59.36,-178.43,50.65;
106.05,-168.06,29.62;
13.61,-170.43,34.10;
121.30,-174.92,-3.06;
117.35,-158.73,-21.55;
99.12,-137.27,2.23;
53.17,-117.14,19.97;
-22.93,-82.98,43.00;
-29.43,-52.87,52.43;
-42.94,-32.58,37.87;
-48.38,-10.23,35.78;
-19.64,20.14,31.88;
4.13,42.47,14.69;
-0.01,66.02,8.57;
21.50,89.76,2.46;
30.43,109.51,-12.56;
26.56,124.79,-29.52;
13.24,134.18,-43.90;
11.21,148.15,-61.35;
18.31,169.51,-78.93;
18.91,186.89,-85.51;
0.72,201.02,-101.83;
-24.91,217.36,-102.50;
-55.67,228.99,-104.50;
-24.82,232.37,-116.39;
-29.47,157.39,-112.99;
-62.21,107.22,-99.39;
23.75,75.31,-96.15;
34.57,62.70,-148.09;
-0.68,57.19,-131.43;
-24.50,40.79,-93.34;
-65.12,16.23,-56.91;
-92.30,-4.12,-36.18;
-81.25,-21.21,-31.10;
-51.44,-42.41,-34.18;
-23.67,-60.99,-42.93;
-11.43,-77.72,-50.04;
-32.73,-88.75,-51.60;
-53.52,-103.05,-44.12;
-61.86,-124.73,-31.29;
-65.29,-150.93,-21.45;
-8.25,-191.48,5.53;
153.59,-188.01,-7.25;
291.20,-191.74,-24.79;
308.63,-232.90,-70.61;
68.02,-213.14,-37.84;
73.38,-190.70,40.37;
-130.91,-169.59,16.13;
-94.41,-171.24,40.49;
-85.22,-148.26,14.40;
-47.22,-129.65,6.81;
-49.67,-107.77,-7.57;
-19.99,-74.63,-2.68;
-4.54,-46.24,-6.04;
9.33,-17.37,-9.52;
33.87,17.27,-16.22;
55.04,44.55,-14.59;
40.40,78.58,-6.61;
21.09,107.89,8.26;
25.01,126.92,9.99;
37.50,146.72,-0.15;
43.88,162.41,-16.61;
38.89,179.18,-31.34;
21.44,208.93,-35.08;
2.78,210.08,-28.99;
-10.74,225.79,-23.14;
-14.88,230.83,-12.41;
47.53,212.23,-4.81;
25.01,168.54,0.36;
11.00,137.45,16.74;
10.62,95.53,38.66;
-9.14,58.52,46.00;
-32.10,43.66,62.16;
-43.96,37.16,76.80;
-29.80,23.62,88.07;
-8.21,3.97,92.77;
-10.54,-12.26,92.74;
-25.32,-24.49,91.52;
-42.99,-36.50,92.95;
-45.72,-47.27,92.74;
-29.98,-59.11,96.08;
-22.41,-70.72,90.71;
-7.96,-77.08,80.57;
10.42,-90.78,94.00;
1.47,-99.39,106.48;
-37.89,-110.06,78.17;
-88.19,-163.80,67.59;
-110.56,-181.11,124.17;
36.89,-200.40,57.27;
71.14,-161.69,9.36;
-69.00,-169.85,40.89;
73.01,-156.34,18.61;
53.84,-161.01,-17.49;
41.03,-134.88,1.79;
54.40,-116.56,7.23;
19.94,-90.23,11.71;
0.37,-63.21,19.29;
-15.81,-41.95,12.03;
-38.33,-21.22,3.87;
-22.28,0.72,9.03;
-12.04,23.21,-1.32;
-3.99,47.41,-2.87;
5.03,69.12,-9.81;
-3.22,91.12,-16.07;
0.46,108.47,-17.13;
22.49,121.70,-17.10;
51.88,135.07,-26.93;
64.71,147.79,-42.73;
49.44,157.68,-54.91;
35.84,176.63,-61.71;
21.07,201.79,-65.93;
-6.42,203.01,-72.88;
-42.24,208.70,-88.19;
-71.58,214.44,-86.42;
-71.80,202.38,-93.45;
2.20,176.37,-110.38;
7.30,103.60,-97.95;
29.94,50.90,-75.05;
42.65,14.87,-91.16;
-38.15,-5.89,-105.35;
-94.51,-12.73,-78.04;
-98.57,-23.05,-60.53;
-86.83,-38.38,-40.44;
-91.09,-51.21,-30.27;
-87.12,-60.96,-25.69;
-63.95,-71.34,-25.60;
-41.03,-81.42,-34.99;
-15.29,-88.55,-42.38;
-2.53,-98.47,-45.97;
4.88,-114.27,-49.26;
1.14,-125.37,-36.09;
67.29,-167.30,-17.98;
-12.79,-205.36,-43.03;
142.01,-202.29,-26.55;
134.53,-184.66,-10.06;
194.30,-190.11,-13.25;
95.30,-179.75,3.12;
-176.91,-161.79,33.03;
-91.83,-139.40,52.02;
-24.41,-132.95,1.76;
-36.19,-99.80,5.47;
-41.41,-73.40,5.12;
-24.80,-46.70,-0.27;
7.20,-24.40,-21.95;
61.26,5.82,-17.97;
89.46,34.86,-26.62;
96.63,66.12,-28.68;
85.41,90.86,-18.10;
64.45,105.33,-12.90;
48.54,121.12,-11.28;
42.25,132.25,-16.59;
27.01,146.18,-22.07;
9.58,168.84,-21.25;
-1.87,165.65,-23.71;
-8.73,184.20,-22.73;
13.29,188.25,-13.28;
19.93,170.40,-24.21;
-17.47,141.99,-30.62;
-28.19,125.70,10.71;
-19.72,99.45,48.11;
-25.57,74.95,61.01;
-13.49,71.63,90.51;
38.46,69.08,109.87;
98.40,59.57,104.19;
122.45,46.14,89.32;
113.78,39.65,82.07;
40.51,27.99,77.61;
-28.99,10.23,82.46;
-39.29,0.43,95.44;
-46.48,-14.92,80.80;
-66.10,-20.43,73.26;
-83.54,-43.14,94.52;
-69.86,-77.46,84.65;
-40.41,-113.60,21.97;
-68.60,-153.11,29.56;
-8.85,-220.00,62.19;
197.90,-182.53,22.65;
255.96,-175.11,0.66;
72.25,-187.31,-6.07;
44.62,-161.51,39.23;
22.28,-163.86,17.24;
0.57,-144.14,38.02;
-55.17,-123.08,48.80;
-70.31,-106.46,41.85;
-70.60,-93.39,37.06;
-55.06,-71.63,32.40;
-63.14,-56.09,12.98;
-29.23,-37.31,9.07;
5.24,-17.28,2.84;
15.81,11.01,-6.09;
12.95,39.60,-3.74;
14.08,59.41,-6.01;
7.21,81.71,-6.04;
6.43,101.21,-7.52;
5.12,119.08,-10.94;
14.40,134.79,-12.32;
41.17,148.34,-17.20;
37.46,161.30,-30.12;
19.46,177.13,-39.92;
3.69,201.88,-46.93;
-17.95,198.44,-61.61;
-38.30,200.38,-78.68;
-66.86,212.58,-74.03;
-22.80,201.99,-78.06;
6.95,157.34,-92.18;
11.11,89.63,-73.45;
19.58,48.02,-75.05;
-37.80,26.18,-98.93;
-102.89,11.68,-84.03;
-130.22,-5.94,-58.65;
-111.80,-21.36,-47.19;
-100.18,-34.85,-32.45;
-88.04,-43.62,-29.57;
-52.04,-47.80,-32.56;
-12.31,-56.81,-36.48;
5.23,-66.27,-49.58;
1.69,-68.69,-54.38;
-1.31,-65.04,-51.29;
12.48,-77.08,-47.51;
7.29,-102.56,-50.10;
-52.65,-137.75,-56.61;
-55.28,-209.71,8.02;
127.44,-207.80,8.81;
345.85,-209.45,-12.01;
260.95,-181.74,-42.90;
-108.04,-169.11,53.01;
-146.51,-143.57,84.31;
-156.96,-136.59,44.43;
-105.70,-110.81,55.85;
-74.44,-106.26,19.73;
-57.25,-88.53,-3.34;
-8.86,-70.04,-13.75;
44.24,-42.20,-26.70;
53.58,-6.73,-25.00;
52.88,19.73,-12.96;
20.34,41.79,-9.16;
15.70,65.88,0.17;
25.41,83.33,-0.04;
29.62,103.54,-4.16;
30.77,117.85,-8.53;
33.72,128.11,-12.22;
21.94,138.90,-19.51;
2.72,150.46,-25.69;
-9.09,174.38,-26.48;
-7.92,166.38,-27.89;
-5.40,174.43,-25.69;
-6.67,176.66,-20.35;
9.88,208.21,18.60;
-14.67,117.57,10.78;
-59.60,102.81,37.04;
-66.83,84.49,62.17;
-39.75,67.05,98.36;
-1.63,39.79,110.92;
6.83,14.03,102.22;
37.30,-11.82,92.77;
63.85,-33.39,90.54;
74.24,-45.13,88.25;
87.30,-58.09,82.54;
76.40,-68.67,71.67;
37.40,-70.69,74.20;
9.98,-74.11,84.39;
-40.15,-86.15,101.74;
-68.82,-94.85,66.81;
-94.48,-124.85,35.18;
-79.31,-195.48,47.50;
31.14,-179.97,39.42;
155.33,-161.42,-5.29;
183.14,-143.16,-22.59;
153.49,-142.88,-8.48;
35.75,-134.41,-17.90;
-4.01,-115.62,-1.86;
14.31,-98.21,13.26;
4.83,-70.50,16.10;
-31.11,-46.98,13.21;
-21.70,-17.98,9.88;
-2.21,17.83,7.26;
-21.46,54.52,12.80;
-32.35,79.39,17.23;
-34.02,105.22,15.32;
-33.22,128.17,12.86;
-29.20,145.42,10.32;
-26.10,164.83,-0.36;
-50.09,174.54,-10.87;
-70.99,182.38,-23.90;
-87.81,202.57,-39.42;
-100.94,206.79,-68.76;
-32.42,218.02,-108.30;
43.78,197.91,-91.64;
-31.26,132.81,-74.64;
25.47,74.14,-80.99;
66.75,51.85,-124.82;
6.40,36.40,-126.50;
-72.30,18.17,-101.19;
-105.23,-4.88,-77.02;
-111.58,-22.50,-63.16;
-135.02,-37.71,-51.89;
-144.09,-44.56,-42.74;
-122.59,-51.08,-36.56;
-78.57,-60.01,-39.60;
-43.35,-68.64,-48.82;
-19.29,-75.92,-54.62;
19.46,-87.28,-57.35;
34.56,-94.11,-66.94;
33.40,-113.82,-54.99;
81.41,-137.46,-33.19;
21.69,-207.66,-43.42;
149.76,-156.98,-1.23;
134.16,-181.36,13.15;
-12.59,-171.59,3.21;
35.41,-164.09,44.17;
-161.06,-154.17,45.81;
-82.41,-147.21,59.44;
-53.12,-133.07,42.51;
-93.51,-100.20,48.97;
-97.03,-93.30,27.01;
-46.33,-83.34,6.14;
27.49,-59.28,-2.59;
59.73,-31.54,-18.27;
63.01,4.78,-24.24;
45.76,35.19,-3.40;
23.81,51.85,0.43;
0.65,70.47,7.53;
16.78,90.23,5.24;
30.27,101.66,-3.77;
51.73,115.13,-16.81;
52.04,125.73,-32.24;
29.20,134.34,-44.56;
6.53,148.02,-52.68;
6.65,158.72,-44.32;
13.78,157.86,-40.24;
26.20,162.67,-29.39;
51.73,152.83,-33.98;
-14.18,122.46,-26.18;
-41.06,112.67,20.14;
-17.86,90.83,54.78;
-54.57,70.08,65.73;
-77.34,65.28,83.29;
-62.47,61.85,114.89;
-39.66,51.92,135.03;
5.67,36.93,138.07;
74.34,27.70,130.10;
120.17,17.47,92.11;
134.56,4.31,76.89;
129.69,-6.50,70.46;
159.99,-21.01,64.94;
119.96,-29.62,58.46;
68.19,-30.14,73.76;
34.10,-62.24,109.26;
-33.66,-140.95,64.32;
-218.89,-213.77,36.90;
-172.09,-180.44,115.93;
-5.43,-159.25,23.04;
24.92,-165.60,36.71;
149.35,-175.22,3.94;
223.20,-165.07,-67.63;
203.99,-133.30,-47.83;
93.70,-112.34,-29.87;
55.58,-76.88,1.18;
4.48,-41.08,22.37;
-18.91,-8.20,21.85;
-22.27,12.70,12.87;
-26.02,40.09,3.64;
-13.84,65.82,0.32;
2.57,85.88,-3.34;
3.56,106.00,-8.73;
-6.31,120.37,-14.99;
5.67,132.61,-26.42;
2.05,143.60,-38.44;
-14.56,161.16,-44.56;
-37.17,168.57,-45.86;
-66.77,173.51,-53.14;
-109.43,179.30,-60.10;
-143.57,182.08,-65.37;
-113.99,205.86,-70.67;
-68.31,103.68,-72.58;
-68.86,37.01,-63.31;
-66.59,18.69,-92.45;
-42.60,16.76,-106.06;
-7.23,-2.37,-103.72;
-21.60,-24.67,-107.46;
-56.54,-37.65,-83.84;
-94.57,-45.98,-56.44;
-87.25,-49.71,-53.84;
-61.80,-53.57,-64.94;
-38.24,-60.37,-74.91;
-45.02,-66.47,-81.19;
-85.67,-79.46,-69.35;
-115.35,-94.55,-59.00;
-115.96,-118.52,-34.64;
-77.70,-233.77,-33.89;
-54.22,-170.49,12.74;
271.64,-169.51,58.28;
231.18,-141.85,-15.10;
38.74,-120.92,53.82;
-179.29,-112.12,77.61;
-271.35,-152.04,3.99;
-44.41,-154.46,51.21;
23.64,-126.18,13.26;
51.69,-87.51,-23.66;
-11.51,-50.47,-22.15;
-35.32,-19.95,8.69;
14.94,10.67,13.61;
31.38,30.81,-16.90;
34.77,54.66,-13.28;
18.27,82.18,-2.61;
-8.33,104.00,0.23;
-20.01,124.46,-0.77;
-13.95,144.50,-3.64;
-22.67,157.24,-13.97;
-42.73,172.61,-22.79;
-53.03,193.57,-17.42;
-53.61,186.92,-12.61;
-53.14,192.66,-10.00;
-45.06,197.80,-3.22;
47.01,183.50,-0.30;
84.31,139.63,8.84;
109.70,96.11,37.32;
161.47,37.21,48.80;
176.89,0.58,50.94;
161.27,-7.65,75.85;
147.82,-22.00,101.71;
192.14,-35.82,110.19;
215.32,-38.21,102.40;
211.99,-37.80,94.36;
172.30,-37.66,83.71;
127.07,-39.53,75.50;
51.24,-44.08,75.61;
-7.83,-48.46,87.55;
-31.78,-57.40,94.13;
-37.66,-106.00,101.33;
-170.94,-182.61,42.29;
-169.83,-192.03,41.09;
-47.18,-150.23,104.97;
206.74,-129.33,12.95;
99.23,-152.37,20.69;
109.72,-156.29,-15.78;
97.43,-146.14,-33.98;
51.85,-123.85,-2.01;
25.35,-104.66,19.36;
-16.99,-76.04,38.32;
-72.99,-58.95,43.29;
-82.45,-47.04,34.26;
-36.67,-30.47,25.76;
10.51,-8.66,15.55;
13.58,13.80,7.09;
7.96,34.09,5.15;
9.87,50.61,2.48;
12.72,63.36,-5.69;
23.79,73.92,-13.55;
32.66,82.46,-20.12;
32.42,92.02,-27.16;
27.09,99.13,-32.21;
22.88,103.89,-35.42;
21.35,110.49,-38.06;
13.26,117.05,-40.12;
4.14,123.80,-38.61;
-5.14,129.65,-33.57;
-12.97,132.28,-31.25;
-19.05,132.08,-29.61;
-21.96,131.36,-26.85;
-17.99,127.94,-24.93;
-21.41,122.20,-26.29;
-15.70,117.25,-26.12;
-10.82,111.45,-23.75;
0.45,106.23,-21.48;
8.80,102.81,-19.02;
1.93,98.29,-17.77;
-11.32,93.56,-15.69;
-24.16,86.23,-12.12;
-13.84,81.34,-8.32;
3.52,75.13,-7.34;
19.75,69.45,-9.87;
23.69,66.06,-8.94;
11.69,60.66,-7.48;
-9.03,54.38,-5.51;
-27.41,49.31,-1.57;
-11.69,56.17,8.54;
11.00,68.25,8.61;
21.24,54.20,-2.42;
30.20,41.62,-3.63;
37.04,28.47,-6.26;
28.37,20.12,-8.19;
28.86,17.45,-6.18;
20.82,14.87,-6.32;
8.37,10.54,-5.58;
6.07,7.59,-1.61;
14.85,3.91,-1.34;
21.29,3.24,-1.60;
16.25,2.83,-3.29;
1.26,2.96,-1.74;
-20.01,2.78,2.46;
-31.75,2.52,4.63;
-28.36,1.18,3.74;
-17.72,0.17,2.08;
-7.46,-1.89,-0.53;
0.07,-1.28,-2.81;
9.87,11.83,1.44;
2.46,12.20,2.45;
-8.09,9.39,2.66;
-8.51,11.08,4.36;
11.70,14.58,5.61;
15.56,8.03,3.00;
6.63,3.22,3.13;
6.45,-0.56,5.13;
3.41,-3.07,5.41;
-5.08,-5.77,6.29;
-13.38,-9.27,7.18;
-13.15,-12.12,7.81;
-3.58,-13.79,8.34;
7.04,-13.86,6.36;
-0.04,-14.30,3.27;
-17.76,-12.09,5.61;
-24.89,-8.93,9.59;
-26.30,-9.02,10.08;
-18.01,-9.30,8.60;
-6.83,-9.25,5.04;
-0.79,-7.82,4.11;
-1.73,-8.44,2.57;
-4.82,-9.45,1.53;
-9.20,-10.41,1.90;
-17.11,-11.33,2.22;
-25.80,-12.14,3.65;
-20.62,-9.82,5.44;
-10.97,-10.26,4.19;
-3.22,-12.49,2.36;
-1.35,-14.85,-0.01;
-5.00,-16.56,0.16;
-3.18,-17.24,0.45;
3.65,-17.01,-0.30;
3.07,-17.46,-1.87;
-4.42,-17.63,-1.64;
-13.60,-17.66,-0.50;
-13.25,-11.10,1.12;
-4.54,-5.40,2.94;
-6.57,-7.51,1.55;
-10.47,-11.46,-0.10;
-6.64,-12.15,-1.11;
1.43,-11.92,-2.65;
0.78,-12.64,-4.84;
-2.68,-12.93,-6.21;
-8.85,-13.17,-8.24;
-6.93,-12.52,-8.09;
-4.01,-11.92,-9.95;
-10.33,-11.71,-11.37;
-14.88,-12.67,-11.55;
-13.34,-13.27,-12.35;
-8.15,-13.16,-13.60;
3.64,-12.23,-14.45;
10.43,-11.60,-16.04;
9.12,-11.91,-16.26;
1.59,-11.86,-15.60;
0.82,-10.26,-11.66;
1.56,-9.71,-10.10;
1.93,-9.46,-9.05;
2.66,-7.17,-6.00;
0.19,-5.05,-3.28;
-4.12,-3.97,-2.03;
-7.78,-0.32,0.00;
-9.95,0.25,2.20;
-11.52,-1.24,1.27;
-14.57,-2.67,-0.10;
-13.66,-3.50,-0.26;
-9.70,-4.15,-1.37;
-8.39,-4.82,-2.93;
-4.94,-5.05,-2.93;
2.28,-6.14,-4.32;
8.74,-7.10,-6.64;
14.20,-7.01,-7.93;
11.30,-6.99,-8.30;
7.18,-6.66,-8.10;
8.49,-5.45,-6.88;
10.51,-3.68,-5.48;
9.15,-3.04,-5.22;
6.36,-2.01,-4.38;
7.41,-0.46,-2.58;
5.58,0.90,-1.13;
2.69,1.92,0.19;
1.88,2.08,1.73;
0.16,3.73,2.94;
-0.62,16.38,9.29;
5.03,14.70,11.58;
2.14,8.46,6.34;
-3.22,3.71,6.45;
-3.86,0.55,6.63;
-5.40,-0.95,6.90;
-5.95,-1.95,7.33;
-7.11,-3.72,6.83;
-8.02,-4.52,6.71;
-10.06,-5.42,6.45;
-8.48,-5.02,5.78;
-5.40,-4.92,5.13;
-5.92,-5.04,3.67;
-4.67,-4.06,3.59;
-1.58,-3.22,2.61;
-0.27,-3.28,1.44;
1.40,-2.58,0.95;
6.97,-1.82,0.02;
7.43,-1.31,-0.15;
7.04,-0.75,0.26;
3.36,-0.34,0.94;
-1.31,-0.01,1.90;
-3.43,0.08,2.94;
-3.12,-0.41,3.35;
0.66,-0.04,3.45;
3.00,-0.41,3.03;
3.43,-0.04,2.69;
0.60,-0.37,3.15;
-0.70,-0.18,3.74;
-0.54,0.11,3.81;
1.07,0.46,3.82;
3.18,0.70,3.82;
2.59,1.22,3.32;
0.19,2.26,3.59;
2.66,4.03,3.93;
3.96,5.02,2.81;
3.85,6.21,2.07;
7.33,8.93,1.67;
1.09,10.09,1.61;
-3.76,11.47,1.61;
-4.27,12.69,1.18;
-2.68,12.87,1.18;
-4.44,12.93,0.45;
-2.83,13.30,0.29;
-1.72,13.36,-0.38;
-3.11,13.04,-0.76;
-4.70,14.05,0.34;
-5.11,14.63,1.42;
-6.80,13.18,0.32;
-7.69,12.38,-0.35;
-9.03,11.28,-0.13;
-7.96,10.61,-0.53;
-4.59,10.08,-0.64;
-3.35,9.56,-1.14;
-4.89,8.55,-1.74;
-7.89,7.73,-2.24;
-5.72,7.44,-1.92;
-3.55,6.87,-2.59;
-4.47,5.91,-3.60;
-5.60,5.56,-3.97;
-4.24,5.53,-4.18;
-0.83,5.31,-4.71;
3.75,5.47,-6.59;
4.02,5.41,-7.51;
4.77,6.14,-7.42;
1.38,5.83,-7.13;
-1.96,6.26,-7.06;
-3.11,7.18,-7.45;
-3.44,7.60,-8.15;
-1.51,7.65,-8.62;
3.78,8.29,-8.44;
1.65,8.81,-8.96;
-1.90,8.86,-8.06;
-4.51,9.36,-8.16;
-5.52,9.19,-7.93;
-3.46,9.30,-6.81;
-4.25,9.77,-6.53;
-12.57,8.99,-5.52;
-15.11,8.17,-4.38;
-13.86,6.92,-4.45;
-9.02,5.22,-4.36;
-5.18,3.73,-4.00;
-7.47,2.76,-3.87;
-5.43,1.51,-3.40;
-4.38,-0.17,-3.45;
-3.32,-1.53,-3.17;
-2.86,-2.69,-2.35;
-2.18,-3.53,-0.91;
-3.98,-4.58,-0.39;
-5.49,-5.31,-0.19;
-5.09,-6.50,0.20;
-3.73,-7.07,0.78;
-5.55,-7.56,0.98;
-10.83,-8.23,1.85;
-11.17,-9.56,2.95;
-5.89,-10.12,3.93;
-6.57,-10.73,3.33;
-10.25,-10.96,3.09;
-10.70,-10.85,3.48;
-6.18,-11.05,4.03;
-2.77,-10.43,3.79;
-4.16,-10.37,2.52;
-6.35,-10.35,2.83;
-6.13,-9.30,3.96;
-7.22,-8.70,3.23;
-5.44,-8.47,3.07;
-5.00,-7.13,3.16;
-6.99,-5.42,3.58;
-8.44,-4.03,3.59;
-4.74,-3.80,3.16;
-2.64,-2.75,3.33;
-6.82,-1.43,4.60;
-12.01,-0.55,4.63;
-11.60,-0.12,4.75;
-8.42,-0.08,4.51;
-2.45,-0.17,4.49;
2.19,-0.18,5.45;
-3.15,1.56,6.97;
-7.17,1.77,7.61;
-4.25,0.50,6.46;
-0.60,-0.98,6.11;
0.40,-2.67,6.40;
-1.02,-6.15,7.41;
-5.46,-10.70,9.30;
-10.12,-15.57,10.43;
-6.07,-19.71,11.70;
7.69,-23.11,12.55;
20.68,-26.93,11.45;
24.36,-30.00,11.23;
22.85,-31.53,12.94;
15.18,-32.70,13.30;
12.59,-33.08,14.03;
16.65,-33.16,14.02;
18.60,-33.07,11.21;
22.24,-33.13,9.58;
31.33,-31.39,8.02;
33.96,-29.07,6.42;
30.05,-25.80,4.17;
25.53,-20.66,4.07;
21.52,-8.95,8.52;
28.72,-1.36,14.25;
28.63,3.48,5.50;
18.66,21.65,6.92;
30.19,27.79,4.26;
29.91,19.34,-5.08;
16.40,12.02,-2.71;
19.67,8.32,-1.81;
12.86,6.06,-0.91;
7.81,3.82,0.07;
6.17,2.02,0.60;
-5.28,1.01,2.39;
-18.22,0.37,3.27;
-27.18,-0.64,6.31;
-28.50,-1.22,5.71;
-26.48,-1.54,4.83;
-21.12,-1.17,2.61;
-14.99,-0.37,0.54;
-9.66,0.76,-1.86;
-6.86,2.70,-3.19;
-5.89,5.65,-3.93;
0.16,5.57,-5.66;
3.12,3.96,-7.25;
1.78,4.83,-6.16;
-0.36,4.90,-5.71;
-2.42,5.27,-5.31;
-3.09,4.61,-4.06;
-1.43,4.23,-3.83;
1.94,3.85,-4.09;
4.74,4.35,-4.84;
5.21,5.41,-5.42;
5.50,6.64,-6.29;
6.11,7.18,-6.39;
10.33,6.84,-7.80;
5.62,6.58,-9.05;
-0.64,7.80,-8.73;
-5.00,9.71,-7.13;
-3.95,10.09,-7.28;
-1.51,9.48,-8.30;
-2.30,8.57,-8.79;
-3.00,7.12,-8.99;
-11.99,6.14,-8.36;
-16.62,4.89,-6.33;
-10.80,3.27,-6.15;
-9.03,2.66,-6.94;
-7.80,2.46,-6.64;
-6.31,2.44,-6.45;
-6.94,2.89,-5.77;
-7.86,3.60,-4.71;
-7.95,4.73,-4.32;
-9.61,5.12,-3.43;
-11.40,4.54,-3.29;
-12.42,3.80,-2.87;
-9.95,3.47,-2.30;
-5.43,2.67,-1.95;
-0.18,2.43,-2.09;
3.87,1.85,-2.07;
3.62,1.74,-2.55;
7.23,2.31,-1.43;
10.07,2.67,-2.38;
7.40,3.01,-2.53;
3.96,4.17,-2.58;
0.80,5.44,-2.32;
-2.39,6.35,-2.64;
-6.48,7.63,-2.56;
-9.43,8.44,-2.50;
-10.94,9.18,-2.47;
-10.73,9.50,-2.32;
-9.76,9.44,-2.59;
-8.24,9.04,-3.32;
-8.07,8.64,-3.58;
-7.54,7.83,-3.37;
-6.86,6.52,-3.52;
-4.83,5.53,-3.54;
-3.54,4.52,-3.40;
-0.86,3.48,-3.60;
1.35,2.25,-3.64;
1.11,1.31,-3.66;
1.76,0.29,-3.35;
4.59,-0.64,-3.23;
7.41,-1.54,-3.31;
10.97,-1.63,-3.06;
14.60,-1.77,-3.13;
14.74,-1.85,-3.78;
11.41,-1.22,-3.72;
7.47,-0.76,-3.58;
6.30,0.21,-3.26;
5.46,1.16,-3.66;
4.42,1.57,-3.72;
3.79,2.50,-3.95;
1.94,2.70,-3.74;
1.12,3.27,-3.39;
-0.74,3.48,-2.97;
-1.25,3.83,-2.76;
-0.76,3.88,-2.22;
-1.44,4.11,-2.16;
-0.71,4.12,-2.06;
-1.15,4.18,-2.04;
-2.73,4.54,-2.22;
-4.82,5.34,-2.13;
-7.35,5.73,-1.97;
-9.25,6.12,-1.72;
-10.94,6.96,-1.28;
-10.96,7.82,-0.96;
-9.95,8.90,-0.79;
-8.60,9.73,-0.36;
-7.63,10.34,-0.42;
-7.38,10.95,-0.27;
-6.64,11.02,-0.13;
-5.76,11.62,0.07;
-4.82,11.53,-0.01;
-6.50,10.86,-0.61;
-10.06,10.09,0.19;
-9.29,9.36,0.83;
-3.95,8.50,0.94;
-1.44,7.48,0.20;
-1.63,5.86,0.20;
0.89,4.87,1.00;
4.28,3.56,1.09;
6.97,2.43,0.86;
6.42,1.54,0.60;
4.34,0.83,0.80;
2.97,0.02,1.04;
1.59,-0.84,1.44;
1.52,-1.36,1.38;
0.60,-1.72,1.23;
1.81,-1.63,1.52;
2.34,-1.66,1.35;
2.19,-1.25,1.41;
2.98,-0.92,1.52;
3.72,-0.64,1.19;
2.97,-0.32,1.19;
2.36,-0.40,1.09;
2.95,-0.35,1.23;
3.84,-0.55,1.07;
4.59,-0.59,0.86;
5.01,-0.79,0.86;
3.85,-1.31,0.98;
3.62,-1.34,1.30;
3.26,-1.59,1.19;
3.55,-1.71,1.00;
1.82,-1.80,0.97;
-0.12,-2.04,1.13;
-0.60,-2.08,1.27;
-1.06,-2.21,0.92;
-0.89,-1.85,0.78;
-0.83,-1.98,0.68;
-1.06,-1.66,0.78;
-0.97,-1.66,0.66;
0.05,-1.48,0.68;
-0.24,-1.17,0.42;
-0.53,-1.13,0.60;
-0.71,-0.93,0.51;
-1.75,-0.72,0.28;
-2.57,-0.12,0.14;
-3.93,-0.11,-0.06;
-4.09,0.23,0.03;
-2.79,0.52,-0.04;
-2.47,0.63,-0.22;
-3.57,0.50,-0.24;
-3.03,0.32,0.32;
-1.63,-0.32,0.29;
-0.39,-0.72,0.14;
0.16,-0.70,0.23;
-1.03,-0.78,-0.27;
-1.89,-0.93,0.14;
-2.21,-0.84,0.02;
-2.80,-1.17,-0.32;
-2.42,-1.02,0.16;
-0.83,-1.17,0.45;
0.22,-1.21,0.22;
0.46,-1.59,0.51;
2.46,-1.91,0.84;
3.88,-2.06,1.33;
5.55,-2.87,1.21;
5.98,-3.45,1.87;
7.04,-3.57,2.25;
9.20,-4.24,2.14;
9.82,-4.72,2.34;
8.07,-4.63,2.66;
6.92,-4.37,2.77;
6.91,-3.85,2.83;
7.91,-3.59,2.43;
7.79,-3.16,2.52;
7.29,-2.87,2.36;
7.17,-2.50,1.79;
5.76,-2.56,2.05;
4.75,-2.47,2.46;
4.20,-2.55,2.83;
4.65,-2.50,2.69;
5.59,-2.41,2.65;
5.41,-2.38,2.37;
4.25,-2.01,2.58;
3.04,-1.75,2.66;
1.52,-1.46,2.65;
-0.18,-0.96,2.68;
0.05,-0.47,2.72;
1.75,-0.29,2.65;
1.41,-0.12,2.39;
1.69,0.31,2.43;
0.16,0.46,2.03;
-1.87,0.55,2.28;
-4.13,0.72,2.48;
-5.14,1.22,2.75;
-3.99,1.45,2.54;
-2.77,1.73,2.45;
-1.95,1.70,2.29;
-0.82,1.94,2.69;
-1.18,2.11,2.10;
-2.77,2.05,1.67;
-3.92,2.17,1.94;
-5.11,2.26,2.19;
-5.05,2.23,2.11;
-4.68,1.62,1.59;
-3.87,1.36,1.71;
-2.93,1.21,1.62;
-1.73,0.79,1.67;
-1.22,0.98,1.35;
-1.06,1.04,0.92;
-2.56,0.84,1.23;
-3.43,0.79,1.52;
-3.12,0.50,1.42;
-3.37,0.46,1.50;
-1.89,0.35,1.12;
-0.45,0.26,1.27;
1.50,-0.20,1.39;
2.53,-0.30,1.27;
2.40,-0.46,1.55;
2.88,-0.53,1.93;
3.76,-0.59,2.14;
4.94,-0.95,2.07;
6.56,-1.27,2.52;
8.10,-1.31,2.19;
9.00,-1.77,1.76;
8.37,-1.82,2.03;
7.65,-1.65,1.97;
6.77,-1.68,1.97;
8.08,-1.62,2.20;
7.58,-1.42,1.62;
5.99,-1.86,1.93;
5.41,-1.92,2.05;
5.99,-1.82,1.96;
4.86,-1.98,2.11;
3.29,-1.82,2.37;
0.62,-1.85,2.28;
-1.72,-1.66,2.14;
-2.54,-1.60,1.97;
-1.67,-0.90,1.52;
0.10,-0.40,1.38;
-0.59,-0.20,1.13;
0.71,0.03,1.26;
1.46,-0.09,0.46;
2.20,-0.11,0.17;
3.55,-0.41,-0.22;
5.09,-0.63,-0.12;
6.65,-0.76,-0.38;
5.52,-1.34,-0.47;
5.69,-1.56,-0.33;
8.24,-1.89,-0.88;
9.50,-1.92,-1.03;
9.53,-2.43,-1.54;
8.39,-2.82,-1.45;
8.19,-2.96,-1.40;
8.22,-3.08,-1.37;
8.54,-3.02,-1.54;
5.20,-2.72,-1.71;
4.05,-2.17,-1.71;
-1.32,-1.98,-1.84;
-3.00,-1.21,-1.20;
-1.83,-0.52,-1.13;
0.83,-0.04,-1.28;
2.17,0.54,-1.71;
1.35,1.02,-1.83;
-0.59,1.10,-1.39;
-1.78,1.34,-1.48;
-2.62,1.66,-1.13;
-3.22,1.33,-0.99;
-5.05,1.25,-0.59;
-5.83,1.10,-0.38;
-5.75,0.76,-0.53;
-5.52,0.63,-0.41;
-3.90,0.35,-0.22;
-2.82,0.23,-0.21;
-1.83,-0.32,-0.35;
-1.35,-0.59,-0.06;
-1.22,-0.46,-0.19;
-1.03,-0.87,0.34;
1.79,-0.75,0.31;
4.22,-0.85,-0.06;
3.38,-0.72,-0.10;
1.99,-0.84,0.22;
1.40,-0.72,0.19;
2.30,-0.61,0.51;
5.17,-0.49,0.52;
6.69,-0.34,0.22;
5.18,0.00,0.10;
4.36,0.50,0.46;
2.92,0.73,0.31;
0.77,0.75,0.36;
-0.21,1.10,0.34;
-0.21,1.65,0.31;
-0.31,1.59,0.17;
-0.79,1.57,0.19;
-1.57,1.56,0.23;
-0.35,1.80,0.58;
-0.42,1.80,0.60;
-1.70,1.65,0.80;
-1.46,1.80,1.04;
-2.30,1.99,1.29;
-1.35,2.03,1.68;
-0.41,2.34,1.45;
-1.60,2.25,1.33;
-3.93,2.05,1.61;
-5.02,1.89,1.65;
-4.83,1.91,1.91;
-1.61,2.14,2.19;
0.19,2.18,2.11;
2.39,1.85,2.20;
3.32,1.48,1.96;
3.14,1.62,2.03;
2.71,1.73,2.28;
2.63,1.51,2.29;
1.52,1.54,2.19;
0.68,1.31,2.31;
0.02,1.12,1.99;
-0.13,1.30,2.08;
-0.50,0.93,1.93;
-1.28,0.86,1.79;
-2.54,0.61,1.61;
-1.44,0.70,1.79;
0.25,0.50,1.71;
0.83,0.35,1.45;
1.09,0.21,1.56;
0.40,0.40,1.58;
-1.73,0.86,1.48;
-2.59,1.04,1.50;
-1.64,1.39,1.26;
0.65,1.65,1.21;
0.97,1.48,0.72;
0.98,1.63,0.65;
0.65,1.47,0.83;
0.40,1.39,0.60;
-0.19,1.15,0.49;
-0.65,0.73,0.45;
-0.41,0.57,0.26;
-0.18,0.41,0.36;
-0.74,0.46,0.23;
-1.41,0.12,0.03;
-1.34,0.26,0.17;
-0.59,-0.17,0.16;
-0.70,0.02,0.08;
-1.37,0.35,-0.32;
-0.96,0.75,-0.10;
-1.14,1.02,-0.36;
-1.17,1.27,-0.52;
-1.22,1.08,0.00;
-0.99,1.02,-0.36;
-0.51,1.08,-0.61;
-0.35,1.39,-0.29;
0.17,1.05,-0.27;
-0.94,1.21,0.07;
-0.89,0.89,-0.03;
-1.02,0.61,0.16;
-1.11,0.37,-0.15;
-1.83,0.06,0.00;
-0.65,-0.30,-0.07;
-0.30,-0.06,0.26;
1.00,-0.37,0.36;
0.88,-0.50,0.07;
1.53,-0.70,0.20;
2.48,-0.66,-0.07;
2.46,-0.88,-0.13;
2.08,-0.70,-0.03;
2.14,-0.67,0.13;
1.40,-0.75,-0.07;
1.47,-0.92,-0.12;
1.99,-0.90,-0.06;
2.80,-1.19,-0.21;
3.35,-1.31,-0.01;
2.74,-1.25,-0.01;
1.91,-1.30,-0.16;
0.82,-1.25,-0.19;
0.42,-1.34,0.05;
0.66,-1.25,-0.38;
0.05,-1.17,-0.62;
-0.47,-0.96,-0.45;
0.40,-0.85,-0.53;
1.36,-0.67,-0.36;
1.88,-0.70,-0.70;
1.85,-0.40,-0.71;
1.12,-0.67,-0.55;
0.43,-0.53,-0.47;
0.25,-0.49,-0.50;
-0.06,-0.72,-0.55;
0.33,-0.59,-0.56;
0.97,-0.73,-0.41;
1.40,-0.88,-0.44;
1.21,-0.76,-0.62;
1.72,-0.79,-0.56;
1.59,-0.98,-0.47;
1.69,-0.90,-0.68;
1.88,-0.85,-0.58;
1.87,-0.92,-0.68;
1.93,-0.73,-0.52;
1.50,-0.66,-0.68;
1.01,-0.63,-0.68;
0.72,-0.49,-0.59;
-0.09,-0.01,-0.70;
-1.06,0.35,-1.08;
-2.13,0.64,-0.77;
-2.31,0.67,-1.06;
-2.45,0.83,-1.10;
-2.39,0.83,-0.97;
-3.03,0.70,-1.02;
-3.54,0.44,-1.02;
-3.11,0.28,-0.90;
-2.41,0.41,-1.11;
-2.21,0.26,-1.17;
-2.64,0.12,-1.11;
-2.71,0.34,-0.85;
-2.09,-0.04,-0.85;
-1.89,0.08,-0.84;
-1.28,0.25,-0.81;
-0.42,0.17,-0.73;
0.07,0.31,-0.59;
-0.25,0.15,-0.73;
-0.94,0.14,-0.38;
-1.70,0.23,-0.61;
-1.37,0.08,-0.47;
-1.31,-0.12,-0.10;
-1.05,-0.12,-0.55;
-0.82,-0.32,-0.41;
-0.39,-0.21,-0.42;
-0.30,-0.50,-0.58;
-0.44,-0.21,-0.45;
0.02,-0.23,-0.67;
-0.16,-0.41,-0.67;
-0.30,-0.38,-0.68;
-1.22,-0.32,-0.73;
-1.22,-0.29,-0.61;
-1.15,-0.34,-0.73;
-0.48,-0.59,-0.74;
0.46,-0.27,-0.81;
0.59,-0.30,-1.11;
0.34,-0.47,-1.11;
-0.12,-0.53,-0.65;
-0.85,-0.56,-0.93;
-1.66,-0.56,-0.74;
-2.04,-0.46,-0.71;
-1.26,-0.38,-0.61;
0.10,-0.75,-1.02;
-0.30,-0.26,-1.23;
-0.91,-0.30,-1.03;
-1.20,-0.01,-0.73;
-1.05,0.06,-0.76;
-0.94,-0.08,-0.47;
-0.89,-0.24,-0.58;
-0.33,0.02,-0.70;
0.36,-0.03,-0.76;
-0.22,-0.08,-0.65;
-0.48,-0.08,-0.41;
-0.94,0.17,-0.38;
-2.31,0.20,-0.27;
-2.83,0.15,-0.38;
-1.41,0.18,-0.35;
-0.48,0.38,-0.53;
-0.54,0.52,-0.70;
-0.73,0.46,-0.41;
0.05,0.32,-0.44;
0.82,0.25,-0.41;
0.42,0.31,-0.73;
-0.53,0.02,-0.64;
-0.27,-0.35,-0.44;
0.97,-0.56,-0.53;
2.63,-0.55,-0.84;
3.75,-0.56,-0.87;
3.50,-0.69,-0.81;
3.03,-0.70,-0.87;
2.10,-0.69,-0.94;
2.34,-0.69,-1.03;
2.05,-0.87,-1.05;
1.58,-1.14,-0.97;
1.91,-0.98,-1.08;
3.65,-1.51,-1.08;
5.61,-1.48,-1.28;
5.55,-1.72,-1.40;
3.81,-1.71,-1.34;
