1.25,0.71,-0.01;
0.13,0.43,0.16;
-0.07,0.36,0.04;
-0.08,0.59,0.42;
-0.31,0.46,0.25;
0.21,0.45,0.22;
0.22,0.72,-0.10;
-0.37,0.45,-0.01;
-0.78,0.75,0.18;
-1.35,0.56,-0.22;
-1.12,0.68,-0.22;
-0.63,0.43,-0.17;
-1.00,0.39,-0.34;
-0.92,0.36,-0.16;
-0.89,0.63,-0.02;
0.06,0.43,-0.10;
-0.27,0.46,-0.36;
-0.65,0.45,0.02;
-0.78,0.46,-0.20;
-0.92,0.45,-0.01;
-0.20,0.42,-0.31;
-0.49,0.43,-0.07;
-0.52,0.40,-0.07;
-0.42,0.30,0.05;
-0.13,0.48,0.21;
-0.48,0.13,-0.25;
-0.88,0.37,-0.02;
-1.10,0.51,-0.27;
-0.49,0.28,-0.19;
-0.62,0.20,-0.40;
-0.97,0.36,-0.19;
-0.72,0.34,-0.01;
-1.00,0.28,-0.02;
-0.86,0.51,-0.08;
-1.07,0.33,-0.05;
-0.81,0.30,-0.07;
-0.30,0.40,-0.28;
-1.00,0.34,-0.16;
-1.82,0.51,0.02;
-1.01,0.36,0.18;
-0.49,0.48,-0.01;
-0.43,0.53,0.16;
-1.03,0.82,0.07;
-1.59,0.75,0.18;
-1.53,0.79,0.25;
-0.65,0.63,0.13;
-1.00,0.57,-0.10;
-1.23,0.56,0.27;
-1.17,0.66,0.38;
-0.95,0.53,0.24;
-0.78,0.57,0.35;
-0.75,0.59,0.13;
-1.04,0.53,0.53;
-0.83,0.82,0.54;
-0.52,0.74,0.50;
-0.07,0.68,0.64;
-0.51,0.60,0.59;
-0.78,0.62,0.64;
-0.56,0.77,0.67;
-0.34,0.56,0.50;
-0.59,0.54,0.65;
0.09,0.48,0.65;
-0.23,0.54,0.57;
-1.12,0.71,0.57;
-1.38,0.45,0.67;
-0.92,0.77,0.42;
-0.94,0.83,0.41;
-0.88,0.86,0.36;
-0.51,0.69,0.28;
-0.83,0.82,0.56;
-0.98,0.80,0.39;
-1.14,0.75,0.42;
-1.18,0.77,0.48;
-0.91,0.62,0.59;
-0.49,0.79,0.35;
0.16,0.66,0.25;
-0.46,0.57,0.13;
-0.97,0.57,0.50;
-0.40,0.51,0.31;
-0.43,0.51,0.21;
-0.59,0.79,0.12;
-0.33,0.69,0.33;
-0.51,0.42,0.24;
-1.00,0.74,0.39;
-1.14,0.53,0.59;
-0.23,0.42,0.22;
-0.19,0.42,0.51;
-0.36,0.33,0.44;
-0.43,0.39,0.41;
-0.63,0.46,0.38;
-0.77,0.54,0.41;
-0.74,0.59,0.07;
-0.91,0.77,0.39;
-0.83,0.60,0.16;
-0.86,0.48,0.62;
-0.62,0.39,0.21;
-0.17,0.14,0.27;
-0.05,0.25,0.24;
0.15,0.37,0.13;
-0.94,0.53,0.45;
-0.98,0.30,0.45;
-0.69,0.65,0.30;
-0.60,0.65,-0.11;
-0.72,0.43,0.02;
-0.86,0.34,-0.08;
-1.14,0.59,0.19;
-1.32,0.57,-0.01;
-1.24,0.45,0.25;
-1.09,0.54,0.05;
-0.63,0.46,-0.08;
-0.23,0.51,0.18;
-0.30,0.24,0.10;
-0.46,0.07,-0.08;
-0.59,0.07,-0.01;
-0.72,0.01,0.19;
-0.05,0.13,0.25;
-0.02,0.01,0.02;
0.02,0.02,-0.05;
-0.20,0.11,-0.01;
-0.81,0.30,0.44;
-0.43,0.46,0.13;
-0.30,0.40,0.09;
0.59,0.36,-0.22;
-0.19,0.46,-0.22;
-0.60,0.79,-0.01;
-0.77,0.80,0.33;
-1.15,0.74,0.09;
-1.00,0.97,0.19;
-0.52,1.04,-0.01;
-0.51,0.94,0.04;
-0.95,0.75,-0.04;
-0.34,0.66,0.12;
-0.48,0.54,0.07;
-0.62,0.43,0.09;
0.21,0.05,0.10;
-0.27,-0.22,-0.43;
1.41,-0.47,-0.42;
3.35,-0.22,-0.10;
2.01,0.51,-0.30;
-1.10,0.92,-0.02;
-2.45,1.17,0.42;
-1.53,1.35,0.36;
-0.97,1.35,0.39;
-2.94,1.17,0.53;
-2.94,0.71,0.93;
-1.39,0.63,0.59;
0.54,0.59,0.50;
-0.45,0.37,0.44;
0.35,0.48,0.35;
-2.20,0.49,0.50;
-1.44,0.40,0.48;
-0.71,0.40,0.16;
-0.80,0.14,0.42;
0.38,0.22,0.36;
0.33,0.16,0.59;
-0.45,0.43,0.85;
-1.10,0.49,0.94;
-0.57,0.66,0.79;
-0.46,0.91,0.96;
-1.06,1.15,0.76;
-2.80,1.08,0.70;
-2.75,0.94,0.96;
-1.14,0.80,0.71;
0.04,0.83,0.79;
0.94,0.91,0.86;
0.10,0.69,0.93;
-0.66,0.75,1.14;
0.70,0.59,0.56;
0.68,0.62,0.59;
-1.33,0.66,0.57;
-2.68,0.42,0.93;
-0.98,0.31,0.91;
2.82,0.08,0.57;
3.57,-0.19,0.30;
1.99,0.04,0.21;
0.09,-0.15,0.12;
-0.71,-0.09,0.39;
-0.78,-0.01,0.18;
0.09,-0.16,-0.08;
-0.02,0.16,-0.27;
0.04,-0.07,-0.22;
-0.49,-0.12,-0.19;
-0.75,0.24,-0.22;
-0.63,0.37,-0.37;
-1.79,0.48,-0.24;
-1.44,0.66,-0.46;
-1.58,0.57,-0.17;
-1.82,0.80,-0.45;
-1.70,0.54,-0.56;
-2.89,0.54,-0.57;
-2.66,0.63,-0.39;
-0.57,0.74,-0.65;
-0.45,0.71,-0.63;
-0.27,0.39,-0.65;
-0.86,0.51,-0.54;
-1.23,0.53,-0.75;
-0.08,0.20,-0.33;
0.77,0.01,-0.39;
1.14,-0.02,-0.66;
-0.62,-0.39,-0.34;
-2.14,-0.28,-0.39;
-1.47,-0.38,-0.59;
-2.42,-0.59,-0.48;
-3.90,-0.97,-0.04;
1.11,-2.39,-0.49;
2.88,-3.43,-1.23;
4.77,-4.53,-1.70;
4.90,-6.38,-2.16;
2.10,-7.92,-2.30;
1.23,-9.86,-2.82;
2.70,-11.21,-3.24;
1.58,-13.44,-3.47;
-1.17,-16.21,-3.70;
0.86,-18.30,-3.35;
7.06,-21.17,-3.78;
6.51,-24.22,-3.79;
7.70,-26.92,-4.07;
9.40,-30.24,-4.14;
7.69,-34.25,-4.07;
3.38,-39.02,-4.51;
-1.46,-45.63,-5.07;
-6.17,-54.30,-6.31;
-15.94,-65.15,-6.40;
-21.46,-75.92,-4.11;
-34.16,-87.54,-1.27;
-31.09,-96.96,3.15;
-28.98,-102.33,5.35;
-51.64,-111.87,2.60;
-21.15,-116.88,4.12;
15.48,-116.63,1.26;
45.72,-115.92,-0.62;
68.22,-105.89,7.41;
24.62,-93.09,7.70;
-54.59,-89.46,9.29;
-93.61,-95.05,17.66;
-40.40,-98.44,25.32;
31.58,-101.23,16.09;
12.45,-109.89,10.77;
-31.99,-111.83,17.64;
-41.67,-110.02,22.97;
8.50,-107.18,20.73;
23.34,-105.06,13.61;
-7.52,-102.01,15.63;
-25.72,-95.51,20.21;
-24.68,-90.21,19.23;
-9.21,-82.71,15.95;
3.20,-73.83,10.44;
3.70,-63.69,5.75;
25.55,-52.02,0.45;
27.02,-41.98,-4.66;
11.64,-29.40,-6.57;
15.60,-16.62,-9.46;
10.56,-6.30,-10.89;
4.09,6.57,-10.22;
7.92,18.56,-9.49;
1.51,29.87,-8.86;
6.48,43.35,-7.11;
20.83,57.56,-8.04;
5.29,73.72,-7.26;
-16.39,89.00,-1.40;
-22.04,110.71,3.49;
-18.10,135.95,8.57;
7.77,159.61,9.49;
34.12,190.14,4.99;
42.71,218.36,-0.57;
15.80,233.49,-6.36;
-86.43,248.20,-12.77;
-202.30,248.01,-28.80;
-193.38,254.94,-25.49;
-132.05,262.86,-67.26;
65.77,231.24,-72.37;
92.97,205.56,-62.39;
112.25,143.72,-78.78;
16.88,50.40,-109.46;
-71.00,-7.76,-111.99;
-85.18,-24.42,-88.14;
-122.74,-25.41,-59.72;
-131.64,-20.16,-51.65;
-148.51,-22.09,-40.24;
-143.32,-27.80,-42.08;
-113.00,-31.89,-45.27;
-57.39,-33.18,-47.91;
-23.58,-34.01,-49.58;
0.68,-38.60,-51.76;
15.70,-52.36,-51.40;
20.97,-67.63,-50.19;
36.73,-65.12,-47.98;
46.85,-39.44,-47.61;
47.40,-17.34,-43.50;
47.17,-29.00,-35.91;
108.12,-92.57,-63.15;
77.41,-204.62,-10.49;
-39.43,-269.69,-26.94;
34.80,-204.50,-8.75;
240.36,-179.32,-35.67;
-27.53,-155.37,19.60;
-281.35,-147.40,69.76;
-222.42,-149.54,51.63;
24.24,-153.35,32.01;
-56.92,-150.86,19.86;
-52.28,-163.49,-1.04;
-12.80,-156.30,-6.08;
56.61,-121.99,-2.04;
5.92,-102.54,-18.20;
-18.63,-73.11,-11.32;
14.25,-54.88,-19.26;
-10.42,-37.41,-25.98;
-9.67,-13.90,-22.74;
45.87,10.11,-35.33;
39.84,32.22,-39.20;
40.53,58.13,-28.33;
47.73,82.19,-20.46;
56.09,108.14,-14.33;
63.32,145.70,-13.17;
81.72,184.42,-14.24;
72.10,210.37,-15.81;
9.41,224.01,-13.90;
-119.35,218.30,5.46;
-186.85,222.79,27.57;
-157.50,218.51,41.49;
-166.85,214.79,58.28;
-153.65,196.42,85.32;
-6.39,166.36,86.71;
172.24,160.98,82.65;
160.50,87.08,94.85;
41.99,44.77,90.47;
-109.72,29.32,114.15;
-137.21,33.64,148.22;
-29.24,39.58,141.03;
146.28,46.63,104.36;
179.93,52.53,90.13;
190.25,49.93,60.83;
114.28,49.44,56.15;
30.19,45.69,61.12;
-27.73,35.15,59.32;
-43.38,16.04,47.93;
-15.24,2.49,35.60;
59.46,-7.80,28.22;
131.72,-19.76,21.80;
179.23,-42.30,2.70;
171.17,-53.87,-14.04;
147.49,-54.56,-13.36;
151.28,-128.86,25.92;
3.78,-208.50,23.00;
-95.96,-188.71,48.38;
-123.88,-177.87,32.05;
-176.19,-147.17,89.34;
-2.30,-143.41,79.96;
139.48,-150.60,-4.07;
125.25,-118.99,-5.00;
5.84,-95.81,14.82;
-57.62,-71.58,19.43;
-111.52,-44.51,12.59;
-122.16,-63.76,2.47;
-8.63,-9.46,4.39;
80.24,15.78,-2.17;
70.99,47.75,-17.76;
38.61,74.53,-12.59;
-26.66,92.05,-3.36;
-72.80,100.02,-1.52;
-64.60,105.09,-1.30;
-36.98,106.05,-5.30;
8.56,106.85,-10.83;
32.35,105.56,-8.94;
44.24,101.95,-5.58;
30.53,97.56,-5.30;
14.39,91.73,-4.68;
18.53,86.86,-2.69;
18.48,81.24,-2.17;
15.55,73.88,0.35;
18.15,66.94,0.80;
30.27,63.21,1.70;
57.09,59.67,0.67;
57.46,55.87,-0.98;
44.04,52.63,-2.04;
12.19,47.78,-0.66;
-49.04,38.54,4.94;
-60.94,28.43,12.83;
-53.03,16.42,14.12;
5.61,4.77,4.97;
66.18,-3.25,-3.72;
76.27,-7.54,-7.47;
46.99,-8.88,-7.09;
6.28,-6.71,-2.39;
-24.81,-2.82,1.57;
-35.33,-0.60,2.42;
-28.77,1.98,3.28;
-13.79,4.20,1.81;
2.15,6.02,1.92;
5.11,7.04,1.67;
6.06,8.40,1.80;
1.51,8.94,2.28;
-3.20,8.10,3.29;
-7.82,6.49,3.44;
-1.94,5.00,2.60;
2.83,4.31,2.04;
4.38,4.31,1.40;
2.01,3.93,0.33;
-4.72,3.76,0.48;
-11.99,3.33,1.61;
-15.76,1.99,2.12;
-12.62,1.00,1.23;
-6.07,0.36,0.71;
2.02,0.46,0.19;
1.67,1.61,-0.02;
-3.94,2.37,0.41;
-13.78,3.70,1.47;
-10.75,5.11,1.73;
-0.66,5.69,0.86;
-1.35,5.88,0.22;
-3.73,5.64,1.23;
-1.99,5.41,1.15;
3.12,5.47,0.67;
1.87,5.15,0.21;
-3.06,4.43,0.31;
-8.37,4.13,0.38;
-8.97,3.37,0.94;
-6.89,2.97,0.36;
-3.18,2.80,0.10;
-2.43,2.45,0.15;
-3.27,2.19,0.35;
-4.04,2.01,0.53;
-2.77,2.28,0.73;
0.94,2.11,0.16;
3.00,2.20,-0.49;
-0.37,2.11,-0.07;
-5.61,1.98,0.65;
-3.50,1.85,0.62;
0.90,1.44,-0.25;
3.54,1.20,-0.39;
2.27,0.94,-0.27;
2.19,0.59,-0.25;
2.67,0.42,-0.31;
1.44,-0.05,-0.25;
2.97,-0.10,-0.19;
6.73,0.25,-0.66;
4.47,0.16,-0.95;
-2.30,0.40,-0.13;
-4.62,0.56,0.41;
-1.76,0.69,-0.31;
1.72,0.88,-0.65;
3.20,0.83,-0.53;
1.25,0.72,-0.42;
-1.67,0.82,-0.17;
-2.59,0.85,-0.14;
-1.06,0.83,-0.19;
0.88,0.83,-0.11;
2.64,0.79,-0.36;
2.19,0.72,-0.40;
1.77,1.08,-0.46;
-1.36,0.66,-0.20;
-4.46,0.77,-0.05;
-3.32,0.75,-0.17;
0.27,0.79,-0.66;
1.69,0.83,-0.65;
0.47,0.98,-0.56;
-1.67,0.97,-0.36;
-2.51,0.94,-0.16;
-2.19,1.06,-0.27;
-0.43,0.98,-0.57;
0.19,0.74,-0.69;
-0.54,0.45,-0.39;
-1.58,0.02,-0.27;
-1.96,0.19,-0.08;
-0.28,0.22,-0.22;
1.34,0.01,-0.56;
1.38,-0.19,-0.49;
0.97,0.04,-0.30;
0.18,0.01,-0.02;
-0.91,-0.13,-0.07;
0.47,0.10,-0.13;
2.33,0.20,-0.24;
1.96,0.54,-0.24;
0.91,0.54,-0.13;
0.38,0.68,-0.02;
-0.30,1.01,0.38;
0.13,0.80,0.27;
1.84,0.62,-0.14;
2.35,0.34,0.12;
3.61,0.11,-0.16;
3.02,0.10,-0.13;
0.88,-0.02,0.27;
1.37,-0.10,0.60;
3.25,-0.57,0.18;
5.03,-1.26,0.10;
9.17,-2.34,-0.02;
13.02,-3.31,-0.74;
11.12,-4.48,-1.03;
7.67,-5.92,-0.89;
6.53,-6.83,-0.89;
2.50,-8.71,-1.21;
-2.08,-10.44,-0.97;
-3.61,-12.80,-0.24;
-0.33,-15.43,-0.40;
4.51,-18.07,-1.11;
10.96,-20.13,-2.49;
13.05,-22.38,-2.51;
9.20,-24.25,-2.07;
-2.05,-27.32,-1.61;
-9.33,-30.42,-1.14;
-11.75,-35.49,-0.83;
-14.40,-40.77,-1.00;
-16.33,-50.47,-2.25;
-18.36,-63.00,-3.35;
-24.51,-74.45,-3.17;
-34.66,-89.64,-0.72;
-40.23,-101.51,0.47;
-21.58,-111.86,2.79;
-21.53,-117.02,2.77;
-33.88,-127.00,-1.93;
5.83,-131.09,-1.62;
59.34,-129.35,0.79;
21.40,-136.80,-4.98;
-19.38,-139.14,4.33;
17.58,-135.20,9.69;
50.56,-134.28,-3.53;
-96.89,-137.86,8.01;
14.41,-131.37,23.47;
43.19,-132.48,15.32;
16.30,-125.98,26.15;
20.36,-117.95,31.63;
13.35,-115.52,28.62;
3.26,-106.33,33.98;
41.28,-97.34,33.99;
24.28,-88.02,30.83;
6.19,-76.99,32.31;
55.86,-65.66,23.87;
56.24,-53.15,11.37;
43.73,-37.35,2.93;
20.24,-20.99,-1.33;
10.45,-3.26,-2.56;
8.71,14.05,-5.35;
-4.28,32.08,-5.53;
0.04,52.11,-2.51;
-9.07,70.72,1.64;
-7.30,95.26,7.28;
-10.04,121.49,7.06;
-10.83,143.49,9.37;
-7.59,168.62,4.02;
-30.83,189.58,-6.80;
-42.66,206.40,-16.88;
-88.36,219.33,-29.11;
-116.36,250.57,-29.72;
-125.23,262.07,-36.04;
-100.92,257.70,-49.09;
-118.33,252.37,-62.91;
-91.96,245.32,-82.77;
-69.23,206.69,-71.85;
6.27,147.08,-70.16;
24.24,76.79,-99.26;
3.23,39.82,-107.90;
-11.85,22.57,-100.45;
-27.36,14.22,-72.57;
-37.01,12.56,-53.00;
-39.79,8.56,-42.80;
-74.37,-4.50,-40.33;
-89.07,-21.95,-39.11;
-66.37,-36.82,-41.65;
-13.04,-39.84,-52.36;
31.15,-38.68,-62.42;
56.09,-38.94,-66.39;
62.16,-40.79,-68.28;
70.86,-42.70,-70.88;
106.73,-54.22,-68.19;
95.73,-64.41,-69.81;
93.25,-76.33,-75.46;
64.67,-76.42,-72.10;
185.92,-136.57,-59.12;
300.02,-260.02,-19.67;
216.79,-310.42,-56.08;
264.47,-245.41,-36.42;
110.44,-239.17,-16.62;
-8.94,-212.39,64.05;
-114.80,-212.01,11.20;
32.76,-178.22,0.38;
66.07,-151.90,6.44;
-53.24,-143.38,1.63;
-46.69,-123.69,4.33;
16.22,-100.53,2.04;
-37.30,-77.98,-2.34;
-18.43,-56.57,-10.51;
5.77,-30.39,-23.64;
15.87,10.57,-22.34;
24.04,56.53,-18.88;
19.34,93.17,-13.27;
3.34,131.49,-6.59;
20.09,160.62,-5.98;
26.48,175.81,-11.58;
-15.93,185.23,-14.51;
-99.10,192.24,-6.97;
-172.31,214.71,7.76;
-218.56,229.66,36.25;
-151.29,242.07,47.11;
-41.87,216.27,64.99;
-25.38,202.14,75.66;
8.93,159.81,83.73;
-20.31,123.58,71.75;
-76.31,114.30,77.64;
-110.89,120.45,101.20;
-88.43,128.28,107.67;
-43.12,131.56,97.99;
-7.87,125.50,83.29;
13.66,111.76,72.64;
13.90,94.48,71.69;
-4.92,72.37,81.05;
5.92,47.99,68.38;
41.64,28.30,48.10;
74.28,13.82,37.70;
104.24,-6.77,28.21;
117.49,-25.57,29.08;
119.60,-40.47,25.29;
120.90,-55.70,14.27;
104.44,-69.02,6.65;
58.67,-74.47,9.40;
47.99,-174.85,77.23;
-177.04,-287.98,39.76;
-127.49,-219.47,72.04;
-87.35,-200.47,56.16;
44.42,-211.12,65.03;
216.12,-180.21,7.18;
174.32,-176.12,0.16;
80.86,-163.83,28.82;
-64.92,-139.46,51.34;
-98.19,-130.57,48.47;
-113.94,-94.51,56.42;
-130.49,-70.36,57.61;
-158.69,-86.92,46.88;
-40.28,-59.52,32.10;
84.65,-49.17,21.05;
33.37,-19.44,-6.14;
-8.17,6.34,4.19;
-18.75,23.82,4.80;
0.90,38.36,1.25;
13.57,50.37,-4.17;
-1.52,64.68,-4.24;
-23.14,76.57,-2.51;
-26.86,84.53,-3.70;
-0.95,93.49,-8.37;
18.51,101.56,-16.02;
19.46,107.95,-21.18;
11.60,111.49,-22.40;
2.96,111.58,-22.91;
6.86,109.99,-22.04;
15.66,108.89,-23.41;
11.83,106.13,-22.51;
8.45,104.31,-19.99;
10.19,101.23,-18.34;
26.51,100.33,-17.04;
14.35,96.71,-17.23;
1.03,93.00,-13.70;
-14.45,88.42,-7.41;
-6.25,85.09,-3.36;
-1.55,81.50,-4.27;
-3.00,77.29,-5.64;
-6.65,73.58,-4.10;
-19.72,70.54,-2.98;
-26.42,67.95,0.19;
-35.06,63.58,1.92;
-34.63,58.36,2.93;
-25.09,54.57,3.72;
-18.42,47.15,2.51;
-16.08,37.61,2.62;
1.40,30.66,4.09;
34.88,23.62,2.09;
20.39,14.04,-1.46;
8.44,8.94,1.78;
2.22,6.95,2.85;
4.22,5.50,0.82;
4.67,4.56,-0.10;
5.00,3.98,-0.51;
3.90,3.75,-0.33;
4.79,2.53,-0.43;
3.77,1.64,-0.02;
13.26,1.01,-0.20;
24.79,1.55,-1.07;
18.32,2.94,-1.52;
5.80,4.31,-0.05;
-1.27,6.02,0.41;
-3.33,6.59,0.73;
-6.83,6.28,0.86;
-9.64,4.60,1.49;
-2.72,2.34,1.52;
7.63,0.56,0.35;
12.45,-0.80,-0.65;
11.12,-0.91,0.05;
2.47,-0.59,0.42;
-2.48,-0.59,1.28;
-7.06,-0.88,1.29;
-3.29,-1.18,1.08;
1.20,-1.55,0.86;
2.86,-1.86,1.00;
1.00,-1.84,0.99;
1.58,-1.34,1.38;
5.61,-0.22,1.14;
4.39,0.54,1.23;
-2.11,0.77,2.04;
-1.21,1.32,2.35;
1.81,2.46,1.86;
-0.62,3.01,2.15;
-2.69,3.67,2.24;
-3.84,4.01,2.65;
-3.65,4.33,2.25;
-1.64,4.22,1.83;
-0.71,3.75,1.75;
-2.08,3.01,1.87;
-1.91,2.34,2.04;
-1.23,1.72,1.86;
1.72,1.59,1.84;
5.75,1.84,1.32;
3.02,2.07,1.37;
-0.56,2.30,1.43;
-3.96,2.80,1.23;
-2.59,2.79,1.35;
-0.66,2.98,0.80;
-2.46,3.12,0.91;
-4.86,3.09,1.41;
-4.57,3.00,1.17;
-0.81,2.39,0.48;
1.52,1.95,0.09;
1.03,0.91,-0.30;
2.67,0.65,-0.11;
1.77,0.28,-0.08;
1.54,-0.05,-0.69;
2.28,0.24,-0.54;
2.91,0.53,-0.40;
0.24,0.54,-0.40;
-3.15,0.71,-0.08;
-3.64,0.89,0.22;
0.51,1.15,-0.28;
5.66,1.17,-1.07;
2.93,1.21,-1.23;
-4.52,1.41,-0.57;
-9.18,1.30,0.38;
-8.11,0.94,0.09;
-4.51,0.92,-0.71;
0.68,0.66,-1.35;
0.70,0.49,-1.27;
-0.16,0.40,-1.27;
-1.81,0.17,-0.83;
-3.67,0.30,-0.16;
-2.31,0.14,-0.33;
3.15,0.30,-0.86;
6.35,0.08,-0.82;
4.27,0.05,-0.98;
-0.62,0.17,-0.14;
-4.89,-0.41,0.16;
-4.85,-0.38,0.64;
-0.39,-0.04,0.04;
3.84,0.05,-0.57;
3.69,0.16,-0.95;
1.49,0.54,-0.42;
-3.27,0.68,0.48;
-5.23,0.60,0.38;
-3.07,0.71,0.07;
0.27,0.92,-0.34;
2.22,0.57,-0.62;
1.06,0.71,-0.36;
-2.83,0.95,0.13;
-4.28,1.00,0.76;
-3.46,0.82,0.35;
-0.02,1.12,-0.30;
1.90,1.20,0.04;
-0.48,1.09,0.09;
-3.72,1.04,0.45;
-4.25,0.79,0.80;
-3.12,0.65,0.53;
1.75,0.28,0.25;
3.23,0.25,-0.01;
1.95,0.22,0.15;
0.18,0.45,0.19;
-0.72,0.49,0.44;
0.39,0.88,0.07;
-0.94,1.04,0.50;
-1.50,0.86,0.60;
0.12,0.77,0.22;
0.41,1.09,0.28;
0.73,1.11,0.56;
-0.62,0.94,0.48;
-1.26,0.89,0.71;
1.19,0.66,0.62;
1.84,0.53,0.22;
2.12,0.30,0.38;
1.05,0.34,0.13;
0.39,0.22,0.50;
1.86,-0.07,0.53;
3.41,-0.70,0.25;
4.80,-1.29,-0.24;
2.93,-2.31,-0.07;
3.51,-3.40,-0.24;
5.46,-5.18,-0.78;
4.47,-5.98,-1.03;
2.53,-6.97,-0.77;
-1.18,-8.21,-0.95;
-1.43,-9.35,-0.91;
-0.13,-10.18,-1.38;
-0.91,-11.09,-1.82;
-3.14,-11.93,-1.87;
-4.05,-13.80,-1.91;
-2.92,-15.67,-2.57;
1.08,-18.31,-3.46;
1.17,-22.01,-4.46;
-2.13,-25.99,-4.63;
-3.70,-33.41,-5.03;
-15.94,-42.47,-6.08;
-21.07,-52.24,-5.88;
-27.88,-67.58,-5.18;
-28.48,-83.52,-4.98;
-25.75,-96.74,-2.80;
-16.28,-103.54,0.88;
-16.28,-107.84,2.74;
-33.56,-116.44,1.18;
-41.36,-121.54,-0.01;
-14.52,-124.83,1.23;
53.43,-121.18,5.15;
82.82,-115.69,7.15;
-3.26,-123.28,4.48;
-118.04,-136.04,13.95;
-78.56,-134.77,26.57;
50.73,-127.21,26.97;
69.93,-126.24,6.50;
-9.06,-125.44,11.51;
-15.67,-121.41,20.89;
29.32,-116.27,21.08;
31.38,-112.05,12.97;
19.37,-106.39,15.61;
38.50,-98.13,17.98;
30.91,-87.67,16.47;
34.42,-76.50,16.02;
57.73,-66.39,10.70;
46.76,-52.51,0.35;
37.44,-35.43,-3.29;
31.31,-23.26,-9.41;
21.95,-5.90,-8.20;
10.19,12.13,-8.30;
-7.53,31.61,-3.70;
0.12,52.28,-0.01;
-8.22,75.84,1.52;
-20.07,103.81,6.33;
1.46,135.58,4.71;
19.58,171.50,-2.33;
20.15,205.62,-12.13;
12.10,230.80,-22.14;
-60.25,245.30,-29.21;
-130.33,275.04,-36.72;
-182.19,290.43,-35.47;
-166.17,296.92,-41.69;
-149.58,303.29,-76.48;
-68.62,273.01,-82.19;
-46.20,219.14,-53.01;
-20.92,141.40,-66.01;
-56.92,48.65,-84.97;
-25.87,3.24,-65.24;
-10.23,-13.83,-50.04;
-19.84,-19.14,-40.75;
-45.73,-22.10,-29.26;
-102.20,-34.27,-28.66;
-140.08,-46.16,-30.72;
-132.66,-48.05,-33.44;
-86.92,-41.66,-39.15;
-35.35,-34.97,-45.95;
-3.10,-34.96,-52.39;
16.18,-36.42,-56.11;
21.17,-36.39,-60.85;
27.37,-37.96,-62.66;
32.21,-46.77,-64.05;
51.99,-62.31,-62.51;
83.09,-83.80,-67.15;
124.18,-100.18,-68.71;
191.35,-117.40,-54.17;
349.03,-182.51,-45.03;
413.70,-290.21,-35.78;
211.75,-296.51,-43.29;
175.14,-233.93,-12.24;
-17.09,-240.51,33.63;
-0.74,-226.50,37.72;
37.19,-216.59,-3.81;
81.72,-199.96,-13.96;
58.74,-179.52,2.57;
-56.28,-161.15,-0.97;
-63.41,-137.43,4.56;
-25.87,-112.65,9.96;
-18.72,-84.79,7.23;
-26.14,-55.29,-3.06;
1.43,-20.28,-3.09;
10.83,17.88,-2.65;
15.70,62.08,-0.31;
13.57,104.60,-0.43;
3.14,141.52,0.97;
8.39,173.73,-2.71;
8.09,196.75,-10.78;
-10.40,211.29,-18.14;
-90.28,221.40,-20.89;
-170.25,253.33,0.68;
-182.81,264.25,18.79;
-138.85,273.64,18.04;
-105.79,237.96,51.54;
-98.13,216.25,55.86;
-2.19,184.25,59.43;
19.29,145.20,66.19;
-40.23,114.54,78.10;
-126.39,95.69,92.01;
-138.72,93.73,106.15;
-90.20,95.53,107.00;
-40.91,98.25,101.54;
39.51,96.59,68.64;
55.80,88.07,47.52;
11.37,78.72,42.16;
-36.62,67.40,47.86;
-34.40,51.78,48.25;
-8.60,38.14,39.81;
47.31,26.02,32.48;
67.12,20.30,37.11;
87.66,8.68,42.38;
98.71,-11.84,32.18;
96.19,-38.31,20.42;
66.67,-68.86,13.95;
38.06,-84.25,9.72;
40.94,-97.28,3.67;
108.16,-144.88,5.55;
73.75,-271.60,114.16;
-35.36,-306.39,-5.36;
100.91,-210.41,3.55;
176.88,-239.60,-12.19;
123.99,-219.96,49.22;
107.83,-198.60,-11.17;
2.99,-180.21,30.73;
-61.04,-162.60,52.12;
-156.91,-139.00,59.28;
-127.41,-104.80,68.59;
-101.46,-59.61,54.97;
-118.10,-89.23,44.82;
-41.94,-63.64,18.91;
95.99,-58.39,28.73;
32.99,-21.96,-9.62;
-4.88,9.23,6.79;
-26.17,30.39,5.51;
5.35,41.14,1.93;
30.06,54.97,-11.95;
25.12,68.28,-15.84;
10.83,78.85,-15.17;
-14.69,87.66,-14.40;
-9.88,95.21,-15.18;
-1.00,102.69,-17.17;
-3.17,107.53,-19.65;
-19.03,111.20,-15.21;
0.36,113.17,-12.98;
-17.91,112.16,-13.32;
-31.36,109.17,-11.27;
-35.82,106.51,-9.49;
-26.66,103.62,-8.77;
-19.10,99.23,-10.68;
-3.64,94.79,-13.55;
8.97,89.70,-15.64;
16.54,83.03,-15.44;
22.44,77.49,-11.36;
14.82,72.75,-8.60;
8.19,67.66,-6.69;
8.27,62.42,-6.27;
7.89,58.68,-5.46;
7.17,55.53,-3.49;
2.85,51.64,-0.95;
-6.07,47.98,-0.16;
-7.03,45.69,0.82;
-7.27,43.44,2.53;
-2.31,43.00,2.65;
-17.73,40.75,1.93;
-32.45,36.46,4.31;
-30.43,30.69,7.83;
-11.35,22.74,5.14;
4.71,16.25,1.84;
16.80,10.42,0.91;
17.19,5.67,-0.48;
19.23,4.13,-1.47;
11.72,4.60,-1.27;
-1.18,4.20,-0.43;
-8.27,4.46,0.50;
-10.74,3.78,0.94;
-7.04,2.04,1.18;
3.14,0.69,0.44;
12.56,0.04,-0.89;
10.38,-0.13,-1.72;
3.32,0.16,-0.19;
-6.80,1.03,0.77;
-7.18,2.02,1.31;
-7.84,2.22,0.71;
-7.87,2.83,0.74;
-7.43,2.42,0.54;
-3.49,2.49,0.74;
-1.93,2.28,0.28;
0.09,1.99,0.33;
1.83,2.01,0.38;
5.73,2.20,0.38;
4.48,2.53,-0.51;
1.05,2.30,0.18;
-0.31,1.99,0.57;
-0.74,1.40,0.79;
0.73,0.43,0.67;
1.26,-0.48,0.31;
-0.78,-0.89,0.30;
0.51,-0.47,1.12;
0.32,0.31,0.53;
0.94,1.17,0.62;
-4.56,1.78,0.86;
-5.43,1.79,1.25;
-2.31,1.78,1.43;
0.19,1.37,0.96;
-0.20,1.03,0.73;
0.19,0.77,0.86;
-0.60,1.09,1.08;
-0.98,1.56,1.03;
-1.85,2.04,0.82;
-2.25,2.57,0.83;
-1.64,2.88,1.22;
-2.60,2.63,1.11;
-3.62,2.17,1.49;
-1.98,1.90,0.99;
0.70,2.17,0.80;
-0.77,2.10,0.74;
-4.23,2.39,0.94;
-4.48,2.65,1.20;
-4.45,2.48,1.51;
-2.97,2.66,1.47;
-3.91,2.63,1.37;
-3.39,2.54,1.66;
-1.87,2.31,1.05;
0.27,2.77,0.89;
-2.10,2.48,1.20;
-3.03,2.68,1.41;
-2.85,2.30,1.17;
-1.78,2.59,1.41;
-1.73,2.57,0.97;
-3.52,2.42,1.22;
-4.30,2.24,1.23;
-1.72,2.11,0.94;
-0.39,1.96,0.93;
-0.65,1.99,0.89;
-1.29,2.20,0.99;
-0.68,1.90,0.77;
-3.38,2.36,0.82;
-3.01,2.11,1.29;
-2.51,2.05,1.09;
-0.27,2.01,0.71;
0.90,2.14,0.67;
0.96,1.82,0.82;
1.19,1.79,0.91;
0.24,1.93,0.45;
-0.30,1.75,0.70;
-1.27,1.88,0.56;
-1.61,2.07,0.68;
-0.97,1.87,0.10;
-1.87,1.88,0.13;
-1.61,1.78,0.41;
-1.18,1.82,0.22;
-1.41,1.84,0.30;
-1.15,1.90,0.24;
-0.62,1.85,0.27;
0.42,1.66,0.24;
-1.24,1.76,-0.04;
-1.78,1.47,-0.07;
-3.82,1.62,-0.10;
-2.42,1.30,0.50;
-1.14,1.40,-0.05;
-1.04,1.33,0.09;
-1.98,1.23,0.07;
-1.88,1.18,0.48;
-1.81,1.62,0.50;
-1.33,1.53,0.31;
-2.05,1.52,0.27;
-1.72,1.17,0.09;
-1.43,1.14,0.12;
-2.16,1.11,0.44;
-1.98,0.86,0.21;
-1.65,0.88,0.27;
-1.04,0.82,0.36;
-1.52,0.86,0.35;
0.44,0.72,0.45;
0.16,0.80,0.31;
-1.01,0.79,0.67;
-0.02,0.89,0.28;
-0.04,0.74,0.25;
-0.75,0.88,0.12;
-0.63,0.72,0.16;
-0.48,0.72,0.21;
-0.43,0.68,0.19;
-1.52,0.69,0.42;
-0.57,0.65,0.33;
2.10,0.82,-0.17;
1.64,0.79,-0.24;
0.71,0.91,0.15;
-0.17,0.95,0.36;
-0.69,0.92,0.15;
0.79,1.17,0.16;
0.32,1.04,0.04;
-0.63,1.01,0.10;
0.16,1.11,0.25;
1.29,0.79,-0.01;
2.85,0.91,-0.11;
1.25,1.04,0.18;
1.69,0.82,0.33;
2.16,0.72,-0.13;
2.44,0.54,-0.27;
3.77,0.54,-0.08;
4.57,0.20,-0.22;
3.28,0.20,-0.04;
1.11,-0.15,0.04;
-0.59,-0.47,-0.02;
1.99,-0.89,-0.04;
4.10,-2.42,-0.59;
3.86,-4.13,-1.04;
2.71,-6.89,-0.97;
3.48,-8.63,-1.15;
5.52,-11.21,-1.43;
6.15,-13.31,-2.19;
5.25,-15.23,-2.19;
4.44,-16.86,-2.30;
5.81,-19.00,-2.57;
6.73,-21.12,-2.62;
5.46,-23.25,-2.49;
4.09,-26.82,-2.49;
-1.01,-31.57,-2.53;
-4.71,-36.88,-2.49;
-2.04,-44.05,-3.38;
5.92,-52.85,-5.29;
2.79,-63.98,-6.91;
-9.62,-77.46,-6.91;
-24.49,-92.22,-4.31;
-37.46,-105.06,0.97;
-22.91,-112.05,10.27;
-26.42,-116.15,13.46;
-37.65,-116.97,11.26;
-38.07,-124.76,7.87;
-40.52,-135.35,1.14;
39.25,-131.40,4.04;
87.28,-124.96,5.72;
60.82,-127.93,3.37;
-69.88,-134.02,13.73;
-33.99,-129.98,27.80;
54.57,-129.99,20.45;
-14.39,-131.23,17.57;
-47.90,-127.55,37.08;
28.65,-121.86,33.93;
26.02,-115.64,23.26;
17.67,-104.18,29.80;
45.83,-98.15,24.42;
68.38,-87.02,20.74;
45.26,-71.21,16.15;
18.91,-57.23,15.60;
30.42,-45.84,6.36;
52.68,-33.47,-2.83;
50.41,-18.18,-11.17;
35.46,-4.19,-11.96;
5.64,13.84,-10.77;
-3.30,30.27,-5.50;
6.45,43.88,-6.85;
11.80,64.75,-9.09;
2.12,86.97,-12.94;
-7.44,106.69,-13.47;
6.33,134.92,-14.69;
14.99,160.07,-18.98;
19.02,187.69,-24.65;
14.80,211.55,-31.56;
-44.95,227.79,-40.10;
-92.17,244.91,-45.49;
-131.00,279.61,-36.97;
-151.62,294.59,-38.59;
-143.88,298.92,-55.04;
-122.85,283.29,-74.75;
-131.30,251.76,-73.46;
-139.30,205.38,-53.09;
-87.87,128.42,-63.84;
-69.07,66.48,-63.99;
-52.30,32.46,-49.70;
-49.85,24.46,-37.21;
-48.46,23.20,-30.69;
-19.47,17.41,-34.19;
-12.27,2.40,-40.10;
-24.89,-10.85,-42.53;
-25.17,-21.96,-42.57;
-10.20,-26.27,-47.09;
14.42,-26.25,-51.98;
31.84,-32.88,-56.02;
38.93,-38.96,-58.42;
32.86,-45.64,-59.58;
32.64,-52.25,-58.66;
39.00,-58.45,-57.32;
54.50,-57.06,-56.30;
63.98,-54.48,-55.47;
96.76,-53.96,-50.04;
122.97,-74.19,-44.34;
121.90,-86.82,-52.25;
137.54,-96.19,-64.37;
343.78,-167.99,-51.55;
407.14,-301.83,-2.13;
177.77,-364.10,-50.27;
102.22,-259.05,27.28;
84.90,-258.01,3.57;
-28.36,-263.02,23.96;
39.29,-221.44,14.48;
47.26,-208.68,-11.21;
76.02,-166.09,-2.04;
-37.81,-146.79,7.44;
-78.11,-123.89,9.09;
-38.07,-81.89,16.91;
-11.79,-45.43,14.67;
-24.05,-11.18,6.79;
-11.47,26.17,1.11;
2.28,57.91,-4.91;
23.49,95.43,-12.07;
33.38,131.29,-17.85;
42.44,162.43,-19.95;
17.38,179.08,-24.66;
-50.22,192.83,-24.65;
-130.75,204.59,-19.38;
-184.94,244.39,6.82;
-205.84,256.46,31.58;
-108.52,268.40,41.41;
-115.79,238.42,57.47;
-149.96,226.48,67.41;
-83.00,194.91,86.05;
-52.77,154.74,86.91;
-92.62,123.84,88.60;
-131.35,113.70,99.23;
-87.07,111.08,105.40;
-41.26,107.82,101.32;
18.80,99.79,72.56;
-4.54,88.92,57.12;
-64.02,83.96,59.60;
-133.46,78.25,71.93;
-135.65,69.41,74.33;
-98.75,59.04,67.40;
-28.51,45.33,51.76;
71.67,27.35,30.47;
130.68,11.17,23.92;
147.84,-10.04,21.73;
149.83,-41.51,20.91;
116.99,-72.97,14.64;
90.93,-95.12,16.80;
72.09,-108.41,10.30;
104.42,-166.16,23.95;
-15.14,-312.50,134.12;
-129.38,-295.44,30.89;
22.39,-198.71,57.49;
150.76,-240.28,18.53;
121.03,-218.74,37.75;
153.78,-191.90,6.50;
110.28,-178.54,18.85;
8.74,-161.61,29.32;
-70.34,-140.33,41.55;
-69.06,-110.21,53.44;
-136.25,-84.57,56.79;
-158.30,-71.15,64.57;
-57.06,-81.37,26.83;
44.38,-58.73,20.21;
41.31,-46.10,4.36;
3.78,-15.14,8.33;
-20.20,7.75,7.38;
-1.67,21.56,8.27;
10.88,36.36,-3.40;
8.42,51.61,-12.68;
-8.57,66.40,-15.82;
-14.62,80.33,-14.88;
-1.18,92.17,-18.78;
4.85,102.69,-23.81;
11.20,110.89,-25.79;
4.64,116.59,-25.26;
-1.04,118.85,-21.15;
-1.10,118.83,-20.60;
0.24,117.96,-19.99;
5.32,117.17,-20.91;
15.17,116.36,-19.88;
-1.88,113.72,-20.78;
-6.27,109.96,-17.32;
-15.15,103.82,-16.56;
-12.36,97.37,-12.11;
7.31,92.13,-7.87;
30.93,86.92,-7.88;
30.62,79.33,-8.49;
22.80,72.60,-5.09;
21.03,68.83,-3.15;
19.48,66.36,-2.49;
13.57,63.72,-3.27;
-14.46,60.51,-3.40;
-37.46,58.02,-0.92;
-53.27,54.60,3.35;
-60.54,48.57,5.29;
-49.44,42.62,6.15;
-32.77,35.24,4.83;
-33.52,28.16,6.97;
-0.65,20.19,2.83;
17.11,15.55,0.45;
23.77,12.39,-3.20;
13.23,10.25,-4.13;
4.94,9.32,-3.43;
-3.55,8.82,-2.60;
-0.52,7.93,-2.63;
3.72,6.19,-4.22;
8.90,5.32,-3.90;
9.37,4.24,-4.27;
4.91,3.24,-3.88;
0.99,2.54,-3.00;
0.13,2.31,-3.11;
3.40,2.77,-3.35;
8.35,2.80,-4.08;
0.82,4.10,-4.57;
-13.21,4.69,-3.09;
-22.14,4.37,-1.67;
-21.03,4.04,-2.14;
-11.35,2.86,-3.27;
-2.88,2.05,-3.98;
4.54,1.61,-4.88;
5.31,0.88,-4.88;
2.88,0.68,-4.05;
1.99,0.37,-3.64;
1.44,-0.05,-2.92;
3.77,-0.33,-2.74;
6.70,-0.45,-2.86;
7.43,-0.71,-2.63;
9.52,-0.77,-2.40;
7.19,-0.73,-2.36;
4.45,-0.56,-2.05;
0.70,-0.45,-1.93;
-2.52,0.07,-1.78;
-2.81,0.08,-1.55;
-3.35,0.85,-1.85;
-3.10,1.56,-1.73;
-5.73,2.13,-1.73;
-5.76,2.56,-1.64;
-6.49,2.98,-1.49;
-9.61,3.38,-1.29;
-10.34,3.55,-1.43;
-10.14,3.46,-1.52;
-10.72,3.15,-1.07;
-8.62,2.65,-0.75;
-5.58,2.02,-0.77;
-2.65,1.46,-1.21;
-0.39,0.85,-0.98;
1.57,0.40,-0.74;
0.79,0.17,-0.80;
1.70,0.33,-0.57;
1.83,0.45,-0.69;
0.67,0.25,-0.45;
1.72,0.51,-0.36;
2.50,0.39,-0.37;
1.55,0.45,-0.62;
0.77,0.49,-0.34;
0.91,0.71,-0.28;
1.19,0.86,-0.42;
0.47,0.75,-0.57;
-0.49,1.01,-0.08;
-0.07,0.85,-0.17;
-0.33,0.82,0.16;
0.65,0.63,0.36;
2.13,0.65,0.38;
1.72,0.49,0.31;
1.75,0.33,0.76;
0.90,0.28,0.53;
0.19,0.27,0.67;
0.65,0.31,0.82;
2.83,0.79,0.96;
2.51,0.88,0.57;
2.67,1.23,0.74;
0.62,1.58,0.64;
-1.06,1.76,0.77;
-2.13,1.72,0.73;
-3.49,1.98,0.79;
-2.85,2.01,0.91;
-3.06,1.82,0.74;
-2.49,2.08,0.67;
-0.89,2.10,0.60;
-2.10,2.08,0.64;
-3.24,1.96,1.18;
-3.35,1.96,0.94;
-3.24,1.66,0.91;
-1.43,1.62,1.20;
0.30,1.29,0.48;
-0.71,1.33,0.35;
-1.32,1.12,0.54;
-2.05,0.86,0.82;
-4.01,0.92,0.97;
-3.59,0.88,1.38;
0.77,0.75,0.65;
3.80,1.08,0.59;
2.53,0.89,0.33;
-2.46,0.88,1.20;
-4.54,1.15,0.99;
-4.45,1.15,1.05;
-3.14,0.88,0.94;
-1.14,0.80,0.60;
0.33,0.63,0.45;
-0.22,0.53,0.45;
-0.85,0.45,0.44;
-0.81,0.63,0.45;
-1.00,0.46,0.42;
-0.66,0.24,0.21;
-0.11,0.07,0.44;
0.90,0.02,0.27;
0.07,-0.04,0.02;
-0.71,0.02,0.27;
-2.11,0.20,0.42;
-1.94,0.46,0.53;
0.47,0.48,0.30;
0.07,0.57,0.12;
-1.46,0.45,0.57;
-1.46,0.48,0.38;
-1.18,0.24,0.42;
-0.01,0.42,0.60;
-0.01,0.34,0.48;
-0.39,0.63,0.35;
-1.62,0.42,0.50;
-2.10,0.39,0.93;
-0.45,0.25,0.68;
0.13,0.40,0.50;
1.11,0.14,0.27;
0.07,0.40,0.30;
-1.23,0.46,0.33;
-1.10,0.19,0.45;
-0.88,0.05,0.45;
0.10,0.13,0.21;
0.83,-0.16,-0.08;
-0.08,-0.34,0.31;
-0.28,-0.30,0.35;
1.46,-0.56,-0.05;
2.79,-0.67,-0.16;
1.83,-0.60,0.09;
1.73,-0.34,-0.05;
0.88,-0.42,-0.19;
0.53,-0.16,-0.10;
1.20,-0.47,-0.13;
2.76,-0.51,-0.33;
1.67,-0.51,-0.25;
1.80,-1.08,0.45;
2.94,-1.12,0.18;
2.50,-1.26,-0.30;
-0.01,-1.87,0.01;
0.53,-2.51,-0.24;
1.22,-3.57,-0.57;
2.61,-4.25,-0.83;
1.55,-5.47,-1.23;
-0.42,-7.14,-1.21;
1.46,-8.33,-1.04;
5.25,-9.64,-2.31;
6.10,-11.26,-2.85;
3.15,-12.67,-2.88;
-0.80,-15.11,-2.54;
-1.35,-17.11,-3.50;
2.45,-19.46,-3.59;
5.99,-21.87,-4.34;
8.02,-24.83,-4.69;
5.80,-27.84,-4.53;
4.06,-30.76,-4.36;
1.80,-35.38,-4.89;
-1.79,-42.09,-5.29;
-3.26,-48.83,-5.99;
-5.20,-60.67,-7.61;
-17.85,-75.18,-8.83;
-26.04,-90.60,-8.54;
-26.30,-103.23,-4.62;
-25.23,-112.05,1.70;
-32.89,-116.96,5.84;
-38.69,-121.61,5.83;
-47.17,-130.65,1.58;
11.46,-130.60,3.44;
60.27,-124.89,3.40;
38.41,-123.57,-1.29;
-38.54,-133.23,-0.88;
-52.01,-131.28,10.56;
24.86,-132.34,14.64;
3.99,-139.15,5.89;
-13.91,-139.05,9.69;
40.33,-132.51,19.92;
93.84,-125.40,8.97;
42.62,-119.78,4.50;
24.73,-109.63,16.50;
64.44,-98.83,13.61;
70.35,-83.57,13.08;
43.17,-67.58,12.53;
15.70,-45.67,15.09;
32.67,-28.34,6.79;
36.42,-12.16,2.94;
38.71,9.43,-3.43;
25.05,34.20,-2.20;
1.19,57.61,-3.43;
3.54,80.30,0.27;
5.52,109.79,-0.95;
11.32,143.35,-2.11;
26.38,170.62,-9.15;
15.38,201.38,-21.73;
-25.61,224.02,-31.21;
-73.67,247.24,-42.27;
-158.72,271.69,-37.04;
-173.67,298.07,-36.95;
-150.95,306.36,-53.24;
-171.18,293.58,-78.05;
-57.26,247.40,-74.37;
-85.56,189.84,-39.38;
-69.91,115.11,-61.69;
-67.15,51.50,-67.12;
-68.13,27.01,-61.75;
-73.64,22.83,-42.19;
-40.30,22.04,-32.27;
-7.65,10.54,-38.49;
-17.50,-6.13,-41.61;
-54.59,-22.99,-40.51;
-66.42,-34.88,-39.09;
-37.15,-39.05,-41.24;
9.93,-36.74,-48.74;
31.38,-34.33,-57.65;
20.18,-35.21,-60.49;
-0.97,-37.92,-56.77;
-7.07,-39.29,-55.90;
9.22,-41.11,-56.75;
38.04,-43.64,-58.78;
63.80,-50.53,-60.14;
87.99,-60.70,-60.85;
109.32,-71.34,-61.23;
142.50,-79.02,-55.56;
223.92,-92.31,-49.90;
468.09,-173.00,-54.36;
440.06,-305.64,-28.66;
83.20,-376.96,-34.11;
22.62,-257.83,28.36;
79.22,-245.44,-12.74;
58.33,-237.26,52.27;
55.70,-225.60,-7.26;
112.70,-201.90,-11.53;
98.65,-159.29,1.69;
-51.44,-134.60,23.47;
-61.91,-103.20,11.69;
-20.80,-68.27,11.25;
-27.55,-20.54,5.60;
-44.01,17.88,3.34;
-17.23,50.80,4.16;
-5.03,88.31,1.80;
-5.06,122.72,0.56;
1.63,150.56,-5.01;
10.71,169.56,-8.75;
-7.93,188.71,-17.50;
-66.68,202.14,-21.20;
-130.23,215.66,-19.41;
-193.07,254.72,9.17;
-191.53,263.41,24.09;
-120.11,273.41,24.42;
-113.01,222.40,44.99;
-100.95,196.04,75.89;
38.36,146.56,77.76;
65.11,106.88,71.54;
-27.21,77.66,69.52;
-113.32,75.64,98.65;
-128.19,78.30,116.25;
-83.58,74.91,111.66;
-40.20,65.23,98.77;
-33.98,59.09,91.63;
-35.61,51.03,83.55;
-35.41,45.46,79.40;
-27.10,38.68,73.20;
-23.75,32.77,69.80;
-16.66,24.75,59.83;
16.76,14.60,48.73;
28.28,4.60,40.67;
21.35,-7.99,36.93;
28.83,-23.73,37.02;
40.97,-41.47,25.00;
70.45,-58.01,16.89;
93.26,-66.97,7.96;
137.43,-117.69,27.87;
179.70,-191.75,71.09;
58.76,-258.97,-12.16;
-48.17,-235.02,42.53;
-18.20,-225.43,34.67;
-36.51,-194.70,62.59;
33.00,-201.70,36.67;
21.41,-193.38,5.14;
-3.41,-180.74,24.16;
-130.14,-161.70,30.01;
-145.12,-119.47,56.28;
-133.82,-109.51,54.33;
-169.21,-147.52,11.73;
-109.81,-68.67,29.95;
195.35,-45.67,17.49;
97.12,-37.57,-48.53;
-96.08,-0.34,14.24;
-51.76,18.40,31.67;
30.01,32.86,8.54;
24.91,47.58,-7.76;
0.71,60.75,-6.24;
6.53,64.71,-7.27;
14.13,66.75,-10.42;
23.86,67.70,-11.35;
40.86,71.76,-14.54;
46.88,80.42,-17.75;
38.82,89.01,-15.35;
39.40,95.66,-13.06;
34.90,99.35,-14.31;
31.64,102.57,-15.50;
29.81,105.35,-18.68;
21.37,106.69,-19.33;
16.74,108.24,-19.70;
20.73,107.03,-21.53;
30.25,108.13,-20.88;
24.07,110.71,-22.34;
3.31,110.17,-19.98;
-17.82,106.88,-13.56;
-17.85,104.59,-8.22;
-6.75,101.20,-5.47;
11.12,97.52,-5.23;
14.74,93.14,-4.72;
7.78,86.66,-1.64;
-1.87,81.78,2.36;
-18.36,76.25,7.47;
-38.36,71.75,9.98;
-44.83,64.53,13.87;
-26.62,55.27,12.42;
-17.94,47.90,11.98;
11.20,32.19,7.61;
29.06,19.64,2.62;
41.54,6.05,-0.37;
47.87,-0.65,-2.72;
44.61,-5.54,-5.91;
14.93,-7.03,-7.35;
-15.46,-7.06,-5.03;
-34.89,-5.78,-2.42;
-35.53,-4.71,-1.96;
-17.26,-2.05,-1.11;
0.01,-1.08,-1.82;
14.18,0.17,-2.66;
16.30,2.13,-1.64;
9.90,3.85,-0.14;
-0.28,6.13,1.43;
-6.11,8.25,0.94;
-7.58,10.08,0.89;
-10.08,10.82,0.59;
-14.66,10.10,-0.34;
-15.72,7.88,-1.00;
-7.91,6.57,-1.81;
3.70,5.06,-3.41;
7.77,3.12,-4.40;
5.26,2.02,-4.31;
0.51,1.50,-3.20;
-3.91,1.08,-2.25;
-2.43,1.41,-2.05;
2.33,2.56,-1.91;
3.75,3.41,-1.27;
-1.33,4.27,-0.71;
-5.36,4.62,0.73;
-3.96,5.41,0.50;
1.37,5.58,0.01;
3.83,5.91,-0.77;
1.73,6.16,-1.76;
-6.75,6.14,-1.23;
-11.43,5.67,-1.30;
-13.41,5.01,-1.18;
-6.20,4.75,-1.29;
1.22,4.92,-2.33;
5.34,5.37,-2.20;
1.73,5.52,-1.98;
-3.27,5.70,-1.07;
-6.57,5.58,-0.77;
-7.21,5.46,-0.04;
-4.04,5.69,-0.98;
-0.39,5.85,-1.26;
-0.17,5.84,-1.96;
-5.82,5.24,-1.11;
-6.33,4.97,-1.20;
-4.52,4.56,-1.09;
-1.72,4.30,-1.65;
-2.07,3.67,-1.82;
-3.17,3.35,-1.46;
-3.09,3.26,-1.88;
-0.91,3.40,-1.85;
-1.53,4.28,-2.07;
-2.48,4.59,-1.50;
-2.68,4.94,-1.30;
-3.07,5.82,-1.43;
-3.10,6.17,-1.14;
-5.21,6.31,-1.50;
-7.84,6.13,-1.17;
-5.96,6.16,-1.33;
-3.73,6.36,-1.96;
-2.39,6.36,-1.88;
-3.27,6.33,-1.84;
-3.36,6.42,-1.20;
-2.68,6.60,-1.75;
-1.59,6.48,-1.84;
-3.58,6.36,-1.29;
-3.00,6.30,-1.12;
-0.83,6.37,-1.44;
1.20,6.54,-1.65;
3.46,7.04,-1.33;
3.38,7.17,-1.72;
2.86,7.49,-1.67;
-1.04,7.84,-1.55;
-5.17,7.67,-0.83;
-4.57,7.56,-0.56;
-0.19,8.08,-0.53;
1.63,8.04,-0.80;
1.19,8.13,-0.22;
-3.43,8.34,-0.17;
-5.98,8.10,0.59;
-3.53,8.07,0.21;
-1.21,7.91,-0.22;
-0.83,7.81,-0.40;
-3.73,7.61,-0.57;
-6.62,7.24,-0.54;
-5.84,7.11,-0.48;
-4.57,7.17,-0.14;
-0.42,7.62,-1.17;
0.24,7.46,-1.75;
-2.27,7.50,-1.90;
-5.35,7.26,-1.07;
-4.27,7.08,-1.06;
0.91,6.83,-1.20;
3.15,6.72,-1.56;
3.77,6.56,-1.18;
2.16,7.03,-1.27;
2.44,7.17,-1.11;
0.90,7.30,-0.97;
-2.02,7.73,-0.13;
-1.55,7.87,0.02;
-2.34,7.43,-0.20;
-1.15,7.35,0.07;
-0.81,7.43,-0.05;
1.23,7.49,0.10;
4.19,7.23,-0.56;
5.23,7.15,-1.35;
0.80,6.88,-1.46;
-3.44,6.49,-0.66;
-2.17,6.43,-0.57;
-2.08,5.91,-0.72;
1.00,5.53,-1.03;
3.09,5.43,-1.21;
1.67,5.18,-0.88;
1.86,5.17,-0.30;
0.73,4.91,-1.11;
-3.61,4.68,-0.49;
-4.57,4.37,-0.14;
0.67,4.04,-0.10;
1.90,3.33,-1.03;
-0.80,3.11,-0.19;
-0.97,2.31,-0.02;
1.08,2.04,-0.24;
1.92,1.58,-0.77;
-1.36,1.18,0.19;
-0.42,1.03,0.28;
0.59,1.04,0.10;
-1.52,0.85,0.60;
-2.81,0.77,0.79;
-3.04,0.94,0.86;
-1.18,0.86,0.91;
-0.89,0.82,0.74;
-4.14,0.62,1.08;
-5.12,0.63,1.32;
-3.10,0.31,1.28;
-2.85,0.42,1.55;
-1.90,0.39,1.03;
-2.49,0.30,1.22;
-2.11,0.34,1.25;
-3.88,0.14,1.46;
-6.72,0.10,1.70;
-6.43,0.20,1.89;
-3.14,0.04,1.41;
-0.36,-0.42,1.40;
1.64,-0.38,1.20;
-0.57,-0.33,1.06;
-2.08,-0.38,1.63;
-3.68,-0.38,1.03;
-2.81,-0.28,0.96;
-1.79,-0.48,1.23;
-1.85,-0.39,0.88;
-2.98,-0.47,0.99;
-2.80,-0.24,0.65;
-2.56,-0.24,1.06;
-2.02,0.01,1.15;
-2.14,-0.02,1.35;
-3.49,-0.12,1.43;
-2.07,0.02,0.86;
-0.65,0.11,0.68;
-0.40,0.14,0.88;
-1.00,0.31,0.86;
-2.17,0.43,0.73;
-3.62,0.39,0.73;
-1.24,0.88,0.73;
-2.13,0.98,0.31;
-3.55,0.98,0.94;
-1.30,1.23,1.03;
0.82,1.52,0.65;
-0.63,1.41,0.86;
-1.87,1.79,1.02;
0.61,1.96,1.08;
-0.72,2.28,0.80;
-1.91,2.30,0.91;
0.65,2.31,0.70;
1.90,2.51,0.62;
3.80,2.28,0.30;
0.61,2.74,0.25;
-1.84,3.18,1.29;
-1.26,3.26,1.52;
0.76,3.56,1.15;
2.32,3.26,0.76;
5.61,3.20,0.62;
7.84,2.86,0.28;
3.29,2.71,0.54;
1.99,2.57,1.18;
3.99,2.51,1.02;
5.25,2.54,0.93;
5.38,2.16,0.57;
11.55,1.96,0.65;
10.74,2.34,0.56;
10.68,2.56,0.18;
6.68,2.69,0.39;
4.85,2.88,1.18;
10.90,3.33,1.23;
13.38,3.12,0.41;
12.67,3.09,0.36;
6.90,3.09,0.85;
5.37,2.92,0.85;
3.14,2.69,0.31;
2.54,2.71,0.45;
-0.37,2.59,0.48;
-1.39,2.39,1.12;
-1.88,1.55,1.37;
1.64,0.98,1.47;
4.80,0.42,0.67;
5.19,0.31,0.50;
1.06,-0.22,0.39;
-5.09,-0.18,0.64;
-6.45,0.01,1.23;
-2.39,0.17,0.86;
-1.35,0.57,0.71;
-4.13,0.75,0.65;
-7.62,0.51,0.99;
-5.52,0.34,1.54;
-1.79,-0.30,0.79;
-0.31,-0.82,0.38;
-4.43,-0.99,0.85;
-6.14,-0.97,1.26;
-5.27,-0.88,1.09;
-2.16,-1.03,0.41;
-2.07,-0.80,0.18;
-5.07,-1.06,0.05;
-8.34,-1.38,0.89;
-6.98,-1.25,0.51;
-6.42,-1.35,0.56;
-6.43,-1.63,0.16;
-5.06,-1.47,0.70;
-1.01,-1.32,0.31;
-0.34,-0.83,-0.08;
-2.80,-0.83,-0.07;
-5.43,-0.48,0.54;
-5.30,-0.59,0.50;
-0.51,-0.51,0.07;
1.11,-0.62,-0.25;
1.15,-0.88,-0.33;
0.06,-0.60,-0.28;
1.77,-0.24,-0.25;
-0.86,0.05,-0.30;
-1.96,0.25,0.18;
-0.59,0.69,0.09;
3.09,0.79,-0.39;
0.62,0.92,-0.39;
-2.75,0.74,0.07;
-2.27,0.94,0.50;
-1.18,1.00,0.30;
-2.48,1.08,0.41;
-2.25,1.06,0.70;
-2.07,0.91,0.01;
-2.65,0.97,0.42;
-3.21,1.01,0.33;
-3.43,0.89,0.59;
0.48,0.83,0.45;
2.02,0.56,-0.07;
2.09,0.54,0.30;
0.73,0.83,0.65;
-1.09,0.83,0.48;
-0.78,0.74,0.53;
-0.13,0.74,0.36;
0.25,0.30,0.44;
1.38,-0.04,0.56;
2.93,-0.18,0.33;
1.60,-0.38,0.04;
-0.92,-0.34,0.16;
-2.51,-0.54,0.42;
-2.78,-0.76,0.28;
-2.48,-0.77,0.19;
-1.03,-0.28,0.18;
0.24,0.19,-0.11;
0.47,0.60,-0.42;
-0.72,1.61,-0.02;
-1.99,2.13,0.18;
-1.41,2.68,-0.10;
-0.20,2.75,-0.43;
1.43,2.94,-0.85;
0.88,3.17,-0.75;
0.39,3.03,-0.59;
1.29,3.15,-0.45;
2.57,3.04,-0.66;
1.60,2.86,-0.71;
0.71,2.46,-0.25;
1.26,2.07,-0.01;
2.25,1.99,-0.62;
4.39,1.66,-0.71;
3.75,1.53,-0.80;
1.98,1.47,-1.06;
1.12,1.12,-1.01;
0.04,0.79,-0.86;
2.73,1.09,-1.07;
3.31,0.82,-1.32;
2.07,0.79,-1.03;
1.46,0.88,-1.00;
1.43,0.86,-1.09;
1.75,0.85,-1.26;
2.24,0.97,-1.29;
0.94,0.95,-1.24;
-0.74,1.14,-1.70;
-1.91,1.59,-1.70;
-2.95,1.53,-1.73;
-3.44,1.70,-1.36;
-2.40,1.82,-2.05;
-4.34,1.69,-2.20;
-6.92,2.05,-1.81;
-6.77,1.90,-1.32;
-4.42,1.85,-1.76;
-1.98,1.40,-1.96;
-1.65,1.26,-1.62;
-3.41,1.20,-0.91;
-4.05,1.00,-0.66;
-2.43,0.83,-0.40;
0.44,0.69,-0.16;
1.06,0.31,-0.56;
-0.19,-0.12,-0.30;
0.97,0.05,-0.01;
1.40,0.25,-0.28;
1.37,-0.34,-0.48;
1.20,0.10,-0.80;
1.29,-0.09,-0.42;
0.67,-0.16,-0.39;
0.53,-0.19,-0.65;
0.57,-0.02,-0.56;
1.60,0.04,-0.46;
1.81,0.16,-0.31;
0.07,0.11,-0.19;
0.56,0.22,-0.14;
0.83,0.13,-0.49;
-1.35,0.22,-0.22;
-3.17,0.10,0.16;
-2.14,0.04,0.41;
-0.91,-0.07,0.18;
-1.47,-0.24,-0.07;
-2.30,-0.34,0.27;
-1.44,-0.25,0.28;
-1.99,-0.10,0.16;
-2.56,0.10,0.42;
-2.62,0.01,0.30;
-1.00,-0.12,0.30;
0.51,-0.07,0.35;
-0.88,-0.31,0.41;
-1.91,-0.27,0.18;
-2.10,-0.09,0.39;
-2.43,-0.12,0.53;
-1.59,-0.34,0.86;
-0.74,-0.34,0.53;
0.24,-0.50,0.73;
0.04,-0.33,0.59;
0.67,-0.38,0.65;
0.35,-0.27,0.62;
-0.23,-0.41,0.82;
-0.42,-0.27,0.82;
0.18,-0.25,0.73;
0.18,0.07,1.03;
-0.94,0.19,1.03;
-1.33,0.36,1.02;
-1.88,0.37,1.38;
-1.90,0.56,1.05;
-0.43,0.40,0.91;
0.27,0.37,0.62;
-1.82,0.17,0.94;
-1.64,0.36,1.18;
-1.00,0.51,1.05;
-0.13,0.80,0.73;
-0.86,0.69,0.88;
-0.81,0.80,0.96;
-0.60,1.01,0.97;
-0.46,0.83,0.74;
0.07,1.08,0.74;
-0.48,0.85,0.68;
-0.85,1.11,0.71;
-0.91,0.83,0.64;
-0.86,0.89,0.93;
0.48,0.77,0.70;
0.57,0.91,0.62;
0.06,0.51,1.12;
0.24,0.66,0.97;
-0.51,0.53,1.05;
-0.39,0.51,0.86;
0.45,0.75,0.94;
0.96,0.71,0.82;
-0.20,0.71,0.68;
-0.74,0.85,0.64;
-0.25,0.79,0.56;
-0.27,0.74,0.44;
-0.49,0.77,0.44;
1.08,0.71,0.42;
0.48,0.83,0.60;
0.36,0.83,0.28;
0.39,0.60,0.47;
-0.14,0.43,0.30;
0.71,0.31,0.22;
1.72,0.62,0.15;
1.20,0.56,-0.07;
-0.46,0.54,0.24;
-1.01,0.45,0.04;
-0.60,0.69,-0.05;
-0.01,0.60,0.16;
0.18,0.66,-0.16;
-1.32,0.51,-0.10;
-1.53,0.56,0.25;
-1.26,0.77,-0.04;
-1.43,0.80,-0.14;
-0.78,0.69,-0.13;
-0.74,0.85,-0.08;
-0.75,0.57,-0.31;
-1.58,0.53,-0.25;
-1.61,0.68,-0.19;
-1.52,0.54,-0.34;
-1.20,0.43,-0.42;
-2.02,0.37,-0.22;
-1.88,0.34,-0.16;
-1.36,0.48,-0.07;
-0.95,0.34,-0.22;
-1.76,0.36,-0.16;
-2.72,0.25,0.22;
-1.84,0.07,0.13;
-1.62,-0.01,-0.05;
-1.41,0.24,-0.11;
-1.12,0.39,-0.08;
-0.75,0.34,-0.04;
-1.90,0.28,0.02;
-2.16,0.24,-0.19;
-0.34,0.27,0.25;
0.65,0.46,-0.27;
0.07,0.34,-0.08;
-0.27,0.28,-0.04;
-1.46,0.28,0.16;
-2.37,0.22,0.21;
-2.10,0.49,0.15;
-0.30,0.40,0.10;
-0.49,0.45,0.13;
-1.96,0.42,0.07;
-2.31,0.65,0.02;
-2.45,0.57,0.05;
-1.64,0.33,0.35;
-1.35,0.42,-0.01;
-0.85,0.45,-0.13;
-1.32,0.49,0.05;
-1.20,0.54,0.18;
-1.44,0.60,0.04;
-1.33,0.57,-0.33;
-1.47,0.59,0.13;
-1.18,0.37,0.05;
-1.20,0.31,-0.07;
-1.29,0.11,0.41;
-1.62,0.07,-0.02;
-1.96,0.10,0.05;
-1.76,0.04,0.16;
-1.58,-0.09,0.13;
-0.81,0.20,0.28;
-0.14,0.10,0.13;
-1.06,-0.18,0.18;
-1.81,0.02,0.38;
-1.62,-0.01,0.38;
-1.82,-0.02,0.19;
-1.61,0.10,0.09;
-0.62,0.02,0.18;
-0.85,-0.15,-0.16;
-1.36,0.07,0.31;
-1.41,-0.04,-0.17;
-0.54,0.11,-0.01;
-0.77,0.07,0.07;
-0.57,-0.30,-0.05;
-0.60,0.02,-0.10;
0.02,-0.12,-0.22;
-0.78,0.05,-0.22;
-1.30,-0.07,-0.27;
-1.46,0.10,-0.16;
-1.35,0.01,-0.30;
-0.63,0.30,-0.20;
-0.28,0.30,-0.53;
-0.78,0.24,-0.45;
-2.36,0.36,-0.40;
-2.42,0.30,-0.37;
-0.43,0.56,-0.48;
-0.02,0.33,-0.68;
-1.24,0.17,-0.43;
-1.33,0.27,-0.43;
-0.72,0.17,-0.48;
-0.98,0.19,-0.75;
-1.78,-0.04,-0.49;
-2.10,0.02,-0.37;
-1.50,0.19,-0.69;
-0.23,0.14,-0.43;
-0.46,0.27,-0.62;
-1.00,0.25,-0.49;
-2.37,0.17,-0.77;
-1.59,0.45,-0.69;
-1.01,0.31,-0.71;
-1.79,0.46,-0.94;
-1.70,0.20,-0.56;
-1.49,0.34,-0.75;
-1.65,0.30,-0.78;
-1.62,0.60,-0.89;
-1.12,0.45,-0.62;
-0.65,0.45,-0.89;
-1.41,0.42,-0.82;
-1.93,0.24,-0.68;
-1.75,0.42,-0.69;
-1.53,0.34,-0.75;
-1.67,0.51,-0.75;
-1.84,0.37,-0.69;
-1.84,0.24,-0.92;
-1.64,0.48,-0.69;
-1.47,0.33,-0.77;
-1.36,0.34,-0.83;
-1.04,0.36,-0.98;
-1.36,0.40,-0.85;
-1.85,0.42,-0.89;
-2.42,0.68,-0.63;
-2.17,0.57,-0.59;
-0.77,0.42,-0.59;
-0.97,0.39,-0.77;
-1.46,0.62,-0.78;
-1.44,0.36,-0.48;
-1.53,0.14,-0.75;
-1.36,0.33,-0.60;
-0.92,-0.12,-0.65;
-1.17,-0.24,-0.68;
-0.63,-0.12,-0.54;
0.15,0.01,-0.39;
-0.46,-0.04,-0.45;
-1.82,-0.02,-0.34;
-1.15,0.49,-0.48;
-0.88,0.14,-0.77;
-1.14,0.30,-0.57;
-1.43,0.42,-0.49;
-1.58,0.24,-0.42;
-1.10,0.14,-0.33;
-1.07,0.17,-0.33;
-1.32,0.08,-0.22;
-0.88,0.22,-0.31;
-1.06,0.31,-0.51;
-0.83,0.13,-0.27;
-1.36,0.24,-0.05;
-2.28,-0.05,-0.19;
-2.42,0.07,0.22;
-2.10,0.07,0.09;
-2.05,0.16,-0.04;
-1.79,0.33,-0.19;
-1.53,0.20,0.09;
-0.78,0.11,0.35;
-1.10,0.30,0.44;
0.27,0.48,0.45;
0.28,0.54,0.51;
-1.29,0.39,0.62;
-1.99,0.68,0.80;
-0.59,0.69,0.51;
-0.45,0.69,0.65;
-0.81,0.69,0.47;
-0.88,0.48,0.50;
-0.43,0.83,0.42;
-0.34,0.65,0.56;
-0.72,0.34,0.68;
-0.57,0.54,0.71;
-0.08,0.34,0.70;
-0.19,0.42,0.86;
-0.51,0.43,0.85;
-0.81,0.39,0.88;
-1.14,0.25,0.77;
-1.03,0.39,0.86;
-0.59,0.31,0.88;
-0.59,0.51,0.60;
-0.40,0.36,0.65;
-0.66,0.45,0.79;
-1.09,0.25,0.71;
-1.18,0.33,0.89;
-1.07,0.30,0.85;
-0.63,0.34,0.71;
-0.62,0.39,0.77;
-1.18,0.31,0.73;
-1.07,0.33,0.83;
-0.54,0.20,0.97;
-0.10,0.36,1.00;
0.21,0.08,0.79;
-0.45,0.24,0.65;
-0.60,0.25,0.64;
-1.09,0.34,0.71;
-0.45,0.24,0.86;
0.36,0.31,0.48;
-0.62,0.25,0.80;
-1.00,0.08,0.96;
-0.52,-0.02,0.76;
-0.89,0.14,0.65;
-0.66,0.01,0.86;
-0.28,0.13,0.57;
-0.52,0.45,0.64;
-1.20,0.16,0.76;
-1.29,0.19,0.71;
-1.41,0.36,0.41;
-1.03,0.11,0.83;
-1.18,0.11,0.64;
-1.18,-0.10,0.80;
-0.77,0.01,0.62;
-0.01,-0.02,0.56;
-0.22,-0.15,0.39;
-0.83,-0.05,0.67;
-0.81,0.07,0.65;
-1.03,0.05,0.53;
0.10,0.14,0.45;
-0.10,0.36,0.38;
-0.08,0.33,0.47;
-0.43,0.17,0.41;
-0.14,0.46,0.44;
-0.71,0.56,0.41;
-1.30,0.13,0.44;
-0.74,0.45,0.60;
-0.60,0.19,0.25;
-0.86,0.28,0.25;
-0.74,0.08,0.38;
-0.81,0.31,0.60;
-1.26,0.40,0.42;
-0.74,0.31,0.16;
-0.89,0.42,0.04;
-1.33,0.46,0.12;
-1.27,0.69,0.19;
-1.00,0.34,0.01;
-0.65,0.46,0.16;
-0.77,0.71,0.24;
-0.89,0.62,0.28;
-0.98,0.66,-0.04;
-1.49,0.66,0.15;
-1.84,0.62,0.05;
-0.83,0.69,0.35;
-0.71,0.56,0.10;
-0.63,0.68,-0.13;
-0.81,0.59,-0.25;
-1.39,0.54,-0.05;
-1.70,0.53,-0.05;
-1.03,0.17,-0.22;
-0.72,0.19,-0.04;
-0.86,0.30,0.04;
-1.91,0.08,-0.08;
-1.18,0.04,0.15;
-1.03,0.31,0.24;
-1.29,0.04,0.01;
-1.18,0.20,-0.14;
-1.12,0.19,-0.01;
-0.59,0.33,0.04;
-0.60,0.20,-0.19;
-1.00,0.53,0.22;
-0.98,0.54,0.16;
-0.91,0.49,-0.13;
-1.01,0.13,0.05;
-0.92,0.16,-0.05;
-0.25,0.33,-0.08;
-0.66,0.27,-0.17;
-0.75,0.25,-0.05;
-0.71,0.24,-0.01;
-0.43,0.17,-0.14;
-0.72,0.19,0.01;
-0.81,0.24,-0.31;
-0.89,0.30,-0.02;
-0.80,0.31,-0.11;
-0.75,0.13,0.05;
-0.89,0.39,-0.16;
-0.83,0.08,0.09;
-0.28,0.36,0.16;
-0.69,0.39,-0.22;
-1.55,0.51,-0.02;
-1.67,0.65,0.09;
-0.59,0.59,-0.04;
-0.34,0.60,-0.11;
-1.27,0.57,-0.20;
-1.65,0.56,0.01;
-1.87,0.14,-0.10;
-1.18,0.31,-0.20;
-1.00,-0.05,-0.28;
-0.95,0.08,-0.10;
-0.75,0.02,-0.11;
-0.83,0.13,-0.24;
-0.98,0.07,-0.19;
-0.77,0.13,-0.19;
-1.04,-0.05,-0.28;
-1.06,0.11,-0.25;
-1.07,0.17,-0.05;
-1.04,0.19,-0.13;
-1.65,0.27,-0.16;
-1.64,0.08,-0.10;
-1.20,0.19,-0.08;
-1.49,0.04,-0.13;
-1.72,-0.15,-0.13;
-1.56,-0.22,-0.19;
-1.24,-0.39,-0.30;
-0.68,-0.34,-0.22;
-0.13,-0.47,-0.37;
-0.07,-0.33,-0.20;
-0.60,-0.27,-0.49;
-1.04,-0.24,-0.33;
-1.46,-0.21,-0.31;
-0.98,-0.02,-0.45;
-0.78,-0.04,-0.40;
-0.91,-0.38,-0.36;
-1.24,0.08,0.05;
-1.39,-0.04,-0.66;
-0.91,0.17,-0.22;
-0.37,0.33,-0.39;
-1.38,0.13,-0.20;
-2.10,-0.07,-0.24;
-0.30,0.24,-0.37;
0.19,0.34,-0.59;
-1.10,0.33,-0.53;
-2.11,0.11,-0.34;
-1.65,0.16,-0.28;
-0.65,0.13,-0.31;
-0.28,-0.21,-0.02;
-0.54,-0.16,-0.34;
-0.52,-0.04,-0.14;
-0.27,-0.22,-0.17;
-1.06,-0.10,-0.20;
-1.90,-0.24,-0.14;
-1.29,0.08,0.04;
-0.77,0.16,-0.05;
-0.34,0.07,-0.08;
-0.66,0.30,0.31;
-0.72,-0.01,0.35;
-0.85,0.16,0.07;
-0.51,0.11,0.13;
-0.69,0.10,0.12;
-1.00,-0.09,0.21;
-0.37,-0.10,0.24;
0.39,-0.15,0.24;
0.54,-0.10,-0.13;
-0.98,-0.04,0.27;
-1.33,-0.07,0.36;
-0.16,0.05,0.36;
0.70,0.02,0.45;
0.41,0.27,0.13;
-0.51,0.37,0.38;
-0.88,0.22,0.33;
-0.80,0.43,0.18;
-0.85,0.62,0.13;
-0.42,0.43,0.48;
-0.31,0.40,0.19;
-0.68,0.54,0.19;
-1.27,0.57,0.25;
-0.52,0.63,0.15;
-0.07,0.59,0.18;
-1.14,0.43,0.30;
-1.62,0.25,-0.02;
-0.88,0.24,0.30;
-0.63,0.14,0.01;
-0.43,0.22,0.38;
-0.33,0.16,0.44;
0.06,0.08,0.44;
-0.20,0.24,0.19;
-0.89,0.08,0.10;
-0.62,0.48,-0.02;
-0.63,0.34,-0.14;
-1.23,0.37,0.31;
-0.75,0.59,0.47;
-0.30,0.36,0.09;
-0.33,0.49,0.15;
-0.40,0.71,0.13;
-0.98,0.25,0.33;
-1.36,0.30,0.35;
-0.22,0.57,0.22;
-0.02,0.19,0.15;
-0.49,0.28,0.05;
-0.52,0.43,0.16;
-0.39,0.36,0.25;
-0.46,0.13,0.19;
-0.86,0.27,0.28;
-0.97,0.31,0.24;
-0.63,0.60,0.10;
-0.89,0.74,0.16;
-1.10,0.56,0.01;
-0.81,0.59,0.24;
-0.27,0.48,0.02;
-0.13,0.43,0.16;
-0.65,0.48,-0.17;
-1.39,0.85,0.30;
-1.53,0.85,-0.10;
-0.59,0.82,0.16;
0.10,0.85,-0.05;
-1.21,0.57,0.16;
-1.79,0.54,0.07;
-1.07,0.43,0.18;
-0.59,0.49,0.05;
-1.01,0.33,0.04;
-0.74,0.39,0.15;
-0.43,0.56,0.05;
-0.40,0.82,0.09;
-1.06,0.69,0.13;
-1.85,0.65,0.35;
-1.39,0.77,0.18;
-0.60,0.77,0.27;
-0.36,0.83,0.19;
-0.71,0.80,0.21;
-0.63,0.72,0.13;
-0.89,0.63,0.12;
-0.98,0.85,0.42;
-0.92,0.53,0.31;
-0.46,0.46,0.25;
-0.08,0.46,-0.04;
-0.14,0.68,0.04;
-0.39,0.56,0.24;
-0.97,0.62,0.16;
-1.10,0.63,0.42;
-0.77,0.63,0.22;
-0.88,0.74,0.47;
-0.89,0.65,0.18;
0.10,0.88,0.18;
-0.23,0.74,0.15;
-1.07,0.79,0.36;
-1.04,0.79,0.31;
-1.12,0.86,0.15;
-0.40,0.85,0.22;
-0.63,0.62,0.25;
-0.51,0.62,0.19;
-0.17,0.82,0.21;
-0.94,0.68,0.21;
-1.79,0.56,-0.05;
-0.75,0.51,0.21;
0.22,0.31,0.07;
-0.39,0.56,0.04;
-1.36,0.48,0.54;
-1.01,0.27,0.24;
-0.40,0.40,0.36;
-0.51,0.25,0.27;
-0.97,0.27,0.39;
-0.89,0.31,0.36;
-0.56,0.75,0.19;
-0.04,0.63,0.31;
-0.19,0.57,0.31;
-0.83,0.40,0.15;
-0.77,0.40,0.64;
-0.45,0.68,0.36;
-0.42,0.59,0.16;
-0.48,0.40,0.35;
-0.95,0.49,0.35;
-0.25,0.51,0.51;
-0.05,0.56,0.31;
-0.22,0.74,0.31;
-0.72,0.34,0.09;
-0.91,0.60,0.35;
-0.56,0.66,0.47;
-0.86,0.42,0.18;
-0.48,0.46,0.50;
-0.05,0.62,0.33;
-0.16,0.48,0.27;
-0.62,0.48,0.47;
-1.17,0.71,0.47;
-0.85,0.80,0.50;
-0.31,0.72,0.27;
-0.19,0.59,0.13;
-0.75,0.72,0.30;
-0.69,0.94,0.27;
0.04,0.88,0.27;
-0.92,0.72,0.30;
-1.30,0.45,0.22;
-0.95,0.88,0.22;
-0.34,0.48,0.28;
0.13,0.37,0.36;
-0.40,0.11,0.33;
-0.66,0.17,0.39;
-0.23,0.05,0.47;
-0.14,0.49,0.18;
-0.62,0.42,-0.04;
-0.65,0.45,0.16;
-0.72,0.54,0.10;
-0.59,0.62,0.24;
-0.57,0.69,0.13;
-0.95,0.60,0.10;
-0.52,0.69,0.15;
-0.20,0.77,-0.04;
0.04,0.57,0.02;
-0.59,0.83,0.07;
-1.10,0.89,0.05;
-0.88,0.60,-0.13;
-0.62,0.49,-0.39;
-0.65,0.56,-0.05;
-0.75,0.43,0.02;
-1.09,0.51,0.07;
-0.68,0.48,0.16;
-0.04,0.74,0.04;
0.27,0.60,-0.17;
-0.71,0.82,-0.11;
-1.90,0.60,0.02;
-1.09,0.65,-0.19;
-0.48,0.60,-0.16;
-0.69,0.82,-0.05;
-0.83,0.72,-0.10;
-0.68,0.77,-0.10;
-0.86,0.56,-0.01;
-1.39,0.79,0.05;
-0.52,0.66,-0.13;
-0.27,0.53,-0.13;
-0.69,0.59,-0.05;
-0.80,0.51,0.07;
-0.39,0.60,-0.02;
-0.65,0.54,0.30;
-0.62,0.56,-0.11;
-0.92,0.25,-0.34;
-0.94,0.40,0.19;
-1.15,0.17,-0.08;
-0.85,0.34,-0.04;
-0.59,0.31,-0.05;
-0.77,0.40,0.09;
-0.97,0.46,0.04;
-0.43,0.48,-0.22;
-0.43,0.53,-0.19;
-0.72,0.28,-0.08;
-0.91,0.20,0.07;
-0.63,0.48,-0.28;
-0.54,0.31,0.13;
-0.45,0.34,-0.08;
-0.36,0.43,-0.16;
-0.51,0.39,-0.10;
-0.68,0.63,-0.13;
-0.31,0.57,-0.30;
-0.42,0.39,-0.20;
-0.46,0.39,0.02;
-0.30,0.63,0.04;
-0.66,0.60,0.07;
-0.83,0.51,0.18;
-1.03,0.39,-0.25;
-1.07,0.34,-0.28;
-0.88,0.27,0.05;
-0.88,0.37,-0.05;
-0.95,0.36,-0.10;
-1.07,0.53,-0.16;
-0.77,0.49,0.05;
-0.54,0.46,0.05;
-0.98,0.51,-0.05;
-1.64,0.43,0.18;
-0.86,0.54,0.07;
-0.23,0.45,0.07;
-0.69,0.45,-0.33;
-0.94,0.59,-0.10;
-0.97,0.39,-0.04;
-1.35,0.51,-0.28;
-1.38,0.27,-0.07;
-0.71,0.04,0.36;
-0.63,0.19,0.05;
-0.14,-0.30,-0.16;
-0.59,-0.02,0.13;
-0.39,-0.18,-0.01;
-1.04,-0.13,0.04;
-0.78,-0.09,0.21;
-1.84,0.20,-0.02;
-0.81,0.31,0.16;
-0.60,0.27,0.09;
-0.56,0.46,0.27;
-0.77,0.40,-0.07;
-1.32,0.33,0.16;
-1.36,0.39,0.19;
-1.29,0.20,0.09;
-1.62,0.05,-0.10;
-2.23,0.10,-0.05;
-1.03,0.17,0.15;
-1.15,0.40,-0.07;
-2.42,0.60,-0.04;
-2.11,0.43,0.07;
-1.75,0.53,-0.10;
-1.85,0.34,-0.25;
-1.72,0.33,0.05;
-1.96,0.22,-0.07;
-1.70,0.51,0.02;
-1.36,0.39,0.05;
-1.26,0.10,-0.07;
-0.86,0.16,-0.07;
-0.98,0.16,0.01;
-0.16,0.25,-0.11;
-0.36,0.28,0.09;
-0.97,0.24,-0.08;
-1.79,0.43,-0.14;
-1.21,0.37,0.09;
-0.01,0.40,-0.01;
0.13,0.56,-0.07;
-0.31,0.63,-0.16;
-0.19,0.69,-0.13;
-0.34,0.42,-0.17;
-0.52,0.17,-0.04;
-0.46,0.24,-0.16;
0.07,-0.02,-0.17;
0.94,0.19,0.01;
0.71,0.14,-0.20;
0.24,0.30,0.12;
-0.42,0.45,0.10;
-0.22,0.53,-0.27;
-0.62,0.69,-0.19;
-0.65,0.88,0.01;
-0.95,0.60,0.02;
-1.03,0.65,-0.13;
-1.06,0.56,-0.17;
-0.56,0.34,-0.30;
-0.85,0.30,0.09;
-1.18,0.13,-0.14;
-0.36,0.14,-0.07;
0.88,0.10,-0.33;
0.21,-0.10,-0.27;
-1.12,-0.25,-0.30;
-1.15,0.04,-0.13;
-0.40,0.43,-0.31;
0.25,0.48,-0.80;
-1.65,0.54,-0.43;
-2.69,0.89,-0.04;
-1.90,1.09,-0.04;
-0.77,1.15,-0.37;
-1.09,1.30,-0.27;
-1.38,1.29,-0.56;
-1.30,1.04,-0.19;
-0.46,1.23,-0.33;
-0.52,1.46,-0.86;
-0.94,1.20,-0.49;
-1.78,1.12,-0.43;
-2.56,1.27,0.04;
-2.17,1.12,-0.04;
-0.66,1.08,-0.24;
-0.86,0.95,-0.20;
-1.67,0.79,-0.05;
-1.96,0.60,0.02;
-1.49,0.53,0.24;
-0.92,0.33,0.13;
-0.66,0.25,0.19;
-0.60,0.11,0.44;
-0.10,0.02,0.16;
-0.54,-0.05,0.24;
-1.01,0.20,0.12;
-0.04,0.20,0.64;
0.62,0.43,0.30;
0.77,0.53,0.07;
-0.05,0.54,0.45;
-0.94,0.79,0.56;
-0.57,0.51,0.30;
0.18,0.69,0.51;
0.33,0.49,0.35;
-0.22,0.63,0.35;
-1.26,0.53,0.79;
-1.01,0.53,0.64;
-0.57,0.72,0.79;
-0.07,0.42,0.36;
-0.10,0.57,0.56;
-0.69,0.63,0.68;
-0.83,0.51,0.85;
-1.20,0.72,0.56;
-1.24,0.60,0.53;
-1.32,0.57,0.68;
-0.85,0.79,0.71;
-0.66,0.91,0.48;
-0.80,0.71,0.44;
-1.35,0.85,0.53;
-1.00,0.79,0.70;
-0.52,0.74,0.65;
-0.39,0.66,0.67;
-0.59,0.80,0.82;
-0.85,0.65,0.77;
-0.19,0.49,0.79;
0.15,0.63,0.50;
-0.36,0.53,0.62;
-0.71,0.46,0.76;
-0.92,0.37,0.86;
-0.56,0.20,0.56;
-0.72,0.28,0.77;
-0.94,0.34,0.50;
-0.11,0.05,0.68;
0.24,0.10,0.71;
0.10,0.27,0.51;
-0.43,0.59,0.65;
-0.94,0.34,0.70;
-1.27,0.25,0.47;
-0.81,0.57,0.59;
-0.39,0.45,0.42;
-0.25,0.59,0.24;
-0.74,0.34,0.35;
-0.94,0.28,0.51;
-0.25,0.34,0.47;
-0.43,0.28,0.38;
-0.97,0.02,0.21;
-0.62,0.24,0.38;
-0.42,0.20,0.24;
-0.71,0.17,0.38;
-0.37,0.13,0.30;
-0.98,0.34,0.07;
-1.00,0.40,0.38;
-0.95,0.31,0.13;
-1.06,0.34,0.35;
-0.83,0.39,0.02;
-0.98,0.42,0.15;
-1.04,0.42,-0.13;
-0.72,0.49,0.12;
-0.33,0.37,-0.08;
-0.48,0.59,0.05;
-0.85,0.33,-0.17;
-1.24,0.42,0.15;
-0.68,0.34,0.24;
-0.52,0.49,-0.07;
-0.37,0.33,-0.13;
-0.45,0.28,-0.05;
-0.62,0.33,-0.16;
-1.39,0.60,-0.19;
-1.49,0.28,0.12;
-1.15,0.51,-0.22;
-0.89,0.66,-0.10;
-1.04,0.34,-0.02;
-0.75,0.60,0.04;
-0.69,0.51,-0.07;
-1.06,0.62,-0.04;
-1.01,0.37,0.19;
-0.57,0.65,0.09;
-1.06,0.59,0.19;
-0.86,0.80,0.05;
-0.56,0.54,0.01;
-0.71,0.66,-0.28;
-0.89,0.69,-0.11;
-0.75,0.43,-0.01;
-0.72,0.63,-0.01;
-0.39,0.46,-0.01;
-0.66,0.54,-0.25;
-0.14,0.48,-0.24;
-0.30,0.49,0.01;
-0.69,0.65,0.09;
-0.91,0.51,0.01;
-0.95,0.42,0.07;
-0.81,0.49,-0.13;
-0.81,0.57,-0.04;
-0.77,0.54,-0.19;
-0.69,0.65,0.01;
-0.30,0.40,-0.31;
-0.23,0.54,-0.27;
-0.56,0.95,-0.13;
-0.57,0.80,-0.22;
-0.75,0.68,-0.10;
-0.89,0.72,-0.22;
-1.15,0.60,-0.43;
-0.25,0.72,-0.31;
-0.57,0.65,-0.16;
-1.14,0.65,-0.05;
-0.45,0.54,-0.08;
-0.20,0.39,0.05;
-0.63,0.48,-0.17;
-1.10,0.56,-0.07;
-0.94,0.30,-0.33;
-0.85,0.34,0.07;
-0.27,0.27,-0.07;
-0.14,0.53,-0.08;
-0.39,0.36,-0.04;
-0.45,0.53,-0.01;
-0.78,0.77,-0.49;
-1.03,0.75,-0.24;
-0.86,1.04,-0.08;
-1.17,1.29,-0.22;
-1.06,1.55,-0.22;
-1.09,1.84,-0.43;
-1.38,1.90,-0.01;
-1.12,1.87,0.04;
0.74,2.20,-0.33;
0.73,2.59,-0.36;
-1.39,2.74,-0.02;
-2.78,2.92,-0.17;
-2.72,2.98,-0.08;
-2.20,2.83,0.04;
-1.26,2.65,0.09;
-0.43,1.90,0.09;
0.50,1.29,0.21;
0.35,0.62,-0.05;
0.41,0.27,0.16;
0.44,-0.25,-0.05;
0.41,-0.70,0.09;
0.65,-1.14,-0.08;
0.76,-1.08,0.07;
0.51,-1.21,0.07;
0.96,-1.17,0.15;
1.12,-1.12,-0.11;
-0.17,-0.77,0.15;
-1.27,-0.54,0.13;
-1.50,-0.53,0.13;
-0.72,-0.42,-0.01;
-0.52,-0.15,0.27;
-1.35,-0.07,0.09;
-1.12,0.08,0.42;
-0.60,0.04,0.21;
-0.07,-0.05,-0.11;
-0.66,0.08,0.19;
-1.04,-0.18,0.07;
-1.33,0.02,0.50;
-0.85,-0.18,0.22;
-0.30,-0.12,0.12;
0.19,-0.07,0.28;
0.39,-0.10,0.22;
-0.19,0.05,0.53;
0.44,-0.18,0.35;
0.39,-0.18,0.22;
-0.07,0.01,-0.01;
0.06,0.25,0.39;
0.39,0.22,0.38;
0.47,0.34,0.16;
-0.10,0.45,0.44;
-0.17,0.62,0.54;
-0.31,0.79,0.35;
-0.59,0.83,0.30;
-0.52,0.65,0.28;
-0.45,0.72,0.10;
-0.92,0.62,0.31;
-1.23,0.63,-0.02;
-0.45,0.74,0.33;
-1.07,0.62,0.15;
-1.14,0.68,0.41;
-0.45,0.51,0.10;
-0.07,0.63,0.24;
-0.68,0.34,0.07;
-1.03,0.56,0.21;
-0.13,0.79,0.33;
-0.27,0.49,0.31;
-0.91,0.51,0.28;
-0.46,0.63,0.39;
-0.25,0.59,-0.01;
-0.46,0.68,0.10;
-0.81,0.51,0.33;
-1.00,0.42,0.31;
-0.46,0.14,0.13;
0.02,0.24,0.12;
0.13,0.39,0.13;
-0.39,0.49,0.15;
-0.59,0.45,0.19;
-0.62,0.62,0.12;
-0.62,0.42,0.28;
-0.49,0.56,0.22;
-0.46,0.56,0.15;
-0.49,0.31,0.05;
-0.69,0.57,0.07;
-0.48,0.56,0.18;
-0.57,0.45,-0.01;
-0.66,0.34,0.19;
-1.07,0.71,0.09;
-1.29,0.62,0.12;
-1.26,0.42,0.04;
-0.88,0.28,0.18;
-0.94,0.37,0.33;
-0.83,0.57,0.31;
-1.09,0.53,0.15;
-1.56,0.51,0.13;
-1.41,0.40,0.16;
-1.33,0.72,-0.01;
-1.38,0.40,0.01;
-0.91,0.45,-0.02;
-0.75,0.54,-0.02;
-0.37,0.56,-0.05;
-1.26,0.65,-0.05;
-1.38,0.65,0.15;
-0.63,0.59,-0.11;
-0.37,0.62,-0.14;
-0.77,0.49,-0.04;
-0.85,0.49,-0.07;
-0.85,0.48,-0.11;
-0.86,0.46,0.04;
-0.46,0.24,-0.05;
-0.16,0.54,0.19;
-0.20,0.37,0.12;
-1.00,0.22,-0.14;
-0.94,0.42,-0.20;
-0.98,0.56,-0.05;
-1.35,0.40,-0.11;
-1.04,0.49,0.01;
-0.77,0.49,-0.11;
-1.23,0.51,-0.05;
-0.46,0.63,-0.07;
-1.01,0.75,-0.13;
-1.35,0.46,-0.08;
-1.29,0.49,0.09;
-0.94,0.49,0.04;
-0.59,0.53,0.07;
-0.60,0.22,-0.07;
-0.40,0.40,-0.01;
-0.22,0.28,-0.22;
-0.36,0.37,0.05;
-0.62,0.24,-0.08;
-0.39,0.24,0.12;
-0.34,0.36,-0.04;
-0.30,0.66,-0.39;
-0.66,0.45,0.01;
-0.25,0.17,0.04;
-0.42,0.24,-0.04;
-0.60,0.24,-0.36;
-0.48,0.16,-0.14;
-0.30,0.31,-0.43;
-0.75,0.42,-0.19;
-0.98,0.43,-0.33;
-1.29,0.56,-0.16;
-1.10,0.51,-0.24;
-0.20,0.69,-0.40;
-0.20,0.66,-0.33;
-0.81,0.54,-0.28;
-0.72,0.40,-0.10;
-0.57,0.57,-0.45;
-0.74,0.48,-0.39;
-0.57,0.45,-0.42;
-1.15,0.31,-0.33;
-1.12,0.45,-0.27;
-1.24,0.63,-0.31;
-0.42,0.42,-0.20;
-0.16,0.54,-0.48;
-0.56,0.59,-0.53;
-1.14,0.72,-0.14;
-0.91,0.69,-0.45;
-0.71,0.63,-0.39;
-0.85,0.75,-0.39;
-1.14,0.69,-0.63;
-0.66,0.80,-0.36;
-0.37,0.34,-0.40;
-0.43,0.66,-0.34;
-0.69,0.56,-0.63;
-1.10,0.53,-0.30;
-0.52,0.75,-0.39;
-0.52,0.53,-0.66;
-0.33,0.56,-0.54;
-0.59,0.80,-0.62;
-0.89,0.79,-0.56;
-1.04,0.79,-0.42;
-0.95,0.51,-0.54;
-1.00,0.72,-0.57;
-1.24,0.97,-0.37;
-0.78,0.69,-0.08;
-0.42,0.71,-0.28;
-1.21,0.74,-0.30;
-1.29,0.88,-0.16;
-1.24,0.89,-0.34;
-1.10,0.88,-0.39;
-0.57,0.85,-0.27;
-0.37,0.74,-0.36;
-0.74,0.71,-0.30;
-1.44,0.56,0.05;
-1.07,0.59,-0.13;
-0.62,0.56,-0.11;
-0.80,0.25,-0.20;
-0.80,0.40,0.07;
-0.88,0.37,-0.01;
-0.40,0.27,-0.10;
-0.37,0.40,0.10;
-0.98,0.40,0.04;
-0.86,0.60,0.01;
-0.40,0.42,0.21;
-0.46,0.60,0.22;
-0.62,0.77,0.25;
-1.14,0.68,0.21;
-1.00,0.60,0.28;
-0.51,0.51,0.22;
-0.49,0.49,0.35;
0.01,0.33,0.13;
-0.11,0.46,-0.02;
-0.80,0.60,0.36;
-0.97,0.53,0.16;
-0.88,0.63,0.36;
-0.31,0.66,0.50;
-0.74,0.65,0.13;
-0.88,0.97,0.41;
-0.78,0.59,0.44;
-0.62,0.69,0.47;
-0.68,0.91,0.41;
-0.88,0.54,0.67;
-0.43,0.51,0.57;
-0.08,0.95,0.31;
-0.48,0.72,0.45;
-0.78,0.80,0.59;
-0.31,0.92,0.24;
-0.69,0.74,0.21;
-0.65,0.79,0.64;
-0.17,0.53,0.41;
-0.45,0.57,0.33;
-0.62,0.79,0.53;
-0.48,0.57,0.42;
-0.17,0.54,0.62;
-0.37,0.37,0.54;
-0.59,0.51,0.51;
-0.95,0.31,0.36;
-0.22,0.40,0.50;
0.07,0.30,0.45;
-0.40,0.36,0.74;
-0.48,0.49,0.57;
-0.08,0.54,0.51;
-0.04,0.60,0.57;
-0.45,0.79,0.53;
-0.65,0.80,0.68;
-0.75,0.75,0.24;
-0.45,0.75,0.67;
-0.37,0.60,0.48;
-0.39,0.56,0.25;
-0.40,0.60,0.77;
-0.34,0.75,0.42;
-0.30,0.77,0.30;
-0.62,0.56,0.45;
-0.80,0.36,0.30;
-0.54,0.56,0.62;
-0.34,0.54,0.51;
