0.17,0.43,0.09;
0.00,0.45,0.21;
0.14,0.52,0.12;
0.16,0.45,0.15;
0.16,0.63,-0.16;
0.17,0.35,0.24;
-0.03,0.13,-0.10;
0.17,0.08,0.36;
0.04,-0.03,0.12;
-0.13,-0.23,-0.17;
0.04,-0.41,-0.25;
0.08,-0.58,-0.31;
0.02,-0.16,-0.36;
0.07,-0.24,-0.28;
-0.38,-0.44,-0.33;
0.19,0.61,-0.48;
0.28,1.48,-0.19;
0.14,1.61,-0.14;
0.33,1.38,0.03;
0.04,0.75,0.09;
-0.12,0.08,-0.00;
0.16,0.19,-0.02;
0.13,-0.36,-0.02;
0.13,-0.50,-0.07;
-0.25,-0.70,-0.11;
-0.07,-0.35,-0.07;
0.00,0.46,0.16;
0.34,1.21,0.44;
0.39,0.69,0.36;
0.25,0.66,0.71;
0.20,0.63,0.68;
-0.06,0.00,0.42;
-0.16,-0.59,0.32;
-0.33,-0.93,0.01;
-0.07,-0.44,-0.33;
-0.01,-0.36,-0.10;
0.20,0.39,0.03;
0.20,0.87,-0.02;
0.42,1.13,-0.08;
0.31,1.15,-0.20;
0.14,0.75,-0.34;
0.07,0.13,-0.37;
-0.10,-0.52,-0.49;
-0.25,-0.12,-0.69;
-0.22,-0.81,-0.62;
0.02,0.06,-0.68;
0.13,0.25,-0.37;
-0.13,-0.20,-0.25;
-0.01,-0.09,-0.20;
-0.04,-0.21,-0.13;
0.05,-0.04,-0.11;
0.19,0.22,0.32;
0.10,0.37,0.13;
0.26,0.64,-0.29;
0.20,0.37,0.07;
0.02,0.28,-0.00;
0.11,0.25,-0.00;
-0.03,-0.06,-0.02;
0.29,0.93,0.01;
0.16,0.87,0.24;
0.17,1.06,0.39;
0.14,0.64,0.42;
0.14,0.52,0.18;
0.05,0.14,0.09;
0.16,-0.23,0.03;
0.05,0.13,-0.13;
-0.04,-0.01,-0.07;
-0.10,-0.12,0.07;
0.11,0.49,-0.13;
0.08,0.54,0.07;
0.13,0.77,-0.07;
0.04,0.34,0.03;
-0.18,-0.70,0.12;
-0.01,-0.47,-0.08;
0.07,-0.47,0.03;
0.02,-0.73,-0.40;
0.07,-0.41,-0.37;
-0.30,-0.50,-0.29;
0.08,0.61,-0.08;
0.37,1.70,-0.04;
0.58,1.87,0.24;
0.23,1.50,0.36;
0.26,0.66,0.18;
0.04,-0.27,-0.11;
-0.09,-0.64,-0.26;
-0.04,-0.78,-0.39;
0.02,-0.47,-0.16;
0.08,0.11,-0.04;
0.31,0.69,0.26;
0.20,1.22,0.48;
0.39,1.59,0.30;
0.11,0.83,0.56;
0.13,0.35,0.53;
0.04,0.23,0.22;
-0.03,-0.42,0.26;
-0.16,-0.71,0.19;
-0.01,-0.67,0.29;
0.00,-0.39,-0.00;
0.00,-0.12,0.24;
0.23,0.32,0.12;
0.22,0.28,-0.11;
0.25,0.34,-0.33;
0.14,0.51,-0.04;
0.33,0.83,-0.19;
0.31,0.58,-0.23;
0.10,-0.04,-0.37;
0.10,0.22,-0.39;
-0.03,0.26,-0.29;
0.02,0.35,-0.33;
0.20,0.49,-0.42;
0.34,1.00,-0.29;
0.28,0.86,0.07;
0.23,0.54,0.38;
0.20,0.68,0.27;
0.10,0.61,-0.26;
-0.04,-0.18,-0.20;
0.22,0.77,0.09;
0.07,0.57,0.16;
0.02,0.26,-0.17;
0.04,0.28,0.03;
0.05,0.77,-0.54;
0.20,0.77,-0.28;
0.19,1.03,-0.42;
0.29,1.91,-0.14;
0.26,1.53,-0.13;
0.45,1.55,-0.19;
0.29,1.30,0.10;
0.17,0.37,-0.20;
-0.24,-0.29,-0.19;
-0.04,-0.04,-0.28;
-0.09,0.05,-0.00;
0.23,0.34,0.01;
0.25,0.39,0.01;
0.46,0.68,0.21;
0.00,-0.04,-0.07;
-0.06,-0.42,-0.25;
0.08,-0.84,-0.72;
-0.24,-0.93,-0.72;
-0.10,-0.29,-0.71;
0.07,0.16,-0.42;
0.13,0.45,-0.22;
0.26,1.12,-0.14;
0.00,0.81,-0.17;
0.13,1.04,-0.04;
0.23,0.42,0.36;
-0.03,-0.62,0.15;
-0.06,-0.68,0.04;
-0.12,-1.05,-0.08;
-0.06,-0.53,-0.20;
0.25,0.23,0.04;
0.19,0.42,-0.14;
0.19,0.46,0.06;
0.10,0.16,0.10;
0.16,0.16,0.38;
0.04,0.08,0.03;
-0.15,-0.59,-0.02;
-0.15,-0.27,0.07;
0.02,-0.42,0.06;
-0.01,-0.53,0.50;
-0.03,0.00,0.30;
0.22,0.08,0.44;
0.17,0.61,0.26;
0.17,0.81,-0.22;
0.22,0.39,-0.14;
0.16,0.48,-0.29;
0.16,0.45,-0.45;
0.19,0.32,-0.40;
-0.13,-0.36,-0.39;
-0.06,-0.16,-0.26;
0.25,0.17,-0.16;
-0.01,0.17,-0.22;
0.14,0.57,-0.11;
0.13,0.45,0.04;
0.16,0.49,-0.14;
0.10,0.37,-0.16;
0.11,0.16,-0.02;
-0.15,-0.55,0.29;
-0.19,-0.78,-0.05;
0.04,-0.56,0.27;
-0.22,-0.53,0.18;
-0.18,-0.13,-0.07;
0.28,0.57,0.36;
0.16,0.97,0.09;
0.13,0.83,0.36;
0.05,0.26,0.18;
-0.04,-0.24,0.16;
-0.03,-0.03,0.12;
-0.06,-0.06,-0.04;
-0.15,-0.32,-0.25;
0.04,0.08,0.13;
-0.09,0.40,-0.00;
-0.04,0.13,0.12;
-0.03,0.35,-0.08;
-0.13,0.34,-0.07;
0.07,0.31,0.24;
0.14,0.74,0.07;
0.11,0.23,0.12;
-0.06,-0.49,0.07;
-0.27,-1.10,-0.19;
-0.16,-0.84,-0.37;
-0.12,-0.58,-0.55;
0.00,0.22,-0.39;
0.13,0.72,-0.31;
0.20,1.19,0.01;
0.25,1.47,0.32;
0.17,1.44,0.45;
0.10,1.01,0.48;
-0.03,0.19,0.29;
-0.04,-0.44,0.30;
0.02,-0.70,-0.17;
-0.13,-1.08,0.06;
-0.01,-0.10,0.12;
0.23,0.46,0.01;
0.29,1.03,0.33;
0.14,0.83,0.27;
0.07,0.71,-0.05;
0.00,0.81,-0.07;
0.23,0.37,0.36;
0.14,0.57,0.33;
-0.01,-0.01,0.18;
-0.06,-0.20,0.33;
-0.10,-0.64,0.10;
0.04,-0.36,0.36;
-0.01,-0.10,0.30;
0.00,-0.09,0.55;
0.05,0.60,-0.02;
0.17,0.86,-0.14;
0.29,0.77,-0.13;
0.00,0.32,-0.05;
0.08,0.13,-0.22;
-0.07,-0.18,-0.25;
0.02,-0.04,-0.36;
-0.07,-0.01,-0.52;
0.08,0.17,-0.29;
0.23,0.34,-0.10;
0.00,0.16,0.12;
-0.07,0.03,-0.00;
-0.12,0.35,0.15;
-0.13,0.28,0.09;
-0.04,0.42,0.19;
-0.16,-0.06,-0.05;
0.10,0.40,0.38;
-0.06,0.05,0.13;
0.02,0.09,0.04;
0.17,0.06,-0.14;
-0.03,0.14,-0.04;
-0.22,0.32,-0.16;
0.08,0.40,0.35;
0.11,0.43,-0.05;
-0.13,0.05,0.06;
-0.06,0.43,-0.14;
0.19,0.89,-0.00;
-0.06,0.61,0.04;
0.11,0.39,-0.10;
0.08,0.08,-0.08;
-0.13,-0.36,0.15;
0.02,-0.24,-0.07;
-0.06,-0.06,0.10;
0.17,0.42,0.04;
0.14,0.06,-0.02;
-0.10,-0.33,-0.11;
0.13,-0.44,-0.25;
0.13,-0.27,-0.19;
-0.04,-0.21,-0.26;
-0.03,0.22,-0.46;
0.10,0.81,-0.22;
0.13,1.24,0.10;
0.39,1.48,0.27;
0.29,1.36,0.32;
0.20,0.61,0.39;
0.20,0.00,0.12;
-0.03,-0.30,-0.00;
-0.15,-0.81,0.15;
0.00,-0.15,0.18;
0.05,-0.07,0.22;
0.08,0.54,-0.08;
0.33,1.10,0.36;
0.25,1.06,0.56;
0.13,0.55,0.53;
0.13,0.23,0.53;
0.02,0.32,0.30;
-0.09,-0.07,0.16;
-0.04,-0.47,-0.02;
-0.16,-0.58,0.06;
-0.01,-0.29,0.03;
0.11,0.35,0.03;
0.25,0.68,-0.11;
0.34,0.97,-0.28;
0.17,1.07,-0.17;
0.22,0.87,-0.20;
0.26,0.52,-0.08;
0.16,0.48,-0.02;
0.04,0.16,-0.25;
-0.09,-0.26,-0.42;
0.08,0.19,-0.52;
0.00,0.34,-0.04;
0.13,0.37,-0.10;
0.19,0.78,0.06;
0.08,0.42,0.35;
0.17,0.39,0.29;
0.08,0.57,0.10;
0.19,0.09,-0.07;
-0.16,-0.18,0.29;
0.05,0.20,0.01;
0.14,0.45,0.21;
0.02,0.26,0.12;
0.07,0.43,-0.08;
0.02,0.20,-0.07;
0.16,-0.03,-0.25;
-0.04,0.14,0.09;
0.13,0.48,-0.02;
0.13,0.42,-0.07;
0.02,0.22,-0.08;
0.07,0.28,-0.02;
0.39,0.71,-0.05;
0.33,0.54,0.15;
0.00,0.08,0.09;
-0.35,-0.64,0.09;
0.04,0.32,0.06;
0.19,0.37,0.10;
0.19,0.64,0.10;
0.13,0.39,0.16;
-0.07,-0.09,0.18;
-0.03,-0.55,-0.11;
-0.04,-0.42,-0.28;
-0.15,-0.85,-0.43;
-0.07,-0.10,-0.31;
0.19,0.75,-0.00;
0.07,1.10,0.09;
0.28,1.85,0.33;
0.37,1.94,0.30;
0.34,1.09,0.48;
0.07,0.22,0.22;
-0.03,-0.12,-0.04;
-0.16,-0.91,-0.19;
-0.07,-0.85,-0.04;
-0.06,-0.52,0.01;
0.04,0.11,-0.11;
0.14,0.97,0.38;
0.20,1.09,0.26;
0.28,1.38,0.30;
0.28,1.00,0.15;
0.14,0.54,0.12;
0.17,0.42,0.26;
0.17,0.06,0.39;
-0.10,-0.58,0.26;
-0.03,-0.44,0.35;
-0.13,-0.61,0.32;
0.20,-0.23,0.22;
0.10,0.49,0.18;
0.02,0.58,0.16;
0.37,0.87,0.13;
0.19,0.64,-0.13;
-0.04,0.61,-0.04;
0.17,0.64,-0.13;
0.05,0.14,-0.25;
-0.03,-0.35,-0.11;
0.04,-0.32,-0.08;
-0.19,-0.50,-0.07;
-0.24,-0.24,-0.43;
-0.24,-0.58,-0.45;
0.08,0.45,-0.31;
0.07,0.52,-0.04;
0.14,0.71,0.07;
-0.03,0.26,0.15;
0.26,0.54,0.19;
0.28,0.52,0.16;
-0.21,-0.12,0.09;
-0.07,-0.13,0.16;
0.04,-0.16,0.03;
-0.01,0.13,0.26;
0.07,0.26,0.44;
0.22,0.51,0.18;
0.07,0.34,-0.02;
-0.04,0.22,0.01;
0.14,0.06,0.06;
-0.10,0.03,0.06;
-0.06,0.14,0.06;
-0.04,-0.04,0.07;
0.02,0.45,0.03;
0.19,0.34,0.16;
0.16,0.19,-0.04;
-0.03,-0.35,0.01;
-0.01,-0.45,-0.08;
-0.12,-0.68,-0.22;
-0.09,-0.41,-0.28;
-0.35,-0.71,-0.60;
-0.10,-0.10,-0.33;
0.14,0.57,-0.36;
0.00,1.13,-0.26;
0.42,1.42,-0.07;
0.43,1.62,-0.07;
0.19,1.16,0.21;
0.05,0.11,-0.17;
0.02,-0.35,0.09;
-0.10,-1.34,-0.17;
-0.16,-1.20,-0.13;
0.00,-0.53,0.12;
0.13,0.35,0.19;
-0.03,0.23,0.22;
0.14,0.69,0.33;
0.25,1.06,0.50;
0.42,1.03,0.38;
0.29,0.72,0.67;
0.14,0.61,0.26;
0.02,-0.12,0.13;
-0.12,-0.47,0.24;
0.05,-0.62,0.30;
0.02,-0.16,0.07;
-0.09,0.11,-0.04;
0.19,0.48,0.12;
0.31,0.89,0.19;
0.19,0.86,-0.07;
0.10,0.26,-0.28;
0.11,0.20,-0.28;
0.14,0.29,-0.40;
0.22,0.06,-0.26;
0.04,0.13,-0.17;
0.08,0.42,-0.13;
-0.07,0.29,0.09;
0.33,0.75,0.13;
0.31,0.68,-0.04;
0.02,0.26,0.09;
-0.04,0.22,0.32;
-0.12,-0.10,-0.02;
-0.06,-0.12,0.18;
-0.06,0.06,0.24;
0.02,0.23,0.24;
0.14,0.87,0.32;
0.08,0.25,0.18;
0.28,0.75,0.07;
-0.03,0.19,0.03;
0.04,0.06,0.04;
-0.03,0.20,-0.11;
0.07,-0.09,0.15;
0.05,0.00,-0.17;
0.13,0.25,-0.11;
-0.04,0.29,-0.07;
-0.03,0.42,0.09;
0.00,0.35,0.12;
0.13,0.66,0.27;
0.04,0.09,-0.05;
0.04,-0.04,0.03;
-0.06,-0.09,0.15;
-0.13,-0.07,0.27;
-0.06,0.20,0.26;
-0.03,0.14,0.13;
-0.06,-0.27,0.12;
-0.09,-0.78,-0.17;
-0.07,-0.44,-0.49;
-0.09,-0.32,-0.72;
-0.06,0.40,-0.54;
0.04,0.80,-0.34;
0.22,1.44,-0.36;
0.26,1.47,0.04;
0.46,1.44,0.09;
0.00,0.83,0.04;
-0.06,-0.18,0.26;
0.05,-0.55,0.07;
-0.12,-0.01,0.30;
0.05,-0.50,0.13;
0.07,-0.32,0.22;
-0.01,0.43,0.24;
0.22,0.43,0.03;
0.20,0.78,0.15;
0.26,0.80,0.03;
0.11,0.34,0.21;
0.10,0.42,0.30;
0.00,0.37,0.22;
0.10,-0.18,0.01;
0.04,0.13,0.35;
-0.04,-0.16,0.04;
-0.16,-0.29,-0.00;
0.05,-0.04,-0.08;
0.29,0.66,-0.07;
0.23,0.92,0.06;
0.26,1.00,0.09;
0.17,0.66,-0.14;
-0.07,-0.07,-0.05;
-0.15,-0.27,-0.26;
0.00,-0.30,-0.11;
-0.01,-0.09,-0.13;
0.20,0.13,-0.05;
0.07,0.20,-0.05;
-0.01,0.08,-0.25;
0.16,0.57,-0.42;
0.07,0.66,-0.42;
0.23,0.69,-0.10;
0.16,0.42,0.15;
0.08,0.02,0.27;
-0.07,0.03,0.30;
0.00,-0.07,0.30;
0.07,0.35,0.10;
-0.03,0.00,0.15;
0.22,0.39,-0.02;
0.14,0.37,0.29;
-0.35,-0.30,0.13;
-0.19,-0.41,-0.00;
-0.22,-0.33,-0.11;
-0.09,-0.38,-0.19;
0.02,0.11,-0.02;
0.11,0.25,0.24;
-0.01,-0.16,0.16;
-0.07,0.03,0.18;
-0.04,0.28,0.21;
0.22,0.71,0.35;
0.23,0.46,0.53;
0.11,0.26,0.21;
0.10,0.35,0.26;
0.08,0.13,0.38;
-0.03,-0.01,0.12;
-0.07,-0.35,0.04;
0.22,-0.12,-0.11;
-0.18,-0.21,-0.29;
-0.10,-0.52,-0.14;
0.05,-0.01,-0.17;
-0.10,-0.20,-0.19;
0.22,0.28,-0.10;
0.07,0.60,0.12;
0.10,0.64,-0.02;
0.11,0.78,0.29;
0.08,0.42,0.16;
0.04,0.23,0.33;
0.16,0.22,0.51;
-0.06,-0.36,0.21;
0.17,-0.39,0.27;
-0.07,-0.52,0.06;
-0.24,-0.94,0.58;
0.02,-0.06,0.21;
0.00,0.17,0.18;
0.28,0.71,0.12;
0.19,0.66,0.21;
0.22,0.68,0.06;
0.08,0.39,0.18;
-0.10,-0.13,-0.08;
0.00,-0.24,0.10;
0.08,0.03,-0.13;
-0.01,0.03,-0.19;
0.13,0.13,-0.28;
0.07,0.60,-0.22;
0.14,0.39,-0.08;
0.19,0.97,0.12;
0.25,0.64,-0.10;
0.19,0.51,0.13;
0.00,0.09,-0.07;
0.00,0.20,-0.10;
-0.19,-0.12,0.10;
-0.13,-0.53,-0.00;
-0.03,0.46,-0.04;
0.19,0.49,0.09;
0.23,0.72,-0.14;
0.14,0.72,0.04;
0.14,0.75,-0.05;
0.17,0.75,0.12;
0.23,0.25,-0.08;
0.05,-0.07,-0.08;
0.16,-0.01,0.22;
-0.03,-0.29,0.01;
0.05,0.02,0.44;
-0.03,0.23,0.33;
0.08,0.25,0.16;
-0.06,0.14,0.26;
0.04,0.06,0.56;
-0.06,-0.20,0.26;
0.11,0.54,0.15;
0.14,0.57,0.16;
-0.10,0.34,-0.08;
0.26,0.52,0.22;
-0.25,-0.16,-0.02;
-0.01,0.05,-0.08;
0.14,-0.03,-0.17;
0.26,0.48,-0.11;
-0.07,0.17,-0.16;
0.11,0.03,0.18;
0.02,-0.32,0.18;
-0.13,-0.18,0.12;
0.13,-0.06,0.10;
0.00,0.17,0.03;
0.00,0.20,-0.10;
-0.04,0.08,-0.05;
0.10,0.13,0.01;
-0.10,-0.30,-0.13;
-0.16,-0.52,-0.22;
-0.24,-0.50,-0.19;
0.13,0.45,-0.65;
0.29,0.87,-0.37;
0.20,1.18,-0.33;
0.40,1.55,-0.07;
0.25,0.83,0.24;
0.23,0.66,0.22;
-0.01,-0.21,0.07;
-0.01,-0.68,-0.14;
-0.16,-0.61,0.03;
-0.07,-0.49,0.21;
-0.06,0.31,0.24;
0.13,1.00,0.32;
0.20,1.03,0.18;
0.02,0.46,0.18;
0.07,0.37,0.07;
0.14,0.35,0.07;
0.20,0.55,0.06;
0.16,0.25,0.32;
-0.04,0.05,0.07;
-0.04,-0.23,0.15;
-0.13,-0.47,0.01;
-0.01,-0.12,0.06;
0.17,0.14,0.10;
0.29,1.07,0.01;
0.37,1.16,0.07;
0.31,0.89,0.27;
0.16,0.28,0.09;
-0.01,0.19,0.10;
0.07,-0.33,0.04;
-0.09,-0.45,-0.20;
-0.09,-0.10,-0.33;
0.13,0.29,-0.28;
0.10,0.81,-0.16;
0.16,0.95,-0.02;
0.16,0.52,0.21;
0.10,0.52,0.09;
-0.04,0.32,-0.13;
-0.06,0.08,-0.00;
-0.16,-0.36,-0.00;
-0.04,-0.06,0.21;
0.05,0.06,0.26;
0.08,0.20,0.53;
-0.01,0.51,0.39;
-0.07,0.37,0.33;
0.08,0.32,0.10;
0.05,0.23,0.10;
0.02,0.00,-0.33;
0.05,0.42,-0.11;
0.11,0.23,-0.19;
0.10,0.35,0.01;
0.17,0.39,-0.26;
-0.06,-0.29,-0.42;
-0.30,-0.23,-0.51;
-0.29,-0.99,-0.72;
0.13,0.69,-0.52;
0.36,0.72,-0.05;
0.33,0.93,0.07;
0.33,0.81,0.16;
0.16,0.80,-0.20;
0.22,0.20,0.09;
-0.04,0.02,-0.33;
0.11,0.03,0.03;
0.00,-0.12,0.07;
-0.19,-0.49,0.27;
-0.09,-0.53,0.12;
-0.07,-0.23,0.01;
0.04,-0.30,-0.31;
0.00,0.13,-0.42;
0.08,0.09,-0.19;
0.17,0.60,-0.02;
0.19,1.07,0.06;
0.26,1.16,0.19;
0.39,1.33,0.29;
0.11,0.92,0.39;
-0.06,0.05,0.30;
0.04,-0.21,0.36;
-0.03,-0.64,0.24;
0.05,-0.45,0.01;
-0.01,0.14,0.09;
0.25,0.39,0.16;
0.26,0.64,0.24;
0.17,0.78,0.22;
0.14,0.57,0.24;
0.10,0.54,0.42;
0.08,0.28,0.29;
0.05,-0.16,-0.04;
0.04,-0.20,0.19;
0.00,0.31,-0.00;
0.20,0.23,-0.02;
0.00,0.39,-0.04;
0.19,0.54,0.21;
0.37,0.75,0.03;
0.29,1.09,0.07;
0.36,0.92,0.15;
0.28,0.69,0.10;
-0.01,0.08,0.27;
0.02,-0.24,-0.13;
-0.22,-0.21,-0.28;
-0.07,-0.18,0.18;
0.00,0.19,-0.16;
-0.06,0.23,-0.02;
0.26,0.49,-0.05;
0.10,0.69,0.12;
0.11,0.32,-0.16;
0.16,0.39,-0.04;
0.10,0.20,-0.11;
0.11,0.42,0.01;
0.16,0.39,0.19;
0.17,0.49,0.07;
0.16,0.48,0.04;
-0.10,0.57,-0.02;
0.02,0.40,0.32;
0.14,0.45,0.39;
0.05,-0.10,0.35;
-0.09,-0.12,0.27;
-0.01,0.29,0.04;
0.13,0.35,-0.26;
-0.01,0.72,-0.19;
0.04,0.71,-0.17;
0.31,0.69,0.04;
0.31,0.75,0.04;
0.20,0.63,-0.22;
0.22,0.86,0.07;
0.07,0.43,0.13;
-0.29,-0.03,0.12;
0.07,0.14,0.16;
-0.10,-0.35,0.29;
0.02,-0.04,0.27;
0.04,-0.18,0.38;
-0.18,-0.49,-0.07;
-0.06,-0.16,-0.10;
0.05,0.17,0.09;
0.16,0.43,0.07;
0.25,1.03,-0.08;
0.22,1.03,0.27;
0.25,1.47,0.38;
0.04,0.71,0.13;
0.04,0.52,0.03;
0.08,0.34,0.13;
-0.04,-0.04,-0.13;
0.04,-0.01,0.09;
0.14,-0.18,0.18;
-0.01,-0.04,-0.10;
0.11,0.35,-0.05;
0.13,0.81,0.04;
0.31,0.87,0.04;
-0.04,0.84,0.13;
0.36,1.12,0.45;
0.00,0.02,0.44;
-0.12,-0.16,0.19;
-0.03,-0.45,0.18;
-0.06,-0.36,0.18;
0.07,0.00,-0.10;
0.08,0.13,0.09;
0.14,0.57,-0.28;
0.39,1.06,-0.14;
0.29,1.16,-0.08;
0.31,1.41,-0.23;
0.25,0.87,-0.04;
0.05,0.22,-0.28;
-0.07,-0.26,-0.13;
-0.01,-0.18,-0.05;
-0.13,0.13,-0.10;
-0.07,0.26,0.03;
0.11,0.26,0.10;
0.16,0.43,0.29;
0.07,0.31,0.12;
0.16,0.23,0.09;
0.00,0.17,0.12;
0.16,-0.06,0.15;
0.20,0.19,0.04;
0.02,0.13,0.22;
0.04,0.22,0.38;
-0.06,-0.20,0.13;
-0.07,-0.32,0.36;
0.08,-0.20,0.29;
-0.06,-0.06,0.27;
-0.01,0.61,0.10;
0.07,0.37,0.07;
-0.01,0.32,0.12;
-0.09,0.32,0.12;
-0.06,0.25,0.03;
0.10,0.20,0.07;
0.04,0.39,0.13;
0.17,0.40,0.07;
0.00,0.20,0.10;
0.05,-0.29,0.26;
-0.07,-0.21,0.29;
-0.10,-0.45,0.12;
-0.10,-0.33,-0.10;
-0.19,-0.71,-0.23;
0.17,0.19,-0.10;
-0.04,0.28,-0.10;
0.13,0.81,-0.20;
0.19,1.41,0.26;
0.16,1.32,0.27;
0.16,1.24,0.32;
0.19,0.54,0.27;
0.05,0.20,-0.00;
-0.10,-0.27,0.12;
-0.04,-0.65,0.16;
0.08,-0.36,0.04;
0.29,0.34,0.29;
0.28,0.81,0.18;
0.34,1.30,0.12;
0.13,1.12,0.03;
0.11,0.32,0.16;
0.16,0.32,0.12;
0.10,0.39,0.55;
0.13,0.39,0.26;
0.10,-0.01,0.10;
-0.06,-0.21,0.36;
0.07,-0.09,0.13;
-0.15,-0.15,0.22;
-0.01,0.22,-0.26;
0.08,0.35,-0.07;
0.25,0.52,0.04;
0.10,0.69,-0.17;
0.25,0.49,-0.07;
0.13,0.13,-0.25;
0.07,-0.27,-0.26;
-0.10,-0.42,-0.31;
-0.01,-0.06,-0.11;
0.07,0.25,-0.31;
0.39,0.66,-0.08;
0.13,0.51,0.24;
0.19,0.51,0.12;
-0.06,0.03,0.21;
-0.12,-0.32,0.12;
-0.16,-0.44,0.16;
-0.15,0.20,0.42;
0.02,0.17,0.26;
-0.19,0.16,0.22;
-0.03,0.11,0.09;
-0.12,0.32,0.09;
-0.10,0.14,0.13;
-0.45,-0.90,-0.23;
0.08,0.23,-0.54;
-0.22,0.09,-0.52;
0.05,0.72,-0.48;
0.11,1.27,-0.31;
0.39,1.88,-0.05;
0.42,2.05,0.62;
0.45,1.51,-0.08;
0.08,0.55,-0.05;
-0.07,-0.33,-0.46;
-0.36,-0.88,-0.62;
-0.32,-0.93,-0.37;
0.07,-0.06,-0.29;
0.00,0.13,-0.25;
0.22,0.46,-0.08;
0.25,0.58,-0.33;
0.25,0.46,-0.46;
0.10,-0.06,-0.45;
-0.07,-0.21,-0.71;
-0.15,-0.47,-0.68;
0.11,0.42,-0.40;
0.08,1.04,-0.51;
0.31,2.05,-0.20;
0.65,2.37,-0.07;
0.17,1.35,0.48;
0.11,0.45,0.24;
-0.04,-0.24,0.24;
-0.15,-0.35,0.30;
-0.38,-0.81,0.12;
0.28,0.03,0.29;
-0.09,-0.53,0.26;
0.05,-0.07,0.35;
0.02,-0.24,0.39;
0.11,-0.03,0.45;
0.05,0.03,0.76;
0.11,-0.10,0.45;
-0.04,-0.20,0.73;
-0.09,-0.38,0.18;
-0.16,-0.47,-0.16;
0.10,-0.16,0.03;
-0.03,-0.06,0.12;
-0.01,0.28,0.16;
0.16,0.43,0.36;
0.39,1.44,0.29;
0.60,1.64,0.24;
0.23,1.19,0.15;
0.02,0.16,0.06;
-0.18,-0.53,-0.26;
-0.07,-0.44,-0.05;
-0.25,-1.39,-0.17;
-0.38,-1.51,-0.36;
-0.22,-0.90,0.12;
-0.10,-0.38,0.13;
0.14,0.31,0.36;
0.04,0.34,0.30;
-0.16,0.00,-0.23;
0.10,0.58,-0.40;
0.00,0.40,-0.37;
-0.03,0.43,-0.60;
0.08,0.49,-0.51;
-0.07,0.52,-0.60;
-0.03,0.26,-0.51;
0.05,0.43,-0.58;
0.07,0.78,-0.51;
0.13,1.24,-0.25;
0.19,0.87,-0.33;
0.23,0.66,-0.45;
0.08,0.05,-0.45;
-0.09,-0.59,-0.28;
-0.24,-0.76,-0.52;
-0.30,-1.07,-0.46;
-0.38,-0.99,-0.22;
-0.18,-0.74,-0.17;
-0.04,0.17,-0.14;
0.23,0.92,-0.14;
0.23,1.27,-0.29;
0.11,0.64,-0.25;
0.02,-0.15,-0.22;
-0.04,-0.59,-0.40;
-0.12,-0.79,-0.52;
-0.18,-0.99,-0.52;
-0.30,-1.00,-0.60;
0.10,-0.03,0.03;
0.22,0.29,0.18;
0.16,0.87,0.47;
0.20,0.80,0.53;
0.26,1.21,0.71;
0.33,0.68,0.87;
0.07,0.37,0.74;
0.16,0.16,1.02;
0.28,0.80,1.66;
0.78,2.20,2.77;
1.68,5.67,2.56;
2.62,8.61,0.51;
3.82,11.47,-3.90;
5.94,14.37,-5.38;
9.49,17.94,-4.49;
10.71,19.74,-2.52;
14.84,18.31,1.02;
22.92,19.30,2.87;
42.97,18.89,1.69;
49.56,-8.52,-5.07;
9.52,-62.32,-9.07;
10.72,-101.92,-4.16;
10.23,-115.48,-0.89;
13.61,-133.36,2.56;
21.78,-148.59,-1.81;
36.97,-159.19,-9.21;
48.36,-159.65,-5.65;
51.24,-166.07,-9.30;
46.69,-180.79,0.61;
44.23,-190.91,9.32;
45.06,-191.49,9.98;
50.77,-182.81,10.22;
62.07,-180.65,6.35;
64.11,-181.11,5.42;
55.01,-175.48,10.58;
48.49,-177.65,16.47;
47.04,-181.31,17.25;
46.00,-182.23,13.02;
45.49,-178.32,6.74;
39.26,-172.94,1.06;
34.55,-167.74,0.26;
26.69,-165.14,1.77;
22.29,-160.84,4.55;
23.56,-154.09,4.50;
23.96,-147.63,3.75;
22.52,-145.07,1.49;
18.97,-140.33,-0.81;
10.26,-133.48,-2.10;
4.40,-129.36,-2.45;
2.97,-127.02,-2.69;
7.01,-124.36,-2.22;
10.43,-120.07,-1.03;
13.56,-111.32,2.68;
12.62,-103.94,5.61;
10.29,-104.07,8.09;
12.19,-104.91,7.26;
11.21,-103.86,6.74;
9.27,-101.43,4.03;
5.55,-103.98,2.51;
4.81,-115.78,0.18;
6.72,-116.93,-2.20;
9.47,-109.42,-4.29;
8.63,-105.74,-4.94;
3.33,-108.58,-5.27;
-5.61,-121.60,-9.44;
-10.19,-119.36,-5.44;
-4.85,-116.15,-4.58;
14.84,-102.67,-3.79;
34.98,-95.17,-6.13;
49.82,-94.01,-12.46;
55.21,-83.49,-13.56;
47.56,-62.87,-10.11;
27.75,-36.20,-6.43;
17.82,-16.68,-12.52;
-5.26,-12.90,1.23;
-14.80,2.95,8.06;
-28.10,6.08,13.43;
-38.00,2.52,20.51;
-30.07,2.80,17.57;
-19.45,2.49,16.09;
-8.39,1.99,10.99;
-3.58,2.60,7.20;
0.69,3.30,5.23;
4.28,4.68,3.54;
5.32,7.62,0.62;
2.87,7.16,-1.99;
1.24,9.36,-2.87;
0.98,11.18,-3.16;
2.95,12.60,-4.33;
2.58,13.80,-5.21;
3.93,13.30,-6.71;
5.33,14.71,-6.48;
5.93,15.48,-5.36;
6.94,14.93,-5.09;
8.75,16.19,-4.04;
9.94,16.98,-4.22;
9.73,17.62,-4.42;
10.22,18.93,-6.68;
9.91,22.02,-8.04;
9.39,25.18,-10.72;
7.94,31.24,-13.88;
4.71,39.01,-17.49;
1.82,47.16,-20.62;
2.17,56.74,-22.14;
1.70,68.77,-23.96;
-1.23,80.71,-25.44;
-4.21,88.45,-26.72;
-6.06,96.64,-25.70;
-5.09,102.08,-23.71;
-0.56,106.90,-21.16;
4.60,118.14,-16.34;
9.52,130.31,-14.10;
9.64,143.15,-14.22;
5.13,155.13,-15.24;
-4.76,166.45,-18.62;
-13.98,170.83,-20.94;
-20.74,170.16,-21.53;
-22.22,167.10,-20.22;
-19.80,163.88,-18.68;
-17.45,163.68,-17.71;
-20.27,168.49,-17.65;
-27.90,175.03,-17.16;
-31.95,177.64,-17.96;
-30.24,179.10,-20.00;
-28.16,178.19,-19.87;
-24.38,174.71,-19.91;
-23.78,170.61,-18.51;
-24.97,164.68,-15.90;
-31.51,160.43,-12.25;
-41.03,155.65,-10.92;
-56.12,148.11,-12.08;
-66.68,143.65,-12.23;
-64.91,135.18,-12.72;
-57.14,130.46,-9.52;
-44.80,128.66,-3.12;
-38.09,127.51,3.75;
-36.30,127.10,8.71;
-39.72,121.56,10.48;
-45.38,114.72,8.18;
-46.93,107.99,1.61;
-43.67,102.60,-4.16;
-41.42,99.03,-4.26;
-39.06,87.56,-1.35;
-35.31,81.13,4.09;
-31.84,83.77,8.79;
-29.34,92.48,13.28;
-29.40,94.61,13.66;
-33.13,91.96,12.44;
-34.85,85.06,9.48;
-32.10,77.47,6.50;
-24.59,64.46,3.69;
-18.84,51.71,2.09;
-20.24,48.51,3.32;
-23.35,51.97,5.40;
-27.37,56.87,6.88;
-30.80,56.74,7.42;
-28.58,54.78,5.51;
-22.27,49.65,1.16;
-16.59,47.21,-0.33;
-15.19,46.28,-1.15;
-17.26,48.22,-0.62;
-21.60,50.11,0.13;
-26.44,50.51,-0.65;
-145.03,28.58,-11.81;
-31.64,-110.00,-12.60;
-37.78,-20.87,-6.43;
-17.42,-13.81,-6.39;
-7.60,1.44,0.04;
-8.18,9.85,1.48;
-9.06,7.48,-3.36;
-7.75,9.55,-2.77;
-4.97,6.90,-1.71;
-4.68,3.96,-1.53;
-6.73,1.48,-1.94;
-6.19,-0.47,-1.12;
-4.36,-2.06,0.29;
-3.84,-3.55,2.19;
-2.29,-4.36,2.62;
-2.18,-6.23,3.51;
-1.49,-5.98,1.66;
-1.87,-7.49,0.35;
-2.12,-9.43,-1.32;
-2.99,-10.70,-1.82;
-3.69,-11.45,-1.39;
-2.74,-9.92,-1.79;
-2.62,-9.48,-1.32;
-1.71,-7.52,-0.95;
-1.74,-7.00,-0.16;
-1.66,-6.78,-0.34;
-0.41,-4.88,-0.69;
-0.24,-2.88,-0.92;
-0.01,-1.72,-0.81;
-0.15,-0.35,-0.28;
-0.45,0.31,-0.40;
-0.16,0.46,0.04;
-0.12,0.69,0.47;
-0.07,0.32,0.59;
-0.10,0.25,0.85;
-0.54,-0.97,0.93;
-0.80,-0.93,1.46;
-0.38,-1.05,1.84;
-0.50,-1.07,1.29;
-0.30,-1.51,1.16;
-0.36,-1.22,1.16;
-0.99,-1.40,0.18;
-0.80,-1.42,-0.13;
-1.28,-1.43,-0.29;
-1.20,-0.70,0.03;
-0.38,-0.58,0.36;
0.37,-0.58,0.26;
0.66,0.13,0.41;
1.04,0.74,0.50;
0.62,0.61,0.53;
0.42,0.00,0.24;
0.78,0.28,0.06;
0.71,0.48,0.13;
0.92,0.42,-0.22;
1.00,0.81,0.07;
0.84,0.98,0.12;
1.44,1.41,0.33;
2.26,1.61,-0.05;
2.42,1.74,0.79;
2.10,1.35,1.63;
2.51,1.32,2.29;
3.26,2.63,3.43;
5.24,4.83,4.53;
8.84,9.70,5.52;
17.49,16.14,6.45;
28.45,19.64,5.42;
36.11,25.36,3.37;
42.91,27.18,2.47;
43.87,24.52,1.29;
35.91,13.22,1.35;
6.36,-14.64,-1.35;
3.82,-34.96,-1.70;
0.74,-43.37,-1.26;
5.32,-47.28,-1.59;
9.64,-53.25,0.12;
14.71,-58.16,0.47;
16.75,-62.38,1.98;
15.91,-67.45,2.79;
12.78,-75.10,2.48;
9.55,-84.35,2.12;
6.65,-90.27,1.11;
5.27,-98.30,1.35;
7.81,-101.89,1.19;
10.25,-105.58,1.77;
13.44,-104.07,3.08;
17.68,-102.55,4.53;
20.74,-106.67,4.77;
20.00,-113.28,3.96;
15.36,-121.03,1.84;
10.63,-128.24,-1.30;
7.30,-130.36,-3.42;
5.91,-129.25,-3.20;
10.23,-129.75,-2.54;
20.43,-129.49,-1.99;
31.10,-131.54,-4.51;
32.28,-133.72,-6.11;
28.69,-135.74,-8.65;
22.55,-135.42,-8.63;
17.79,-133.94,-7.64;
17.36,-133.58,-9.87;
21.64,-138.88,-12.43;
25.94,-140.35,-12.48;
25.90,-136.76,-10.63;
19.90,-131.71,-7.81;
14.39,-131.29,-8.48;
8.19,-128.82,-9.00;
5.50,-128.61,-11.59;
6.13,-128.56,-13.45;
10.10,-126.20,-13.73;
15.41,-122.67,-12.78;
21.26,-116.04,-11.50;
25.15,-109.89,-10.25;
26.86,-105.34,-9.61;
25.70,-98.79,-8.28;
21.79,-94.30,-8.43;
18.26,-91.13,-8.13;
14.43,-91.26,-8.62;
10.60,-89.77,-6.34;
7.93,-88.91,-5.03;
6.31,-84.21,-2.69;
5.12,-80.85,-1.76;
2.33,-77.07,-1.38;
2.45,-76.30,-3.56;
0.13,-75.92,-6.26;
1.47,-73.14,-7.03;
2.89,-73.02,-6.60;
3.68,-71.58,-4.23;
2.84,-69.08,-2.58;
5.03,-66.90,-2.04;
8.23,-64.71,-3.00;
9.26,-64.49,-4.75;
5.44,-61.72,-4.52;
3.18,-57.14,-3.97;
0.23,-53.72,-3.45;
-2.15,-51.86,-3.23;
-4.24,-47.97,-3.61;
-6.87,-45.26,-4.71;
-2.96,-43.61,-6.74;
4.17,-40.84,-9.50;
12.66,-34.23,-10.66;
17.94,-27.68,-12.58;
15.91,-20.09,-12.23;
8.60,-11.51,-11.07;
-1.00,-4.45,-8.69;
-8.56,3.36,-5.73;
-8.32,5.90,-4.74;
-7.75,11.97,-2.37;
-6.56,10.95,-0.17;
-6.42,7.87,1.17;
-7.92,5.45,4.00;
-5.81,0.35,2.41;
-4.56,1.01,2.68;
-3.87,0.68,2.22;
-0.82,-1.54,1.32;
4.63,0.14,0.07;
7.18,0.05,-1.49;
5.82,0.29,-3.29;
2.98,3.09,-2.17;
-0.19,4.66,-1.21;
-2.00,5.42,-0.19;
-0.94,5.61,-1.00;
0.46,6.22,-1.62;
0.14,4.75,-1.32;
-1.90,5.18,-0.07;
-3.23,4.55,1.26;
-2.10,3.74,1.42;
0.19,4.40,1.84;
0.91,3.99,1.83;
1.78,5.70,2.10;
2.43,7.87,2.16;
1.16,10.69,2.62;
0.49,11.91,3.66;
2.17,10.72,2.07;
3.87,10.97,0.82;
4.29,10.66,-1.07;
5.96,9.36,-2.78;
8.77,11.32,-3.10;
12.48,14.57,-3.03;
14.78,18.55,-2.86;
17.61,23.90,-2.11;
18.04,28.86,-1.88;
15.00,34.09,-1.13;
8.36,39.26,-0.45;
2.07,45.04,0.41;
-1.78,48.43,0.94;
-5.13,54.89,2.18;
-8.10,60.42,3.63;
-11.29,64.97,4.50;
-13.34,67.35,4.71;
-12.32,69.30,4.27;
-11.63,72.31,3.11;
-10.00,76.60,1.80;
-7.51,78.58,0.93;
-5.37,80.48,0.70;
-4.54,82.55,0.33;
-3.52,85.21,0.53;
-2.35,89.94,0.41;
-4.03,95.76,0.24;
-7.51,100.86,-0.31;
-12.39,106.93,0.04;
-14.15,114.06,0.67;
-10.91,121.29,1.02;
-7.46,123.22,1.35;
-7.17,125.76,1.17;
-7.92,126.68,0.58;
-9.63,127.16,0.07;
-11.87,128.28,-0.28;
-11.89,130.31,-0.84;
-12.00,134.06,-1.50;
-12.51,139.01,-0.97;
-14.42,138.87,-0.87;
-16.07,131.82,0.29;
-20.73,127.22,3.16;
-28.88,124.74,6.09;
-32.35,123.36,7.11;
-32.76,123.91,7.29;
-29.93,120.68,5.03;
-24.35,116.25,2.68;
-17.42,113.12,1.84;
-10.91,109.79,2.76;
-7.69,108.97,6.73;
-7.96,108.90,11.17;
-8.99,106.95,12.87;
-7.98,101.94,11.66;
-7.83,95.94,8.24;
-10.58,92.69,6.10;
-18.45,86.29,5.61;
-28.77,75.87,5.51;
-35.17,71.27,8.47;
-33.08,66.39,8.61;
-26.41,63.38,6.27;
-20.62,61.77,4.85;
-15.75,64.39,4.53;
-14.68,66.92,4.85;
-17.63,66.98,4.85;
-20.64,65.06,3.72;
-21.42,56.61,0.36;
-21.89,51.35,-2.05;
-22.70,48.32,-2.95;
-21.48,48.95,-2.10;
-21.74,49.39,-1.88;
-23.23,54.57,-0.11;
-22.07,58.03,0.99;
-18.70,58.22,0.99;
-18.41,59.21,1.60;
-19.08,57.03,0.99;
-19.64,52.03,-0.63;
-21.57,50.29,-0.54;
-23.19,52.40,1.02;
-24.77,59.99,2.45;
-24.85,69.30,3.81;
-28.29,77.84,4.99;
-30.53,82.57,4.80;
-26.29,78.68,0.71;
-19.58,69.45,-3.38;
-18.27,63.99,-2.83;
-130.51,-125.13,-55.84;
-42.51,-72.96,-2.04;
-39.00,-42.16,-5.07;
-21.83,-31.11,-2.31;
4.51,9.18,-0.33;
6.65,21.01,-0.54;
5.35,16.32,-1.12;
2.68,13.33,0.26;
0.20,4.92,0.91;
-1.67,-0.64,0.41;
-3.22,-2.87,-0.11;
-3.09,-1.37,-0.26;
-2.33,-0.30,0.56;
-0.77,0.60,1.06;
0.60,-0.35,1.90;
0.71,-1.54,2.13;
0.08,-3.52,1.40;
-0.39,-4.07,0.13;
-1.45,-4.82,-0.74;
-1.61,-4.27,-1.87;
-0.19,-2.50,-2.26;
-0.12,-1.28,-1.78;
0.25,-0.84,-1.50;
0.22,-0.03,-0.83;
-0.18,-1.19,-0.66;
-0.73,-1.81,-1.39;
-0.62,-1.26,-0.89;
-0.93,-0.84,-0.31;
-0.21,0.60,0.39;
0.40,1.30,1.02;
0.31,1.12,1.16;
0.80,2.17,0.91;
0.52,1.47,0.58;
0.07,0.97,0.74;
-0.13,0.14,0.50;
0.23,-0.15,0.26;
-0.50,-1.63,0.03;
-0.19,-1.45,-0.10;
0.74,0.16,0.33;
0.13,-0.47,-0.04;
0.20,-0.16,0.27;
0.69,0.22,-0.07;
0.89,1.01,0.09;
0.91,0.90,0.18;
0.84,0.98,-0.11;
1.01,1.12,0.10;
1.39,1.06,0.61;
2.92,1.41,0.96;
3.32,2.49,1.45;
1.84,3.68,4.10;
4.34,5.61,5.95;
6.62,10.14,9.69;
7.97,11.00,8.96;
14.91,9.53,6.62;
23.00,-0.68,0.56;
17.15,-21.75,-3.73;
12.58,-35.19,-4.46;
5.33,-44.12,-2.98;
9.87,-51.23,-0.78;
13.94,-60.26,1.13;
13.24,-66.87,4.22;
11.07,-70.15,5.48;
12.39,-75.00,4.03;
16.04,-77.72,1.03;
14.58,-80.33,0.50;
11.23,-82.18,0.26;
9.55,-85.48,-0.00;
12.05,-90.99,-0.86;
14.33,-91.10,-0.51;
18.13,-92.12,-1.13;
21.16,-96.56,-1.96;
24.84,-101.26,-2.34;
25.42,-104.49,-2.39;
23.59,-107.71,-1.88;
20.54,-112.33,-3.23;
19.06,-112.44,-5.18;
15.16,-111.29,-6.63;
13.06,-110.52,-5.90;
11.29,-111.23,-6.23;
9.71,-109.05,-7.94;
10.52,-111.42,-11.64;
8.28,-110.88,-12.16;
6.42,-111.48,-11.90;
8.57,-108.13,-9.56;
11.29,-105.94,-10.02;
14.49,-103.94,-12.04;
13.00,-103.22,-11.55;
8.74,-105.05,-10.14;
6.75,-104.38,-9.56;
5.41,-101.60,-9.56;
8.75,-101.75,-11.68;
10.00,-99.45,-12.62;
10.42,-96.29,-12.29;
11.13,-94.23,-11.35;
11.70,-93.55,-9.88;
12.14,-90.45,-8.14;
13.99,-92.81,-9.99;
16.04,-92.20,-10.60;
17.24,-90.62,-11.36;
18.94,-91.32,-12.28;
19.10,-89.45,-11.67;
19.87,-87.77,-10.25;
20.81,-85.98,-8.57;
18.84,-83.71,-8.91;
16.45,-82.20,-8.71;
12.72,-81.52,-8.74;
10.84,-80.79,-9.62;
9.76,-79.81,-9.97;
9.41,-76.99,-10.78;
8.11,-73.52,-9.59;
6.72,-72.15,-8.83;
4.74,-68.09,-8.16;
0.58,-63.00,-7.52;
-4.56,-59.49,-7.18;
-7.74,-59.87,-7.45;
-8.47,-61.43,-8.23;
-1.09,-59.37,-8.46;
7.50,-57.80,-8.51;
14.74,-56.29,-8.29;
15.55,-52.65,-5.97;
15.68,-53.02,-6.02;
16.04,-54.32,-7.35;
16.39,-56.76,-9.56;
14.97,-58.04,-10.34;
13.73,-60.42,-11.35;
10.92,-59.48,-10.13;
10.52,-56.74,-9.85;
14.95,-51.87,-9.67;
27.01,-50.12,-12.29;
35.94,-43.72,-14.04;
33.33,-34.71,-13.38;
22.40,-24.81,-11.52;
6.74,-15.74,-5.44;
-4.85,-7.08,-0.42;
-11.72,3.59,4.01;
-15.58,5.53,5.37;
-17.83,4.87,4.62;
-20.18,5.42,5.40;
-14.16,2.51,2.91;
-7.87,-1.42,0.93;
-2.64,0.25,1.31;
3.42,-1.17,-0.08;
6.14,-0.20,-0.71;
5.65,0.89,-0.43;
3.96,1.35,-0.20;
1.94,2.28,0.06;
1.49,2.63,-0.05;
1.73,2.80,-0.34;
0.94,1.59,-1.36;
-0.35,0.83,-2.16;
0.07,1.00,-1.71;
1.42,0.25,-2.28;
2.25,-1.20,-2.45;
1.55,-0.23,-1.39;
2.19,0.40,-0.34;
2.46,3.29,1.19;
0.23,4.35,2.59;
-0.45,3.64,2.71;
0.42,3.09,1.37;
1.33,4.93,1.09;
3.76,6.40,0.41;
5.67,10.69,0.01;
6.28,15.71,-0.25;
4.98,20.77,0.07;
3.29,24.74,-0.17;
-1.09,29.73,0.24;
-5.64,34.68,-0.40;
-9.00,39.91,-1.23;
-9.86,44.48,-3.30;
-6.38,48.80,-5.61;
-2.36,53.71,-6.86;
3.96,61.47,-8.11;
6.33,68.89,-7.49;
3.68,76.34,-5.71;
-1.32,78.72,-3.64;
-7.98,82.28,-0.63;
-12.51,84.87,0.82;
-14.65,88.29,1.51;
-14.44,92.48,1.69;
-13.20,97.42,1.22;
-14.50,101.93,0.87;
-16.32,105.96,1.16;
-21.20,111.09,3.06;
-24.59,116.89,5.57;
-22.65,119.55,6.18;
-18.16,125.88,7.64;
-11.40,129.15,6.65;
-5.67,131.42,4.42;
-3.98,135.33,2.61;
-6.56,141.77,3.87;
-8.33,142.37,4.61;
-10.65,145.59,7.52;
-11.55,145.15,8.42;
-11.86,146.08,7.78;
-15.08,146.22,6.47;
-22.42,140.69,3.77;
-29.02,135.67,2.41;
-26.51,131.73,1.69;
-19.72,133.94,2.87;
-13.80,141.88,8.77;
-8.96,145.64,12.04;
-4.27,149.84,14.74;
-5.25,140.90,10.90;
-11.11,132.87,4.50;
-21.19,120.60,-0.58;
-34.85,113.19,-1.24;
-41.96,107.12,0.70;
-40.93,102.25,1.83;
-32.74,105.22,7.42;
-24.27,109.62,10.06;
-19.87,112.16,10.79;
-18.12,111.18,11.31;
-19.46,105.73,9.63;
-22.35,96.87,7.26;
-23.55,87.13,5.80;
-25.40,78.89,5.37;
-27.23,75.35,5.06;
-29.00,76.25,4.18;
-29.00,77.55,4.30;
-28.19,77.16,4.06;
-26.68,74.78,3.60;
-23.46,73.10,2.62;
-20.25,70.97,2.18;
-18.33,64.74,2.62;
-17.96,60.90,3.46;
-20.58,59.21,6.03;
-20.93,59.18,7.19;
-19.69,60.00,7.64;
-16.64,62.05,9.08;
-157.69,20.71,-12.46;
13.75,-181.84,-32.51;
-46.68,-17.17,0.01;
-35.92,-43.77,-13.13;
-10.56,4.60,2.00;
-0.71,15.62,5.96;
6.05,13.70,0.76;
0.77,17.21,0.30;
-2.24,10.17,0.33;
-3.57,5.88,-1.16;
-3.78,1.38,-2.23;
-6.27,-2.55,-2.78;
-6.42,-3.89,-0.84;
-5.06,-3.49,1.37;
-3.26,-2.76,2.88;
-2.45,-2.79,2.24;
-1.49,-2.27,1.49;
-0.53,-2.45,-0.00;
-0.65,-2.49,-0.54;
-1.19,-2.84,-1.04;
-1.92,-1.87,-1.58;
-1.51,-1.75,-1.07;
-1.37,-1.81,-0.58;
-0.94,-1.36,-0.11;
0.83,-1.92,-0.33;
-0.74,-2.56,-0.07;
-0.06,-3.08,0.50;
-0.35,-2.52,0.82;
-1.46,-3.07,0.26;
-1.23,-2.06,-0.08;
-0.68,-0.32,-0.08;
-0.65,0.11,-0.02;
-0.70,0.77,0.15;
-0.27,0.75,0.21;
-0.48,-0.18,0.61;
-1.58,-0.85,-0.19;
-2.45,-1.95,-0.91;
-1.06,-1.19,-0.92;
-1.23,-0.76,-0.91;
-2.18,-1.46,-0.84;
-1.98,-0.44,-0.08;
0.22,0.54,0.03;
0.07,0.69,0.45;
0.40,1.27,0.70;
0.52,1.09,1.20;
0.25,0.60,1.55;
0.29,0.81,1.34;
0.68,1.39,0.82;
0.60,2.29,1.25;
1.59,3.13,1.43;
3.30,4.32,1.28;
4.29,4.00,1.06;
5.62,4.16,0.99;
5.81,3.56,1.55;
5.59,5.35,3.40;
6.05,6.03,3.49;
10.78,7.71,4.33;
17.97,11.71,5.23;
23.47,12.68,4.50;
29.59,13.39,2.48;
28.28,5.73,0.71;
19.94,-11.49,-2.77;
11.38,-24.82,-5.47;
5.27,-33.58,-5.59;
7.00,-40.65,-5.52;
7.94,-44.81,-4.63;
6.37,-48.00,-3.39;
5.88,-51.89,-3.23;
6.51,-55.05,-3.21;
7.49,-59.14,-4.37;
9.64,-62.00,-6.16;
12.22,-61.45,-8.02;
15.71,-64.94,-8.78;
16.81,-68.73,-9.79;
16.08,-71.02,-9.33;
16.19,-73.75,-9.65;
16.02,-76.29,-9.73;
16.48,-78.23,-8.92;
16.19,-79.39,-7.74;
18.04,-81.55,-7.07;
19.01,-85.80,-7.38;
17.99,-88.20,-5.73;
18.26,-89.26,-4.37;
19.33,-89.91,-3.27;
20.42,-92.65,-4.62;
19.87,-95.48,-5.55;
16.92,-98.36,-7.09;
10.87,-98.12,-6.31;
9.82,-98.55,-7.18;
13.75,-101.08,-6.80;
18.02,-98.33,-5.99;
19.50,-96.73,-6.37;
19.10,-95.80,-6.57;
17.59,-98.41,-6.91;
15.42,-103.17,-7.99;
12.36,-103.37,-9.47;
13.94,-105.19,-11.44;
15.20,-107.51,-10.94;
13.42,-106.01,-9.16;
14.34,-108.45,-10.16;
16.22,-109.29,-12.08;
16.98,-108.64,-13.00;
16.36,-105.28,-12.52;
17.99,-104.73,-12.89;
19.88,-105.89,-13.27;
19.58,-104.42,-12.72;
19.67,-106.47,-13.50;
17.24,-105.43,-13.58;
16.13,-105.74,-13.87;
12.33,-104.32,-12.54;
8.57,-106.52,-11.04;
5.38,-107.14,-10.42;
4.37,-107.57,-8.97;
5.94,-108.03,-7.73;
5.97,-107.83,-6.84;
4.60,-105.32,-5.70;
3.35,-103.25,-5.82;
2.89,-100.09,-6.26;
4.72,-98.71,-6.20;
8.45,-98.20,-6.04;
9.96,-95.58,-4.34;
9.35,-94.78,-5.45;
5.62,-89.60,-4.63;
2.23,-88.49,-5.01;
1.21,-88.03,-4.87;
1.84,-86.09,-4.49;
3.91,-80.10,-3.87;
6.46,-74.38,-2.02;
10.36,-72.71,-0.34;
13.10,-69.78,2.93;
9.76,-71.66,0.77;
8.23,-68.07,2.36;
6.49,-71.63,-2.26;
1.93,-71.36,0.82;
0.65,-77.28,0.39;
0.39,-75.42,0.01;
4.62,-76.30,-1.52;
9.10,-74.64,-3.67;
13.07,-69.81,-3.03;
16.92,-65.91,-3.74;
16.72,-58.94,-4.25;
13.10,-52.53,-3.58;
13.96,-47.39,-6.00;
20.16,-37.46,-10.22;
25.87,-28.94,-11.18;
25.82,-21.55,-11.96;
21.44,-11.81,-11.45;
10.25,-2.38,-8.00;
1.88,1.00,-4.02;
-4.06,2.51,-0.34;
-5.42,3.71,2.50;
-2.38,4.08,2.47;
0.28,5.03,1.63;
0.48,5.38,1.58;
-0.94,3.82,2.53;
-1.52,2.68,2.10;
-1.43,0.31,2.51;
2.95,-2.30,-0.72;
4.80,-1.69,-1.49;
6.08,-1.65,-3.16;
5.49,-0.52,-3.39;
2.81,2.11,-2.71;
0.02,2.72,-1.67;
-0.62,1.99,-1.21;
-0.07,1.03,-1.26;
1.75,-0.56,-1.59;
3.59,0.90,-1.01;
3.91,0.98,0.84;
3.68,1.06,1.81;
2.40,1.39,1.48;
1.82,2.48,0.13;
1.44,1.99,-1.06;
1.56,2.84,-0.39;
2.14,2.78,0.16;
4.36,2.19,-0.02;
6.77,3.74,-1.41;
10.25,7.61,-2.08;
13.01,11.82,-1.35;
13.62,15.45,0.26;
12.34,19.16,0.80;
8.92,24.37,2.03;
3.33,27.64,3.63;
-2.51,31.29,5.28;
-5.43,32.64,4.85;
-5.87,34.83,3.11;
-3.29,38.68,1.14;
-2.71,45.96,0.82;
-4.39,51.77,1.35;
-6.79,55.51,1.64;
-10.42,59.85,1.60;
-14.03,63.12,2.74;
-16.07,62.69,2.65;
-16.62,60.17,2.55;
-16.64,60.75,1.69;
-17.86,65.47,1.49;
-16.90,72.06,1.19;
-15.26,79.84,1.69;
-13.54,88.68,2.47;
-11.89,96.77,4.30;
-12.19,102.55,5.28;
-15.25,110.14,6.42;
-19.54,116.28,6.94;
-24.94,124.64,8.13;
-25.42,129.93,9.02;
-22.93,133.97,10.09;
-17.31,133.82,10.90;
-16.53,135.39,10.70;
-21.77,138.19,11.13;
-29.51,140.64,10.70;
-33.96,143.82,9.42;
-31.49,149.04,8.55;
-24.10,151.24,7.31;
-12.53,149.12,4.09;
-2.38,151.22,4.77;
-1.00,151.82,4.68;
-6.84,153.10,7.77;
-18.07,155.21,12.61;
-27.37,153.56,13.20;
-32.91,148.00,12.29;
-35.32,137.38,8.56;
-31.45,130.32,7.49;
-28.54,126.51,7.86;
-27.77,132.60,13.34;
-26.12,135.12,16.61;
-25.16,133.99,16.67;
-29.28,128.87,14.97;
-30.96,120.11,13.63;
-32.21,111.88,10.29;
-32.19,114.39,10.88;
-33.80,115.79,14.27;
-32.77,114.23,14.80;
-28.50,112.69,9.89;
-22.67,99.99,9.98;
-17.42,95.68,6.84;
-17.19,93.61,3.90;
-20.21,85.51,2.93;
-27.08,83.15,3.14;
-30.70,78.26,2.47;
-28.82,72.13,1.75;
-26.53,63.30,-1.61;
-24.00,59.06,-4.68;
-19.61,54.95,-5.47;
-15.49,52.35,-3.61;
-16.35,50.87,-0.19;
-19.35,49.96,2.13;
-25.78,52.31,3.37;
-25.52,58.28,5.25;
-20.50,65.70,6.32;
-18.29,65.44,6.96;
-16.07,68.81,8.93;
-11.34,68.98,10.41;
31.79,-51.42,-43.50;
-1.31,-27.51,-4.29;
-15.14,-28.52,10.70;
-11.81,-12.36,4.93;
1.04,17.01,5.78;
-0.84,13.88,2.79;
-2.61,11.71,1.49;
-4.07,9.45,3.11;
2.07,14.43,-2.55;
2.86,12.46,-3.38;
1.49,8.20,-2.11;
1.39,4.97,-0.34;
0.84,0.57,1.77;
0.63,-2.67,2.10;
0.95,-4.55,1.86;
0.91,-5.92,1.13;
1.32,-6.13,0.76;
1.84,-4.29,-0.45;
2.07,-2.58,-0.94;
2.55,-0.16,-1.16;
2.39,1.61,-0.94;
1.94,1.79,-0.95;
0.62,0.54,-0.33;
-0.03,0.06,0.24;
-0.19,-0.29,0.22;
-0.94,-0.94,0.51;
-0.30,-0.91,0.06;
0.08,0.42,-0.20;
0.71,1.24,-0.23;
0.74,0.97,-0.22;
1.35,1.56,0.26;
1.53,0.80,0.07;
1.18,-0.01,-0.07;
1.03,-0.82,0.21;
1.09,-1.75,0.56;
0.98,-2.20,0.85;
0.68,-2.36,0.51;
0.49,-2.27,0.06;
0.66,-1.03,-0.00;
0.72,0.17,-0.13;
0.37,0.13,0.47;
0.68,0.77,0.45;
0.31,0.42,-0.02;
-0.07,-0.35,0.03;
-0.47,-0.85,0.04;
-1.00,-0.71,0.12;
-0.64,-0.41,0.29;
-0.39,0.39,0.51;
-0.35,0.09,0.33;
-0.19,-0.55,-0.19;
0.40,-0.06,-0.04;
0.13,-0.26,0.01;
0.07,0.23,0.38;
0.19,1.24,0.77;
-0.68,0.90,0.82;
-1.55,0.45,0.47;
-1.93,1.06,0.74;
-2.84,0.66,1.26;
-2.41,1.16,1.86;
-3.67,0.09,2.61;
-5.42,3.45,3.03;
-7.31,2.71,5.29;
-4.42,3.68,6.58;
1.49,-11.17,4.96;
11.27,-32.61,0.50;
7.42,-41.23,2.38;
10.57,-58.50,2.88;
13.81,-74.38,2.61;
8.81,-88.85,2.90;
4.86,-98.49,2.93;
1.04,-106.70,1.34;
-0.68,-108.55,-1.67;
0.36,-109.49,-3.30;
3.93,-113.28,-5.07;
8.08,-118.36,-5.33;
10.08,-126.91,-5.50;
13.39,-132.82,-6.11;
14.66,-134.20,-6.07;
14.08,-135.52,-6.19;
14.72,-137.10,-7.42;
16.68,-139.00,-9.36;
15.46,-143.57,-11.56;
14.45,-146.23,-11.55;
12.60,-147.28,-11.47;
14.10,-146.03,-11.61;
19.20,-144.56,-13.20;
23.27,-140.04,-12.29;
24.45,-141.52,-13.42;
21.07,-141.83,-11.90;
20.13,-145.57,-13.00;
18.78,-142.74,-11.06;
22.97,-139.52,-12.07;
27.61,-139.36,-12.95;
32.57,-138.47,-14.49;
32.42,-131.57,-15.10;
30.34,-125.89,-14.66;
26.49,-120.44,-12.51;
27.85,-122.99,-14.14;
29.53,-120.65,-13.62;
30.20,-120.24,-16.02;
30.68,-116.29,-16.23;
27.06,-113.13,-15.09;
27.18,-112.12,-15.13;
26.75,-111.84,-13.32;
26.25,-111.46,-13.23;
24.86,-109.11,-13.53;
22.98,-104.81,-12.77;
19.99,-103.00,-12.97;
16.19,-101.45,-11.01;
10.87,-103.46,-9.97;
7.61,-103.69,-8.98;
4.16,-98.38,-8.48;
2.55,-93.75,-7.58;
4.00,-89.65,-7.73;
5.32,-84.21,-7.39;
2.72,-78.74,-4.29;
3.29,-80.24,-1.30;
4.72,-78.87,-1.00;
8.75,-77.31,-0.17;
11.70,-73.51,-1.29;
14.46,-65.42,-2.51;
17.01,-56.04,-4.69;
20.83,-50.67,-6.92;
26.75,-42.65,-9.33;
34.86,-35.69,-12.02;
37.71,-26.64,-12.55;
35.41,-14.06,-11.61;
26.62,-2.62,-6.63;
8.00,4.45,-1.13;
-8.04,6.45,3.83;
-15.00,4.55,5.22;
-14.79,6.48,6.07;
-11.60,4.60,5.93;
-7.86,3.70,6.36;
-5.71,2.43,6.39;
-2.04,-0.47,5.63;
3.56,-2.03,3.26;
4.26,-2.26,1.71;
3.85,-3.28,-0.71;
4.60,-1.54,-1.62;
8.04,1.45,-2.63;
9.49,5.88,-1.04;
8.74,7.38,-0.86;
3.53,8.86,0.73;
-2.18,8.23,0.36;
-3.17,6.81,-0.81;
-2.65,6.46,-0.60;
-0.58,7.62,0.09;
3.81,9.61,-0.28;
6.36,11.79,-0.13;
7.85,13.85,-0.45;
7.03,16.78,-0.58;
4.72,19.09,-0.52;
2.00,23.36,-1.36;
0.43,28.64,-2.49;
-0.99,32.92,-3.94;
-4.45,39.38,-4.20;
-7.16,46.28,-5.64;
-6.84,54.09,-6.54;
-5.54,59.19,-7.10;
-5.78,64.09,-7.47;
-8.35,67.85,-6.77;
-10.15,70.95,-6.16;
-12.06,73.97,-4.57;
-13.16,78.08,-3.20;
-12.97,81.73,-2.77;
-10.96,87.53,-1.10;
-8.47,93.68,0.47;
-9.29,99.62,1.78;
-12.71,103.59,3.49;
-17.46,108.06,4.73;
-19.61,113.76,5.60;
-18.90,119.06,6.77;
-13.93,127.84,6.53;
-7.58,133.00,4.47;
-4.36,135.24,2.70;
-3.31,136.71,0.15;
-5.93,138.45,-1.94;
-10.59,141.22,-2.94;
-16.01,141.55,-2.54;
-22.58,142.35,-2.25;
-26.54,141.76,-2.17;
-29.71,138.20,-2.92;
-30.19,137.27,-3.13;
-24.64,136.54,-2.10;
-20.93,136.16,-0.23;
-19.51,140.48,4.15;
-21.71,142.14,8.27;
-27.96,140.06,9.09;
-32.19,134.97,7.42;
-34.22,127.12,3.43;
-33.84,121.62,0.88;
-31.14,119.65,0.39;
-25.13,118.23,0.94;
-22.53,119.00,3.71;
-19.74,118.02,5.13;
-22.19,113.76,6.29;
-30.68,111.80,6.42;
-32.15,108.35,5.72;
-29.69,112.20,6.93;
-20.71,116.49,8.73;
-10.80,110.77,7.52;
-4.59,111.77,6.53;
-7.28,110.14,5.69;
-16.65,107.15,3.83;
-24.42,99.80,1.00;
-29.83,89.94,-3.18;
-28.61,79.30,-4.63;
-24.80,72.60,-3.09;
-25.17,68.54,-0.72;
-30.33,69.79,1.77;
-33.93,74.63,4.53;
-34.00,76.29,6.50;
-31.93,72.48,4.91;
-29.52,68.02,1.60;
-25.63,65.04,-1.06;
-25.92,65.29,-0.89;
-27.92,67.85,1.17;
-28.65,73.68,3.60;
-28.84,79.32,6.80;
-22.54,82.20,11.63;
-9.29,-207.29,-44.42;
-72.16,-57.63,26.21;
-44.06,-56.03,-15.24;
-12.21,-10.09,2.39;
4.37,12.34,2.45;
2.22,13.76,0.04;
1.55,13.85,2.64;
3.78,11.01,3.29;
2.40,8.64,2.13;
-0.29,4.46,1.64;
-2.01,2.45,0.45;
-1.64,2.57,-2.00;
-2.29,-1.68,0.93;
-0.73,-2.68,1.61;
-0.94,-4.62,1.89;
-0.59,-4.49,2.24;
-0.27,-4.06,0.88;
-0.47,-4.10,-0.31;
-0.58,-2.70,-0.83;
0.02,-0.21,-0.89;
0.80,1.32,0.87;
0.51,1.04,-0.46;
0.51,0.98,0.09;
0.54,0.58,0.50;
0.29,-0.10,-0.22;
0.08,-0.62,0.67;
-0.27,-0.94,0.73;
-0.06,-0.68,0.38;
0.20,0.49,0.59;
0.29,1.09,0.30;
0.83,1.67,0.55;
0.66,1.47,0.56;
0.13,0.02,0.64;
-0.19,-0.94,0.29;
-0.29,-1.29,0.91;
-0.56,-2.35,0.82;
-0.32,-1.87,0.62;
0.00,-1.22,0.71;
0.26,-0.65,0.71;
0.08,-0.67,0.65;
0.39,-0.59,0.21;
-1.54,-1.00,0.55;
-0.04,-1.68,0.39;
-0.54,-2.21,0.10;
-0.38,-1.86,0.61;
-0.04,-1.52,0.04;
-0.18,-1.02,0.03;
-0.18,-0.29,0.21;
0.11,0.71,0.13;
0.37,1.35,0.06;
-0.58,0.46,-0.05;
0.05,1.03,-0.33;
0.43,1.38,0.10;
-0.12,0.83,0.50;
0.13,0.54,0.84;
0.45,1.15,0.93;
0.26,0.83,1.03;
0.63,1.55,0.96;
0.97,1.79,0.04;
1.46,2.03,-0.22;
2.10,2.02,0.16;
2.33,1.21,-0.11;
2.83,1.48,-0.19;
3.20,0.40,-0.39;
4.45,1.04,0.32;
6.00,3.64,1.29;
6.33,4.54,2.80;
10.20,6.64,1.69;
19.23,8.35,-1.73;
27.96,7.56,-8.28;
27.27,-2.64,-10.19;
21.13,-16.87,-12.63;
10.80,-34.76,-11.41;
7.73,-41.91,-9.88;
6.07,-44.49,-8.87;
6.00,-47.43,-8.31;
7.23,-52.06,-7.27;
8.20,-58.23,-6.29;
7.46,-64.61,-4.97;
6.74,-71.13,-3.15;
6.19,-74.91,-2.52;
8.43,-77.80,-3.59;
9.15,-78.70,-3.88;
9.87,-80.00,-4.22;
11.36,-85.02,-5.04;
11.53,-89.46,-5.96;
10.62,-92.03,-6.48;
10.83,-95.42,-7.64;
12.02,-98.30,-7.97;
12.57,-101.08,-7.27;
11.15,-103.08,-6.52;
12.54,-103.55,-5.32;
14.65,-102.97,-5.44;
15.99,-103.16,-5.64;
14.31,-104.99,-6.07;
12.92,-107.97,-7.42;
12.26,-109.69,-8.81;
10.75,-107.52,-7.97;
11.62,-103.29,-5.97;
12.97,-101.46,-5.65;
15.46,-97.81,-5.56;
19.15,-98.23,-9.01;
22.94,-97.40,-12.48;
26.26,-98.20,-13.94;
27.10,-98.65,-14.14;
25.88,-97.13,-13.04;
22.87,-100.06,-13.30;
20.77,-103.63,-13.65;
19.97,-108.32,-13.91;
20.13,-108.33,-14.25;
20.51,-105.00,-13.50;
23.10,-102.16,-13.00;
27.18,-100.06,-13.00;
30.17,-100.67,-14.22;
28.69,-98.33,-12.81;
30.19,-99.94,-12.54;
30.95,-99.80,-12.07;
29.18,-99.63,-11.90;
29.16,-97.48,-11.96;
30.58,-95.74,-12.49;
31.73,-92.55,-11.42;
31.04,-92.74,-10.63;
28.89,-91.69,-9.27;
26.72,-93.05,-9.21;
23.04,-90.87,-9.10;
21.16,-88.97,-10.02;
20.55,-86.36,-9.87;
18.49,-82.73,-9.50;
17.81,-78.47,-8.84;
18.22,-77.13,-7.73;
20.65,-78.90,-5.53;
23.59,-81.57,-3.30;
24.83,-81.08,-2.34;
23.42,-80.50,-1.56;
20.10,-79.68,-0.26;
14.51,-79.61,0.09;
10.58,-79.02,-0.19;
7.04,-75.80,-1.12;
11.68,-71.00,-2.00;
20.25,-63.65,-3.35;
31.55,-51.92,-6.57;
37.41,-40.09,-8.74;
35.30,-25.97,-8.98;
30.16,-18.96,-8.07;
13.82,-7.03,-3.52;
-2.70,-1.75,1.19;
-10.44,3.45,5.42;
-17.61,5.06,8.58;
-18.35,3.51,7.75;
-16.09,1.73,6.07;
-12.80,0.03,5.93;
-7.66,-1.28,4.33;
-4.16,-1.92,3.86;
-0.91,-2.90,3.83;
4.04,-4.96,2.64;
5.91,-4.64,1.66;
4.86,-3.74,0.97;
3.30,-2.59,0.61;
2.80,-1.91,-0.37;
2.68,-1.22,-1.81;
2.55,-1.10,-2.77;
1.46,-0.62,-3.67;
1.23,-0.58,-4.13;
0.78,0.69,-3.47;
-0.70,1.53,-1.52;
-2.30,2.97,1.37;
-3.35,1.74,2.56;
-2.39,0.40,2.65;
-0.33,0.37,1.28;
0.55,0.45,0.36;
0.04,0.35,0.27;
-1.25,-0.32,0.96;
-1.43,0.17,0.58;
-0.16,0.16,-0.81;
0.20,1.22,-1.39;
0.28,3.24,-1.04;
0.08,4.95,-0.42;
0.81,7.33,0.01;
0.19,10.00,0.48;
-1.49,12.37,0.74;
-3.69,15.59,0.80;
-4.01,18.52,0.48;
-3.28,22.74,-0.72;
-2.82,27.42,-2.02;
-3.02,31.73,-3.76;
-5.00,36.69,-4.51;
-8.07,42.55,-5.65;
-10.80,45.74,-5.38;
-13.14,50.40,-5.21;
-13.52,56.02,-4.98;
-13.31,63.16,-4.11;
-15.69,69.00,-2.17;
-20.42,73.39,-0.72;
-23.25,75.73,-1.58;
-22.54,78.28,-2.04;
-21.54,84.22,-2.26;
-22.65,90.31,-2.20;
-23.77,95.90,-0.75;
-26.35,102.09,0.29;
-28.47,108.93,1.74;
-28.35,114.77,2.91;
-26.44,119.61,4.06;
-25.38,124.23,4.22;
-27.66,127.56,2.96;
-31.14,130.51,2.30;
-34.09,133.94,2.44;
-32.41,136.90,2.15;
-29.17,139.36,2.21;
-26.77,141.38,3.72;
-24.18,142.63,6.87;
-25.40,142.14,10.48;
-32.09,141.74,13.55;
-32.42,136.08,13.29;
-30.44,130.31,11.13;
-28.82,128.71,9.58;
-22.79,131.90,9.54;
-14.03,137.93,11.57;
-4.82,141.53,14.07;
-1.31,141.44,16.62;
-6.41,132.68,14.58;
-13.78,124.09,11.49;
-25.37,116.05,8.07;
-28.80,109.85,6.18;
-26.07,108.22,6.38;
-25.08,105.12,9.34;
-26.87,108.90,15.34;
-27.46,109.77,18.30;
-28.39,108.90,19.26;
-26.77,102.13,16.94;
-25.64,95.59,15.14;
-23.80,90.29,14.58;
-19.67,88.16,14.26;
-16.64,88.58,13.51;
-13.95,89.47,12.71;
-12.77,89.13,11.81;
-15.48,87.61,11.35;
-18.22,83.59,9.84;
-23.61,78.83,8.13;
-28.48,75.47,8.18;
-30.19,74.49,8.45;
-30.73,75.42,9.90;
-30.29,81.87,12.51;
-26.00,88.29,13.25;
-23.26,93.87,15.02;
-18.65,98.23,17.03;
-14.71,102.39,18.13;
-14.18,104.45,16.27;
10.07,-380.09,-90.39;
-89.80,-91.02,28.59;
-74.35,-91.23,-28.04;
-36.64,-51.68,1.22;
13.58,23.42,0.13;
15.36,37.67,-2.17;
8.77,27.38,-2.23;
1.79,22.00,1.00;
0.37,14.16,2.12;
-1.54,8.87,0.93;
-3.55,2.39,0.56;
-3.93,-0.18,-1.73;
-3.05,1.61,-1.52;
-1.22,1.32,1.06;
0.28,0.84,3.11;
1.42,-0.73,3.32;
2.05,-0.53,2.84;
1.32,-2.44,1.09;
0.16,-3.58,0.24;
0.26,-3.10,-0.78;
0.84,-1.57,-0.80;
1.81,0.87,-0.16;
1.70,1.36,-0.40;
1.44,1.59,-0.49;
1.20,1.39,-0.17;
0.55,0.34,-0.19;
0.65,0.39,0.55;
0.63,0.71,1.29;
0.36,0.51,0.94;
0.54,1.21,0.10;
0.80,1.61,-0.05;
0.75,2.02,0.27;
0.69,1.32,0.45;
0.63,0.57,0.13;
0.57,0.40,0.64;
-0.24,-0.62,0.56;
-0.21,-1.29,0.48;
-0.38,-0.99,0.09;
-0.51,-0.99,0.19;
-0.42,-0.58,0.70;
0.23,0.74,0.68;
0.22,0.98,0.82;
0.11,0.69,0.96;
-0.35,1.26,1.81;
-0.07,0.51,0.62;
-0.13,0.60,1.05;
0.00,0.92,1.09;
-0.04,1.16,0.85;
0.84,3.56,-0.05;
0.68,3.87,0.13;
1.61,5.55,-0.49;
2.26,7.50,-0.55;
2.75,9.06,-0.14;
1.73,6.09,0.41;
0.81,3.91,0.65;
0.89,2.35,0.32;
0.22,0.55,0.39;
0.14,-0.33,0.59;
0.42,-1.00,0.35;
1.18,-1.13,1.03;
1.79,0.55,2.10;
4.10,0.54,1.81;
2.97,-1.74,2.58;
1.70,-0.24,4.38;
4.83,0.43,3.78;
8.49,1.58,7.23;
10.20,2.55,9.87;
13.39,-3.77,9.71;
17.75,-15.63,6.35;
15.20,-32.36,2.59;
9.93,-41.78,0.90;
8.66,-50.38,-0.98;
8.71,-57.74,-2.57;
7.73,-64.87,-3.04;
6.36,-74.91,-5.35;
4.07,-81.83,-6.19;
4.43,-87.51,-5.01;
4.80,-94.97,-2.92;
11.65,-102.91,-5.12;
14.29,-106.55,-6.04;
16.29,-112.65,-8.77;
19.06,-116.58,-11.35;
19.18,-116.74,-12.58;
20.58,-123.48,-14.87;
22.22,-127.19,-15.06;
22.16,-128.29,-12.74;
22.84,-132.04,-12.26;
21.97,-134.91,-12.31;
23.16,-142.20,-16.23;
23.42,-142.01,-16.62;
25.41,-145.40,-18.14;
24.55,-141.94,-15.70;
23.88,-138.85,-13.20;
27.61,-136.38,-11.07;
30.98,-137.60,-11.81;
28.31,-137.20,-12.63;
22.34,-137.58,-14.05;
22.25,-142.85,-15.93;
22.89,-142.96,-16.25;
21.90,-139.17,-15.07;
19.90,-134.49,-13.71;
22.92,-133.69,-12.89;
24.84,-130.91,-12.83;
27.04,-123.03,-11.73;
30.75,-121.05,-12.91;
34.87,-121.22,-15.01;
31.87,-115.61,-14.14;
24.37,-110.59,-12.58;
19.07,-110.04,-12.14;
14.95,-106.42,-10.51;
11.15,-105.22,-10.91;
9.44,-104.88,-9.73;
10.34,-103.92,-10.72;
12.54,-103.20,-10.75;
9.47,-98.10,-9.04;
10.04,-94.56,-9.45;
7.27,-91.46,-8.87;
5.67,-88.82,-9.23;
4.97,-82.78,-7.50;
4.62,-79.51,-7.78;
4.97,-74.78,-7.41;
3.58,-69.19,-9.73;
2.80,-67.40,-11.62;
2.20,-69.91,-12.00;
2.80,-73.57,-10.48;
3.79,-75.57,-8.80;
5.90,-76.67,-6.80;
7.70,-75.60,-5.87;
8.31,-73.11,-6.69;
9.81,-68.87,-8.36;
15.44,-64.32,-6.87;
28.23,-58.61,-16.69;
38.57,-49.08,-17.50;
46.25,-39.00,-15.35;
44.92,-27.03,-18.94;
39.67,-19.00,-15.62;
23.93,-8.36,-6.48;
0.39,-0.49,2.97;
-16.00,2.42,10.19;
-25.06,1.88,14.16;
-27.28,0.75,13.51;
-21.32,-0.52,10.33;
-12.29,0.43,7.16;
-5.37,1.94,6.38;
0.43,0.69,4.82;
3.94,0.63,3.61;
4.10,0.03,2.29;
2.48,-0.99,1.34;
2.33,-1.68,-0.91;
1.93,0.55,-1.24;
1.27,0.95,-1.56;
1.13,1.51,-2.26;
0.83,2.34,-1.88;
-0.18,3.93,-0.40;
-1.69,4.75,1.09;
-1.77,3.19,1.52;
-2.33,3.45,2.59;
-1.60,3.24,1.84;
-0.88,2.55,0.73;
-0.01,1.76,0.22;
-0.56,2.66,-0.72;
-1.20,3.35,-1.47;
-1.05,4.40,-1.29;
-0.59,4.66,-1.61;
-0.22,6.22,-1.18;
1.16,7.33,-1.70;
3.24,9.61,-2.07;
4.23,12.14,-1.55;
4.23,14.16,-1.71;
3.81,17.04,-1.84;
3.53,23.18,-1.44;
1.81,30.84,-0.48;
0.05,35.88,-0.05;
-3.42,41.39,0.13;
-6.88,44.09,-0.10;
-12.58,46.42,0.76;
-18.03,48.55,1.96;
-22.48,51.41,3.69;
-26.87,55.59,5.80;
-28.82,58.37,6.94;
-28.47,63.93,7.37;
-24.73,72.17,7.05;
-21.05,78.81,6.21;
-17.09,86.93,4.59;
-12.74,93.67,3.95;
-9.06,98.72,3.23;
-7.43,105.77,3.52;
-5.17,111.56,3.74;
-2.74,118.51,4.58;
-2.00,125.71,5.66;
-3.29,134.97,6.70;
-6.76,141.96,7.74;
-11.00,143.90,7.77;
-16.97,145.18,7.32;
-22.32,145.77,6.84;
-23.49,145.38,7.74;
-24.87,146.48,8.39;
-24.76,148.49,7.83;
-23.92,154.32,8.12;
-22.65,162.87,9.35;
-18.79,168.98,10.22;
-8.71,171.27,10.76;
-4.97,165.03,7.74;
-3.45,157.70,4.50;
-9.87,149.62,2.90;
-20.18,145.29,6.97;
-27.55,143.73,11.71;
-33.75,141.90,15.28;
-34.77,141.10,17.19;
-30.44,140.13,17.25;
-21.38,136.06,15.64;
-22.13,127.55,14.47;
-30.03,116.43,14.18;
-41.11,105.45,13.89;
-45.13,108.48,18.10;
-33.57,109.38,17.54;
-13.61,113.93,17.96;
-1.61,114.83,15.37;
0.05,111.35,11.67;
-5.31,106.09,11.71;
-13.84,101.87,12.36;
-20.25,97.16,12.10;
-21.46,97.22,13.19;
-11.48,94.43,12.09;
0.43,92.32,10.19;
5.09,88.05,7.37;
-0.82,84.13,6.71;
-9.69,78.54,6.44;
-16.64,76.68,6.73;
-20.39,76.19,7.93;
-18.94,76.16,9.52;
-12.27,76.14,9.81;
-6.13,79.47,9.40;
-4.67,83.29,9.48;
-3.77,76.00,7.02;
-8.44,67.00,7.28;
-15.72,62.68,6.74;
-17.58,61.76,6.07;
7.96,-159.23,-74.86;
-71.26,-6.39,8.94;
-42.59,-31.40,-11.67;
-6.73,16.37,2.53;
8.86,21.42,5.38;
5.07,16.09,1.31;
-0.80,12.22,-0.55;
-1.93,6.26,-0.57;
-2.04,3.04,0.44;
-3.43,0.57,-0.69;
-4.24,0.20,-1.23;
-3.03,0.03,0.10;
-0.73,0.42,2.62;
-1.02,-1.86,2.62;
-0.65,-2.26,1.81;
0.36,-2.13,0.97;
0.19,-2.41,-0.00;
-0.99,-1.81,-0.23;
-0.56,-1.03,-0.31;
0.07,-0.62,-0.66;
0.20,-0.67,-0.36;
1.03,-0.73,-0.00;
0.34,-0.94,-0.39;
-0.36,-1.42,-0.49;
-0.33,-1.31,-0.00;
-0.35,-0.47,0.19;
-0.22,-0.47,0.42;
-0.35,-0.39,0.73;
0.28,0.81,0.32;
0.51,1.35,0.56;
-0.24,0.45,0.61;
-0.48,-0.33,1.08;
-0.09,-0.24,0.80;
-0.36,-0.76,0.84;
-0.58,-0.53,1.05;
-0.30,0.34,0.56;
0.48,1.13,1.34;
0.28,1.09,1.35;
-0.06,1.10,1.31;
0.08,0.92,1.20;
-0.06,0.52,1.23;
-0.58,0.00,1.05;
-0.09,0.32,1.23;
0.48,0.29,1.03;
0.23,-0.01,1.14;
0.16,-0.03,1.09;
0.52,-0.24,0.71;
0.89,0.19,0.59;
0.86,0.72,0.70;
1.26,1.27,0.26;
2.54,1.45,0.09;
4.75,2.42,0.18;
5.68,2.09,0.48;
11.94,3.16,1.78;
26.49,8.43,0.62;
28.89,8.54,-1.76;
26.07,0.90,-4.36;
19.49,-15.26,-9.56;
13.04,-28.99,-13.70;
10.07,-39.75,-14.62;
10.75,-50.53,-12.95;
10.22,-61.80,-9.78;
11.23,-72.47,-7.03;
11.53,-78.39,-5.85;
9.67,-82.35,-5.81;
9.24,-88.53,-7.01;
9.41,-93.07,-6.57;
8.08,-101.08,-5.88;
8.40,-105.75,-5.16;
11.82,-116.10,-6.14;
12.58,-116.53,-6.13;
12.87,-116.73,-6.08;
15.00,-121.37,-6.05;
18.46,-124.35,-7.58;
17.10,-127.22,-6.89;
17.09,-128.36,-6.43;
18.00,-132.93,-7.10;
15.71,-136.61,-8.57;
15.94,-136.93,-9.53;
20.34,-134.68,-9.15;
27.10,-135.14,-8.63;
29.30,-139.87,-8.65;
26.62,-140.09,-5.85;
25.68,-140.78,-4.62;
26.71,-141.20,-6.07;
26.39,-135.81,-4.26;
24.65,-139.02,-5.39;
22.52,-138.30,-5.79;
18.68,-142.93,-5.73;
13.41,-136.84,-3.47;
14.10,-137.08,-5.47;
14.49,-132.84,-5.68;
13.38,-131.08,-6.34;
13.90,-128.70,-6.39;
13.12,-124.33,-5.30;
15.65,-119.87,-3.21;
18.77,-118.49,-4.52;
21.64,-112.84,-4.65;
20.52,-107.87,-4.68;
20.48,-107.19,-5.49;
20.11,-106.49,-6.62;
18.54,-102.04,-5.71;
19.61,-100.32,-5.82;
19.96,-99.19,-6.36;
17.78,-96.50,-6.46;
10.92,-94.42,-5.12;
8.28,-98.07,-4.17;
5.68,-98.07,-3.45;
2.58,-98.50,-2.77;
1.68,-97.08,-2.13;
0.51,-97.65,0.33;
-1.54,-99.03,2.50;
-6.04,-96.10,5.71;
-8.35,-95.94,8.30;
-10.79,-93.91,10.41;
-11.81,-92.27,8.68;
-8.22,-88.30,6.64;
0.62,-85.49,1.77;
9.88,-78.74,-2.20;
20.68,-74.32,-6.46;
27.81,-68.15,-7.97;
30.52,-57.92,-7.47;
30.48,-52.20,-7.85;
26.34,-47.00,-7.74;
21.20,-41.71,-7.50;
17.21,-35.28,-6.40;
14.33,-30.13,-4.22;
13.20,-23.31,-2.94;
12.14,-15.03,-2.00;
8.42,-9.20,0.22;
1.30,-8.74,0.65;
-8.42,-4.56,4.80;
-11.11,-4.39,6.12;
-12.21,-2.55,7.35;
-10.09,-1.86,7.14;
-3.40,-1.81,5.35;
2.20,-0.74,2.88;
4.68,1.80,1.48;
3.07,0.64,0.94;
2.51,1.65,0.50;
1.18,2.46,0.48;
-0.27,2.28,1.23;
0.34,1.47,-0.13;
2.28,1.58,-2.29;
3.87,1.51,-3.33;
4.75,3.87,-2.31;
2.55,4.58,-1.23;
1.07,3.88,-0.87;
-0.48,4.19,-0.33;
0.33,3.03,-1.78;
1.00,4.28,-2.02;
1.56,4.72,-0.94;
3.75,5.06,-0.74;
3.73,7.85,0.22;
3.58,7.68,0.45;
2.02,9.30,1.25;
0.68,10.28,1.78;
-0.27,11.58,0.99;
2.02,14.34,-0.45;
5.96,19.21,-2.95;
7.97,24.34,-4.60;
7.90,29.22,-5.70;
4.86,33.65,-5.88;
1.61,35.55,-6.39;
-1.13,38.37,-6.86;
-3.54,42.13,-7.27;
-4.80,45.97,-7.29;
-3.60,51.53,-7.64;
-0.70,58.19,-8.11;
0.60,64.55,-8.05;
0.23,71.87,-6.58;
1.09,79.41,-5.03;
-0.61,84.58,-2.54;
-3.57,87.90,-0.86;
-8.07,92.83,0.41;
-10.19,98.45,0.67;
-10.36,104.20,1.03;
-8.93,110.60,1.40;
-5.61,114.64,1.75;
-2.35,120.89,3.26;
3.55,129.01,3.96;
7.44,137.09,3.87;
5.07,141.04,2.09;
-5.52,141.97,0.33;
-15.20,139.88,-1.74;
-20.84,139.94,-4.10;
-22.90,141.04,-6.45;
-20.80,145.10,-7.67;
-16.71,147.62,-6.98;
-16.94,149.82,-5.91;
-19.17,150.25,-5.33;
-23.29,146.75,-8.48;
-28.36,144.00,-12.63;
-31.11,140.63,-15.03;
-32.00,140.52,-13.99;
-33.29,140.26,-7.85;
-32.82,139.30,0.56;
-33.61,136.06,6.10;
-37.43,127.64,4.12;
-41.46,121.79,1.05;
-45.89,119.15,-0.94;
-45.92,120.22,2.59;
-44.21,121.76,8.50;
-39.61,128.64,15.83;
-31.63,130.37,18.58;
-25.25,125.82,16.24;
-21.87,123.84,12.87;
-18.73,119.59,10.30;
-18.48,115.58,9.26;
-19.32,111.70,10.55;
-18.77,109.24,11.63;
-17.11,103.04,11.08;
-17.11,98.32,9.16;
-21.17,90.09,6.59;
-29.64,83.15,6.16;
-34.80,79.39,6.42;
-34.42,76.25,7.78;
-30.09,72.34,8.21;
-24.62,65.62,5.81;
-22.13,64.64,4.30;
-20.32,63.09,4.01;
-18.07,61.33,4.51;
-16.79,59.06,5.54;
-18.18,57.29,7.25;
-19.40,56.49,7.77;
-19.67,53.13,5.96;
-17.96,50.49,4.30;
-18.38,49.58,4.16;
0.00,-174.78,-40.28;
-81.23,2.09,14.77;
-55.98,-45.39,-6.57;
-8.96,11.73,6.07;
9.18,16.48,5.95;
7.55,17.03,4.85;
-0.16,13.58,2.55;
-1.26,6.06,0.71;
-0.30,3.65,1.87;
-2.18,1.19,1.86;
-5.05,-0.04,0.16;
-4.03,0.19,0.50;
-2.06,-0.45,2.88;
-0.73,-0.84,3.87;
-0.38,-1.08,2.80;
0.51,-1.29,2.03;
0.54,-1.54,1.38;
-0.09,-2.68,0.48;
-0.79,-3.08,-0.65;
-0.97,-2.55,-1.20;
-0.29,-1.17,-1.03;
0.07,-0.45,-0.51;
0.55,0.39,-0.26;
0.86,-0.03,-0.10;
0.49,-0.55,0.09;
0.25,-0.64,-0.10;
-0.06,-0.88,0.16;
-0.13,-0.24,-0.07;
0.05,0.11,0.09;
0.16,0.45,0.44;
0.49,0.68,0.45;
-0.04,-0.70,-0.34;
-0.45,-1.26,-0.11;
-0.10,-1.20,-0.02;
0.33,-0.50,0.21;
0.45,0.32,0.39;
0.31,0.31,0.48;
0.66,0.84,0.59;
0.31,0.37,0.65;
0.16,0.16,0.67;
-0.10,-0.13,0.65;
-0.13,-0.49,0.82;
-0.39,-0.74,0.76;
-0.09,-0.76,1.20;
0.08,-0.35,0.77;
0.16,0.37,1.43;
0.62,0.81,1.11;
0.19,0.81,0.87;
-0.22,0.06,0.24;
0.07,-0.07,0.03;
0.19,-0.29,0.19;
0.91,-0.10,0.48;
0.31,-1.11,0.44;
0.00,-1.23,0.65;
0.16,-0.99,0.70;
0.48,-0.29,0.79;
0.68,0.89,0.70;
0.58,1.21,0.35;
0.55,1.29,0.59;
0.86,1.06,0.94;
2.92,3.06,0.44;
4.02,3.41,0.68;
5.70,5.12,1.80;
11.13,8.49,2.58;
14.26,11.65,1.74;
22.69,15.55,-1.55;
22.63,5.65,-4.16;
19.58,-15.65,-7.59;
7.13,-31.55,-4.36;
4.63,-48.56,-1.27;
4.78,-56.97,2.22;
5.88,-66.88,3.93;
8.55,-74.30,3.38;
11.62,-80.03,1.66;
15.00,-86.09,-0.58;
20.37,-96.79,-3.47;
22.60,-104.06,-3.88;
25.39,-111.07,-1.68;
30.66,-122.21,-0.45;
26.94,-129.43,2.94;
24.81,-135.55,2.36;
25.87,-148.16,-2.65;
26.69,-155.91,-5.21;
28.63,-160.99,-3.91;
29.53,-164.90,-2.57;
27.59,-171.16,-2.89;
24.78,-176.13,-2.80;
21.38,-178.16,-2.72;
17.59,-176.67,-2.92;
17.35,-173.66,-6.02;
22.31,-169.89,-9.67;
27.99,-162.91,-9.99;
33.10,-157.28,-8.66;
33.59,-150.52,-5.58;
35.53,-149.65,-4.52;
37.65,-143.45,-3.84;
36.95,-146.13,-5.85;
34.97,-144.88,-8.16;
28.04,-137.94,-8.75;
24.62,-130.32,-8.89;
23.81,-124.71,-9.47;
24.55,-119.57,-10.81;
22.16,-108.06,-11.38;
17.42,-98.32,-10.60;
12.69,-94.38,-11.47;
8.13,-91.94,-11.91;
6.74,-87.72,-12.57;
10.57,-84.15,-13.93;
17.24,-77.52,-13.16;
24.14,-73.51,-13.04;
28.14,-69.00,-12.58;
27.81,-64.59,-12.98;
24.13,-60.55,-12.11;
18.25,-59.13,-10.84;
12.68,-59.84,-10.97;
4.08,-60.26,-10.46;
-4.44,-63.17,-9.49;
-8.54,-66.24,-9.15;
-9.45,-69.87,-8.98;
-7.57,-71.72,-8.31;
-3.28,-73.37,-9.67;
1.23,-70.88,-10.07;
6.28,-70.03,-9.90;
12.36,-68.26,-9.62;
17.42,-65.89,-9.50;
22.65,-63.05,-9.62;
26.31,-61.23,-11.03;
27.96,-58.06,-10.49;
26.23,-54.24,-9.06;
20.34,-48.03,-6.34;
15.04,-44.01,-4.57;
9.82,-40.10,-2.63;
7.38,-35.77,-2.43;
6.00,-28.97,-2.28;
4.98,-22.78,-1.45;
3.73,-16.64,-0.75;
0.94,-9.22,0.61;
-3.02,-4.64,1.22;
-6.03,-2.23,2.68;
-5.67,-2.52,3.34;
-3.49,-1.00,4.00;
-1.80,-0.45,3.49;
-1.93,0.74,5.20;
-2.80,-1.42,6.15;
-4.16,-2.58,5.87;
-5.40,-2.38,5.58;
-4.10,-3.25,3.74;
-2.06,-1.72,2.12;
1.99,1.36,0.10;
3.12,4.64,-0.60;
0.51,5.04,-0.43;
-1.13,6.34,-0.10;
-0.62,6.93,-0.20;
-1.13,7.93,0.61;
-1.31,7.26,1.14;
-1.71,6.40,0.90;
-2.03,7.09,1.90;
-2.07,8.98,2.35;
-1.58,10.72,1.75;
-0.97,14.83,0.62;
2.00,22.03,-0.58;
4.26,29.55,-2.40;
5.38,40.00,-2.60;
3.61,48.42,-2.89;
-3.28,57.00,-1.50;
-10.70,62.46,-0.52;
-19.31,69.32,0.47;
-26.68,74.31,1.03;
-29.38,77.33,1.40;
-30.64,82.02,1.96;
-29.51,86.35,1.78;
-29.11,90.31,1.09;
-30.93,96.43,2.64;
-31.26,103.15,3.84;
-29.96,110.66,3.75;
-26.35,117.47,2.87;
-19.35,124.87,2.65;
-12.29,130.81,1.92;
-8.36,133.90,0.73;
-7.58,138.28,-0.95;
-11.57,144.69,-2.74;
-17.49,149.27,-3.13;
-28.21,154.06,-2.07;
-36.65,156.63,0.33;
-37.49,157.26,3.26;
-33.52,158.57,5.35;
-24.39,162.06,6.21;
-17.29,167.74,6.55;
-15.61,172.71,8.44;
-18.59,174.06,7.84;
-29.08,175.41,7.31;
-36.30,171.80,6.70;
-37.11,166.26,5.11;
-29.60,162.32,3.93;
-24.18,159.74,3.37;
-25.23,162.37,6.01;
-31.32,163.85,10.15;
-40.96,156.80,12.18;
-44.70,152.05,14.24;
-42.56,146.83,10.97;
-41.08,141.90,10.82;
-36.39,140.14,13.60;
-30.18,134.80,15.55;
-26.99,131.22,18.61;
-27.96,127.65,21.00;
-28.56,121.01,18.44;
-34.35,109.30,14.32;
-37.77,97.80,10.67;
-38.01,92.69,9.63;
-33.16,86.39,9.46;
-25.46,81.79,11.16;
-21.14,80.20,13.22;
-16.65,77.42,13.22;
-12.47,72.11,9.89;
-10.90,62.97,6.82;
-15.32,52.80,5.05;
-19.61,47.26,4.90;
-17.20,44.23,5.19;
-0.25,-154.61,-53.50;
-44.88,-25.84,17.83;
-25.55,-30.09,-4.84;
-5.66,-3.63,4.15;
13.50,20.86,2.12;
3.75,16.87,0.79;
-0.94,10.16,0.04;
-0.80,8.63,0.15;
-1.40,6.17,0.71;
-1.43,6.39,-1.12;
-1.93,6.11,-1.59;
-1.89,7.06,1.05;
-0.32,5.94,0.12;
-1.25,-0.38,1.22;
-1.14,-1.95,1.72;
-0.64,-2.74,1.57;
-1.03,-2.71,0.19;
-0.97,-1.89,-1.20;
-0.41,-0.55,-2.00;
0.26,0.63,-2.02;
0.55,1.33,-1.23;
0.98,2.16,-0.69;
2.25,5.55,0.59;
0.33,0.83,0.07;
0.17,-0.09,-0.19;
0.23,-0.10,-0.07;
0.17,-0.64,-0.11;
0.37,0.20,0.48;
0.58,0.97,0.68;
0.94,1.62,0.97;
0.20,-0.20,1.20;
1.20,0.64,1.58;
0.62,0.03,1.71;
0.04,-1.14,1.00;
0.46,-0.87,1.38;
0.07,-1.13,0.96;
-0.21,-0.74,0.58;
0.43,0.05,-0.33;
0.37,0.22,-0.00;
0.04,0.51,-0.05;
0.34,0.86,-0.11;
0.71,1.53,0.04;
1.13,2.14,-0.77;
0.17,1.13,-0.19;
1.61,3.62,-0.77;
0.16,0.14,-0.37;
-0.36,0.25,-0.40;
