-0.52,0.37,0.15;
-0.54,0.17,0.26;
-0.40,-0.01,-0.14;
-0.16,0.00,0.04;
0.12,-0.07,0.12;
0.15,-0.61,0.01;
0.44,-0.53,0.29;
0.30,-0.59,-0.00;
0.07,-0.53,0.18;
0.09,-0.51,-0.03;
0.74,-0.68,0.01;
0.68,-0.51,0.06;
0.35,-0.25,-0.17;
0.28,-0.27,-0.13;
0.36,0.08,0.23;
0.10,0.49,-0.00;
-0.74,0.92,0.10;
-0.55,0.78,0.07;
-0.81,0.89,-0.20;
-0.55,0.83,-0.00;
-0.54,0.71,-0.31;
-0.23,0.88,-0.28;
0.30,0.52,-0.52;
0.13,0.20,-0.17;
-0.43,0.10,-0.06;
-0.72,0.40,-0.22;
-0.78,0.11,-0.23;
-0.72,-0.07,0.09;
-0.10,-0.42,0.07;
-0.48,-0.30,0.07;
-0.14,-0.53,0.30;
0.04,-0.88,0.59;
0.06,-0.71,0.41;
0.48,-0.62,0.73;
0.10,-0.58,0.61;
0.59,-0.12,0.35;
0.68,0.14,0.41;
0.21,0.45,0.44;
0.01,0.68,0.23;
0.01,0.69,-0.23;
0.44,0.66,-0.25;
-0.04,0.92,-0.54;
-0.01,1.06,-0.48;
0.10,0.81,-0.78;
0.07,1.10,-0.55;
-0.36,0.97,-0.68;
-0.16,0.94,-0.43;
-0.33,0.75,-0.32;
-0.16,0.14,0.01;
0.15,-0.13,0.04;
0.07,-0.25,0.35;
0.35,-0.85,0.26;
-0.25,-0.67,0.23;
-0.07,-0.76,0.71;
0.07,-0.50,0.45;
0.24,-0.68,0.70;
-0.02,-0.44,0.21;
0.09,-0.33,0.24;
-0.11,0.07,-0.10;
0.38,-0.01,0.24;
0.48,-0.18,-0.20;
0.03,0.05,-0.16;
0.01,0.51,-0.40;
-0.37,0.69,-0.78;
-0.69,0.86,-0.80;
-0.69,0.86,-0.63;
-0.52,0.65,-0.31;
-0.80,0.80,-0.43;
-0.49,0.68,-0.25;
-0.19,0.40,-0.23;
-0.54,0.42,0.12;
-0.23,0.33,0.04;
0.44,-0.29,0.19;
0.18,-0.35,0.41;
0.04,-0.64,0.39;
0.39,-0.82,0.70;
0.65,-0.87,0.73;
0.71,-1.00,0.65;
0.71,-1.03,0.39;
0.47,-0.99,0.70;
0.44,-0.70,0.29;
0.03,-0.36,0.21;
0.09,-0.38,0.21;
-0.33,-0.32,-0.00;
-0.25,0.07,-0.16;
0.19,0.10,-0.23;
-0.05,0.39,-0.52;
-0.54,0.78,-0.60;
-0.55,1.15,-0.58;
-0.46,1.01,-0.34;
-0.62,1.10,-0.48;
-0.10,1.03,-0.60;
0.62,0.78,-0.28;
0.64,0.30,0.01;
-0.54,0.20,0.07;
-0.45,-0.10,0.23;
-0.04,-0.41,0.15;
0.13,-0.32,0.19;
0.50,-0.39,0.59;
0.64,-0.65,0.52;
0.51,-0.67,0.61;
0.24,-0.64,0.21;
0.79,-0.58,0.35;
0.27,-0.32,0.09;
0.38,-0.15,0.16;
0.21,0.04,-0.03;
-0.51,0.60,-0.31;
-0.71,0.63,-0.51;
-0.72,0.81,-0.71;
-0.78,1.07,-0.52;
-0.98,1.13,-0.78;
-1.47,1.03,-0.80;
-1.03,1.12,-0.57;
-0.80,0.78,-0.22;
-0.65,0.66,-0.22;
-0.42,0.04,-0.40;
-0.10,-0.22,0.01;
-0.54,-0.38,-0.25;
-0.51,-0.16,0.06;
-0.39,-0.27,0.26;
-0.25,-0.25,0.33;
-0.22,-0.64,0.23;
-0.10,-0.64,0.32;
-0.63,-0.58,0.30;
-0.51,-0.36,0.24;
-0.71,-0.65,0.50;
-0.75,-0.96,0.42;
-1.00,-1.23,0.53;
-1.43,-1.61,0.38;
-1.67,-1.98,0.55;
-1.58,-2.85,0.65;
-2.19,-3.20,0.74;
-2.19,-3.29,1.43;
-2.81,-3.57,1.46;
-3.12,-4.09,1.63;
-2.42,-5.08,1.31;
-1.84,-5.98,1.60;
-1.82,-5.77,1.69;
-1.00,-5.57,1.54;
-0.10,-5.26,1.11;
-0.04,-5.03,1.08;
-0.04,-4.13,0.91;
-0.59,-4.04,0.78;
-0.40,-3.93,0.73;
0.04,-4.61,0.87;
0.73,-4.96,1.00;
0.88,-4.61,1.39;
1.23,-4.38,1.78;
0.85,-4.59,2.26;
1.84,-5.66,2.79;
3.60,-7.96,2.78;
3.60,-8.82,4.09;
5.22,-10.91,5.36;
7.63,-12.91,6.58;
11.32,-16.09,8.29;
14.99,-18.62,9.86;
18.80,-21.26,11.39;
21.43,-23.81,13.11;
22.71,-26.99,15.03;
23.08,-30.01,17.02;
22.06,-32.68,18.94;
20.64,-35.96,20.42;
20.04,-39.49,20.93;
21.52,-42.45,21.17;
23.02,-45.90,21.65;
22.94,-49.90,22.91;
21.58,-53.32,23.74;
18.77,-57.23,24.85;
16.28,-59.63,25.58;
13.05,-62.07,26.88;
9.95,-64.04,28.58;
8.64,-66.06,29.90;
8.19,-67.32,31.07;
6.73,-68.04,31.90;
6.36,-68.45,32.87;
7.45,-69.17,33.90;
8.77,-69.31,34.99;
9.74,-68.85,35.74;
11.43,-68.53,37.20;
12.88,-68.12,37.92;
13.15,-67.11,39.25;
11.63,-64.30,39.46;
12.07,-64.99,36.70;
13.49,-64.38,37.20;
19.05,-59.72,31.61;
25.77,-57.83,33.32;
31.37,-58.42,33.94;
39.48,-56.22,32.91;
40.62,-53.69,35.00;
40.13,-53.23,36.15;
35.19,-50.61,38.45;
29.66,-47.93,38.88;
27.57,-45.11,39.11;
26.35,-41.70,38.50;
30.13,-37.92,36.68;
30.99,-33.89,33.49;
29.03,-28.18,31.34;
26.53,-19.92,29.32;
21.19,-12.00,27.48;
15.72,-5.67,25.68;
12.42,1.26,22.81;
6.94,9.59,19.72;
5.66,16.55,15.32;
8.16,24.54,11.25;
10.80,32.45,6.68;
14.25,37.36,1.81;
18.79,45.76,-3.59;
14.47,50.71,-8.80;
12.94,56.66,-12.93;
13.15,60.54,-14.42;
10.74,65.71,-15.58;
2.90,64.04,-14.34;
1.95,72.43,-23.41;
-1.32,73.24,-24.80;
-2.71,75.67,-26.98;
-0.25,76.20,-31.24;
2.68,80.57,-34.49;
7.23,76.19,-37.56;
8.59,75.29,-40.51;
8.18,81.59,-45.82;
6.47,74.84,-46.14;
5.03,69.62,-47.21;
6.93,73.07,-51.71;
0.62,72.62,-49.45;
4.18,77.24,-58.16;
-4.59,79.75,-58.02;
-3.04,85.33,-57.00;
4.68,81.10,-54.51;
2.97,71.56,-48.37;
-1.43,73.49,-41.51;
-8.59,64.33,-37.62;
-16.05,64.88,-32.06;
-20.28,55.15,-27.74;
-22.14,51.58,-20.23;
-20.97,36.07,-19.58;
-27.70,28.66,-9.67;
-28.28,24.31,-12.81;
-30.19,23.35,-9.81;
-23.20,18.71,-7.70;
-19.44,13.47,-4.97;
-14.52,11.29,-5.45;
-13.84,12.19,-5.26;
-15.00,15.52,-7.00;
-12.62,18.51,-8.92;
-4.01,19.18,-8.80;
3.78,19.32,-8.39;
8.62,19.26,-6.46;
8.30,18.77,-3.88;
5.90,16.07,-0.63;
4.15,12.69,1.66;
-0.37,7.93,4.41;
-7.62,3.23,7.78;
-11.44,-3.49,10.18;
-14.62,-12.29,14.19;
-12.77,-21.17,18.67;
-11.43,-27.89,22.93;
-8.13,-32.33,26.45;
-6.07,-34.99,29.02;
-3.79,-37.02,31.07;
-1.26,-36.71,30.70;
3.22,-35.25,28.53;
8.21,-32.74,24.78;
15.60,-29.64,21.19;
23.32,-23.52,16.50;
25.81,-17.08,12.39;
22.71,-13.57,9.71;
18.01,-12.74,10.00;
17.11,-16.94,14.99;
12.42,-24.47,23.05;
12.18,-30.77,29.10;
8.54,-33.96,31.89;
-0.25,-33.67,32.30;
-9.33,-32.82,32.09;
-17.44,-32.76,31.40;
-17.14,-33.92,33.13;
-13.24,-36.68,36.70;
-11.59,-39.72,38.81;
-13.73,-39.77,40.78;
-15.67,-38.21,41.34;
-19.04,-36.16,40.67;
-17.04,-36.10,41.10;
-13.10,-41.35,41.52;
-10.51,-41.74,44.23;
-6.08,-42.82,43.77;
-2.46,-42.68,42.87;
-0.63,-42.01,43.80;
6.80,-42.94,44.12;
7.64,-41.22,42.62;
2.22,-39.29,42.35;
0.83,-40.51,43.87;
-4.20,-39.25,43.74;
-7.36,-37.66,42.53;
-11.03,-35.57,41.66;
-13.78,-35.19,39.20;
-17.14,-32.68,37.16;
-20.88,-30.24,34.93;
-24.45,-29.09,32.71;
-25.03,-26.04,30.47;
-23.41,-21.74,27.31;
-24.05,-18.59,24.16;
-21.26,-16.47,20.30;
-19.79,-12.77,16.45;
-15.26,-9.00,11.58;
-11.90,-5.41,6.53;
-10.04,-1.31,2.41;
-5.97,1.97,-1.12;
2.99,5.58,-6.31;
5.03,9.12,-11.32;
5.64,11.64,-14.95;
2.16,14.80,-18.51;
-2.81,18.55,-21.22;
-5.43,20.71,-24.66;
-5.21,23.82,-28.34;
-4.68,27.97,-31.85;
-3.01,32.48,-35.90;
-2.45,37.00,-39.58;
-2.22,41.36,-42.48;
1.28,44.48,-44.51;
3.64,45.85,-45.30;
6.65,47.73,-45.41;
6.68,50.19,-44.87;
5.34,51.44,-44.71;
2.85,51.68,-44.57;
-0.46,51.30,-45.06;
-3.53,52.04,-45.73;
-3.76,52.69,-46.72;
1.78,52.51,-47.94;
11.14,51.97,-49.50;
17.15,51.88,-50.17;
20.22,53.81,-50.95;
22.65,55.53,-52.52;
22.48,56.94,-52.77;
19.77,58.63,-52.52;
14.79,58.43,-56.90;
8.27,58.30,-57.16;
0.96,58.30,-57.27;
-2.75,57.18,-58.43;
-7.23,56.04,-57.88;
-8.39,57.23,-58.08;
-12.11,56.02,-57.12;
-11.81,54.69,-56.26;
-10.39,53.46,-54.87;
-6.45,50.23,-53.67;
-1.88,49.15,-51.33;
1.03,48.91,-47.76;
2.91,50.04,-41.39;
1.93,49.64,-35.73;
-2.20,48.77,-28.92;
-6.42,46.07,-24.42;
-12.63,41.59,-19.76;
-22.55,36.63,-17.41;
-29.90,29.73,-17.09;
-31.00,19.50,-18.32;
-37.30,11.33,-20.22;
-36.71,4.95,-21.93;
-29.73,-2.25,-23.64;
-26.54,-8.65,-24.74;
-23.26,-14.94,-24.32;
-20.95,-18.77,-22.61;
-19.30,-21.17,-20.10;
-17.06,-22.45,-17.22;
-15.27,-23.51,-14.77;
-12.62,-24.71,-12.13;
-7.03,-24.01,-10.03;
-2.57,-22.18,-6.83;
1.02,-18.10,-3.68;
1.54,-14.22,-1.90;
-0.51,-9.66,-0.46;
-1.18,-6.94,0.33;
-1.73,-4.32,1.08;
-4.74,-1.81,0.67;
-6.92,-0.47,0.55;
-9.23,0.80,0.91;
-11.26,0.89,0.64;
-10.28,0.37,0.07;
-7.59,-0.50,-0.74;
-2.75,-1.72,-1.26;
2.21,-4.09,-1.15;
3.93,-5.90,-0.86;
1.72,-7.08,0.10;
-1.50,-7.35,-0.00;
-3.10,-8.27,0.26;
-3.46,-9.60,0.10;
-3.44,-10.85,0.33;
-4.85,-11.46,0.64;
-5.75,-10.67,1.17;
-5.44,-10.58,1.69;
-7.09,-10.58,2.33;
-8.83,-10.47,2.03;
-10.71,-10.35,1.66;
-10.95,-10.25,1.52;
-7.65,-10.73,1.29;
-5.70,-11.55,1.32;
0.04,-11.83,1.20;
1.29,-11.66,1.55;
1.32,-10.74,2.76;
2.86,-10.15,3.25;
3.31,-10.71,3.00;
2.25,-10.19,2.61;
1.31,-8.41,3.36;
0.09,-7.09,2.82;
-1.27,-5.45,2.21;
-1.76,-4.71,1.23;
-2.54,-4.58,0.41;
-5.18,-4.51,-2.57;
-8.20,-1.96,-2.40;
-7.76,-0.19,-2.14;
-5.09,-1.29,-3.62;
-4.95,-3.84,-3.12;
-2.36,-3.60,-4.22;
-0.30,-6.83,-3.64;
0.12,-4.93,-3.73;
-0.26,-6.87,-2.83;
-1.64,-7.70,-2.93;
-3.04,-9.12,-2.58;
-4.68,-11.81,-0.81;
-6.71,-13.95,0.42;
-9.64,-15.64,2.04;
-8.28,-16.35,3.83;
-7.33,-17.17,5.20;
-8.40,-17.12,6.27;
-12.07,-16.13,6.15;
-12.39,-15.83,6.65;
-8.40,-16.41,7.80;
-6.83,-15.69,8.70;
-5.50,-13.11,9.77;
-3.65,-9.61,11.13;
-0.51,-6.59,10.81;
1.28,-4.79,10.84;
1.00,-2.96,10.12;
-0.57,-1.09,9.31;
-0.98,-0.33,8.04;
-0.72,0.62,7.32;
-1.56,1.36,5.86;
-2.63,1.96,3.45;
-1.90,1.96,2.49;
-3.87,0.98,0.13;
-3.65,-0.22,-2.55;
-2.74,-1.57,-3.91;
-1.85,-2.99,-5.26;
0.33,-4.04,-6.37;
0.77,-4.51,-7.16;
0.93,-5.17,-7.65;
-0.02,-7.09,-9.44;
-1.56,-8.24,-9.45;
-1.70,-9.49,-8.52;
-1.70,-10.00,-6.64;
-3.38,-8.09,-4.13;
-4.85,-6.30,-2.22;
-4.54,-4.32,1.36;
-7.18,-0.82,4.84;
-11.97,1.46,7.40;
-13.06,5.33,9.49;
-13.12,7.68,10.33;
-12.28,9.38,10.91;
-10.10,9.55,10.64;
-6.60,9.35,10.44;
-1.55,7.56,8.67;
2.10,6.46,7.00;
5.12,5.58,4.33;
4.80,5.39,1.17;
5.40,6.13,-2.23;
10.15,4.51,-5.47;
15.23,2.31,-7.65;
18.47,0.17,-9.58;
22.28,-1.06,-10.45;
26.30,-2.01,-11.09;
27.11,-1.48,-10.43;
27.28,-0.74,-8.58;
22.30,0.65,-6.80;
17.23,0.95,-5.04;
11.70,2.51,-3.27;
7.26,5.39,-0.14;
6.06,7.96,3.07;
5.64,11.75,5.52;
7.64,13.85,7.95;
8.91,14.19,10.53;
8.32,14.48,12.09;
8.88,13.29,12.18;
11.12,10.28,11.52;
15.31,7.61,11.51;
16.77,4.84,10.87;
15.93,3.81,9.66;
14.27,1.88,7.31;
13.89,-1.02,5.65;
12.73,-3.86,4.26;
9.06,-6.80,2.50;
7.22,-9.60,1.60;
6.22,-10.77,0.30;
3.52,-10.53,-1.39;
6.04,-10.67,-3.19;
8.91,-10.47,-4.03;
11.93,-9.75,-4.34;
13.26,-8.30,-3.39;
11.83,-6.12,-3.03;
10.51,-3.74,-2.84;
9.41,-0.47,-2.97;
9.81,1.93,-3.00;
9.80,2.71,-3.68;
7.93,4.00,-4.57;
5.89,4.51,-5.00;
6.73,4.95,-5.09;
5.64,6.51,-4.71;
4.83,7.70,-5.06;
4.51,8.62,-5.29;
4.04,8.51,-5.18;
2.47,8.19,-5.41;
0.42,7.24,-5.99;
-1.23,6.80,-5.87;
-2.16,5.84,-5.42;
-4.30,4.59,-5.19;
-5.06,3.65,-4.93;
-5.62,1.26,-4.74;
-5.09,-1.06,-4.66;
-3.72,-3.26,-3.99;
-3.39,-4.24,-2.61;
-4.95,-3.37,-1.62;
-6.07,-2.51,-1.00;
-6.11,-1.74,-0.61;
-6.04,-0.80,0.30;
-3.44,-0.30,0.58;
-1.53,-0.15,0.65;
1.45,-0.62,0.82;
3.35,-0.12,0.53;
1.54,0.86,0.55;
2.07,1.44,0.58;
-0.46,3.06,0.33;
-4.25,4.04,-0.00;
-6.55,5.33,0.12;
-9.72,6.05,0.10;
-13.09,7.29,0.01;
-13.85,8.23,-0.31;
-12.89,8.39,-0.22;
-11.30,8.07,-0.37;
-10.16,6.77,-0.05;
-9.61,5.76,0.19;
-8.98,5.71,0.27;
-11.03,6.49,0.79;
-12.37,8.11,1.29;
-12.88,9.36,2.09;
-11.88,10.00,2.93;
-13.46,10.63,3.40;
-12.68,10.97,3.69;
-9.52,11.00,4.44;
-7.09,10.72,4.49;
-4.51,9.56,2.10;
-0.20,8.37,-0.57;
3.05,5.67,-3.88;
4.19,3.75,-6.02;
4.25,3.01,-9.30;
6.64,1.42,-11.71;
9.64,-0.82,-13.38;
11.22,-3.63,-14.49;
9.72,-6.09,-14.06;
9.06,-8.10,-12.89;
8.19,-10.65,-10.61;
7.31,-13.12,-7.91;
8.59,-16.59,-5.15;
8.64,-19.77,-2.77;
6.99,-22.83,1.57;
7.41,-25.37,5.74;
9.54,-27.26,9.23;
12.27,-29.58,13.03;
15.14,-31.78,15.37;
19.31,-34.16,17.22;
22.41,-36.73,18.52;
23.45,-39.22,20.12;
24.10,-42.48,20.56;
22.99,-45.77,20.47;
18.96,-46.88,20.84;
17.08,-51.60,20.39;
16.09,-53.57,20.65;
14.67,-55.86,20.70;
13.74,-60.07,21.55;
16.25,-62.00,22.70;
23.81,-67.38,24.84;
21.06,-74.56,25.61;
14.85,-77.41,22.87;
8.54,-73.90,22.01;
-0.63,-67.16,22.07;
5.52,-64.18,20.45;
13.45,-63.40,20.30;
17.22,-65.23,21.45;
18.59,-64.67,23.74;
19.41,-62.06,25.29;
26.42,-59.70,27.05;
31.17,-57.48,27.66;
37.45,-56.70,27.68;
39.93,-55.40,29.51;
39.37,-52.59,30.12;
36.77,-48.93,31.34;
34.67,-46.27,31.90;
33.12,-44.07,32.78;
28.13,-41.92,34.30;
19.25,-40.24,35.19;
8.97,-36.68,35.26;
0.28,-34.47,33.03;
-2.97,-31.52,31.84;
-8.01,-26.00,29.80;
-10.13,-21.20,31.87;
-8.34,-18.41,31.48;
0.38,-15.29,29.81;
5.31,-14.36,30.93;
12.04,-10.04,29.80;
11.95,-6.54,27.31;
9.86,-0.48,23.80;
8.36,7.21,20.38;
8.99,13.81,18.06;
15.35,18.94,14.49;
23.63,23.58,11.57;
28.57,29.10,8.52;
27.80,34.95,6.27;
28.24,41.67,3.20;
29.38,46.81,-0.84;
27.66,50.78,-4.48;
23.81,56.04,-9.55;
20.03,59.79,-14.83;
14.67,61.52,-18.25;
12.57,65.82,-22.39;
8.80,66.36,-25.18;
7.19,69.04,-28.86;
4.48,69.82,-27.42;
7.69,68.30,-29.58;
6.04,69.97,-31.19;
-1.65,70.98,-29.67;
-5.12,69.93,-28.86;
-8.40,67.59,-27.55;
-10.78,69.81,-25.82;
-13.56,68.91,-23.29;
-16.94,64.59,-25.70;
-20.23,63.46,-21.56;
-18.81,62.45,-21.61;
-11.14,58.65,-22.55;
-3.70,52.83,-19.07;
-3.46,52.59,-15.42;
-2.75,49.90,-13.39;
-4.08,47.20,-22.48;
-10.94,46.02,-19.93;
-5.21,38.49,-19.59;
-4.59,33.75,-20.92;
-5.01,32.19,-22.02;
-4.77,30.34,-23.13;
4.35,28.66,-24.22;
13.28,26.04,-25.65;
19.67,25.39,-27.65;
19.52,26.94,-28.54;
20.21,28.77,-26.54;
24.21,27.33,-22.69;
21.69,24.83,-17.07;
16.41,21.67,-10.28;
7.86,18.57,-4.83;
-6.46,14.60,2.06;
-18.20,9.53,7.23;
-31.75,4.71,8.90;
-45.97,2.62,10.32;
-52.80,-1.03,11.19;
-51.55,-6.25,11.34;
-43.33,-11.63,12.62;
-28.07,-17.26,14.82;
-12.01,-25.09,17.10;
4.54,-31.43,18.68;
23.14,-37.74,20.09;
41.45,-42.06,22.12;
55.52,-43.86,24.58;
67.38,-44.85,24.93;
67.98,-41.78,23.58;
63.34,-37.87,20.79;
53.17,-31.54,17.71;
34.71,-28.68,15.98;
19.67,-28.42,20.56;
5.54,-32.18,27.42;
-9.29,-36.32,33.89;
-26.45,-35.77,37.16;
-34.92,-34.04,38.47;
-36.62,-34.06,38.50;
-32.52,-34.70,39.16;
-25.75,-38.10,39.95;
-17.61,-43.51,42.27;
-7.46,-45.96,44.61;
-5.53,-46.91,42.65;
-3.18,-48.03,38.94;
2.21,-49.23,39.72;
11.81,-48.38,41.52;
14.85,-50.25,39.32;
13.09,-50.58,38.12;
4.25,-49.31,39.29;
0.99,-47.92,39.39;
-2.95,-47.55,38.07;
-10.97,-46.47,36.42;
-21.14,-45.31,35.40;
-31.21,-44.56,33.20;
-33.32,-42.07,31.08;
-31.61,-40.59,29.72;
-31.00,-39.92,28.88;
-39.09,-39.03,26.94;
-45.26,-37.14,28.06;
-49.39,-32.61,28.90;
-48.80,-26.24,27.86;
-46.43,-19.55,26.44;
-43.85,-12.42,24.21;
-36.83,-7.67,22.12;
-32.52,-2.83,19.66;
-24.05,0.66,17.95;
-13.65,3.59,15.13;
-1.47,7.18,10.87;
10.67,13.07,6.32;
17.72,17.33,2.23;
24.96,22.07,-1.91;
28.03,25.94,-6.52;
28.80,29.58,-10.75;
26.07,33.93,-15.35;
21.58,37.76,-19.93;
16.51,40.54,-25.36;
11.70,43.39,-30.11;
3.80,46.68,-35.45;
-4.25,50.86,-40.83;
-9.78,54.34,-45.22;
-14.31,58.17,-48.83;
-18.55,61.90,-51.94;
-22.40,64.88,-54.81;
-22.45,66.97,-59.01;
-19.87,66.77,-64.02;
-17.97,66.19,-69.04;
-14.22,66.81,-74.25;
-9.43,68.31,-77.70;
-7.93,71.32,-78.39;
-11.81,73.75,-76.84;
-16.65,74.48,-78.63;
-24.68,73.03,-79.53;
-30.66,72.71,-80.08;
-35.35,70.42,-79.82;
-29.12,68.11,-81.29;
-26.46,67.36,-78.72;
-24.02,66.68,-76.13;
-24.94,67.65,-74.03;
-26.02,68.45,-70.14;
-21.97,65.33,-65.62;
-16.16,62.28,-62.84;
-4.95,56.11,-61.12;
-1.09,53.76,-57.36;
-0.77,57.93,-51.48;
-0.71,57.59,-46.78;
-1.23,55.18,-42.90;
-3.46,50.42,-38.23;
-9.59,45.29,-33.30;
-21.36,39.38,-28.43;
-27.06,33.29,-23.00;
-25.73,24.37,-15.94;
-19.61,14.11,-10.42;
-17.24,6.46,-6.66;
-13.94,-1.86,-3.74;
-9.53,-9.98,-0.97;
-7.00,-15.74,0.45;
-4.25,-21.06,1.78;
-2.30,-26.27,2.35;
-0.66,-28.24,3.43;
-1.07,-28.77,4.61;
-2.08,-30.03,4.64;
-3.53,-30.45,4.56;
-4.13,-30.45,3.89;
-5.61,-29.64,3.43;
-6.45,-27.38,2.93;
-3.91,-26.06,0.99;
-0.72,-24.45,0.15;
2.71,-22.82,-0.92;
4.35,-20.77,-2.72;
1.64,-18.70,-3.94;
0.33,-16.32,-4.45;
1.98,-15.31,-5.48;
3.11,-15.35,-5.91;
4.90,-16.01,-5.64;
4.35,-15.48,-6.03;
2.54,-14.24,-6.13;
0.30,-13.32,-6.35;
-2.36,-12.58,-6.49;
-3.03,-12.85,-6.48;
-3.50,-12.33,-5.27;
-7.70,-11.55,-3.79;
-13.73,-10.10,-2.72;
-15.72,-8.83,-2.19;
-15.97,-8.67,-1.91;
-15.07,-8.36,-0.72;
-14.77,-7.69,-0.23;
-13.96,-6.48,0.12;
-12.48,-5.37,0.91;
-9.85,-4.32,1.11;
-8.39,-2.76,0.01;
-6.78,-1.63,-0.52;
-3.78,-1.90,-1.09;
-3.55,-1.38,-1.33;
-3.82,-1.67,-2.26;
-5.68,-0.77,-2.61;
-7.90,0.10,-3.59;
-6.66,-0.61,-4.48;
-7.76,-0.93,-5.45;
-10.11,-1.37,-6.28;
-12.69,-3.34,-8.25;
-12.31,-7.02,-10.32;
-12.33,-8.12,-11.62;
-11.75,-9.96,-12.10;
-10.30,-11.64,-11.74;
-9.20,-13.78,-11.81;
-7.96,-15.00,-11.96;
-8.80,-15.37,-11.59;
-8.98,-15.09,-11.38;
-7.03,-14.74,-11.21;
-6.19,-13.84,-10.32;
-3.14,-12.12,-9.07;
0.51,-10.88,-8.37;
1.90,-8.61,-7.27;
4.85,-7.02,-6.02;
6.59,-4.73,-5.13;
6.07,-2.93,-4.51;
6.96,-1.46,-3.96;
6.25,-1.25,-2.57;
7.64,-1.03,-1.30;
4.67,1.17,0.24;
6.03,-0.88,2.18;
5.17,0.40,0.53;
5.12,-0.76,3.00;
8.24,-1.37,2.07;
9.49,-2.12,1.19;
10.30,-4.16,2.39;
10.64,-4.45,2.65;
9.55,-5.90,3.63;
8.56,-6.29,3.86;
8.91,-6.79,2.39;
8.10,-8.35,3.54;
4.93,-6.70,2.56;
2.07,-6.50,2.55;
3.90,-7.16,3.07;
2.53,-7.29,2.44;
2.61,-7.92,2.59;
4.04,-8.03,2.59;
5.87,-8.18,3.11;
4.82,-6.65,3.39;
5.23,-6.30,3.17;
6.21,-6.74,3.68;
5.02,-7.00,4.03;
5.09,-7.80,2.97;
2.62,-7.28,2.21;
4.59,-7.02,1.08;
6.13,-6.85,-0.06;
6.27,-5.46,-0.57;
5.14,-4.41,-1.04;
5.83,-2.99,-1.27;
5.51,-1.83,-1.26;
6.06,-0.90,-0.68;
8.85,-0.48,0.23;
7.54,2.22,2.58;
7.22,5.17,5.05;
6.45,7.58,7.48;
4.83,9.27,8.87;
4.22,10.80,10.32;
5.05,11.55,10.99;
7.19,11.18,11.42;
10.70,9.24,11.28;
14.22,7.24,10.42;
17.15,7.30,9.40;
15.23,8.91,8.62;
14.27,9.23,7.49;
9.43,9.04,4.93;
6.86,8.00,2.64;
7.17,6.34,0.21;
7.48,5.94,-2.31;
7.75,5.99,-5.27;
8.32,4.95,-8.77;
12.21,1.90,-11.64;
14.07,0.02,-12.95;
16.09,-1.95,-13.44;
19.12,-2.27,-13.44;
17.32,-0.83,-11.90;
13.40,1.50,-10.10;
8.83,2.92,-9.19;
6.21,3.76,-7.90;
2.09,3.71,-6.58;
-0.94,3.09,-5.36;
-2.80,3.46,-3.93;
-1.61,4.13,-2.81;
0.53,5.85,-2.11;
5.57,7.46,-1.30;
8.71,7.87,-0.87;
6.74,8.59,-0.34;
4.30,9.00,0.47;
2.53,8.23,0.76;
-0.07,7.62,0.93;
0.90,7.79,0.68;
4.77,6.84,0.18;
7.26,5.96,-0.22;
8.99,3.64,-0.55;
7.17,1.52,-0.52;
5.22,-0.12,-0.37;
4.44,-1.63,-0.35;
5.09,-2.64,-0.51;
6.99,-3.26,-0.81;
9.12,-3.45,-0.37;
8.10,-3.02,0.04;
7.25,-3.00,0.39;
6.57,-2.88,0.97;
5.34,-2.29,1.92;
6.24,-1.57,2.27;
8.09,-0.87,2.39;
9.69,-0.38,2.64;
11.99,-0.51,2.94;
12.07,0.86,2.59;
10.19,2.13,2.41;
10.38,3.23,2.00;
9.08,4.72,2.01;
8.64,6.14,1.84;
10.32,6.52,1.65;
11.06,7.42,1.94;
8.64,8.94,2.58;
6.18,9.61,2.87;
4.10,9.27,3.28;
0.47,8.91,3.84;
-2.07,8.65,4.36;
-3.07,8.23,4.99;
-4.01,8.33,5.60;
-3.27,8.55,5.97;
-3.27,9.39,6.03;
-2.81,9.68,5.54;
-2.31,9.99,4.65;
-0.94,9.38,4.23;
1.75,7.78,3.20;
1.05,7.50,2.67;
-0.10,7.52,1.14;
-1.01,7.61,-0.75;
-1.85,7.71,-3.04;
-4.86,8.48,-4.77;
-6.85,7.59,-7.21;
-7.15,7.59,-8.90;
-9.07,7.26,-10.52;
-9.36,7.71,-11.33;
-9.55,8.54,-12.40;
-8.88,9.13,-13.26;
-10.86,9.75,-13.30;
-10.54,9.13,-12.77;
-7.41,7.97,-10.90;
-5.55,6.68,-8.77;
-4.54,6.68,-6.52;
-4.10,7.75,-4.52;
-2.66,7.41,-3.10;
-2.08,6.72,-2.55;
-1.90,4.46,-1.96;
-0.48,2.16,-1.76;
1.55,0.26,-1.70;
2.85,-1.43,-1.70;
5.29,-3.03,-1.93;
8.61,-4.70,-1.51;
9.93,-6.82,-0.83;
9.29,-8.13,0.52;
6.62,-9.51,2.96;
5.09,-11.17,5.69;
4.09,-13.55,9.52;
2.59,-15.35,13.69;
4.19,-17.69,16.35;
5.86,-19.98,20.56;
6.24,-20.61,24.45;
6.67,-21.48,27.46;
8.27,-21.84,30.67;
9.22,-23.23,33.57;
10.35,-24.10,36.53;
12.30,-25.67,38.93;
14.91,-26.58,42.16;
16.04,-27.46,43.84;
16.44,-27.52,45.10;
18.97,-31.87,47.34;
21.02,-33.14,48.35;
22.35,-36.30,48.67;
24.99,-42.27,49.52;
24.41,-46.06,48.32;
21.66,-50.68,46.91;
18.16,-54.21,46.76;
14.90,-58.33,45.87;
11.38,-62.27,44.01;
7.45,-64.54,43.23;
3.02,-67.29,42.44;
-2.02,-69.80,41.46;
-4.71,-72.07,39.00;
-7.21,-74.47,37.31;
-7.53,-75.41,35.81;
-8.43,-75.81,34.56;
-7.39,-75.43,33.14;
-5.38,-74.71,31.98;
-2.91,-72.35,30.42;
-0.97,-70.01,30.01;
3.48,-68.56,28.90;
6.59,-66.29,28.07;
9.11,-64.56,27.84;
12.16,-61.90,27.45;
15.84,-58.71,26.26;
17.92,-59.98,24.93;
17.96,-48.42,28.33;
21.22,-45.89,25.92;
19.92,-42.07,29.68;
23.89,-37.70,31.13;
24.25,-32.51,33.48;
23.77,-29.89,36.73;
20.76,-25.05,38.19;
19.40,-20.45,38.87;
18.38,-15.69,38.29;
17.06,-11.80,35.83;
12.80,-6.96,33.23;
12.88,-3.19,30.82;
15.45,0.30,28.99;
16.86,3.15,27.80;
16.80,7.20,26.00;
14.94,11.85,23.72;
11.49,14.65,21.84;
7.98,16.75,18.81;
4.54,20.31,15.49;
2.91,23.18,10.81;
2.19,25.87,7.68;
2.35,30.97,4.24;
2.76,34.31,0.59;
4.45,37.82,-2.43;
6.30,36.92,-3.74;
9.69,38.71,-7.04;
10.12,44.68,-9.74;
10.83,44.46,-14.06;
9.95,48.31,-14.64;
10.07,48.46,-16.34;
7.86,51.04,-22.20;
7.84,40.11,-22.48;
6.50,52.95,-19.21;
7.29,52.20,-27.30;
6.51,53.49,-32.20;
8.57,51.39,-34.49;
12.27,53.71,-30.55;
11.96,56.88,-36.48;
10.21,57.42,-40.69;
12.70,56.07,-45.53;
9.95,56.16,-42.35;
10.28,54.54,-40.42;
8.21,55.23,-39.32;
4.62,56.04,-37.99;
1.80,55.75,-35.85;
-0.98,53.82,-34.46;
-1.62,50.51,-32.77;
-7.47,50.97,-29.15;
-8.97,48.81,-29.09;
-11.07,45.00,-28.51;
-10.94,42.75,-28.17;
-9.29,40.23,-28.78;
-12.14,40.57,-29.07;
-10.57,40.86,-31.94;
-10.80,42.55,-35.09;
-7.30,43.29,-38.84;
-5.21,44.10,-41.07;
-1.04,45.75,-44.10;
1.99,48.72,-47.76;
5.55,50.05,-49.50;
15.11,45.06,-53.58;
23.28,48.37,-49.03;
21.70,48.57,-42.54;
20.77,47.64,-37.36;
16.25,41.07,-29.07;
7.34,34.04,-19.18;
2.24,26.83,-12.40;
-9.29,15.59,-2.74;
-17.61,3.42,6.64;
-22.05,-7.84,11.95;
-23.20,-16.29,15.98;
-18.98,-22.79,17.89;
-14.46,-26.79,20.36;
-8.20,-30.00,22.38;
1.63,-32.01,23.63;
12.21,-32.04,21.51;
20.56,-28.82,19.14;
32.50,-24.41,14.71;
38.70,-18.47,9.83;
39.69,-14.50,7.37;
37.14,-14.25,7.78;
33.63,-19.87,14.94;
28.07,-31.89,28.13;
25.45,-47.38,39.00;
9.63,-51.93,46.49;
-14.01,-50.93,49.89;
-28.28,-48.88,51.36;
-39.84,-48.73,54.65;
-49.39,-48.22,63.54;
-50.31,-49.51,71.32;
-68.62,-47.84,80.09;
-87.38,-44.64,88.13;
-92.20,-43.72,90.64;
-86.19,-45.81,91.46;
-79.78,-49.32,92.67;
-67.17,-51.06,94.65;
-46.52,-54.07,94.49;
-31.12,-55.69,90.67;
-16.05,-54.70,86.29;
-4.68,-53.51,82.30;
6.33,-52.67,75.36;
9.34,-50.71,68.50;
11.09,-48.41,63.39;
11.19,-46.39,56.90;
5.66,-43.78,49.65;
-0.07,-41.09,41.94;
-3.44,-37.40,33.89;
-8.14,-32.88,25.80;
-11.53,-28.04,18.07;
-10.46,-24.24,11.25;
-11.90,-20.50,5.45;
-18.63,-16.70,1.37;
-24.89,-14.30,-1.88;
-29.70,-11.70,-5.24;
-32.34,-9.34,-8.45;
-33.53,-7.41,-12.78;
-32.60,-6.25,-18.13;
-27.73,-4.90,-21.35;
-20.30,-2.61,-23.97;
-5.32,-1.81,-27.56;
9.98,1.35,-30.97;
22.01,7.15,-33.24;
31.08,11.73,-34.89;
33.57,16.88,-37.21;
35.89,21.81,-39.53;
35.67,26.28,-41.59;
33.05,31.82,-43.44;
28.96,36.48,-45.73;
23.54,40.68,-48.29;
18.10,43.59,-51.06;
10.61,45.67,-54.95;
3.70,48.10,-59.32;
0.91,52.13,-63.61;
-1.82,58.17,-67.38;
-2.69,61.96,-72.17;
-2.81,65.61,-75.24;
-1.21,67.97,-79.70;
-0.59,70.31,-84.00;
-0.95,70.31,-86.45;
-4.92,71.29,-89.99;
-11.23,72.84,-91.19;
-13.50,77.10,-88.77;
-14.08,82.02,-88.49;
-15.10,84.62,-87.56;
-15.79,83.03,-86.86;
-16.60,78.78,-84.77;
-18.26,76.42,-79.33;
-18.14,74.31,-71.41;
-18.31,72.28,-64.10;
-20.05,71.62,-57.56;
-20.36,67.07,-49.79;
-13.93,63.47,-41.45;
-5.99,54.84,-34.97;
-1.26,45.00,-30.45;
-4.37,35.53,-27.74;
-10.52,27.52,-25.09;
-12.52,20.39,-22.08;
-11.84,13.04,-20.57;
-8.77,7.81,-18.32;
-1.00,2.13,-14.71;
0.93,-1.14,-10.25;
1.89,-3.38,-6.97;
3.77,-3.22,-3.62;
7.69,-3.38,-0.29;
11.35,-2.88,1.72;
13.38,-1.52,3.94;
16.35,-0.41,5.58;
17.46,0.02,8.00;
15.87,1.56,8.87;
13.90,2.33,9.23;
12.64,2.34,8.58;
11.84,2.11,7.92;
10.59,1.44,6.84;
9.70,1.20,6.74;
10.80,1.03,6.56;
11.14,0.42,5.98;
9.84,-0.59,5.69;
7.02,-1.25,5.51;
5.37,-2.32,5.92;
4.65,-4.35,7.02;
8.07,-5.70,7.26;
9.28,-8.16,7.81;
8.01,-8.68,8.61;
5.37,-7.96,8.84;
1.58,-8.15,9.37;
-2.62,-8.29,9.55;
-6.36,-9.25,9.49;
-8.37,-10.07,8.53;
-8.92,-10.77,7.43;
-7.32,-11.37,5.60;
-4.89,-13.00,4.26;
-3.39,-13.72,2.91;
-2.31,-14.18,1.37;
-1.09,-14.19,1.28;
-1.43,-13.95,0.53;
-2.46,-13.14,0.71;
-4.55,-12.13,0.73;
-6.81,-11.25,0.81;
-8.14,-10.73,0.90;
-9.58,-9.98,1.13;
-10.66,-10.00,0.90;
-11.17,-9.84,1.08;
-11.61,-9.38,1.05;
-12.59,-8.71,1.17;
-10.89,-8.06,1.34;
-11.17,-8.03,1.48;
-9.94,-8.15,1.68;
-10.69,-8.27,1.49;
-10.85,-8.80,1.14;
-9.85,-8.51,0.84;
-9.79,-8.39,0.01;
-8.19,-8.29,-1.09;
-6.97,-8.16,-3.01;
-5.52,-6.70,-4.22;
-4.60,-5.17,-5.30;
-5.38,-3.95,-6.52;
-6.08,-2.61,-7.35;
-6.59,-1.67,-8.46;
-7.79,-0.62,-8.83;
-9.18,0.10,-10.35;
-8.01,0.19,-11.38;
-8.02,0.39,-11.87;
-6.52,0.62,-12.66;
-6.31,0.71,-13.24;
-5.73,0.20,-13.32;
-6.20,0.40,-13.16;
-6.86,1.36,-12.37;
-7.70,0.97,-11.38;
-8.57,0.04,-10.31;
-8.20,-1.37,-8.93;
-9.09,-2.06,-7.51;
-8.63,-2.58,-5.96;
-6.94,-4.58,-4.13;
-6.39,-6.00,-2.29;
-5.90,-7.22,-1.45;
-4.42,-8.68,-0.17;
-3.85,-9.26,0.91;
-3.97,-9.78,1.32;
-3.27,-10.29,1.40;
-2.46,-11.20,1.39;
-0.94,-11.58,1.34;
-0.91,-12.15,1.02;
-0.94,-12.59,0.91;
-2.88,-11.12,0.68;
-4.49,-12.70,0.67;
-3.59,-11.22,0.04;
-4.78,-11.63,0.53;
-5.49,-10.06,1.05;
-5.33,-8.13,1.46;
-7.17,-6.03,2.45;
-6.77,-3.98,2.16;
-7.38,-3.16,1.90;
-8.10,-3.66,1.68;
-8.51,-4.67,1.17;
-8.91,-5.72,1.32;
-10.01,-6.71,0.76;
-9.27,-8.16,0.03;
-6.45,-9.54,-1.12;
-5.76,-9.19,-2.10;
-4.49,-8.32,-3.73;
-4.34,-7.58,-4.35;
-3.21,-7.06,-5.58;
-1.17,-5.89,-6.46;
0.07,-4.67,-7.29;
1.02,-4.19,-8.19;
1.99,-2.30,-8.14;
1.48,-1.16,-8.23;
0.15,0.23,-7.47;
-1.17,1.38,-6.42;
-3.21,2.55,-5.45;
-6.31,4.23,-4.46;
-6.02,5.18,-3.50;
-4.02,5.32,-2.78;
-1.81,5.09,-2.14;
-1.17,5.07,-1.26;
0.83,4.16,-0.02;
-0.57,2.36,0.55;
-1.84,1.17,0.81;
-3.47,-1.29,0.06;
-6.51,-4.70,-1.27;
-7.55,-9.89,-3.77;
-6.11,-15.00,-5.70;
-3.61,-19.57,-7.59;
-3.46,-21.37,-8.86;
-2.36,-21.12,-9.41;
0.70,-21.08,-10.03;
4.35,-19.72,-9.22;
4.76,-16.99,-8.66;
3.25,-12.65,-6.98;
2.12,-7.38,-4.87;
0.65,-2.36,-3.18;
1.64,1.52,-2.52;
2.32,6.98,-1.90;
2.90,10.33,-2.16;
3.67,12.66,-2.57;
2.62,14.57,-3.27;
2.83,15.67,-3.48;
3.87,16.11,-3.29;
3.75,17.12,-3.67;
4.28,15.67,-4.22;
6.36,14.25,-4.80;
6.21,13.41,-4.87;
6.65,10.80,-4.42;
6.71,7.75,-4.34;
5.38,4.83,-4.10;
5.69,1.61,-3.68;
6.27,-1.17,-3.56;
7.52,-3.87,-3.32;
8.09,-5.72,-2.52;
9.17,-6.71,-1.74;
8.19,-6.76,-0.63;
7.66,-6.25,0.55;
7.06,-5.58,1.61;
6.56,-4.44,2.87;
5.80,-3.31,3.28;
6.09,-2.25,3.98;
6.90,-0.77,4.81;
6.13,0.72,5.42;
4.68,2.04,5.72;
3.11,3.29,6.13;
0.24,4.07,6.18;
-1.21,4.49,6.44;
-0.98,4.71,6.99;
-1.96,5.26,6.65;
-1.70,5.44,6.18;
0.19,5.06,5.74;
0.94,4.74,5.52;
0.65,4.94,4.94;
0.56,4.57,4.19;
1.67,3.47,3.26;
1.87,2.83,2.76;
1.89,2.62,1.92;
3.06,2.78,1.20;
4.19,2.55,1.17;
3.08,3.44,0.68;
2.70,3.91,0.06;
0.47,4.80,0.74;
-1.97,5.67,1.52;
-3.73,6.45,2.47;
-4.72,7.04,3.72;
-4.68,7.59,4.88;
-4.26,8.69,6.06;
-2.77,8.83,7.16;
-0.07,8.92,8.04;
2.32,8.55,8.93;
2.07,9.94,10.18;
1.92,11.61,10.94;
1.80,12.92,11.20;
1.81,13.49,11.69;
0.85,13.70,11.92;
1.60,13.41,11.60;
1.95,13.18,11.46;
2.86,12.65,10.58;
3.06,12.45,9.16;
2.28,12.02,8.07;
0.54,11.73,5.72;
-1.73,11.17,3.66;
-2.25,10.39,2.18;
-1.73,8.72,-0.11;
-1.46,7.52,-2.40;
-0.30,6.49,-5.04;
-0.14,5.53,-7.59;
1.48,4.49,-9.88;
2.57,3.78,-11.68;
2.94,3.10,-12.89;
4.85,2.31,-13.71;
6.50,2.66,-13.96;
7.28,3.59,-14.28;
7.45,5.35,-14.57;
8.50,6.05,-14.46;
8.61,5.84,-14.06;
8.93,4.07,-12.45;
11.22,2.25,-9.27;
8.56,2.45,-6.95;
6.71,3.55,-4.92;
7.69,4.36,-2.77;
9.75,4.77,-1.21;
8.85,5.24,-0.39;
5.15,6.54,0.73;
6.39,6.19,1.61;
8.56,5.71,2.01;
9.35,4.92,1.86;
10.15,4.30,0.84;
14.80,1.67,-0.06;
18.19,-0.94,-0.78;
15.75,-2.91,-0.90;
13.45,-5.05,-1.58;
12.67,-7.05,-1.36;
9.70,-8.73,-0.81;
6.88,-9.34,0.39;
4.61,-9.96,1.39;
3.66,-11.35,3.60;
3.26,-12.38,5.68;
3.92,-13.83,7.55;
4.44,-15.49,10.84;
5.12,-16.97,14.97;
6.93,-18.51,18.74;
8.79,-19.86,22.36;
13.00,-23.09,26.10;
12.99,-25.80,30.33;
12.10,-28.68,33.89;
11.20,-32.38,37.55;
9.25,-33.26,40.12;
6.51,-38.76,43.69;
9.72,-42.24,43.58;
6.86,-43.81,45.02;
7.70,-49.37,45.61;
5.89,-51.64,45.08;
4.93,-54.80,43.94;
3.64,-57.64,43.48;
2.21,-59.06,43.02;
1.48,-60.90,40.62;
1.72,-62.19,38.56;
1.77,-62.76,36.42;
1.90,-62.71,34.62;
2.50,-62.01,32.64;
4.15,-61.09,31.19;
4.25,-60.00,30.39;
3.74,-58.80,30.07;
3.20,-57.35,29.05;
1.48,-54.68,29.16;
4.83,-52.64,28.93;
7.03,-50.97,28.36;
8.13,-48.73,27.71;
8.64,-46.07,26.71;
9.46,-43.60,26.36;
10.50,-41.29,26.03;
9.93,-37.83,26.07;
8.94,-34.76,26.30;
7.80,-31.67,25.90;
7.83,-29.25,25.68;
9.81,-26.06,25.49;
12.62,-22.90,25.49;
14.28,-19.98,25.22;
14.51,-16.15,23.95;
14.07,-11.74,22.03;
13.80,-7.28,20.64;
15.22,-3.23,18.97;
15.31,-0.45,16.68;
12.56,2.26,15.22;
10.59,5.85,12.68;
8.09,9.88,8.90;
6.76,14.51,5.57;
9.61,17.75,2.59;
16.27,22.30,-1.94;
28.04,27.71,-6.90;
41.57,30.55,-11.30;
59.40,32.83,-15.64;
68.86,34.78,-17.27;
72.07,34.23,-16.98;
70.83,33.07,-15.35;
63.14,31.21,-12.55;
45.00,30.19,-10.11;
30.83,28.71,-9.85;
14.41,26.98,-9.03;
0.25,27.53,-9.38;
-12.69,26.25,-10.74;
-21.44,29.18,-11.87;
-24.75,31.15,-14.06;
-22.13,30.97,-14.16;
-25.30,31.01,-13.96;
-29.44,30.49,-13.29;
-28.68,26.65,-14.00;
-29.36,30.59,-11.45;
-31.15,33.96,-16.55;
-31.00,35.21,-16.80;
-22.89,37.20,-16.57;
-18.07,39.42,-15.91;
-11.62,42.88,-13.73;
-1.21,45.12,-11.59;
4.88,49.26,-11.76;
15.98,54.07,-14.89;
22.35,58.65,-18.14;
23.77,60.74,-16.92;
20.03,63.58,-17.21;
11.70,60.97,-17.90;
-0.23,59.00,-17.79;
-15.59,57.42,-17.85;
-30.68,57.81,-20.80;
-43.06,56.26,-24.80;
-47.47,51.78,-30.28;
-45.59,44.63,-33.13;
-37.76,37.88,-34.40;
-32.46,34.69,-35.10;
-23.84,33.27,-35.67;
-10.57,33.35,-35.44;
0.82,33.36,-37.01;
11.20,32.89,-36.11;
19.02,36.43,-37.41;
24.50,33.20,-38.35;
30.04,33.36,-33.93;
38.53,29.01,-29.15;
37.83,26.05,-25.76;
36.54,20.07,-20.58;
30.82,12.22,-12.14;
23.17,4.00,-3.84;
13.35,-2.19,1.87;
0.83,-7.77,7.19;
-8.51,-11.58,10.07;
-11.99,-13.48,10.96;
-17.64,-15.37,10.74;
-23.96,-15.51,10.70;
-26.30,-15.08,11.58;
-21.43,-14.01,11.61;
-10.16,-11.72,9.87;
4.39,-7.72,6.35;
14.47,-2.79,3.02;
26.85,4.11,-0.40;
35.64,8.60,-3.12;
38.64,11.21,-4.64;
42.44,12.02,-5.58;
40.13,11.12,-3.51;
37.11,7.93,-1.03;
33.05,2.43,0.04;
25.40,-2.32,2.93;
18.35,-5.31,6.04;
8.61,-5.55,7.80;
-1.39,-5.86,10.18;
-6.63,-7.43,12.47;
-11.88,-8.65,13.74;
-20.37,-9.06,16.15;
-25.76,-11.34,17.39;
-28.78,-13.77,18.38;
-27.50,-15.57,21.26;
-18.72,-18.21,22.70;
-10.33,-21.02,22.67;
-4.80,-22.21,22.74;
3.09,-23.95,23.84;
8.97,-24.94,24.39;
10.12,-24.45,24.62;
13.77,-24.44,24.85;
16.56,-23.70,26.16;
21.45,-26.39,27.55;
20.47,-27.66,28.49;
18.39,-30.36,31.81;
13.37,-34.71,32.90;
2.91,-37.63,34.06;
-8.62,-40.88,34.45;
-17.73,-43.06,34.36;
-23.41,-45.57,33.75;
-31.55,-48.01,32.91;
-35.90,-50.06,31.94;
-38.28,-51.69,31.32;
-36.89,-53.41,29.37;
-35.58,-54.32,27.25;
-35.93,-54.97,25.57;
-34.28,-55.11,24.06;
-25.75,-57.32,22.52;
-20.14,-55.93,23.81;
-15.73,-56.58,24.71;
-7.82,-55.92,23.74;
-3.44,-54.33,23.77;
-0.23,-53.09,24.35;
5.34,-51.03,24.30;
7.25,-47.81,24.62;
9.66,-44.09,24.12;
12.50,-39.77,23.55;
11.09,-35.61,22.97;
6.28,-31.37,21.98;
-3.14,-28.15,20.87;
-12.49,-25.66,19.29;
-21.91,-23.34,17.13;
-22.37,-21.61,14.71;
-18.42,-19.81,10.33;
-11.23,-15.49,6.01;
-9.17,-12.51,3.28;
-11.23,-8.80,1.86;
-11.81,-4.99,0.76;
-13.49,-2.68,-2.00;
-14.74,0.40,-5.45;
-17.06,3.10,-10.00;
-17.47,7.01,-13.70;
-15.99,10.46,-15.58;
-12.65,15.06,-17.81;
-11.88,19.73,-19.44;
-11.18,23.39,-20.58;
-7.61,27.38,-22.48;
-4.16,31.03,-24.66;
1.11,33.91,-27.18;
7.19,37.67,-29.36;
13.15,42.19,-31.42;
17.46,46.16,-33.84;
21.23,49.76,-36.16;
23.20,52.40,-38.31;
23.60,54.89,-40.80;
23.43,55.96,-43.09;
20.88,56.95,-46.43;
20.21,59.06,-49.36;
19.00,61.46,-50.63;
14.21,63.88,-49.88;
6.42,67.62,-50.63;
-5.97,70.17,-49.73;
-11.18,70.22,-52.22;
-14.40,71.12,-50.17;
-9.27,71.62,-50.58;
-6.98,73.36,-47.79;
-4.89,73.10,-44.00;
-4.66,76.63,-37.77;
-2.86,74.39,-34.48;
-7.50,74.51,-31.73;
-13.96,66.92,-27.73;
-19.29,63.53,-27.27;
-24.31,54.62,-28.90;
-20.52,46.36,-30.86;
-13.27,37.42,-32.31;
-8.52,30.83,-34.02;
-10.85,23.39,-35.33;
-15.06,16.94,-36.49;
-17.78,12.34,-37.15;
-21.50,6.48,-38.10;
-20.42,2.60,-39.00;
-19.94,0.43,-39.99;
-14.22,-0.25,-40.35;
-8.74,-0.79,-40.57;
-6.02,-0.77,-38.87;
-6.02,0.49,-36.60;
-8.30,1.46,-34.40;
-9.12,2.34,-31.33;
-8.72,2.43,-29.06;
-8.17,0.94,-26.26;
-7.97,-0.73,-23.16;
-7.97,-2.10,-21.10;
-7.99,-4.59,-18.77;
-8.46,-6.68,-15.82;
-8.63,-9.90,-12.54;
-9.29,-13.58,-9.21;
-11.10,-16.56,-5.85;
-12.39,-19.02,-3.07;
-11.10,-21.81,-0.74;
-9.75,-24.41,2.38;
-9.52,-26.71,5.57;
-7.56,-28.44,8.03;
-6.66,-30.06,11.19;
-7.01,-30.38,13.54;
-5.46,-30.67,15.51;
-5.67,-31.16,17.05;
-7.82,-30.41,18.26;
-9.41,-30.04,17.95;
-9.68,-29.38,17.31;
-9.03,-28.29,16.29;
-8.81,-27.80,14.99;
-9.85,-27.25,13.92;
-10.08,-26.71,12.55;
-11.53,-26.16,10.82;
-12.89,-25.72,9.17;
-14.26,-25.87,7.97;
-14.60,-25.98,6.61;
-12.45,-25.55,5.28;
-12.60,-24.38,4.03;
-11.90,-23.60,4.45;
-8.22,-24.22,4.36;
-5.20,-22.97,3.54;
-2.78,-22.96,2.18;
-3.04,-20.39,1.37;
-3.87,-18.64,1.57;
-4.20,-16.64,1.17;
-4.43,-14.58,0.04;
-8.88,-11.46,-0.80;
-8.68,-9.81,-2.19;
-6.77,-7.67,-3.27;
-8.02,-5.66,-3.44;
-7.59,-3.81,-3.91;
-6.77,-1.92,-4.55;
-4.42,-0.90,-5.10;
-4.91,-0.27,-4.81;
-5.61,-0.03,-4.55;
-5.97,-0.10,-4.23;
-6.01,-0.13,-3.81;
-7.70,-0.65,-2.64;
-8.94,-0.65,-2.34;
-8.68,-1.28,-1.47;
-8.28,-2.50,-1.30;
-10.72,-3.00,-0.89;
-12.77,-4.47,-0.80;
-13.10,-5.49,-0.80;
-14.02,-6.79,-0.74;
-13.62,-7.83,-0.66;
-11.99,-9.26,-1.21;
-9.81,-10.93,-1.12;
-9.78,-11.70,-1.53;
-9.49,-11.87,-1.51;
-8.08,-11.12,-1.74;
-6.34,-10.38,-1.10;
-5.85,-8.74,-0.46;
-4.78,-6.91,-0.17;
-4.85,-4.29,0.47;
-5.21,-3.00,0.81;
-6.43,-2.15,1.65;
-5.46,-0.94,1.90;
-6.05,0.54,3.00;
-6.60,2.88,3.55;
-3.52,4.63,3.05;
-2.31,6.54,2.24;
0.04,7.61,0.52;
2.77,7.96,-1.03;
3.98,7.23,-3.04;
1.19,7.13,-4.28;
-1.24,6.42,-4.97;
-1.73,5.35,-5.15;
-2.23,3.81,-4.68;
-2.74,1.00,-3.71;
-4.71,-1.35,-2.77;
-6.85,-4.64,-0.81;
-8.07,-6.67,0.26;
-5.62,-8.07,1.29;
-1.03,-9.05,2.50;
2.99,-9.17,3.55;
8.18,-8.06,3.89;
13.78,-6.12,4.47;
16.28,-2.87,5.84;
18.38,-0.93,6.67;
18.54,0.88,7.77;
16.68,1.56,8.84;
12.90,0.46,9.54;
8.42,0.36,10.49;
5.93,-0.70,12.10;
2.12,-0.90,13.11;
1.54,0.10,13.26;
3.74,-0.48,12.23;
5.86,-1.25,11.34;
6.13,-2.07,10.99;
7.26,-3.34,10.39;
7.83,-3.43,9.89;
7.49,-3.41,9.71;
6.32,-3.02,9.48;
4.79,-3.05,10.01;
3.66,-3.48,10.61;
1.28,-3.78,10.96;
1.54,-4.74,10.38;
3.38,-6.33,10.88;
4.15,-7.20,10.97;
6.28,-8.04,9.83;
8.67,-9.89,8.18;
9.31,-11.16,7.51;
7.23,-11.16,6.07;
7.34,-10.53,4.35;
5.20,-9.57,3.07;
5.40,-9.20,1.77;
6.06,-9.02,0.82;
2.93,-7.40,-0.26;
2.83,-6.36,-0.80;
1.14,-4.96,-0.69;
-0.13,-2.80,-1.15;
0.25,-1.26,-1.07;
2.32,1.50,-1.29;
4.01,3.38,-1.24;
7.15,4.95,-0.90;
11.11,6.46,-0.39;
13.63,8.63,0.35;
14.80,10.46,1.39;
14.41,12.19,1.84;
13.70,14.04,2.71;
11.75,15.49,3.34;
8.65,16.10,3.32;
5.69,17.58,3.10;
3.89,18.08,3.45;
3.49,18.65,3.55;
0.99,19.09,3.90;
0.86,19.55,4.12;
0.53,19.30,4.76;
0.77,18.46,5.48;
2.15,17.36,6.56;
3.61,16.55,7.52;
6.12,15.49,8.29;
7.74,14.83,8.90;
10.62,12.68,8.87;
12.67,10.28,8.41;
14.59,7.61,8.03;
11.41,6.63,7.13;
9.43,5.93,5.89;
9.38,3.10,3.87;
8.93,1.20,2.45;
5.58,-0.13,0.82;
2.07,-0.61,-0.51;
1.92,-1.43,-1.96;
2.93,-2.83,-2.32;
2.47,-3.09,-3.19;
-0.19,-1.63,-4.06;
-1.06,0.28,-4.58;
1.02,2.22,-3.99;
1.14,5.24,-3.38;
1.22,4.88,-2.23;
4.56,6.46,-2.37;
5.66,7.27,-0.72;
7.96,7.15,-0.43;
7.86,9.84,0.74;
9.09,10.08,0.91;
11.08,12.25,1.31;
12.65,11.81,1.45;
11.29,13.15,1.63;
10.01,12.13,2.04;
8.16,12.71,1.78;
7.74,11.27,1.51;
8.50,11.78,0.82;
9.89,10.78,-0.23;
10.27,9.97,-0.34;
10.32,8.52,-1.12;
8.25,7.07,-1.27;
5.69,6.51,-1.38;
5.29,4.89,-1.65;
6.61,2.92,-2.16;
7.77,1.32,-2.28;
7.64,0.25,-2.34;
8.07,-0.64,-2.37;
7.22,-1.43,-2.06;
7.66,-2.15,-1.42;
7.06,-3.05,-0.51;
5.99,-3.87,0.74;
5.51,-4.15,2.04;
4.28,-3.09,2.64;
5.48,-3.02,3.23;
5.78,-2.83,4.19;
6.77,-2.94,4.94;
6.10,-2.53,5.45;
6.59,-2.18,5.42;
5.28,-1.81,6.01;
4.28,-1.35,6.16;
3.87,-0.90,6.27;
3.75,-0.58,5.84;
2.88,-0.68,5.71;
0.57,-0.91,5.74;
-0.85,-1.23,5.36;
-2.05,-1.81,5.08;
-3.70,-2.00,4.27;
-4.17,-2.54,3.54;
-4.05,-2.90,3.00;
-4.89,-3.52,2.56;
-4.94,-3.83,1.95;
-5.62,-3.78,0.93;
-5.78,-4.03,0.59;
-6.40,-4.44,0.10;
-7.17,-3.63,-0.31;
-9.03,-3.12,-0.23;
-10.17,-2.58,-0.25;
-11.17,-1.46,-0.37;
-10.57,-0.77,-0.75;
-10.98,0.54,-1.27;
-10.36,1.99,-2.13;
-8.43,2.33,-3.03;
-8.07,3.24,-3.42;
-8.11,3.81,-3.85;
-8.51,4.74,-4.11;
-9.32,5.03,-4.31;
-8.94,5.97,-4.17;
-7.72,6.77,-3.47;
-7.32,7.23,-1.97;
-6.72,7.13,-1.09;
-7.38,7.30,0.64;
-6.71,6.84,1.72;
-5.67,6.02,2.74;
-5.61,5.55,3.34;
-3.41,4.98,4.38;
-2.63,3.42,4.15;
-1.62,2.59,4.03;
0.70,1.36,3.78;
1.00,0.59,3.54;
0.48,-0.07,3.20;
-0.81,-0.24,2.79;
-2.25,-0.83,2.16;
-3.01,-0.97,1.65;
-4.01,-0.94,1.26;
-3.93,-0.94,0.27;
-2.95,-1.26,0.07;
-1.21,-1.25,-0.69;
0.48,-0.97,-0.77;
0.39,-0.15,-0.49;
-0.01,0.00,-0.02;
-0.33,0.17,0.03;
-1.53,0.83,0.39;
-1.35,0.92,0.70;
-1.09,1.24,0.87;
-0.66,0.94,0.96;
-0.33,0.00,0.79;
-0.34,-0.90,0.65;
-1.26,-1.20,0.38;
-1.24,-1.54,-0.19;
-1.85,-2.13,-0.22;
-1.27,-2.09,-0.42;
-2.39,-2.12,-0.64;
-2.75,-2.48,-0.86;
-3.85,-2.44,-1.07;
-3.79,-2.09,-1.71;
-2.37,-2.54,-1.81;
-2.39,-2.41,-2.06;
-1.67,-2.21,-1.91;
-2.52,-2.06,-2.22;
-1.73,-1.69,-2.40;
-2.34,-1.32,-2.52;
-2.62,-0.79,-2.14;
-3.26,-0.48,-1.96;
-2.95,0.40,-2.34;
-2.95,0.86,-2.31;
-2.77,1.33,-2.17;
-2.26,1.56,-1.96;
-2.19,2.07,-1.68;
-2.57,2.30,-1.88;
-2.77,2.78,-1.96;
-2.42,2.83,-1.70;
-1.90,3.06,-1.65;
-1.65,3.00,-1.82;
-1.53,3.39,-1.81;
-1.20,3.56,-1.90;
-1.35,3.59,-2.52;
-3.15,3.67,-2.71;
-2.94,3.62,-2.81;
-2.46,3.27,-3.10;
-2.94,3.18,-3.21;
-2.85,2.88,-3.27;
-3.12,2.42,-3.67;
-3.20,1.49,-3.84;
-2.88,0.59,-3.82;
-3.85,0.72,-3.74;
-4.59,0.28,-3.85;
-3.97,-0.24,-3.76;
-3.75,-0.41,-3.67;
-3.27,-0.33,-3.67;
-2.80,-0.70,-3.76;
-2.95,-0.51,-3.33;
-3.56,-0.47,-3.15;
-3.70,-0.59,-2.75;
-3.91,-0.73,-2.34;
-3.79,-0.33,-1.96;
-2.63,-0.15,-1.94;
-2.14,0.00,-1.55;
-0.46,-0.44,-1.22;
-0.31,0.52,-1.07;
-0.33,0.57,-0.95;
-0.08,0.91,-0.97;
-0.01,0.97,-1.01;
-0.37,0.71,-1.16;
-0.05,1.09,-0.90;
-0.05,1.24,-0.80;
0.74,0.74,-0.66;
0.64,0.69,-0.81;
1.34,0.39,-0.17;
1.87,0.55,0.29;
2.04,0.81,0.91;
2.86,0.71,1.94;
4.15,0.69,2.06;
5.20,0.54,2.64;
4.83,0.60,3.43;
5.98,0.68,3.60;
6.06,0.49,4.24;
5.77,0.80,4.15;
5.15,1.01,3.86;
5.81,0.69,3.77;
5.40,1.38,3.55;
5.58,1.75,3.11;
7.35,1.65,2.94;
7.19,1.68,2.15;
6.93,1.47,1.72;
6.59,2.39,0.93;
4.61,3.03,0.35;
4.41,4.14,-0.68;
3.81,3.38,-1.06;
4.03,4.13,-1.41;
1.96,5.17,-2.08;
0.06,5.35,-2.61;
0.76,5.97,-3.36;
1.00,5.82,-3.41;
1.19,6.20,-3.15;
0.74,6.54,-3.27;
-0.10,6.63,-3.35;
0.18,6.39,-3.07;
-2.20,5.79,-3.12;
-2.80,5.59,-3.38;
-2.46,5.07,-3.32;
-2.02,3.85,-3.32;
-2.52,3.03,-3.61;
-2.95,2.45,-3.87;
-3.01,1.90,-4.14;
-2.75,1.67,-4.02;
-2.97,1.64,-4.14;
-2.25,2.16,-4.03;
-1.38,2.14,-4.06;
-2.07,2.11,-4.19;
-1.84,2.43,-4.05;
-2.77,2.84,-3.87;
-2.49,3.56,-3.38;
-3.46,3.94,-2.68;
-1.82,4.08,-2.68;
-1.09,4.05,-2.29;
0.19,3.58,-2.06;
1.17,3.23,-2.25;
0.94,3.49,-2.28;
1.38,3.44,-2.02;
1.51,3.10,-2.05;
0.71,3.15,-1.88;
-0.01,2.69,-1.96;
-0.37,2.43,-2.00;
-0.22,2.05,-1.96;
0.04,1.18,-2.19;
-0.17,0.62,-2.13;
-0.19,0.10,-2.08;
0.33,-0.90,-1.87;
0.12,-1.60,-1.48;
-0.46,-1.49,-1.48;
-0.08,-1.78,-1.53;
-0.20,-1.98,-1.32;
-0.43,-2.10,-1.21;
-0.26,-2.47,-1.12;
-0.31,-2.54,-1.24;
-0.75,-3.02,-1.16;
-0.97,-2.97,-1.19;
-1.03,-2.88,-1.04;
-0.89,-2.70,-1.22;
-0.52,-2.76,-1.12;
-0.71,-2.21,-1.22;
-0.39,-2.21,-1.39;
-0.65,-1.58,-1.61;
-0.78,-1.38,-2.17;
-0.62,-1.02,-2.03;
-0.51,-0.85,-2.60;
0.13,-0.18,-2.93;
0.21,0.34,-3.38;
0.39,1.12,-3.65;
0.44,1.35,-3.77;
0.83,2.36,-4.02;
0.21,2.84,-4.48;
0.33,2.75,-4.29;
0.77,3.07,-3.84;
0.91,3.38,-3.91;
1.52,3.67,-3.33;
1.75,3.71,-3.18;
2.24,3.62,-2.90;
2.19,3.32,-2.43;
1.14,3.59,-2.34;
1.58,3.42,-2.05;
2.36,3.24,-1.73;
2.12,2.97,-1.26;
1.58,2.97,-1.00;
1.67,2.19,-1.13;
1.31,1.56,-0.63;
0.96,1.65,-0.68;
1.20,0.97,-0.58;
0.96,0.45,-0.26;
-0.23,0.07,-0.52;
-0.25,-0.15,-0.46;
-0.83,-0.29,-0.11;
-0.95,-0.85,-0.22;
-0.36,-0.93,-0.35;
-0.01,-0.67,-0.10;
0.12,-0.80,0.01;
-0.31,-0.50,-0.19;
-0.08,-0.53,0.04;
-0.62,-0.19,0.09;
-0.33,0.16,-0.17;
-1.07,0.36,-0.69;
-1.27,0.48,-0.86;
-1.47,0.80,-0.98;
-2.14,1.06,-1.13;
-1.81,1.53,-1.21;
-1.82,1.42,-1.48;
-1.59,1.78,-1.81;
-1.20,1.73,-1.90;
-1.30,1.68,-1.93;
-1.64,1.65,-1.77;
-1.73,1.46,-1.88;
-1.55,1.36,-2.13;
-1.97,1.09,-2.05;
-2.20,0.60,-2.26;
-2.07,0.30,-1.64;
-1.78,0.25,-1.94;
-2.08,-0.07,-1.77;
-1.56,-0.90,-1.21;
-1.41,-1.08,-0.97;
-1.38,-1.46,-0.83;
-1.03,-1.45,-0.39;
-0.81,-1.80,-0.26;
0.12,-1.48,0.30;
0.30,-1.48,0.62;
0.03,-1.23,0.79;
0.80,-1.19,1.13;
1.08,-0.83,1.28;
0.56,-0.51,1.16;
1.06,-0.47,1.11;
1.34,-0.03,1.32;
1.70,0.42,1.32;
1.51,0.81,0.65;
1.93,1.55,0.97;
2.59,1.42,0.44;
2.09,1.79,0.53;
1.46,2.48,0.33;
1.66,2.59,0.12;
1.99,2.63,0.09;
2.13,2.49,-0.03;
2.24,2.05,0.03;
1.90,1.90,-0.03;
1.70,1.76,0.21;
1.15,1.03,0.03;
1.05,0.49,0.36;
1.15,0.23,0.50;
1.17,-0.27,0.93;
1.64,-0.45,1.11;
1.48,-0.85,0.96;
1.86,-1.12,1.05;
1.12,-1.51,1.28;
1.63,-1.70,0.84;
1.55,-2.00,0.74;
1.95,-1.95,0.56;
1.98,-1.86,0.32;
1.58,-1.54,0.45;
1.61,-1.14,0.12;
0.13,-1.17,-0.00;
-0.11,-1.11,0.04;
-0.54,-0.59,-0.29;
-0.14,-0.35,-0.22;
-0.13,-0.07,-0.14;
-0.04,0.43,-0.49;
0.62,0.48,-0.06;
0.70,0.59,0.13;
0.03,1.17,0.04;
-0.34,1.24,-0.08;
0.67,1.47,-0.06;
0.61,1.52,-0.08;
1.34,1.47,0.03;
0.67,1.78,0.18;
0.48,1.73,0.09;
0.06,0.91,-0.69;
-0.52,0.63,-0.86;
-1.82,0.05,-0.69;
-0.80,0.02,-1.07;
-0.68,-0.65,-1.21;
-0.68,-1.22,-0.80;
-0.33,-1.35,-1.22;
-0.66,-1.32,-1.29;
-0.75,-1.95,-1.29;
-0.62,-2.07,-1.24;
-1.35,-2.65,-0.93;
-0.83,-3.16,-0.86;
-1.04,-3.70,-0.86;
-1.35,-3.87,-0.58;
-1.01,-3.84,-0.57;
-0.54,-4.10,-0.45;
-0.57,-3.90,-0.23;
-1.58,-3.32,-0.61;
-0.97,-3.06,-0.97;
-0.16,-3.06,-0.83;
-0.86,-2.44,-0.98;
-0.43,-1.57,-1.36;
-0.68,-0.65,-1.30;
-0.37,-0.27,-1.33;
-0.49,0.48,-1.45;
-1.01,1.26,-1.09;
-2.04,1.29,-1.67;
-1.58,1.38,-1.45;
-1.53,1.75,-1.00;
-1.27,1.96,-0.84;
-1.12,2.42,-0.51;
-0.69,2.31,-0.26;
-0.62,1.97,-0.11;
-0.71,1.53,0.33;
-0.85,1.52,0.65;
-1.04,1.07,0.84;
-0.97,0.30,0.97;
-0.59,0.02,1.20;
-1.10,0.00,1.48;
-0.77,-0.50,1.25;
-1.00,-1.23,1.61;
-1.55,-1.29,1.63;
-2.31,-1.00,1.32;
-2.23,-1.25,1.48;
-2.19,-1.16,0.97;
-1.78,-1.29,0.96;
-0.89,-1.64,0.71;
-1.33,-1.11,0.18;
-1.29,-0.76,-0.35;
-0.36,-0.90,-0.48;
-0.81,-0.27,-0.90;
-0.95,0.20,-0.98;
-1.06,0.71,-1.19;
-0.65,1.26,-1.56;
-0.81,1.44,-1.77;
-0.39,1.39,-1.87;
-0.72,1.09,-1.93;
-0.91,1.33,-1.99;
-1.04,1.38,-1.79;
-1.06,0.94,-1.88;
-0.98,0.08,-1.85;
-1.14,0.13,-1.47;
-1.41,-0.13,-1.48;
-1.61,0.05,-1.06;
-1.32,-0.25,-0.97;
-1.18,-0.59,-0.54;
-1.79,-1.00,-0.45;
-1.32,-1.08,0.32;
-1.99,-1.48,0.68;
-1.03,-1.09,0.84;
-1.10,-1.52,1.05;
-0.97,-1.35,1.10;
-1.04,-0.80,0.99;
-0.81,-0.96,0.94;
-0.88,-0.54,0.82;
-1.67,-0.15,0.49;
-1.35,0.04,0.29;
-1.47,0.37,0.16;
-1.82,0.91,-0.16;
-1.70,0.95,-0.03;
-1.87,0.94,-0.45;
-2.30,1.12,-0.46;
-2.30,0.83,-0.87;
-1.85,0.75,-0.75;
-2.22,1.07,-0.95;
-1.58,0.89,-1.06;
-1.49,0.62,-1.13;
-1.70,0.25,-0.69;
-2.52,-0.42,-0.75;
-2.85,-0.87,-0.92;
-3.21,-1.51,-0.61;
-2.55,-2.15,-0.29;
-3.09,-3.02,-0.29;
-2.92,-3.64,-0.13;
-2.51,-3.86,0.03;
-2.98,-3.90,0.71;
-2.62,-3.60,0.38;
-2.88,-3.74,0.01;
-3.01,-3.34,-0.34;
-2.49,-3.16,-0.64;
-2.28,-3.16,-0.86;
-1.96,-2.35,-1.44;
-2.48,-2.30,-2.10;
-2.57,-1.40,-2.51;
-2.14,-0.74,-2.90;
-2.69,-0.25,-3.13;
-3.01,0.46,-3.29;
-3.21,1.13,-3.10;
-3.04,1.39,-3.24;
-3.52,1.99,-3.07;
-2.77,1.90,-3.09;
-1.78,1.79,-2.48;
-1.15,2.22,-1.88;
-0.68,1.97,-1.90;
-0.30,1.84,-1.16;
0.01,1.41,-0.93;
0.36,0.89,-0.57;
-0.16,0.88,0.19;
-0.01,0.81,0.24;
0.74,0.31,0.79;
0.71,0.11,1.16;
0.50,0.22,0.71;
0.28,-0.41,0.93;
0.06,-0.58,0.85;
-0.33,-0.56,0.52;
0.13,-0.58,0.61;
0.22,-0.33,0.58;
-0.11,-0.33,0.39;
0.06,-0.21,0.03;
0.35,-0.03,-0.00;
0.33,0.34,-0.46;
0.32,0.52,-0.28;
-0.28,0.88,-0.45;
-0.60,0.37,-0.58;
-0.91,0.48,-0.40;
-1.24,0.49,-0.64;
-1.26,0.13,-0.11;
-1.00,-0.03,-0.32;
-0.86,0.08,-0.03;
-0.25,-0.51,-0.16;
-0.45,-0.58,0.21;
-0.95,-0.41,-0.11;
-0.88,-0.47,0.33;
-0.05,-0.50,0.52;
-0.20,-0.79,0.26;
0.09,-0.90,0.26;
-0.54,-1.14,0.30;
-0.57,-0.62,0.21;
-0.77,-1.26,0.19;
-0.57,-1.35,0.41;
-0.71,-0.70,0.12;
-0.45,-0.47,0.09;
0.32,-0.19,0.15;
0.56,0.30,-0.06;
-0.31,0.54,-0.17;
0.36,0.69,-0.08;
0.22,0.60,-0.25;
0.32,0.83,-0.25;
0.16,0.77,-0.63;
0.79,1.00,-0.37;
0.83,0.34,-0.20;
0.86,-0.47,-0.34;
0.96,-0.35,-0.54;
0.25,0.20,-0.43;
0.76,0.20,-0.25;
0.70,0.40,0.15;
1.25,-0.30,0.01;
1.03,0.02,0.23;
1.60,-0.09,0.19;
1.81,-0.10,0.35;
1.67,0.02,0.27;
1.43,0.52,0.32;
1.29,0.55,0.30;
1.23,0.91,0.32;
1.05,0.71,0.18;
0.48,0.84,0.13;
0.47,1.10,0.03;
0.45,1.15,-0.14;
0.01,1.12,-0.28;
-0.26,1.10,-0.17;
-0.49,1.00,-0.14;
-0.97,0.62,0.19;
1.20,0.20,-0.25;
-0.92,-0.12,-0.32;
-1.10,-0.42,-0.48;
-2.01,-0.32,-0.55;
-1.36,-0.21,-0.19;
-0.69,-0.38,0.26;
-0.74,-0.09,0.23;
-0.66,-0.13,0.32;
-0.28,-0.22,0.09;
0.09,0.17,-0.11;
0.61,0.00,-0.17;
0.79,-0.13,-0.08;
0.59,-0.25,-0.16;
0.30,-0.25,-0.14;
-0.04,-0.10,0.18;
-0.92,-0.39,0.12;
-1.15,-0.04,-0.11;
-0.75,0.00,-0.40;
-0.57,-0.07,-0.25;
-1.07,0.22,-0.31;
-1.35,0.48,-0.42;
-0.74,0.46,-0.43;
-0.81,0.57,-0.26;
-0.97,0.65,-0.20;
-0.34,0.78,-0.42;
-0.48,0.51,-0.48;
-0.31,0.52,-0.57;
-0.66,0.57,-0.06;
-0.72,0.45,-0.29;
-0.74,0.39,0.07;
-0.19,0.25,0.33;
0.33,0.26,0.23;
0.36,0.68,0.49;
1.12,0.45,0.30;
0.80,0.54,0.36;
0.41,0.62,0.41;
0.44,0.43,0.30;
-0.05,0.23,0.45;
-0.26,0.17,1.02;
0.10,0.25,1.02;
0.76,-0.39,1.22;
1.31,-0.54,1.28;
1.06,-0.76,1.42;
0.73,-0.97,1.52;
1.05,-1.16,1.29;
1.17,-1.48,1.60;
1.00,-1.66,1.57;
0.73,-1.75,1.55;
-0.05,-1.69,1.07;
0.42,-1.46,1.08;
0.48,-1.48,0.79;
0.42,-1.35,0.53;
-0.23,-0.59,0.29;
0.71,-0.32,-0.05;
0.61,-0.04,0.07;
0.13,0.66,-0.42;
-0.13,1.17,-0.63;
-0.08,1.30,-0.83;
0.13,1.29,-0.51;
-0.10,1.56,-0.57;
0.07,1.94,-0.58;
0.32,1.68,-0.49;
0.01,1.67,-0.39;
-0.02,1.35,-0.75;
-0.22,1.21,-0.55;
0.42,0.89,-0.26;
0.16,0.54,-0.26;
0.41,0.14,0.07;
0.12,-0.38,0.12;
0.07,-0.44,0.55;
-0.30,-1.29,0.36;
-0.22,-1.69,0.26;
-0.13,-1.41,0.45;
-0.04,-1.34,0.50;
-0.13,-1.11,0.68;
0.36,-0.85,0.53;
0.96,-0.54,0.61;
-0.02,0.20,0.42;
0.16,0.66,0.15;
0.13,0.84,-0.06;
0.44,1.09,-0.29;
0.07,1.07,-0.17;
-0.60,1.15,-0.49;
-0.71,1.33,-0.40;
-1.03,1.03,-0.63;
-1.07,1.52,-0.52;
-1.12,0.74,-0.46;
-0.88,0.62,-0.64;
-2.16,-0.06,-0.84;
-1.55,-0.19,-0.43;
-1.50,-0.24,-0.28;
-0.69,-0.25,-0.20;
-0.34,-0.16,-0.17;
-0.14,-0.03,-0.14;
0.10,-0.27,-0.19;
0.13,-0.01,-0.02;
-0.16,-0.36,-0.08;
-0.22,-0.04,0.19;
-0.05,0.25,0.01;
0.21,0.17,0.03;
0.33,0.40,0.23;
0.48,0.68,0.12;
0.93,0.97,0.18;
0.76,1.29,0.49;
0.39,1.42,0.33;
0.88,1.18,0.33;
0.96,1.47,0.41;
0.77,1.26,0.23;
0.77,0.83,0.39;
0.67,0.91,0.59;
0.57,0.62,0.65;
0.04,0.40,0.53;
-0.01,-0.07,0.79;
1.20,-1.00,1.05;
0.77,-1.02,1.16;
0.76,-0.61,1.07;
1.23,-1.06,1.13;
1.08,-1.16,1.23;
0.67,-0.94,1.07;
0.61,-0.74,1.32;
0.53,-0.83,1.16;
0.51,-0.54,0.74;
0.44,-0.53,0.76;
0.13,-0.36,0.81;
-0.65,0.51,0.56;
-0.48,0.72,0.49;
-0.88,1.07,0.16;
-0.86,1.47,-0.22;
-0.59,1.32,-0.42;
-0.62,1.49,-0.74;
-0.48,1.49,-0.55;
-0.48,1.38,-0.63;
-0.85,1.62,-0.60;
-0.92,1.35,-0.89;
-1.15,1.18,-0.66;
-1.39,0.97,-0.55;
-1.26,0.57,-0.26;
-1.07,0.54,-0.57;
-0.77,0.08,-0.25;
-0.75,-0.47,-0.23;
-1.01,-0.70,0.03;
-0.78,-0.71,0.12;
-0.78,-0.93,0.15;
-0.52,-0.91,0.39;
-0.74,-0.71,-0.10;
-1.18,-0.44,0.12;
-1.20,-0.64,-0.25;
-1.33,-0.45,-0.17;
-1.61,-0.15,-0.40;
-1.41,-0.35,-0.78;
-1.79,-0.62,-0.97;
-2.08,-0.41,-1.00;
-2.49,-0.09,-1.22;
-2.26,0.28,-1.19;
-1.49,0.11,-1.30;
-1.17,0.89,-1.33;
-1.38,0.83,-1.71;
-1.39,0.71,-1.44;
-1.32,0.91,-1.24;
-1.43,1.26,-1.65;
-0.95,1.03,-1.32;
-1.46,1.23,-1.09;
-1.52,0.89,-1.10;
-1.27,0.83,-0.78;
-0.85,0.39,-0.51;
-0.59,0.37,-0.26;
0.07,-0.04,-0.16;
0.35,0.02,0.53;
-0.17,0.00,0.78;
0.47,0.16,0.82;
0.38,0.04,1.11;
0.67,-0.09,0.76;
0.42,-0.42,0.93;
0.67,-0.47,0.73;
0.25,-0.99,0.74;
0.19,-0.93,0.50;
-0.01,-0.70,0.74;
0.41,-0.18,0.36;
0.19,-0.09,-0.08;
-0.22,0.43,-0.32;
-0.01,0.63,-0.71;
0.53,0.66,-1.03;
0.68,1.33,-0.98;
0.68,1.55,-1.04;
0.97,1.36,-1.18;
0.54,1.46,-0.97;
-0.17,1.68,-0.69;
-0.26,1.53,-1.03;
-0.08,1.27,-0.92;
-0.14,0.92,-0.80;
0.10,0.71,-0.69;
0.10,0.34,-0.51;
0.83,-0.36,-0.34;
0.76,-0.53,-0.08;
0.28,-0.64,0.06;
0.54,-0.80,-0.13;
0.51,-0.90,-0.08;
0.35,-1.16,0.07;
0.22,-1.03,-0.32;
-0.36,-1.08,-0.28;
-0.23,-1.12,-0.80;
-0.30,-0.80,-0.80;
0.22,-0.74,-0.75;
-0.71,-0.01,-0.81;
-0.69,0.11,-1.13;
-0.43,0.02,-1.19;
-0.57,0.42,-0.97;
-0.55,0.77,-0.84;
-0.51,0.95,-0.32;
-0.30,1.15,-0.55;
0.41,1.33,-0.39;
0.38,1.49,-0.06;
0.83,1.70,-0.17;
0.61,1.56,0.33;
0.82,1.70,0.18;
0.62,1.44,0.24;
0.76,1.06,0.55;
0.12,0.55,0.45;
0.18,0.68,0.18;
-0.13,0.23,0.59;
0.36,-0.51,0.23;
-0.16,-0.61,-0.00;
-0.43,-0.76,-0.02;
-0.19,-0.67,0.01;
0.79,-0.90,-0.46;
-0.66,-0.76,-0.49;
-1.29,-0.50,-0.61;
-0.31,-0.38,-0.84;
-0.60,-0.33,-0.52;
-0.25,0.23,-0.74;
-0.31,0.63,-0.52;
0.30,0.95,-0.05;
0.32,1.46,-0.02;
-0.49,1.84,-0.20;
-0.25,1.97,0.12;
-0.42,2.11,0.23;
-0.01,1.94,0.24;
-0.07,1.21,0.19;
-0.16,1.20,0.45;
-0.48,0.86,0.27;
-0.68,0.40,0.26;
-0.72,0.05,-0.06;
-1.14,-0.48,-0.34;
-2.05,-0.77,-0.54;
-1.78,-1.06,-0.61;
-1.59,-1.40,-1.16;
-0.88,-1.90,-1.04;
0.28,-2.04,-1.00;
-0.94,-2.01,-1.36;
-0.55,-1.51,-1.24;
-0.39,-1.34,-0.97;
-0.13,-0.67,-0.75;
-0.45,0.34,-1.07;
-0.91,0.89,-0.75;
-0.37,1.32,-0.40;
-0.95,1.76,-0.10;
-0.40,1.32,-0.22;
-0.74,1.24,-0.02;
-0.46,0.88,0.32;
-0.51,0.10,0.13;
-0.74,-0.27,0.01;
-0.33,-0.62,0.16;
-0.30,-1.12,-0.05;
-0.86,-1.64,-0.22;
-1.53,-2.04,0.18;
-1.36,-2.25,-0.45;
-1.44,-2.50,-0.39;
-1.65,-2.41,-0.43;
-0.97,-1.92,-0.66;
-0.69,-1.87,-0.66;
-0.42,-0.99,-0.64;
-0.05,-0.22,-0.75;
0.51,-0.07,-0.66;
0.19,0.75,-0.29;
-0.13,1.78,-0.83;
0.03,2.33,-0.20;
0.13,2.52,-0.72;
0.19,2.63,-0.55;
0.15,2.16,-0.61;
0.91,1.47,-0.63;
-0.36,1.17,-0.58;
-0.55,0.84,-0.61;
-0.72,0.04,-0.63;
-0.31,-0.82,-0.48;
-1.46,-1.57,-0.54;
-0.92,-1.90,-0.45;
-0.26,-2.18,-0.28;
0.48,-2.33,-0.00;
0.80,-2.32,-0.00;
0.48,-1.95,-0.11;
0.99,-1.43,-0.10;
1.52,-1.28,0.19;
1.75,-0.61,0.19;
1.32,0.59,-0.17;
1.99,0.57,0.12;
1.12,1.49,0.15;
0.77,2.07,-0.23;
0.42,2.28,-0.26;
-0.05,2.33,-0.48;
-0.40,2.16,-0.57;
-0.36,1.82,-0.74;
-0.62,1.06,-0.71;
-0.89,0.43,-0.52;
-0.51,-0.38,-0.58;
-0.17,-1.16,-0.39;
-0.34,-1.23,-0.16;
-0.31,-1.28,-0.22;
-0.40,-1.80,-0.16;
0.06,-1.83,0.09;
-0.80,-2.10,0.12;
-0.28,-1.41,0.30;
0.07,-1.08,0.55;
1.14,-1.05,0.67;
0.76,-0.30,0.70;
1.19,0.81,0.90;
1.08,0.81,0.73;
0.83,1.32,0.55;
0.03,1.73,0.36;
0.09,1.46,0.33;
-0.25,1.46,-0.03;
-0.16,1.23,-0.40;
-0.28,0.28,-0.46;
-1.38,0.26,-0.60;
-1.75,-0.04,-1.09;
-1.50,-0.80,-0.93;
-1.52,-0.65,-0.78;
-1.24,-0.87,-0.81;
-0.20,-1.02,-0.81;
0.10,-0.91,-0.90;
0.28,-0.67,-0.80;
0.21,-0.33,-0.71;
0.36,0.25,-0.61;
1.06,0.11,-0.71;
0.97,0.40,-0.61;
0.79,0.66,-0.43;
0.42,1.20,-0.19;
0.76,1.71,-0.11;
0.44,1.24,-0.02;
0.22,1.44,0.12;
-0.20,1.33,0.10;
-0.81,0.84,0.35;
-0.51,0.19,0.24;
-0.20,-0.30,0.29;
-0.23,-1.41,0.45;
0.01,-1.89,0.50;
-0.05,-2.36,0.53;
-0.23,-2.73,0.71;
-0.30,-2.53,0.58;
-0.39,-1.83,0.41;
0.09,-1.40,0.39;
0.21,-1.03,0.50;
-0.14,-0.12,0.35;
-0.13,0.54,0.12;
0.67,0.80,-0.03;
1.05,1.38,-0.25;
0.97,2.16,-0.25;
1.19,2.42,-0.78;
1.35,2.60,-0.42;
1.25,3.07,-0.71;
0.82,3.07,-0.80;
-0.05,2.74,-0.92;
-0.51,2.49,-1.18;
-0.52,1.58,-0.80;
-1.18,0.80,-0.45;
-1.81,-0.09,-0.39;
-1.27,-0.76,-0.51;
-1.43,-2.18,-0.06;
-0.80,-3.31,0.55;
-0.59,-4.25,0.71;
-0.34,-4.22,1.16;
-0.31,-3.81,1.31;
-0.72,-2.76,1.10;
-0.69,-1.49,0.99;
-0.10,-0.54,0.42;
-0.22,0.26,0.49;
0.16,0.84,-0.05;
1.06,0.97,-0.29;
0.76,1.65,-0.48;
0.73,2.11,-0.92;
0.70,2.22,-1.19;
0.48,2.52,-0.87;
-0.30,2.51,-1.42;
-0.98,2.63,-1.36;
-1.07,2.72,-1.27;
-0.20,2.43,-1.00;
0.19,2.11,-0.66;
0.45,1.24,-0.19;
-0.17,0.63,-0.28;
-0.33,0.04,0.23;
-0.28,-1.22,0.44;
-0.04,-2.13,1.05;
-0.05,-2.25,1.29;
0.18,-2.67,1.36;
-0.33,-2.53,1.31;
-0.08,-1.80,0.82;
0.24,-1.43,0.52;
-0.04,-0.41,-0.05;
0.44,0.20,-0.31;
0.73,0.72,-0.57;
0.07,1.09,-1.13;
-0.16,1.41,-1.44;
-0.89,1.68,-1.48;
-0.89,2.14,-1.42;
-0.92,1.85,-1.61;
-0.71,2.23,-1.22;
-0.95,2.52,-1.00;
-0.26,2.60,-0.52;
-0.20,2.83,-0.16;
0.25,2.71,0.47;
0.61,2.45,0.44;
0.10,2.13,0.97;
-0.39,1.27,1.16;
-1.01,0.30,1.32;
-0.28,-0.94,1.52;
-0.11,-1.96,1.22;
-0.81,-2.44,0.97;
-0.75,-3.11,0.73;
-0.33,-3.35,0.09;
-0.05,-3.48,-0.00;
-0.02,-3.09,-0.51;
0.04,-2.58,-0.60;
0.51,-2.29,-0.74;
0.28,-1.17,-1.00;
0.91,-0.76,-0.93;
0.47,0.05,-0.89;
0.06,0.94,-0.77;
0.16,1.39,-0.74;
0.19,1.96,-0.66;
0.42,1.87,-0.74;
0.27,1.78,-0.51;
-0.14,1.90,-0.60;
-0.17,1.33,-0.45;
0.01,0.78,-0.14;
-0.43,-0.24,0.13;
-0.01,-0.90,0.29;
0.06,-1.84,0.42;
0.48,-2.19,0.79;
0.99,-2.25,0.79;
1.08,-2.03,0.81;
1.22,-1.57,0.36;
-0.51,-0.76,0.24;
0.33,0.26,0.16;
0.79,0.16,-0.51;
0.70,0.62,-0.48;
0.79,0.68,-1.04;
0.27,0.46,-1.12;
0.70,0.48,-0.80;
1.08,0.54,-0.54;
0.50,0.59,-0.37;
0.28,0.84,-0.25;
0.24,0.74,0.07;
0.18,0.51,0.19;
0.86,0.13,0.55;
1.02,0.02,1.16;
0.21,-0.12,1.42;
1.02,-0.41,1.43;
0.35,-0.38,1.58;
-0.60,-0.10,1.17;
-1.17,-0.13,0.93;
-1.15,-0.33,0.38;
-1.50,-0.38,-0.25;
-1.20,-0.27,-0.45;
-1.06,-0.15,-1.53;
-0.65,-0.54,-2.02;
-0.74,-0.41,-2.42;
-0.92,-0.39,-2.66;
-1.73,-0.48,-3.09;
-1.61,-0.62,-3.36;
-1.17,-0.80,-3.04;
-1.20,-0.67,-2.57;
-1.07,-0.07,-1.73;
-0.08,0.07,-1.22;
-0.66,0.94,-0.29;
0.06,1.79,-0.06;
0.36,1.78,0.39;
-1.06,2.13,1.19;
0.64,1.93,1.71;
0.25,1.93,2.12;
-0.25,2.02,1.92;
1.14,1.29,1.86;
1.86,0.77,1.63;
1.09,1.04,1.42;
0.47,0.81,0.50;
0.45,0.84,0.35;
0.54,0.88,-0.37;
0.94,0.17,-1.12;
0.48,0.19,-1.41;
-0.16,-0.19,-1.74;
-0.71,-0.70,-2.02;
-0.68,-0.45,-1.93;
-1.01,-0.62,-1.93;
-0.71,-0.85,-1.62;
-0.91,-1.09,-1.09;
-0.68,-1.83,-1.13;
-0.45,-1.86,-0.14;
0.25,-1.83,0.21;
0.88,-2.36,0.55;
1.31,-2.09,1.46;
1.86,-1.75,1.49;
1.60,-1.45,1.92;
1.26,-0.32,1.58;
1.72,0.88,0.93;
1.38,2.04,0.55;
1.72,3.44,-0.17;
1.86,3.88,-0.84;
1.12,4.20,-1.47;
0.61,4.36,-1.85;
0.09,4.26,-2.13;
-0.34,4.22,-2.55;
0.04,3.47,-2.40;
-0.13,2.80,-2.48;
-0.30,2.25,-1.96;
-0.37,1.70,-1.51;
-0.62,1.79,-0.78;
-0.37,1.44,-0.37;
0.74,1.62,0.52;
1.23,1.24,0.96;
0.42,1.38,1.48;
0.04,1.30,1.66;
0.28,0.89,2.07;
0.45,0.26,2.15;
0.36,-0.25,2.00;
0.39,-0.13,1.94;
0.22,-0.19,1.83;
0.19,-0.48,1.40;
-0.40,-0.29,1.05;
0.18,-0.44,0.82;
-0.05,-0.71,0.52;
-0.33,-0.59,0.03;
-0.77,-0.41,-0.13;
-0.28,-0.58,-0.43;
0.06,-0.48,-0.75;
-1.01,-0.29,-0.71;
-1.06,-0.13,-0.68;
-1.91,0.13,-0.48;
-1.79,0.59,-0.19;
-0.95,0.63,0.26;
0.13,0.86,0.73;
0.01,1.13,0.82;
1.31,0.98,1.36;
0.68,1.18,1.49;
0.39,0.95,1.37;
1.26,0.72,1.22;
1.26,0.55,1.74;
1.45,-0.06,1.61;
1.22,-0.30,1.03;
0.65,-0.97,0.79;
0.28,-1.20,0.36;
-0.20,-1.52,0.42;
-0.65,-1.26,0.16;
-0.31,-1.78,-0.48;
-0.54,-1.96,-0.60;
-1.09,-2.06,-0.54;
-0.88,-1.83,-0.49;
-1.18,-1.35,-0.17;
-0.59,-1.20,-0.39;
-0.89,-0.59,-0.29;
-0.74,-0.33,-0.19;
-1.01,0.48,-0.02;
-0.94,0.88,-0.29;
-0.78,1.12,-0.26;
-0.49,1.30,-0.52;
-0.20,1.67,-0.16;
-0.60,1.47,-0.46;
-0.28,1.79,-0.45;
-0.45,1.35,-0.22;
-1.35,1.30,-0.28;
-2.19,0.37,-0.49;
-2.05,0.43,-0.13;
-1.91,0.08,0.21;
-1.38,-0.58,0.49;
-1.03,-0.61,0.50;
-0.81,-0.71,0.53;
-0.31,-0.97,0.99;
-0.33,-0.90,0.82;
0.61,-1.23,1.07;
0.59,-1.31,1.07;
0.16,-1.51,0.91;
0.38,-1.28,1.16;
-0.13,-0.80,1.07;
0.74,-0.61,1.03;
0.50,-0.36,0.96;
0.39,-0.03,0.27;
0.68,-0.01,0.12;
0.53,0.31,-0.39;
-0.02,0.72,-0.71;
0.47,0.62,-1.04;
-0.20,0.49,-1.15;
-0.91,0.81,-1.27;
-1.21,0.72,-1.38;
-1.27,0.83,-1.13;
-0.86,0.92,-0.97;
-0.52,1.00,-0.75;
-0.43,0.74,-0.75;
-0.69,0.63,-0.55;
-0.42,0.07,-0.42;
-0.16,-0.90,-0.02;
-0.95,-0.82,0.10;
-0.92,-0.96,-0.08;
0.07,-0.93,0.64;
-0.30,-0.67,0.59;
0.22,-0.33,0.74;
1.03,-0.42,0.71;
1.31,-0.21,0.84;
0.73,0.31,0.62;
0.64,0.43,0.27;
0.73,0.52,0.18;
0.22,0.86,-0.29;
0.22,0.72,-0.25;
-0.08,0.77,-0.26;
-0.11,0.65,-0.48;
0.19,0.34,-0.48;
-0.39,0.22,-0.75;
-0.69,-0.22,-0.77;
0.13,-0.27,-0.40;
0.10,-0.44,-0.34;
0.19,-0.70,-0.45;
0.41,-1.16,-0.42;
0.41,-1.38,-0.14;
0.16,-1.58,-0.14;
0.86,-1.45,-0.00;
0.48,-1.69,-0.03;
0.56,-1.83,0.10;
0.48,-1.70,0.12;
0.73,-1.55,0.07;
1.12,-1.08,-0.06;
1.52,-0.62,-0.25;
1.52,-0.59,-0.06;
1.09,-0.53,-0.64;
1.20,-0.68,-1.06;
1.48,-0.94,-0.97;
0.57,-0.50,-1.35;
0.35,-0.88,-1.59;
0.57,-0.83,-1.55;
0.06,-0.82,-1.51;
0.33,-0.83,-1.73;
0.67,-0.83,-1.73;
0.65,-0.99,-1.27;
0.36,-1.45,-1.38;
0.51,-1.43,-0.93;
0.36,-1.26,-0.42;
0.90,-1.37,-0.45;
1.03,-1.26,-0.14;
1.12,-1.12,-0.05;
1.51,-1.25,-0.00;
1.26,-1.29,0.19;
1.51,-1.31,0.52;
0.45,-1.14,0.29;
0.65,-1.29,0.32;
1.11,-1.19,0.52;
0.91,-1.64,0.44;
0.41,-1.87,0.76;
-0.14,-2.15,0.67;
-0.07,-1.81,0.91;
-0.08,-1.29,0.87;
0.39,-1.03,0.53;
0.44,-0.85,0.74;
0.51,-0.68,0.49;
0.99,-0.44,0.21;
1.45,-0.12,0.10;
1.19,0.11,0.18;
0.57,0.31,-0.25;
0.50,-0.09,-0.52;
0.94,-0.32,-0.17;
0.77,-0.54,-0.68;
0.82,-0.59,-0.81;
0.91,-0.64,-0.86;
1.49,-0.79,-1.07;
1.08,-0.96,-1.42;
1.20,-0.79,-1.97;
0.51,-0.90,-2.03;
0.80,-1.20,-2.17;
0.93,-1.14,-2.26;
0.77,-1.66,-2.32;
0.65,-1.51,-2.61;
1.08,-1.81,-2.61;
0.97,-1.77,-2.60;
0.79,-1.96,-2.81;
1.11,-2.12,-2.87;
1.34,-2.24,-2.60;
2.04,-2.33,-2.46;
1.90,-1.90,-2.45;
2.42,-1.48,-2.23;
2.54,-1.67,-2.10;
2.54,-1.69,-2.19;
2.32,-1.23,-2.00;
2.45,-0.97,-2.22;
2.38,-0.62,-1.99;
2.32,-0.39,-1.96;
2.10,-0.39,-1.61;
2.15,0.05,-1.47;
2.61,-0.03,-1.35;
2.64,0.17,-1.09;
2.39,0.20,-0.92;
2.36,0.00,-0.90;
2.44,-0.54,-1.01;
2.38,-0.48,-1.01;
2.36,-0.24,-1.09;
1.83,-0.01,-1.18;
1.89,-0.16,-0.98;
1.58,0.04,-1.09;
0.70,-0.21,-0.90;
0.51,-0.16,-1.19;
0.62,-0.53,-1.42;
0.61,-1.16,-1.71;
-0.28,-1.58,-1.94;
0.12,-2.32,-2.08;
0.32,-2.62,-2.08;
