-0.68,0.95,0.06;
-1.05,1.49,-0.48;
-0.85,1.38,-0.51;
-0.24,1.84,-0.83;
-0.26,1.65,-0.86;
0.05,2.07,-1.06;
0.29,1.94,-1.33;
0.44,2.23,-1.42;
0.26,2.28,-1.42;
0.03,2.13,-1.28;
-0.12,2.00,-1.19;
-0.97,1.68,-1.12;
-1.49,1.64,-0.84;
-1.66,1.01,-0.75;
-1.48,0.40,-0.41;
-2.12,0.16,-0.02;
-2.01,-0.48,0.07;
-1.86,-0.91,0.32;
-2.00,-0.90,0.61;
-1.59,-1.52,0.85;
-1.37,-1.98,0.99;
-1.19,-2.26,0.96;
-1.19,-2.39,0.87;
-1.57,-2.32,0.50;
-1.01,-2.44,0.47;
-1.49,-2.44,-0.22;
-1.95,-2.06,-0.48;
-1.59,-1.83,-0.77;
-1.83,-1.54,-1.13;
-1.98,-1.43,-1.44;
-1.94,-1.20,-1.54;
-2.43,-0.74,-1.61;
-2.04,-0.65,-1.85;
-2.09,-0.55,-1.68;
-2.17,-0.36,-1.94;
-1.57,-0.51,-2.03;
-1.83,-0.48,-1.83;
-1.91,-0.64,-1.54;
-1.77,-0.84,-1.50;
-1.81,-1.02,-1.33;
-1.57,-1.26,-0.78;
-1.08,-1.43,-0.49;
-1.83,-1.45,-0.09;
-1.89,-1.23,-0.26;
-1.60,-1.19,-0.60;
-2.07,-1.19,-0.69;
-1.20,-1.16,-0.92;
-1.75,-0.68,-1.03;
-1.42,-0.55,-1.10;
-1.22,-0.07,-1.41;
-1.31,0.48,-0.95;
-1.63,0.42,-1.16;
-1.65,0.80,-1.12;
-1.16,1.06,-1.03;
-1.62,1.06,-1.06;
-1.59,1.33,-1.12;
-1.25,1.90,-1.21;
-1.34,2.36,-1.48;
-0.94,2.72,-1.35;
-1.10,3.07,-1.62;
-1.20,3.39,-2.09;
-1.42,3.88,-1.97;
-1.37,3.74,-2.00;
-0.44,3.61,-2.17;
-0.62,3.30,-2.38;
-0.61,3.03,-2.03;
-0.99,2.77,-2.12;
-1.81,2.71,-2.09;
-1.68,2.37,-1.80;
-0.88,1.67,-1.79;
-0.72,0.83,-1.27;
-1.19,0.10,-1.06;
-0.90,-0.56,-1.03;
-0.50,-1.87,-0.34;
0.02,-2.64,0.59;
0.00,-3.23,0.87;
0.00,-4.18,1.54;
0.61,-5.19,1.95;
0.92,-6.38,2.65;
-0.88,-6.50,2.93;
-0.23,-6.84,3.25;
-0.96,-6.93,3.52;
-1.69,-7.02,3.59;
-2.00,-7.05,3.28;
-2.03,-6.61,3.23;
-2.01,-6.16,2.90;
-2.07,-5.69,2.75;
-1.71,-4.79,1.91;
-1.52,-4.45,1.07;
-0.78,-3.42,1.07;
-0.20,-3.02,0.46;
0.15,-2.10,-0.15;
-0.91,-1.13,-0.44;
-0.70,-0.56,-1.27;
-0.56,0.14,-1.21;
-0.99,0.43,-1.68;
-0.50,1.15,-2.03;
-0.59,1.73,-2.54;
-0.41,2.11,-2.52;
0.00,2.37,-2.84;
0.52,2.20,-2.78;
0.02,2.32,-2.29;
-0.21,2.25,-2.49;
-0.01,1.78,-2.64;
0.41,1.13,-2.28;
0.02,0.60,-2.09;
0.96,-0.48,-2.37;
1.16,-0.64,-2.40;
1.19,-0.35,-2.80;
1.85,-0.91,-3.39;
0.89,-1.11,-3.44;
0.90,-1.54,-3.62;
0.52,-1.98,-3.50;
0.84,-2.22,-3.68;
1.25,-2.90,-3.09;
0.84,-3.52,-3.07;
1.83,-4.22,-2.86;
1.28,-4.96,-3.13;
1.28,-6.13,-2.90;
2.22,-7.45,-2.34;
1.67,-8.41,-2.03;
1.56,-9.06,-1.51;
1.77,-9.87,-0.89;
2.84,-10.33,0.03;
4.37,-11.77,0.85;
4.77,-12.65,1.92;
5.42,-13.22,2.88;
6.64,-14.07,2.91;
6.93,-14.19,2.99;
7.09,-14.47,2.94;
7.56,-14.70,3.22;
6.93,-14.30,2.91;
7.12,-13.84,2.49;
6.93,-13.08,2.53;
6.89,-11.98,2.14;
6.40,-10.55,1.83;
6.08,-8.77,1.39;
5.97,-7.19,1.31;
5.53,-5.31,1.39;
6.66,-4.03,0.99;
6.34,-2.27,1.17;
5.90,-0.82,0.81;
6.20,0.29,0.91;
6.64,1.70,1.01;
7.44,2.60,0.67;
7.67,3.38,0.50;
7.07,4.00,0.59;
6.26,4.29,0.64;
6.08,4.05,0.84;
4.99,3.55,0.62;
3.57,2.84,0.75;
2.25,2.10,0.81;
2.54,0.37,1.30;
2.96,-1.68,2.46;
3.39,-4.07,3.75;
1.79,-6.21,4.64;
3.53,-8.80,4.78;
5.07,-11.25,5.51;
4.92,-13.35,6.76;
6.74,-15.98,7.66;
7.42,-17.51,8.68;
7.48,-18.97,10.06;
8.11,-19.97,10.73;
8.06,-20.41,11.69;
7.44,-21.39,11.86;
8.99,-23.09,12.09;
6.25,-23.05,12.65;
7.65,-23.32,13.31;
8.83,-23.61,14.01;
8.25,-23.86,14.46;
9.79,-24.51,15.14;
10.66,-25.32,15.75;
9.06,-24.94,16.18;
9.82,-25.61,16.85;
11.09,-26.21,17.78;
12.20,-26.33,18.44;
13.68,-26.53,19.97;
13.91,-26.16,21.45;
13.83,-25.61,23.63;
14.99,-25.16,25.13;
16.05,-24.19,26.70;
13.44,-22.65,28.91;
11.13,-21.42,30.36;
8.40,-20.58,32.14;
6.20,-19.58,33.92;
3.74,-17.49,34.62;
-4.10,-13.22,30.30;
-0.27,-14.82,30.00;
1.15,-8.79,28.36;
4.72,-9.29,25.05;
7.38,-7.77,25.42;
12.89,-4.99,23.63;
13.93,-0.99,20.75;
11.47,2.98,17.78;
10.43,7.84,12.12;
13.06,10.29,7.26;
15.61,12.60,4.38;
18.25,15.84,2.50;
19.50,19.13,0.44;
21.01,21.79,-2.46;
20.64,25.30,-4.23;
19.39,30.02,-6.92;
18.14,34.81,-9.97;
15.36,38.32,-11.82;
15.24,41.76,-13.36;
14.81,44.75,-15.07;
13.41,47.44,-17.06;
10.28,50.32,-17.19;
10.99,52.10,-15.70;
7.86,52.39,-13.28;
-1.28,50.81,-10.38;
-8.47,46.05,-8.89;
-10.79,42.74,-9.33;
-9.28,43.06,-13.19;
-7.98,46.66,-19.25;
4.86,49.84,-23.79;
13.47,49.47,-25.19;
16.55,46.17,-23.73;
16.43,41.35,-19.48;
11.54,37.41,-14.72;
13.99,31.97,-10.14;
19.33,25.52,-1.48;
28.80,15.35,3.62;
29.36,4.95,8.47;
31.77,-7.78,11.37;
28.03,-18.87,15.22;
23.94,-27.86,19.52;
20.72,-32.70,25.51;
16.98,-37.31,29.98;
9.01,-39.54,31.81;
-2.84,-37.26,30.15;
-15.28,-32.06,26.59;
-20.00,-26.18,23.23;
-16.81,-20.84,20.01;
-14.75,-15.26,16.04;
-9.72,-11.28,10.29;
-3.51,-10.45,7.92;
-3.60,-8.94,4.94;
-5.56,-8.58,4.84;
-1.08,-10.65,6.10;
2.28,-14.88,9.63;
6.09,-22.36,12.00;
2.11,-27.54,16.43;
-6.87,-29.48,19.16;
-16.94,-28.55,21.11;
-23.16,-26.29,22.38;
-26.90,-24.30,23.97;
-28.32,-23.98,27.42;
-26.76,-24.50,29.08;
-29.20,-24.26,29.91;
-29.33,-24.29,29.62;
-27.86,-22.06,28.96;
-22.29,-20.70,26.52;
-18.76,-17.61,22.55;
-12.56,-14.26,18.93;
-9.66,-11.86,13.51;
-10.67,-7.87,9.83;
-12.61,-3.17,4.81;
-11.08,1.09,-0.31;
-7.63,4.81,-4.06;
-4.50,8.55,-7.38;
-5.89,9.88,-9.06;
-6.58,10.60,-10.55;
-11.94,11.09,-10.54;
-15.33,11.00,-10.80;
-20.14,10.49,-11.68;
-23.11,11.47,-12.12;
-23.80,12.68,-11.61;
-24.82,13.30,-9.48;
-24.24,13.03,-8.54;
-27.94,12.46,-6.60;
-37.01,11.30,-4.78;
-42.15,10.03,-3.45;
-44.68,9.81,-2.26;
-41.45,9.44,-1.68;
-36.87,7.85,-2.54;
-37.19,6.72,-3.76;
-32.75,7.45,-4.89;
-26.03,8.25,-5.71;
-17.10,9.21,-7.27;
-9.16,10.49,-10.15;
4.43,11.33,-13.45;
12.69,14.45,-16.25;
20.26,18.48,-19.74;
21.90,20.29,-22.32;
18.28,21.27,-23.15;
10.14,22.16,-23.74;
1.42,24.94,-24.89;
-1.43,27.76,-25.73;
-1.63,29.20,-26.67;
-1.04,29.79,-29.01;
0.81,30.16,-31.04;
1.67,30.57,-32.23;
-0.09,31.84,-33.07;
-4.15,32.72,-34.31;
-7.69,32.31,-35.01;
-10.79,31.52,-35.67;
-12.15,30.13,-36.44;
-8.47,27.55,-36.99;
-0.30,25.18,-37.21;
11.32,22.48,-36.34;
13.93,18.94,-34.55;
14.57,15.82,-32.49;
6.23,11.99,-28.02;
-3.75,7.81,-24.29;
-8.47,6.28,-21.54;
-7.91,5.44,-20.17;
-3.20,3.13,-19.96;
-1.01,-0.58,-19.94;
0.95,-4.45,-19.03;
1.06,-6.76,-17.88;
3.24,-9.17,-16.28;
6.63,-10.84,-15.19;
10.44,-13.64,-13.25;
9.33,-16.26,-11.27;
6.08,-18.01,-9.71;
2.64,-20.41,-7.41;
0.75,-22.50,-4.74;
0.75,-23.00,-3.16;
0.22,-23.05,-2.09;
2.44,-23.49,-1.28;
4.89,-23.13,-0.31;
6.72,-22.10,-0.00;
8.26,-20.15,0.81;
10.38,-18.13,0.79;
10.86,-16.67,0.65;
9.56,-14.09,0.78;
7.64,-11.28,0.43;
5.99,-9.08,-0.20;
5.65,-5.95,-1.09;
5.47,-2.79,-2.32;
4.81,0.95,-3.48;
3.93,3.71,-4.83;
1.79,6.36,-5.96;
0.11,9.45,-7.33;
0.61,11.16,-8.22;
1.07,12.61,-8.95;
1.27,13.71,-9.61;
0.57,14.37,-9.67;
0.69,16.17,-9.12;
0.63,18.16,-8.19;
-0.91,20.72,-7.01;
-2.43,23.45,-5.25;
-3.16,24.69,-4.69;
-1.20,24.26,-3.22;
1.15,23.82,-2.20;
1.74,24.49,-2.05;
1.19,26.02,-1.96;
2.40,26.83,-2.12;
5.57,26.19,-1.61;
7.48,24.20,-1.10;
5.90,22.98,-0.80;
3.62,22.43,-0.55;
1.07,23.04,-0.22;
-0.78,24.07,-0.46;
-2.62,24.20,-0.70;
-3.16,23.15,-0.63;
-2.61,21.71,0.09;
-2.24,20.87,1.11;
-5.16,20.83,2.91;
-7.86,21.21,3.46;
-8.14,19.97,4.15;
-7.07,17.67,5.10;
-4.81,14.95,6.44;
-4.06,12.91,7.45;
-3.52,12.14,7.59;
-4.53,11.74,7.80;
-3.59,10.77,7.80;
-1.92,8.91,7.85;
-0.65,6.94,8.29;
-0.17,4.72,8.49;
-1.42,4.52,8.72;
-4.53,5.04,7.66;
-5.83,5.20,6.21;
-3.92,4.23,5.19;
-2.73,3.09,4.68;
-2.58,1.85,4.68;
-3.85,1.18,3.86;
-6.00,1.67,2.65;
-6.81,3.04,0.88;
-5.65,3.87,-0.99;
-3.74,3.44,-2.55;
-1.48,2.57,-3.51;
-2.46,2.87,-3.42;
-2.59,2.97,-3.30;
-2.36,3.27,-3.03;
-1.16,3.65,-2.12;
1.67,3.99,-1.65;
3.36,4.02,-0.86;
5.36,2.92,0.38;
4.98,2.98,2.32;
1.54,3.70,3.86;
0.84,4.22,4.55;
0.67,3.97,4.76;
1.12,2.49,5.11;
-0.85,2.25,5.81;
-2.24,2.22,5.83;
-3.60,3.73,4.46;
-3.51,4.57,2.87;
-1.11,4.34,1.07;
2.60,2.26,-0.34;
3.94,0.75,-0.90;
3.33,0.13,-1.77;
4.41,0.57,-2.08;
5.42,0.72,-1.68;
5.67,1.03,-1.65;
4.67,1.07,-1.68;
4.51,0.84,-1.35;
3.68,1.10,-1.07;
2.83,2.19,-0.41;
2.44,2.29,-0.67;
3.79,2.13,-0.61;
5.71,1.70,0.26;
4.58,1.82,1.43;
3.36,2.10,1.95;
2.89,2.10,2.88;
1.83,2.45,3.48;
1.16,2.60,3.94;
0.95,2.94,4.84;
0.35,2.69,5.56;
1.39,1.94,5.81;
1.21,1.21,6.49;
1.22,0.28,7.37;
1.48,1.15,7.05;
2.52,0.86,6.21;
3.83,0.22,5.75;
4.37,0.25,4.88;
4.43,0.11,4.30;
5.76,-0.74,4.23;
5.68,-1.52,4.14;
3.96,-1.52,3.54;
1.73,-1.48,2.68;
2.02,-2.24,1.31;
2.60,-3.20,0.65;
2.12,-5.14,-0.40;
2.87,-6.21,-0.99;
4.51,-8.01,-1.27;
4.84,-9.39,-1.77;
4.05,-10.10,-2.05;
3.77,-10.76,-2.58;
2.12,-11.42,-3.27;
0.69,-11.90,-2.99;
-0.49,-12.65,-2.86;
0.38,-13.84,-2.22;
0.72,-15.58,-1.38;
0.54,-16.16,-0.70;
-1.68,-15.63,-0.00;
-3.69,-13.42,-0.49;
-4.01,-12.24,-0.66;
-3.94,-12.16,-0.95;
-1.56,-13.77,0.24;
1.79,-16.91,0.65;
3.19,-19.45,1.51;
5.50,-20.16,2.17;
4.81,-18.65,2.10;
3.38,-16.76,1.66;
1.28,-13.55,0.52;
-1.78,-10.50,-0.11;
-4.06,-9.16,-0.44;
-7.57,-7.61,-1.18;
-7.14,-8.03,-2.52;
-5.14,-9.14,-3.68;
-2.68,-10.04,-5.27;
-2.49,-9.37,-6.78;
-2.03,-9.03,-8.05;
-1.16,-9.29,-8.52;
-1.52,-9.49,-8.89;
-2.30,-10.01,-8.89;
-2.50,-10.51,-8.90;
-2.04,-11.20,-8.55;
-1.77,-12.21,-8.20;
-1.19,-12.94,-8.03;
-0.32,-14.47,-7.35;
0.67,-15.45,-6.32;
2.48,-16.70,-4.38;
5.25,-17.55,-1.97;
7.45,-19.13,0.53;
9.74,-20.15,3.62;
11.10,-21.63,5.46;
11.13,-22.67,7.94;
10.72,-23.20,10.70;
10.80,-23.77,12.79;
12.37,-24.76,15.28;
12.96,-24.85,17.95;
12.87,-25.05,20.41;
10.89,-24.97,22.64;
7.32,-24.70,24.27;
6.49,-24.51,25.42;
4.95,-24.67,26.23;
3.96,-24.26,26.75;
2.84,-23.03,27.19;
1.06,-21.31,27.31;
0.35,-18.13,27.01;
-0.27,-14.39,26.90;
-0.72,-10.84,27.75;
0.72,-7.81,28.00;
2.93,-5.13,27.95;
5.03,-2.18,28.49;
7.77,-1.80,27.77;
8.87,-0.74,27.28;
7.44,1.35,25.88;
8.89,0.89,23.17;
12.86,1.32,19.98;
15.35,1.52,17.16;
17.99,1.07,15.54;
18.38,0.89,14.07;
18.60,0.69,15.02;
10.38,5.06,12.90;
4.80,6.20,10.50;
-0.39,8.58,7.22;
-1.81,12.03,2.30;
-2.47,15.61,-1.35;
-1.80,20.32,-6.87;
2.80,23.99,-10.72;
11.61,26.89,-12.55;
16.25,30.98,-13.33;
15.77,35.36,-12.64;
12.02,37.73,-8.98;
7.33,39.20,-6.87;
0.52,39.09,-4.66;
-4.00,39.15,-3.77;
-6.67,39.13,-0.55;
-14.00,38.80,3.33;
-28.04,36.72,5.81;
-38.84,31.84,7.02;
-53.59,24.08,7.68;
-57.71,16.49,6.82;
-55.54,13.39,7.22;
-45.08,9.90,6.81;
-37.45,5.52,6.21;
-32.30,1.13,5.65;
-29.30,0.22,6.06;
-22.24,0.86,5.59;
-13.97,2.07,3.72;
-3.81,1.99,2.90;
9.04,4.74,-4.06;
15.32,12.57,-8.87;
24.75,19.53,-13.51;
34.26,23.23,-17.82;
38.49,21.58,-20.58;
38.86,16.10,-18.70;
37.64,9.56,-14.35;
28.98,4.40,-7.25;
18.03,-2.96,1.51;
14.20,-12.29,8.73;
10.95,-20.01,18.96;
15.53,-32.82,28.81;
19.76,-41.87,32.61;
8.54,-46.47,36.49;
-5.42,-45.98,37.19;
-11.28,-41.34,36.18;
-10.50,-41.11,32.09;
-17.37,-37.19,30.21;
-21.05,-32.55,28.06;
-19.22,-29.93,26.75;
-13.80,-25.81,24.93;
-3.49,-24.42,22.07;
2.15,-22.62,22.15;
16.78,-28.61,23.95;
18.38,-32.45,26.06;
11.71,-30.62,28.04;
5.36,-29.49,28.70;
0.86,-24.74,28.20;
0.05,-20.41,24.88;
2.12,-17.16,21.89;
7.71,-14.06,20.62;
6.15,-9.95,16.81;
-2.59,-5.48,13.22;
-5.04,0.86,8.52;
-1.25,3.62,1.91;
0.38,7.71,-4.72;
3.27,11.90,-10.02;
6.86,15.42,-14.14;
7.22,18.05,-17.71;
6.61,19.74,-20.80;
6.17,22.77,-23.45;
3.47,24.23,-25.57;
1.45,25.64,-25.96;
2.40,25.62,-26.02;
4.46,24.28,-25.67;
0.78,23.55,-24.98;
-6.01,23.18,-23.71;
-11.49,22.72,-22.58;
-14.29,22.40,-22.32;
-16.04,22.55,-22.37;
-16.38,24.29,-22.78;
-17.86,26.52,-23.27;
-16.91,27.06,-23.76;
-14.39,25.84,-23.77;
-12.82,25.16,-24.37;
-11.04,24.55,-25.15;
-9.19,24.36,-26.15;
-5.52,23.78,-26.87;
-0.97,22.36,-27.10;
2.26,21.00,-27.07;
4.44,19.87,-26.81;
3.76,19.50,-25.65;
0.03,19.65,-24.57;
-4.72,19.47,-23.32;
-8.10,19.03,-22.58;
-8.38,16.58,-21.13;
-6.68,10.95,-19.56;
-4.84,6.36,-17.94;
-4.09,3.45,-15.50;
-1.11,-0.01,-13.09;
-0.38,0.13,-10.23;
-3.14,-0.56,-8.69;
-5.77,-0.71,-7.65;
-7.85,-2.85,-6.12;
-5.81,-5.63,-4.57;
-3.80,-8.42,-3.47;
-3.66,-10.61,-2.83;
-4.84,-10.10,-3.10;
-6.53,-8.99,-3.13;
-8.91,-7.78,-2.83;
-9.85,-5.78,-3.48;
-8.81,-6.26,-4.44;
-6.65,-5.39,-6.19;
-3.16,-4.91,-9.25;
2.78,-4.24,-12.19;
5.44,-1.75,-14.80;
6.22,1.18,-17.28;
7.76,4.52,-20.57;
4.48,8.07,-23.01;
3.53,10.46,-24.72;
4.78,13.18,-26.58;
5.82,15.13,-28.11;
5.06,17.44,-29.18;
4.20,20.58,-30.03;
2.17,23.32,-30.93;
-0.26,25.41,-31.21;
-1.88,27.15,-30.57;
-1.86,28.07,-30.35;
-3.74,27.90,-29.16;
-4.24,27.45,-27.77;
-1.30,26.87,-25.70;
0.23,25.32,-23.94;
1.56,24.52,-23.09;
2.49,23.52,-22.11;
3.86,22.00,-20.95;
5.09,21.18,-19.64;
5.41,18.66,-18.03;
5.03,16.52,-16.64;
4.03,14.57,-15.22;
3.50,12.63,-13.35;
3.83,10.87,-11.35;
4.11,8.40,-9.65;
2.38,6.86,-7.91;
1.91,5.15,-6.51;
0.14,3.12,-4.74;
-0.97,1.35,-2.89;
-2.59,-0.09,-1.21;
-4.58,-1.28,0.59;
-3.63,-3.08,2.14;
-4.65,-4.77,3.16;
-4.75,-5.87,3.97;
-3.78,-6.96,4.12;
-2.70,-7.80,4.96;
-1.17,-9.19,5.80;
-2.47,-9.39,6.82;
-3.22,-9.31,6.97;
-2.78,-9.02,7.57;
-1.16,-9.75,8.06;
0.74,-10.61,8.68;
3.65,-12.09,9.08;
5.06,-12.85,9.31;
2.63,-12.07,9.14;
0.87,-10.90,8.15;
-0.36,-10.84,7.43;
0.34,-11.68,6.58;
0.49,-12.03,6.26;
-1.22,-11.69,6.21;
-0.52,-10.93,5.60;
-0.09,-9.58,4.62;
0.58,-8.74,3.80;
1.91,-8.87,3.46;
2.87,-9.81,3.37;
2.17,-10.32,3.43;
1.48,-10.13,2.87;
1.10,-9.43,2.49;
2.64,-9.00,2.14;
4.08,-8.76,2.43;
4.92,-9.14,2.64;
4.90,-9.78,3.36;
3.57,-9.80,4.17;
1.64,-8.59,4.67;
-0.73,-7.13,4.99;
-1.23,-5.68,5.75;
-0.09,-6.16,6.76;
-1.42,-5.16,7.51;
-3.05,-3.98,7.33;
-3.65,-2.50,6.07;
-2.07,-0.96,4.17;
-0.15,-0.59,3.28;
1.96,-1.19,2.56;
3.62,-2.13,3.16;
2.84,-1.78,3.07;
-2.75,0.51,2.15;
-5.07,2.51,0.65;
2.34,1.45,-0.61;
4.61,0.89,-1.12;
2.20,2.08,-0.72;
1.76,2.81,-1.70;
3.51,2.97,-1.76;
5.97,3.24,-1.76;
5.97,3.88,-1.16;
5.28,4.55,-0.40;
4.52,5.26,0.88;
0.93,6.28,2.33;
-0.75,7.36,3.56;
-2.97,9.23,3.95;
-3.86,11.62,4.20;
-6.03,14.10,4.49;
-5.74,15.16,4.82;
-3.51,15.78,4.47;
-3.94,16.19,3.20;
-2.65,16.98,1.86;
2.74,16.66,0.38;
6.19,16.32,-0.37;
6.28,16.42,-1.62;
5.73,16.57,-2.43;
5.44,15.91,-2.58;
5.79,14.84,-3.32;
3.38,14.10,-3.44;
-0.04,13.55,-3.53;
-2.64,13.30,-3.57;
-2.61,12.25,-3.35;
-2.59,12.32,-2.86;
-2.88,11.99,-1.79;
-2.62,12.19,-1.64;
-2.20,12.71,-0.52;
-1.77,12.97,0.32;
-1.68,13.64,0.24;
-1.72,13.73,0.82;
-1.34,13.36,1.62;
0.63,12.45,1.92;
1.15,11.61,2.61;
2.29,10.69,2.93;
3.42,9.52,2.61;
4.75,8.25,2.52;
5.88,6.22,2.38;
6.31,3.85,2.20;
4.51,2.03,1.77;
1.82,1.29,1.11;
0.80,-0.51,0.27;
-0.81,-1.95,-0.69;
-3.08,-3.00,-1.82;
-4.82,-4.32,-2.58;
-4.65,-6.03,-3.32;
-5.01,-6.61,-4.03;
-5.11,-8.03,-4.35;
-4.26,-8.79,-5.12;
-2.62,-10.47,-6.03;
-0.17,-11.05,-5.61;
2.44,-12.50,-5.16;
4.05,-13.22,-4.98;
4.37,-13.66,-4.64;
4.80,-14.59,-3.61;
4.78,-15.95,-1.99;
4.25,-17.60,-0.64;
1.48,-19.09,1.60;
-0.24,-20.38,3.52;
-1.08,-21.69,5.63;
-2.81,-23.46,7.37;
-4.41,-24.13,8.91;
-5.45,-25.16,10.27;
-7.20,-24.53,10.79;
-10.73,-23.51,11.16;
-11.71,-22.85,11.51;
-11.36,-22.64,11.39;
-11.48,-22.65,10.73;
-8.55,-22.59,9.45;
-5.85,-23.43,7.77;
-0.76,-23.66,6.03;
0.44,-22.35,3.80;
0.92,-20.03,1.30;
1.67,-18.00,-0.44;
2.74,-16.19,-2.32;
0.99,-15.02,-3.71;
-0.52,-14.84,-4.61;
-1.49,-15.23,-5.71;
-1.46,-15.63,-6.26;
-1.97,-15.72,-6.40;
-1.39,-16.13,-6.48;
0.75,-16.97,-6.64;
3.44,-18.61,-6.51;
5.61,-19.84,-6.06;
8.02,-21.29,-4.92;
10.72,-23.92,-4.08;
10.99,-25.14,-3.50;
11.88,-25.72,-2.58;
14.40,-26.93,-2.05;
16.06,-27.87,-1.04;
17.12,-28.80,0.72;
17.71,-29.42,2.72;
19.18,-29.26,4.75;
19.36,-29.49,6.84;
19.74,-29.31,8.58;
18.38,-28.50,11.14;
17.16,-27.42,12.65;
15.68,-26.19,15.52;
15.18,-24.41,18.62;
15.32,-22.93,20.23;
13.35,-20.44,22.78;
12.03,-18.56,25.28;
11.42,-16.96,27.57;
10.38,-15.23,29.28;
9.24,-13.26,30.59;
8.99,-10.76,31.88;
8.14,-8.41,32.15;
6.67,-5.90,31.81;
6.58,-3.87,30.53;
7.16,-2.38,30.73;
5.83,0.87,28.58;
5.90,3.15,26.43;
6.25,4.14,24.64;
7.19,5.33,21.46;
10.51,5.73,17.19;
16.31,2.63,14.67;
20.02,1.61,12.85;
27.30,1.76,7.16;
35.12,3.70,6.24;
41.10,5.87,5.88;
42.98,9.10,5.86;
40.25,13.56,4.73;
33.13,16.57,3.95;
24.87,19.91,2.99;
18.09,22.54,1.62;
16.60,23.04,1.19;
17.03,24.02,1.60;
11.86,26.51,2.93;
5.33,29.39,4.14;
0.26,29.97,4.84;
-6.67,27.30,5.74;
-13.74,25.39,5.95;
-20.99,23.96,5.78;
-28.55,22.48,7.30;
-27.91,20.49,10.29;
-24.20,15.68,12.59;
-21.71,8.72,12.29;
-15.97,-0.47,11.66;
-0.93,-7.32,7.10;
16.90,-8.91,0.76;
34.37,-7.54,-4.83;
54.43,-4.65,-5.32;
74.60,-7.40,-4.96;
82.48,-10.38,-4.49;
81.18,-12.10,-3.13;
78.57,-14.30,-0.89;
74.58,-15.98,3.60;
64.84,-16.85,8.47;
58.84,-30.67,-1.19;
25.15,-19.08,26.85;
27.97,-30.99,11.59;
-16.10,-33.63,24.72;
-19.04,-34.68,25.04;
-37.78,-38.48,25.54;
-55.36,-37.06,21.72;
-64.84,-33.83,19.60;
-59.71,-34.15,15.10;
-59.25,-32.56,11.65;
-48.91,-30.07,8.82;
-32.23,-24.76,6.90;
-16.59,-18.19,3.36;
-5.05,-13.93,0.79;
-2.72,-10.68,0.43;
2.87,-8.74,-0.83;
1.70,-8.41,0.15;
-2.59,-8.19,1.74;
-12.44,-10.12,6.26;
-21.81,-14.76,13.75;
-27.48,-21.25,17.95;
-42.21,-21.40,22.03;
-60.61,-17.72,24.76;
-65.45,-15.64,26.10;
-64.43,-15.89,25.95;
-60.52,-15.83,25.74;
-50.56,-16.68,23.68;
-46.59,-15.63,22.88;
-39.02,-15.23,20.38;
-31.62,-13.71,18.01;
-24.00,-13.52,14.78;
-16.49,-12.24,12.46;
-10.03,-9.83,9.75;
-6.04,-7.13,6.85;
-7.36,-3.23,5.08;
-8.18,-1.28,2.68;
-9.69,0.74,2.24;
-14.07,2.89,1.60;
-17.56,5.42,0.50;
-21.11,8.31,-0.48;
-24.17,10.13,-2.11;
-29.23,11.38,-3.24;
-32.43,13.16,-3.68;
-33.46,14.07,-3.36;
-37.39,16.00,-3.13;
-39.07,19.06,-2.12;
-36.61,21.58,-1.38;
-34.59,24.05,-0.38;
-31.69,27.38,0.35;
-28.04,32.81,2.55;
-24.76,36.46,4.24;
-14.43,39.73,4.46;
-7.42,43.18,3.68;
1.09,45.36,1.11;
4.22,46.75,-1.47;
6.69,48.80,-5.07;
6.67,50.92,-9.48;
4.74,53.06,-14.46;
4.28,53.93,-19.73;
4.96,54.81,-22.98;
4.25,55.30,-25.53;
1.91,55.21,-28.78;
-2.32,55.16,-31.68;
-5.57,54.43,-33.62;
-6.29,52.25,-36.11;
-3.54,49.59,-38.95;
-1.34,46.58,-42.57;
3.51,45.56,-45.93;
8.19,45.27,-47.99;
9.56,44.31,-49.27;
8.92,42.34,-51.10;
8.70,38.71,-52.63;
13.50,33.10,-53.22;
16.43,29.88,-53.09;
16.78,26.69,-51.82;
15.33,25.96,-50.41;
13.21,25.93,-49.03;
13.56,25.64,-46.31;
9.62,24.25,-41.85;
4.72,22.19,-37.33;
0.69,19.81,-32.77;
-3.30,17.39,-28.51;
-3.57,15.61,-24.84;
-2.04,14.17,-21.83;
0.22,12.07,-18.61;
2.03,10.57,-16.02;
2.23,9.00,-13.96;
4.03,7.67,-11.45;
7.73,5.58,-8.86;
8.38,4.45,-6.34;
7.80,3.47,-3.80;
6.58,3.07,-0.87;
2.83,2.34,1.97;
1.54,1.61,3.78;
-1.05,-0.64,5.71;
-3.74,-2.06,6.76;
-5.13,-3.71,6.96;
-2.78,-5.25,6.99;
0.38,-6.33,7.74;
2.72,-6.76,7.52;
3.16,-6.96,7.81;
4.23,-7.13,6.81;
6.14,-8.61,5.36;
7.71,-9.20,4.32;
8.28,-9.66,2.96;
8.51,-9.93,1.74;
8.20,-10.36,0.97;
6.86,-10.27,-0.34;
5.68,-10.16,-1.82;
3.71,-10.19,-3.24;
2.58,-10.24,-4.78;
0.48,-9.11,-7.07;
-1.42,-7.75,-9.15;
-2.58,-6.24,-10.99;
-3.40,-4.55,-12.49;
-4.59,-2.33,-13.41;
-6.24,-1.89,-14.00;
-5.94,0.31,-14.95;
-6.44,3.44,-16.34;
-6.18,5.45,-16.98;
-4.93,6.63,-16.80;
-3.62,7.36,-17.30;
-1.02,7.74,-17.90;
2.89,7.47,-17.73;
5.70,7.49,-17.22;
6.38,8.40,-17.13;
6.55,9.35,-17.27;
6.75,10.28,-16.90;
6.12,10.26,-14.78;
5.83,9.42,-13.15;
5.39,8.72,-10.74;
2.20,8.63,-8.72;
1.41,8.74,-6.74;
0.08,9.06,-4.75;
0.20,8.25,-2.66;
0.72,7.16,-0.55;
0.87,5.97,1.34;
1.10,5.64,3.57;
0.23,6.14,5.69;
0.87,6.55,6.72;
1.77,6.65,7.86;
4.58,5.85,8.41;
6.61,5.49,8.49;
7.28,5.00,8.26;
5.15,5.62,8.20;
4.64,6.36,7.42;
4.74,6.84,6.30;
5.51,6.08,5.37;
6.46,5.52,3.97;
7.04,5.21,2.94;
6.87,4.77,1.28;
9.28,3.01,-0.17;
9.82,1.88,-1.32;
8.70,0.43,-1.41;
6.63,-0.30,-1.32;
5.68,-0.65,-0.86;
3.30,-0.76,-0.99;
-0.67,-0.18,-0.15;
-0.53,-1.16,0.65;
-0.94,-2.56,2.75;
-2.06,-3.86,5.86;
-1.86,-4.09,7.89;
-0.06,-3.60,8.41;
-0.36,-1.64,8.23;
2.11,0.45,7.28;
3.74,1.18,7.25;
3.33,0.42,7.88;
2.52,-0.44,9.14;
0.96,0.36,8.85;
-1.83,2.10,7.45;
-4.84,3.53,5.65;
-2.00,2.49,3.30;
0.31,0.23,1.92;
0.72,-2.61,0.23;
-0.44,-4.56,-0.43;
4.05,-5.43,-1.42;
7.07,-5.93,-2.67;
7.67,-4.47,-2.98;
9.83,-3.55,-2.95;
6.38,-2.96,-2.08;
1.19,-1.95,-0.84;
-1.92,-1.28,0.67;
-4.03,-0.36,1.65;
-6.52,1.21,3.26;
-8.15,2.40,4.47;
-7.43,2.63,5.62;
-6.41,2.31,6.18;
-5.63,1.74,7.05;
-1.25,1.18,8.30;
3.70,0.63,9.26;
4.11,1.35,9.63;
3.54,1.73,9.59;
4.75,1.84,9.45;
6.57,0.28,9.98;
6.57,-1.35,10.58;
4.23,-2.15,10.38;
2.52,-2.51,10.73;
3.76,-4.00,10.85;
2.31,-4.74,10.68;
-0.61,-4.36,11.01;
-1.28,-5.00,10.96;
-1.31,-5.37,10.85;
-1.69,-6.07,11.56;
-2.61,-6.45,11.36;
-3.13,-6.09,10.41;
-2.07,-6.26,9.80;
0.12,-6.16,9.43;
1.28,-6.39,8.46;
1.86,-6.24,8.00;
1.57,-6.47,7.75;
1.97,-6.71,7.22;
1.51,-7.23,6.14;
0.54,-7.22,4.96;
-0.17,-6.61,3.88;
1.51,-6.71,3.04;
1.94,-7.23,1.86;
2.43,-7.83,0.73;
2.02,-8.82,0.67;
2.37,-9.39,0.23;
2.72,-10.00,0.01;
1.10,-9.72,-0.19;
-0.70,-8.32,-0.89;
-1.11,-7.37,-0.69;
-2.50,-6.26,-0.49;
-3.30,-5.63,-0.40;
-2.94,-6.62,-0.28;
-0.88,-8.88,0.12;
0.63,-9.78,1.10;
1.79,-9.51,1.42;
1.90,-8.41,1.57;
0.58,-6.85,1.59;
-1.05,-6.79,1.77;
-1.97,-7.32,2.65;
-2.41,-10.27,4.01;
0.19,-13.61,5.52;
-0.33,-14.50,6.44;
-2.04,-13.51,7.59;
-0.99,-12.62,7.45;
0.60,-11.60,8.33;
0.25,-12.06,8.87;
1.10,-13.46,9.17;
0.08,-14.15,10.09;
0.63,-13.93,9.94;
1.41,-12.38,9.49;
0.60,-11.61,8.75;
1.39,-11.72,8.61;
3.24,-13.06,8.84;
3.77,-15.28,9.80;
4.34,-17.42,10.78;
4.09,-18.85,11.66;
2.52,-20.24,13.08;
1.50,-22.10,13.88;
1.07,-24.30,15.19;
1.41,-27.11,16.78;
1.83,-30.09,18.68;
0.95,-31.93,20.32;
0.77,-34.35,22.18;
0.67,-36.84,23.51;
1.28,-39.25,24.68;
1.35,-40.96,25.77;
0.28,-42.29,26.99;
1.25,-43.75,28.00;
0.25,-44.18,28.84;
0.12,-45.03,29.54;
1.90,-45.93,29.88;
3.38,-46.48,30.39;
5.03,-46.26,30.35;
7.86,-45.14,30.35;
10.52,-45.03,29.91;
12.78,-44.47,29.01;
12.54,-43.48,28.62;
14.86,-42.85,27.81;
15.99,-41.49,27.08;
13.24,-36.35,25.54;
12.22,-31.81,23.49;
11.39,-28.21,21.88;
11.93,-23.97,19.77;
15.64,-19.28,18.00;
13.62,-12.61,14.94;
10.32,-6.53,14.82;
9.68,-0.47,10.49;
10.93,3.04,5.60;
4.46,4.97,6.10;
2.52,8.81,3.13;
-1.56,14.39,-3.86;
2.05,17.96,-6.96;
3.80,24.77,-10.19;
5.13,31.45,-12.52;
6.86,38.07,-14.43;
8.66,43.78,-17.35;
9.59,48.81,-19.83;
11.86,51.26,-23.16;
18.26,52.03,-23.96;
26.37,52.81,-22.61;
24.02,53.20,-21.85;
18.63,57.20,-21.67;
12.09,59.78,-21.94;
4.86,60.10,-21.54;
-1.56,57.59,-21.09;
-11.75,53.99,-19.56;
-20.93,50.17,-16.34;
-28.46,45.44,-12.15;
-40.15,44.43,-7.53;
-44.24,43.79,-6.55;
-47.74,39.36,-9.38;
-50.93,33.27,-11.21;
-51.74,27.29,-10.05;
-53.45,24.08,-9.77;
-54.15,25.65,-8.57;
-50.81,27.16,-8.26;
-45.13,25.41,-11.15;
-38.70,23.99,-14.49;
-25.68,22.81,-19.91;
-2.56,17.35,-26.43;
18.72,14.60,-25.01;
38.22,6.07,-26.35;
47.91,-6.88,-19.70;
62.69,-19.74,-8.38;
73.71,-34.04,7.80;
72.09,-44.45,23.66;
69.56,-53.58,34.23;
62.28,-55.13,40.20;
57.62,-52.68,38.79;
44.43,-39.02,26.21;
10.46,-43.43,39.14;
23.67,-36.50,13.94;
-6.87,-23.71,19.43;
-12.52,-16.22,12.29;
-21.20,-21.71,16.87;
-21.91,-30.91,20.78;
-22.72,-37.69,27.10;
-28.32,-39.17,28.94;
-32.81,-36.45,28.35;
-23.69,-37.20,23.98;
-20.90,-36.44,21.13;
-17.13,-36.07,19.02;
-17.66,-35.86,19.85;
-7.91,-41.48,20.09;
-1.43,-44.44,20.78;
2.41,-39.95,19.54;
0.17,-33.42,18.17;
0.03,-28.74,18.44;
2.15,-27.54,21.08;
5.54,-33.81,25.95;
5.39,-38.96,30.15;
-7.63,-38.79,32.72;
-20.30,-33.75,32.26;
-22.67,-30.42,31.48;
-18.64,-30.09,29.56;
-16.81,-29.51,25.13;
-16.24,-27.13,19.98;
-15.98,-22.45,16.12;
-12.52,-17.84,12.52;
-6.81,-14.03,9.30;
-2.85,-10.35,5.92;
-2.18,-4.18,1.72;
-5.80,1.50,-1.33;
-8.41,4.39,-2.14;
-10.97,5.73,-2.29;
-15.14,8.20,-2.02;
-18.78,11.87,-2.12;
-22.88,15.73,-2.64;
-27.28,18.34,-4.14;
-25.23,20.03,-4.43;
-20.39,21.55,-4.26;
-18.85,22.23,-4.64;
-17.04,22.32,-5.07;
-15.39,23.49,-6.61;
-11.98,24.13,-8.49;
-8.32,25.30,-9.50;
-6.82,26.13,-9.94;
-5.80,25.27,-10.58;
-9.10,22.40,-10.81;
-14.10,19.53,-10.75;
-17.11,17.78,-10.37;
-18.68,15.41,-11.41;
-15.04,16.52,-12.54;
-10.46,18.19,-12.55;
-4.04,19.94,-11.71;
2.84,20.74,-11.28;
6.05,21.73,-11.62;
9.93,21.97,-11.85;
11.39,20.46,-13.21;
11.15,19.42,-14.74;
13.44,19.76,-16.60;
11.97,21.30,-18.60;
10.12,22.19,-20.66;
8.66,23.85,-21.90;
6.00,28.03,-23.35;
7.25,32.55,-25.10;
8.25,36.29,-27.18;
10.86,39.65,-29.61;
15.35,42.58,-31.61;
16.92,44.45,-33.48;
10.23,48.07,-36.14;
3.24,51.88,-38.31;
0.61,53.26,-40.32;
-1.33,53.65,-41.57;
-3.85,54.43,-42.08;
-4.35,54.98,-43.35;
-2.59,54.68,-44.09;
-0.07,54.86,-43.45;
-0.12,54.60,-42.02;
-0.81,54.02,-40.98;
0.57,52.37,-38.70;
1.12,49.87,-36.32;
3.12,47.09,-34.77;
4.46,44.14,-33.57;
6.72,41.01,-32.96;
9.99,37.07,-33.03;
12.77,33.87,-33.18;
15.53,29.12,-33.04;
16.96,24.66,-32.61;
17.74,20.86,-32.43;
17.10,17.04,-31.85;
16.52,13.47,-31.16;
14.32,9.71,-30.89;
11.65,5.61,-29.86;
8.80,1.67,-28.60;
5.86,-1.58,-26.46;
3.45,-3.80,-24.37;
2.00,-6.55,-22.14;
2.20,-9.34,-19.03;
2.67,-11.84,-15.73;
2.40,-14.64,-11.94;
2.70,-16.38,-8.31;
3.15,-18.04,-4.17;
5.51,-19.37,0.10;
6.75,-21.26,4.14;
4.52,-22.19,7.37;
2.09,-22.41,9.37;
-0.68,-22.56,10.76;
-2.49,-22.50,13.05;
-2.62,-23.02,14.39;
-2.67,-23.25,16.35;
-1.34,-24.76,17.13;
-1.04,-24.99,17.42;
-1.25,-24.38,17.54;
-0.90,-22.26,16.52;
-0.96,-20.39,15.45;
-1.28,-19.34,14.36;
-2.23,-18.26,13.22;
-1.86,-16.79,12.93;
-0.38,-15.78,12.26;
-1.07,-14.97,11.65;
-1.39,-13.39,10.15;
0.34,-11.72,7.94;
0.96,-10.77,6.06;
1.21,-9.52,5.02;
0.96,-8.50,3.71;
0.90,-8.13,2.82;
0.66,-6.88,1.71;
-0.15,-4.65,0.06;
-0.29,-2.61,-1.01;
0.14,-0.36,-2.14;
-0.30,0.66,-3.24;
-1.74,1.04,-4.38;
-2.14,1.61,-5.48;
-2.82,2.61,-6.06;
-4.36,4.20,-7.32;
-6.41,5.29,-8.26;
-4.55,6.03,-8.40;
-4.38,5.99,-7.86;
-2.58,5.81,-6.83;
-2.03,5.96,-5.68;
-5.80,7.55,-5.04;
-6.55,8.13,-4.46;
-5.11,7.01,-3.83;
-2.46,4.58,-2.86;
2.23,1.45,-2.90;
2.51,-0.48,-2.20;
-0.72,0.31,-2.57;
-0.01,0.65,-4.31;
3.39,-0.32,-4.51;
6.38,-3.08,-3.56;
5.25,-4.62,-2.28;
2.99,-4.22,-1.70;
1.16,-2.29,-1.70;
-0.67,0.51,-2.86;
-3.45,3.67,-4.61;
-3.94,3.70,-5.68;
-3.36,1.27,-6.38;
-3.74,-1.40,-5.06;
-3.17,-2.16,-4.34;
-3.92,-0.70,-2.92;
-2.64,0.75,-2.08;
4.72,0.05,-0.63;
7.86,-0.64,0.94;
7.71,0.80,2.81;
6.25,3.01,3.94;
5.82,4.29,4.75;
8.34,4.74,4.99;
9.15,5.09,4.49;
7.68,5.24,4.39;
4.46,4.71,5.13;
0.03,4.83,5.92;
-3.42,5.38,6.36;
-4.94,6.80,6.36;
-8.33,10.13,5.14;
-10.64,12.46,3.89;
-9.75,12.43,2.67;
-6.35,11.15,1.49;
-4.24,10.14,-0.09;
-1.68,9.15,-0.86;
1.91,8.10,-1.64;
5.97,6.91,-1.70;
8.12,5.93,-2.61;
7.51,5.36,-2.89;
6.77,4.78,-3.16;
6.06,3.93,-3.04;
4.57,3.04,-3.44;
0.77,2.65,-3.93;
-1.25,2.19,-4.72;
-2.06,1.58,-5.33;
-3.57,1.10,-5.76;
-4.07,1.44,-5.56;
-5.60,2.10,-5.47;
-5.57,2.45,-5.59;
-5.11,2.16,-5.07;
-4.97,1.97,-4.69;
-3.81,1.55,-4.61;
-3.56,2.20,-4.51;
-1.63,2.03,-4.69;
1.15,1.06,-4.54;
4.37,-0.21,-3.97;
5.01,-1.55,-3.16;
4.26,-1.34,-2.70;
3.73,-1.86,-2.25;
4.72,-3.22,-1.51;
3.83,-3.78,-0.72;
1.48,-3.84,-0.17;
-1.34,-4.12,0.47;
-1.78,-4.47,1.51;
-1.56,-5.11,2.09;
-3.30,-6.04,2.46;
-2.43,-6.42,3.77;
-1.16,-6.53,4.81;
-0.85,-6.33,5.19;
0.49,-5.74,5.80;
1.35,-4.26,6.17;
2.15,-3.32,6.72;
2.80,-2.24,6.56;
3.79,-2.12,5.97;
4.89,-3.32,5.49;
8.63,-6.24,4.68;
8.17,-6.10,3.71;
5.86,-4.45,2.24;
7.16,-3.20,1.01;
9.19,-1.86,-0.03;
7.88,-0.48,-1.21;
7.01,0.94,-1.67;
3.30,2.49,-2.55;
0.22,3.20,-3.47;
-0.49,3.47,-3.83;
-1.94,4.23,-3.47;
-4.04,5.18,-3.01;
-5.72,6.51,-1.59;
-6.99,6.97,-0.43;
-6.76,7.38,0.88;
-4.81,6.69,2.30;
-3.26,6.00,3.39;
-0.82,4.16,4.82;
3.76,1.30,5.80;
7.24,-2.04,7.01;
9.41,-5.86,7.86;
9.16,-9.19,9.16;
7.54,-12.09,10.56;
6.60,-14.13,11.11;
5.91,-16.39,12.52;
5.62,-19.63,13.78;
4.89,-21.89,14.41;
3.76,-24.12,15.07;
3.51,-26.32,15.57;
3.86,-28.68,16.04;
4.83,-29.58,17.28;
6.57,-31.19,18.27;
6.37,-32.13,19.33;
5.73,-32.38,20.46;
6.87,-32.39,21.75;
8.99,-33.14,22.62;
10.67,-35.13,23.92;
10.63,-34.85,26.46;
10.96,-33.25,28.24;
9.97,-31.22,28.41;
8.95,-28.93,30.91;
5.67,-27.58,32.58;
-2.10,-26.12,35.08;
-8.65,-24.12,36.49;
-10.38,-21.78,36.88;
-7.26,-19.19,36.17;
-6.29,-19.25,35.75;
-6.21,-19.75,34.62;
-13.46,-18.68,32.43;
-16.97,-16.77,30.64;
-16.93,-14.19,28.44;
-12.23,-12.58,26.90;
-5.91,-11.89,25.54;
1.01,-11.60,23.14;
6.86,-10.59,21.01;
11.25,-8.88,18.17;
14.05,-7.14,15.34;
17.76,-5.51,12.97;
19.76,-3.60,11.86;
22.67,-1.63,11.62;
25.57,0.74,11.13;
24.14,2.91,10.20;
17.32,3.65,10.10;
18.75,6.23,7.88;
13.30,10.08,4.82;
11.93,11.68,3.02;
11.74,13.20,1.17;
8.22,15.61,-1.32;
0.78,18.80,-3.79;
-3.59,20.02,-4.67;
-10.33,22.97,-4.80;
-15.20,25.99,-2.95;
-14.64,28.61,-1.45;
-13.05,33.21,-1.80;
-15.36,34.51,-1.12;
-18.41,33.85,0.99;
-23.19,33.61,6.62;
-28.24,29.79,15.11;
-39.60,27.53,20.07;
-51.25,25.97,21.19;
-60.32,24.71,21.28;
-63.48,23.91,20.88;
-57.92,19.44,20.01;
-49.63,14.26,17.23;
-57.10,11.70,14.39;
-68.87,11.18,11.85;
-75.91,12.20,7.34;
-71.85,9.74,0.90;
-56.78,10.80,-2.54;
-43.34,7.87,-4.23;
-22.47,2.86,-11.85;
-10.39,0.86,-16.26;
1.15,1.29,-19.73;
21.45,2.10,-18.96;
42.32,7.82,-22.11;
59.50,12.13,-25.70;
76.84,16.43,-28.75;
87.33,19.29,-31.88;
83.59,20.02,-34.25;
71.67,18.31,-32.03;
55.41,10.61,-23.71;
45.25,-1.95,-11.22;
35.99,-12.73,0.26;
25.96,-24.85,14.46;
14.44,-42.15,27.65;
1.65,-55.42,36.14;
-18.78,-61.98,46.82;
-25.68,-65.13,47.97;
-29.33,-61.89,45.13;
-30.35,-56.70,42.81;
-24.58,-51.93,39.69;
-2.94,-52.45,35.89;
12.92,-53.84,34.04;
21.50,-54.16,33.04;
23.36,-50.85,27.49;
21.61,-44.03,21.10;
19.42,-34.22,16.29;
30.11,-30.12,13.14;
35.13,-29.74,12.32;
34.52,-31.58,12.81;
28.84,-32.32,10.43;
20.70,-29.77,6.59;
12.00,-25.97,3.31;
4.55,-21.29,-1.09;
4.00,-18.29,-4.52;
4.41,-19.16,-5.22;
4.46,-19.81,-4.49;
-1.10,-18.56,-3.30;
-8.26,-17.22,-2.78;
-14.58,-14.19,-2.90;
-15.28,-10.70,-3.73;
-10.35,-7.81,-4.46;
-12.59,-5.74,-4.00;
-16.46,-3.22,-2.89;
-18.76,0.55,-1.48;
-21.07,2.77,-0.61;
-25.34,5.65,-0.66;
-27.72,8.75,-1.65;
-28.10,11.29,-3.01;
-26.96,15.21,-5.32;
-25.31,18.55,-7.97;
-21.36,21.74,-10.63;
-20.73,24.05,-12.38;
-13.37,25.87,-15.10;
-9.71,27.39,-17.79;
-10.52,30.49,-20.00;
-9.37,32.87,-22.29;
-7.19,35.00,-24.09;
-6.59,35.76,-25.19;
-5.75,37.56,-26.61;
-4.76,39.35,-27.86;
-3.46,40.83,-28.52;
0.25,41.76,-30.38;
2.29,43.32,-32.00;
4.55,45.47,-33.93;
6.67,46.20,-36.37;
8.22,46.29,-40.75;
10.67,45.94,-45.16;
13.16,44.89,-49.01;
13.88,44.49,-54.05;
10.83,47.23,-56.93;
1.88,51.50,-57.83;
-9.34,55.81,-57.21;
-18.26,57.52,-55.19;
-20.47,55.85,-52.81;
-20.14,52.23,-50.52;
-18.00,47.56,-48.00;
-14.23,43.33,-44.93;
-9.75,40.54,-42.02;
-3.43,37.67,-38.83;
3.73,34.89,-34.87;
8.26,31.50,-31.28;
12.70,26.75,-27.57;
15.03,23.18,-24.05;
18.80,18.80,-21.64;
19.50,14.58,-19.80;
19.74,9.67,-17.79;
19.19,5.04,-15.36;
15.64,2.60,-13.38;
10.70,0.58,-10.86;
8.08,-2.22,-8.35;
4.00,-4.74,-5.50;
1.18,-7.71,-3.47;
-0.07,-10.00,-1.30;
-2.61,-12.01,0.99;
-1.65,-13.39,2.47;
-0.72,-14.48,4.06;
1.30,-14.73,5.77;
1.59,-15.13,7.51;
1.62,-15.32,9.36;
4.29,-14.61,10.59;
4.19,-13.80,11.60;
4.89,-12.29,12.62;
6.57,-10.42,13.42;
6.48,-8.24,13.46;
6.51,-6.84,13.51;
6.14,-4.47,12.82;
4.74,-1.40,12.88;
2.12,0.26,11.89;
-1.69,1.93,10.72;
-5.71,4.48,9.65;
-8.62,5.96,8.53;
-10.79,7.55,7.08;
-12.78,9.71,5.74;
-13.22,11.21,3.97;
-12.20,12.16,1.68;
-11.95,12.29,-0.40;
-10.75,12.68,-2.37;
-8.00,12.43,-3.65;
-4.43,11.76,-4.08;
-0.46,11.16,-4.95;
3.25,10.26,-5.51;
4.96,9.16,-6.06;
5.73,8.22,-6.14;
7.21,7.41,-6.92;
7.41,6.31,-7.41;
5.79,5.64,-7.91;
3.65,4.83,-8.38;
1.94,3.59,-9.33;
-1.39,2.54,-10.49;
-3.97,1.59,-11.91;
-5.46,1.35,-12.44;
-8.55,1.15,-13.33;
-9.63,0.86,-14.12;
-10.21,-0.62,-14.05;
-7.60,-2.91,-14.08;
-7.71,-3.69,-13.90;
-9.39,-4.00,-13.22;
-8.06,-3.86,-13.19;
-6.01,-4.68,-12.60;
-2.72,-6.09,-11.67;
0.69,-7.52,-10.35;
4.54,-7.92,-8.58;
5.97,-7.98,-8.19;
6.57,-7.57,-8.75;
8.87,-8.03,-9.59;
12.02,-9.31,-10.25;
15.51,-10.44,-10.12;
16.05,-11.40,-9.04;
14.81,-10.48,-8.43;
8.89,-6.77,-7.71;
5.86,-3.95,-6.19;
2.17,-1.03,-3.35;
-2.62,1.93,1.02;
-6.64,4.28,3.89;
-9.68,6.66,6.67;
-12.27,8.34,8.47;
-11.69,8.54,9.34;
-5.39,6.97,9.65;
2.40,4.80,9.69;
10.31,3.68,9.26;
14.49,2.75,8.68;
16.66,1.76,6.90;
15.76,1.32,5.43;
13.07,1.07,4.20;
10.54,-0.12,3.13;
5.56,-1.09,2.82;
-2.87,-0.36,3.31;
-9.80,0.92,3.71;
-15.07,2.63,3.91;
-16.01,3.00,5.17;
-11.63,2.57,5.52;
-8.30,2.54,6.12;
-5.46,3.00,7.31;
-2.32,3.88,7.19;
1.74,5.15,6.43;
5.16,5.41,4.91;
8.77,5.49,4.14;
14.35,5.88,3.25;
18.77,5.50,3.26;
18.66,5.03,3.43;
14.40,5.20,4.67;
7.64,5.96,5.72;
1.56,5.62,6.68;
-1.85,4.51,6.76;
-6.44,3.42,7.97;
-10.36,1.97,8.78;
-12.20,0.84,9.43;
-11.81,0.65,10.17;
-10.30,0.48,10.65;
-7.34,0.42,11.01;
-4.29,0.08,10.88;
-0.23,-0.24,11.13;
2.58,-1.17,11.04;
4.95,-1.31,11.19;
7.18,-1.20,11.10;
9.04,-0.94,10.62;
9.61,-1.02,10.14;
9.01,-1.16,9.88;
7.56,-1.26,9.23;
4.87,-1.02,8.97;
3.22,-0.84,8.00;
1.27,-0.70,6.67;
-0.99,-0.09,5.48;
-1.75,0.54,4.90;
-2.09,1.01,4.15;
-3.94,1.27,2.72;
-5.16,1.45,2.20;
-4.79,0.65,1.68;
-4.24,-0.90,1.14;
-1.83,-2.35,1.16;
-2.00,-2.41,0.88;
-1.83,-2.76,1.14;
-1.28,-2.38,2.07;
-2.56,-1.90,2.91;
-3.39,-1.71,3.60;
-4.64,-1.11,4.91;
-4.43,-2.01,6.41;
-3.86,-2.93,7.46;
-3.54,-4.67,8.20;
-3.62,-6.21,9.07;
-4.76,-5.68,8.75;
-5.77,-5.28,8.29;
-7.72,-4.21,7.92;
-8.70,-3.93,7.17;
-8.87,-4.97,6.43;
-8.56,-7.45,5.34;
-6.33,-9.77,3.88;
-6.47,-11.63,2.09;
-6.58,-12.29,-0.05;
-6.06,-11.83,-2.22;
-5.91,-10.76,-4.43;
-6.36,-10.64,-6.15;
-5.51,-11.80,-7.32;
-2.73,-12.35,-8.03;
-0.35,-13.69,-8.70;
1.45,-13.29,-9.24;
3.30,-13.29,-9.35;
3.96,-13.61,-9.36;
3.51,-14.22,-8.26;
3.01,-15.11,-6.58;
2.26,-17.00,-4.48;
1.70,-18.79,-1.80;
1.19,-20.21,0.29;
2.37,-21.92,2.23;
4.37,-24.01,4.29;
6.93,-25.51,6.15;
9.65,-27.03,8.09;
13.06,-29.48,10.32;
13.10,-31.49,12.62;
13.01,-32.22,14.41;
13.44,-33.87,16.46;
12.93,-35.20,19.05;
12.89,-35.49,20.84;
12.26,-37.16,22.88;
10.22,-37.46,25.01;
7.39,-37.42,26.79;
5.42,-37.20,28.72;
3.04,-37.03,30.38;
1.82,-36.70,32.35;
1.27,-36.71,33.37;
0.17,-36.51,34.59;
0.90,-36.61,34.79;
3.41,-35.97,35.10;
4.92,-34.94,35.25;
6.03,-33.06,34.15;
7.36,-30.51,32.30;
8.20,-28.33,31.10;
12.87,-26.18,29.48;
20.15,-24.56,26.87;
21.39,-21.57,24.99;
20.77,-17.08,21.89;
22.61,-12.45,18.33;
23.06,-7.54,14.93;
19.68,-2.59,11.39;
18.20,1.27,7.98;
16.57,5.00,3.89;
15.27,7.90,1.02;
14.61,11.67,-2.58;
11.48,15.21,-6.15;
13.25,17.90,-8.93;
19.94,21.94,-11.56;
19.44,24.23,-12.61;
23.61,24.83,-15.25;
24.89,25.65,-17.91;
20.12,24.74,-18.26;
16.89,25.56,-17.64;
17.15,28.37,-16.31;
19.07,28.48,-17.54;
23.41,30.84,-18.75;
29.97,31.45,-20.60;
31.53,33.36,-21.22;
27.56,37.44,-17.86;
19.73,41.82,-14.54;
13.79,47.90,-10.08;
9.50,53.36,-8.46;
1.21,58.54,-5.19;
-10.39,58.84,-3.54;
-36.39,58.84,-3.09;
-73.43,61.13,-6.25;
-103.74,61.97,-9.38;
-117.91,60.46,-13.90;
-112.10,55.58,-17.56;
-103.26,50.25,-21.15;
-91.63,41.84,-25.65;
-78.27,35.07,-26.70;
-73.07,29.53,-27.07;
-73.26,25.33,-28.83;
-56.67,23.39,-31.32;
-25.98,24.34,-35.06;
2.89,25.59,-39.39;
26.15,27.50,-40.40;
34.38,21.79,-36.83;
32.54,8.46,-31.39;
19.50,-8.84,-18.20;
12.58,-19.86,-3.03;
1.04,-24.35,4.97;
-1.11,-25.78,14.03;
21.67,-33.16,18.79;
24.34,-43.78,25.16;
14.72,-48.93,34.27;
1.90,-55.23,42.52;
-5.72,-65.19,51.91;
-0.76,-74.55,58.47;
0.58,-79.71,64.06;
7.67,-85.71,67.52;
6.54,-85.25,69.08;
6.64,-86.19,67.78;
3.77,-81.58,59.07;
12.51,-73.54,53.28;
31.68,-70.97,45.49;
42.03,-65.74,38.59;
61.45,-67.87,31.51;
58.69,-60.44,27.74;
71.85,-56.53,26.30;
76.40,-55.95,21.75;
72.32,-52.85,21.89;
67.74,-50.90,26.44;
60.95,-57.09,29.98;
32.19,-57.77,30.43;
12.32,-52.64,29.34;
-1.71,-48.29,24.49;
-9.80,-41.89,18.32;
-15.94,-34.19,13.95;
-12.15,-31.52,11.31;
-7.45,-30.64,9.77;
-9.92,-28.90,8.46;
-18.94,-24.32,6.85;
-18.04,-18.41,4.91;
-10.67,-13.68,1.86;
-6.47,-8.85,-1.35;
-4.23,-4.29,-4.98;
-6.33,1.23,-6.98;
-7.23,5.36,-8.32;
-11.51,9.93,-10.19;
-19.80,14.45,-11.56;
-27.08,18.58,-12.74;
-33.77,22.75,-14.02;
-40.64,27.13,-14.74;
-43.26,31.33,-15.71;
-42.35,34.71,-17.01;
-42.47,35.10,-18.69;
-41.46,36.77,-20.93;
-40.53,38.80,-23.21;
-34.53,42.78,-26.11;
-24.46,45.85,-29.51;
-19.98,49.00,-30.78;
-12.67,53.30,-31.82;
-7.28,56.07,-32.54;
-2.67,56.45,-34.26;
1.76,56.84,-35.62;
5.90,57.21,-37.59;
6.60,57.58,-38.58;
5.36,58.45,-38.77;
2.52,59.68,-39.13;
-2.64,61.53,-38.44;
-7.43,62.91,-36.78;
-12.01,64.07,-35.19;
-19.86,65.61,-32.74;
-25.54,66.07,-31.94;
-27.20,66.55,-31.15;
-26.00,67.99,-29.28;
-24.36,69.64,-26.84;
-27.04,70.60,-24.99;
-26.85,71.20,-23.12;
-26.20,69.82,-21.54;
-21.22,66.51,-21.44;
-12.59,60.36,-21.73;
1.88,54.71,-22.96;
15.21,50.54,-24.60;
22.95,49.27,-25.45;
27.44,47.58,-26.28;
28.29,44.84,-26.52;
29.74,42.08,-25.99;
29.16,36.45,-25.57;
24.32,31.18,-25.03;
20.22,28.13,-24.92;
15.35,25.84,-23.30;
7.85,23.30,-20.86;
0.72,21.41,-19.01;
-4.94,18.69,-17.36;
-6.56,14.22,-14.81;
-8.90,9.82,-12.83;
-10.53,6.95,-10.78;
-9.16,4.23,-8.80;
-7.16,1.90,-5.39;
-8.04,-0.59,-2.69;
-7.98,-3.14,-0.14;
-3.78,-7.05,1.11;
2.51,-11.09,1.65;
7.18,-14.53,1.45;
12.14,-17.02,1.60;
14.89,-18.15,1.69;
16.66,-19.09,1.78;
18.22,-20.80,1.77;
17.16,-21.63,1.42;
14.99,-21.48,1.51;
12.49,-21.03,1.43;
11.12,-21.08,1.37;
7.85,-20.97,1.19;
3.50,-20.93,1.22;
-0.06,-20.73,1.20;
-2.91,-19.69,0.70;
-3.81,-18.82,0.43;
-3.65,-17.75,0.10;
-2.24,-17.40,-0.99;
-0.88,-17.39,-1.59;
0.26,-17.45,-2.51;
2.05,-17.03,-3.28;
4.12,-17.26,-4.35;
7.70,-17.34,-5.13;
8.60,-16.87,-5.45;
8.12,-15.32,-5.41;
6.80,-14.36,-5.45;
4.26,-13.68,-5.93;
3.50,-13.19,-6.46;
2.84,-12.42,-7.19;
0.75,-11.95,-7.44;
-0.65,-11.54,-7.79;
-1.63,-11.48,-7.68;
-2.43,-12.10,-7.30;
-2.23,-12.21,-6.69;
-2.70,-12.59,-6.84;
-1.85,-12.16,-6.60;
-3.56,-12.03,-7.04;
-2.67,-11.20,-6.90;
-1.37,-9.89,-5.64;
-1.48,-8.65,-4.06;
-1.49,-8.71,-2.87;
-3.02,-6.77,-2.28;
-3.23,-4.91,-2.20;
-1.25,-4.42,-1.83;
0.61,-4.18,-1.64;
2.23,-4.74,-1.90;
2.95,-4.77,-2.28;
2.95,-3.78,-3.07;
2.40,-2.00,-3.83;
1.07,0.29,-4.60;
0.83,1.06,-5.91;
0.95,0.45,-6.35;
1.32,-0.10,-7.42;
0.60,-0.29,-8.46;
0.74,0.46,-9.42;
-0.73,1.32,-10.61;
-0.87,2.05,-11.64;
-0.12,1.24,-12.05;
0.19,-0.26,-10.99;
-1.01,-1.35,-10.66;
-2.94,-2.03,-10.11;
-2.87,-2.32,-10.11;
-2.94,-3.52,-9.36;
-1.63,-6.04,-8.29;
-1.52,-7.84,-7.06;
-2.91,-8.74,-5.35;
-3.91,-7.20,-3.30;
-4.79,-5.34,-1.83;
-4.73,-3.46,-0.29;
-3.68,-3.40,1.94;
-2.81,-4.58,5.11;
-0.65,-6.10,7.46;
0.08,-7.26,10.23;
-1.22,-6.45,11.33;
-2.35,-5.26,10.97;
0.46,-4.07,10.49;
4.34,-3.26,9.71;
5.25,-2.55,9.25;
3.88,-1.05,8.27;
1.38,0.72,6.94;
-0.79,2.23,5.28;
-0.36,3.09,3.80;
-0.29,3.68,2.90;
0.92,3.82,2.30;
2.46,3.61,2.64;
4.46,3.41,2.78;
4.00,5.20,3.59;
3.85,6.36,4.03;
3.62,8.03,5.08;
4.44,8.95,6.68;
4.89,9.01,7.88;
3.67,8.46,9.08;
4.46,7.26,9.97;
6.32,5.41,10.76;
8.78,4.51,11.39;
7.97,3.42,12.94;
5.76,2.60,13.54;
6.84,1.21,13.56;
7.94,-0.71,14.17;
4.99,-1.08,14.84;
4.15,-1.20,14.90;
3.96,-1.92,14.82;
3.70,-2.27,15.22;
2.58,-2.24,15.11;
1.38,-2.16,15.48;
1.64,-2.71,15.62;
2.29,-3.14,15.71;
3.22,-2.94,15.65;
3.93,-2.71,15.36;
4.06,-1.54,14.87;
5.22,-1.17,14.26;
6.03,-1.83,13.91;
6.40,-0.91,12.56;
7.01,-0.35,10.67;
7.13,0.74,9.36;
8.38,1.26,7.97;
8.55,1.26,6.46;
7.51,1.73,4.88;
4.87,1.97,3.01;
3.77,2.49,1.77;
2.92,2.94,-0.22;
1.79,2.51,-1.57;
0.89,2.63,-2.75;
-0.93,3.78,-3.10;
-2.70,5.53,-2.84;
-4.38,7.12,-2.14;
-6.47,8.36,-2.38;
-9.25,10.28,-2.25;
-9.05,11.68,-2.09;
-5.51,12.45,-1.99;
-2.47,12.68,-2.19;
0.66,13.00,-2.26;
3.83,13.74,-3.39;
6.15,13.96,-4.00;
6.43,14.00,-5.01;
6.51,14.28,-6.60;
6.15,13.87,-7.25;
4.37,13.84,-8.06;
2.00,13.32,-9.03;
-3.48,13.00,-9.77;
-5.20,12.74,-10.26;
-5.89,12.11,-10.77;
-6.64,11.29,-10.41;
-5.69,10.32,-10.32;
-6.03,9.67,-10.23;
-5.05,9.64,-9.33;
-2.97,9.00,-8.06;
-1.42,8.63,-6.44;
-0.38,8.49,-5.15;
1.22,7.70,-4.32;
3.39,6.13,-3.61;
5.91,3.38,-3.10;
9.80,0.16,-3.30;
12.77,-2.96,-3.06;
16.43,-7.51,-2.12;
20.19,-13.23,-0.70;
20.99,-20.24,0.99;
21.09,-25.78,3.13;
14.75,-29.97,5.25;
7.33,-32.93,7.63;
5.30,-35.40,9.74;
4.46,-37.80,12.99;
4.83,-40.96,16.06;
4.32,-44.00,18.33;
4.37,-46.74,21.42;
5.45,-48.70,24.06;
5.44,-48.68,26.61;
5.12,-49.11,30.27;
6.58,-50.36,33.63;
5.86,-51.49,37.33;
4.35,-52.56,40.97;
4.48,-52.39,43.28;
2.46,-52.07,45.30;
3.06,-51.69,46.52;
4.09,-51.64,46.64;
4.66,-52.82,47.57;
4.89,-52.58,47.10;
3.06,-51.45,46.17;
4.28,-49.40,44.49;
6.81,-47.95,41.75;
6.34,-46.29,39.52;
7.25,-44.33,35.37;
8.05,-42.90,29.71;
7.67,-39.68,26.78;
7.51,-34.58,21.88;
5.48,-29.64,17.69;
4.54,-25.66,14.30;
3.42,-21.29,10.70;
6.31,-16.65,7.02;
7.18,-10.93,3.94;
9.76,-6.30,0.94;
11.90,0.19,-1.53;
12.64,6.97,-3.35;
14.49,11.35,-4.63;
16.90,16.98,-6.38;
18.55,20.80,-7.30;
20.75,24.03,-8.96;
22.08,28.86,-10.81;
22.44,31.44,-10.78;
26.29,34.32,-11.42;
26.48,36.43,-11.47;
24.98,37.97,-12.55;
23.21,39.06,-14.77;
19.28,43.00,-16.28;
11.51,46.20,-18.35;
3.51,49.16,-18.34;
-2.65,47.79,-19.59;
-11.75,51.88,-16.15;
-23.13,56.72,-14.25;
-37.48,59.41,-15.90;
-46.21,59.50,-17.70;
-59.65,58.42,-13.62;
-68.78,57.41,-8.96;
-74.12,55.79,-4.05;
-85.23,51.64,-0.98;
-87.54,39.23,0.41;
-92.43,33.59,-1.67;
-83.59,30.69,-8.43;
-66.79,30.97,-16.80;
-40.88,30.10,-23.24;
-3.42,27.21,-29.59;
13.68,31.27,-38.77;
16.12,38.84,-47.71;
25.09,45.93,-49.45;
50.29,48.69,-53.56;
67.44,39.26,-57.80;
58.81,27.10,-57.19;
39.01,10.46,-45.35;
30.81,-11.60,-25.32;
17.64,-34.12,-1.42;
12.06,-51.49,20.82;
9.06,-62.10,33.95;
9.91,-66.30,42.64;
6.89,-68.18,46.12;
-9.43,-68.01,44.70;
-29.81,-63.60,47.26;
-38.09,-61.55,47.91;
-31.75,-58.27,48.04;
-21.83,-53.92,42.46;
-22.17,-48.03,37.22;
-28.17,-40.41,29.94;
-27.49,-37.95,26.58;
-14.61,-44.82,28.85;
0.49,-55.05,34.35;
13.48,-68.64,44.76;
29.07,-79.80,51.85;
30.20,-80.53,51.97;
20.14,-75.14,50.76;
4.06,-64.04,44.64;
-0.64,-54.53,39.63;
5.10,-48.91,40.65;
15.10,-50.03,42.93;
11.01,-49.49,38.68;
-5.81,-41.78,38.20;
-12.24,-31.34,35.69;
-13.28,-22.82,26.78;
-14.06,-15.48,21.13;
-13.46,-7.37,15.97;
-4.94,-2.65,12.56;
-0.35,-0.38,8.85;
0.72,1.39,6.46;
-1.56,5.62,3.97;
-1.95,9.56,0.78;
5.56,11.04,-1.53;
9.39,10.25,-3.57;
6.78,9.52,-5.82;
4.69,8.92,-7.24;
-0.17,9.42,-7.27;
-4.07,9.68,-7.76;
-4.64,9.39,-9.07;
-7.34,10.36,-11.10;
-12.23,13.79,-13.01;
-15.31,17.35,-15.16;
-16.44,19.56,-16.57;
-18.47,22.98,-17.06;
-21.22,26.52,-18.28;
-24.56,30.92,-18.66;
-26.52,36.07,-19.93;
-21.74,38.07,-22.09;
-17.17,41.09,-24.51;
-13.72,45.16,-27.38;
-10.38,49.91,-30.05;
-3.23,53.23,-32.70;
8.14,54.54,-34.29;
16.83,56.00,-35.33;
22.78,57.62,-35.80;
21.18,58.72,-36.35;
15.39,58.80,-36.89;
10.43,58.13,-36.11;
4.60,57.68,-35.21;
-1.07,56.28,-34.40;
-7.16,56.03,-33.47;
-11.20,55.00,-32.40;
-10.82,53.65,-31.62;
-9.69,51.91,-31.16;
-8.24,50.05,-30.95;
-6.39,47.36,-31.39;
-5.72,44.72,-32.93;
-5.34,43.32,-34.75;
-3.78,41.65,-36.46;
-0.94,40.46,-39.10;
2.38,38.51,-42.29;
7.57,36.98,-44.08;
14.12,35.52,-44.61;
15.42,33.52,-45.13;
12.74,34.60,-44.77;
10.14,34.23,-44.77;
10.67,31.96,-44.74;
11.70,28.65,-44.35;
13.90,25.39,-43.83;
15.06,23.50,-42.86;
13.85,21.91,-41.30;
12.67,20.83,-38.58;
10.43,17.74,-33.48;
5.48,14.49,-26.96;
0.83,10.43,-20.96;
-2.44,5.00,-14.31;
-6.55,0.05,-7.80;
-8.04,-4.58,-2.48;
-4.90,-8.53,2.10;
-4.32,-12.07,6.52;
0.72,-15.89,11.07;
5.42,-18.87,14.58;
8.95,-22.22,18.29;
10.29,-25.90,21.42;
9.96,-28.56,23.66;
9.62,-31.22,26.12;
8.20,-33.83,27.20;
4.60,-35.48,27.05;
3.77,-36.41,26.35;
4.32,-36.87,25.68;
5.33,-37.55,24.78;
4.72,-36.96,23.56;
3.93,-36.00,21.62;
4.67,-35.31,19.81;
3.65,-34.09,18.26;
2.98,-31.29,15.63;
4.11,-28.33,12.35;
4.61,-25.39,8.96;
4.05,-22.59,5.81;
1.97,-19.78,2.12;
3.30,-16.68,-1.88;
3.38,-12.91,-5.67;
3.90,-9.37,-9.32;
2.89,-6.09,-11.86;
2.86,-3.35,-14.03;
3.42,0.13,-15.99;
2.74,2.92,-18.31;
0.80,5.74,-19.36;
-1.39,7.49,-19.61;
-3.77,9.68,-20.49;
-6.06,11.82,-20.23;
-6.17,12.98,-20.14;
-7.17,13.88,-19.86;
-6.91,14.52,-19.50;
-3.45,14.43,-19.21;
-0.93,14.29,-17.99;
2.43,13.71,-15.94;
3.61,13.61,-14.38;
3.96,13.55,-12.32;
2.66,13.87,-9.61;
0.05,13.97,-7.47;
-2.72,12.14,-5.33;
-5.72,11.47,-3.16;
-9.40,11.71,-1.32;
-11.20,12.51,0.14;
-11.57,10.94,1.31;
-10.88,8.75,1.65;
-8.85,6.29,2.39;
-7.26,3.70,3.16;
-4.07,0.97,3.30;
-1.94,-0.71,2.87;
-1.60,-1.43,2.17;
-0.58,-2.48,0.47;
-0.21,-3.22,-0.15;
-0.78,-4.79,-0.48;
-2.94,-3.77,-0.48;
-3.56,-3.66,-0.98;
-5.28,-2.12,-1.85;
-6.55,-0.36,-2.25;
-6.72,0.87,-1.90;
-7.86,1.15,-1.35;
-6.41,1.47,-0.92;
-8.06,2.20,-1.22;
-8.33,3.41,-1.80;
-6.52,5.06,-2.99;
-2.79,6.05,-4.14;
0.34,6.58,-4.81;
3.21,6.45,-4.98;
3.25,6.74,-5.61;
2.46,7.74,-6.78;
1.18,9.12,-7.44;
-0.81,10.39,-8.52;
-0.44,9.56,-8.67;
0.77,8.98,-7.76;
0.64,9.45,-5.88;
-1.57,11.65,-4.41;
-0.87,13.79,-2.99;
-1.52,14.98,-1.80;
0.57,15.26,-0.09;
1.28,14.68,1.83;
4.31,13.74,3.75;
3.38,13.93,6.14;
2.17,14.54,7.74;
1.42,15.01,8.85;
2.40,14.54,10.76;
2.89,14.13,12.75;
1.99,13.33,13.81;
-0.32,11.82,15.42;
-1.74,11.58,15.63;
-3.49,10.08,14.78;
-4.87,8.94,13.46;
-3.74,6.37,12.93;
-1.80,4.00,11.95;
-1.56,2.32,12.07;
-0.30,0.66,11.37;
-0.27,0.26,10.09;
-0.99,0.45,9.20;
0.46,-0.39,8.09;
2.69,-2.53,7.13;
4.37,-4.33,6.87;
5.73,-5.90,6.41;
6.20,-7.68,6.85;
7.85,-9.16,7.10;
7.54,-10.30,7.11;
7.53,-11.35,7.20;
6.70,-11.89,7.65;
3.79,-11.81,7.97;
2.87,-12.47,8.29;
2.26,-13.58,8.70;
1.91,-13.69,9.48;
-1.25,-13.54,10.33;
-1.94,-13.54,10.50;
-2.14,-13.40,11.46;
-2.18,-13.95,11.75;
-1.95,-14.38,12.10;
-2.61,-14.18,12.49;
-2.36,-14.22,12.10;
-0.70,-14.61,11.54;
0.20,-14.29,10.73;
1.03,-13.84,10.36;
1.18,-13.60,9.52;
-0.06,-13.19,9.33;
0.31,-13.37,8.62;
0.08,-13.08,8.23;
-0.72,-12.99,7.25;
0.37,-13.22,6.43;
-0.10,-13.60,5.60;
-0.91,-12.16,4.10;
-1.62,-11.49,2.72;
-2.39,-11.20,2.14;
-2.30,-10.84,1.65;
-3.26,-9.97,0.52;
-3.85,-9.93,-0.96;
-3.30,-10.38,-1.82;
-2.82,-11.66,-2.75;
-1.14,-11.48,-3.16;
-1.60,-11.13,-3.88;
-1.13,-9.98,-5.09;
-1.56,-8.96,-6.34;
-2.15,-8.33,-7.24;
-1.22,-7.98,-7.59;
0.35,-7.80,-7.97;
0.83,-7.17,-9.21;
0.80,-5.90,-9.54;
2.19,-5.74,-9.80;
4.63,-4.61,-9.28;
5.53,-3.39,-9.15;
5.33,-1.92,-8.41;
5.56,-1.97,-7.15;
6.61,-2.67,-5.53;
5.35,-3.43,-3.15;
3.01,-3.20,-0.78;
0.83,-2.15,1.65;
0.37,-1.89,3.80;
0.58,-2.68,6.18;
-0.20,-3.43,8.04;
-0.39,-4.19,9.77;
-0.43,-5.23,10.39;
0.43,-6.79,11.37;
1.45,-8.01,11.86;
2.66,-10.16,12.12;
5.33,-12.41,12.00;
6.06,-14.36,11.17;
6.69,-14.94,10.26;
6.72,-14.91,8.78;
7.03,-14.61,7.83;
8.26,-14.04,7.63;
7.48,-13.86,8.03;
6.58,-12.71,7.91;
4.83,-11.84,7.28;
5.44,-11.80,7.04;
7.44,-11.14,7.71;
9.03,-11.49,8.17;
9.09,-10.68,8.94;
9.10,-9.80,10.06;
9.94,-8.94,11.33;
11.15,-8.71,13.04;
12.23,-8.53,14.38;
12.84,-8.45,15.77;
12.41,-8.36,16.53;
11.28,-8.30,17.86;
11.35,-8.41,19.22;
10.25,-8.50,20.29;
9.25,-8.70,21.66;
8.69,-9.57,23.43;
6.93,-10.44,24.52;
5.10,-11.43,26.81;
2.35,-12.01,28.76;
0.26,-12.55,31.89;
-0.12,-13.16,34.44;
0.00,-13.92,38.70;
-2.47,-16.33,42.18;
-4.46,-16.82,43.95;
-5.97,-17.77,44.70;
-7.88,-17.98,44.21;
-8.94,-16.79,43.51;
-10.38,-16.06,42.30;
-12.61,-13.92,40.82;
-14.46,-12.33,38.94;
-14.58,-10.96,36.93;
-11.45,-11.58,34.75;
-6.32,-11.20,33.66;
-3.89,-12.30,32.53;
-4.64,-11.35,28.78;
-6.15,-11.31,31.75;
1.74,-9.17,28.00;
-0.76,-4.19,24.23;
0.55,-1.43,20.94;
4.89,-0.03,16.38;
3.77,3.21,12.88;
-0.41,7.38,9.66;
-4.04,12.05,4.56;
-6.41,18.52,-1.25;
-8.52,25.71,-5.82;
-11.43,32.10,-10.02;
-14.56,36.05,-10.63;
-23.11,39.09,-10.52;
-34.47,41.61,-10.22;
-44.24,43.49,-11.45;
-50.93,45.18,-15.28;
-56.09,47.39,-17.01;
-51.68,47.44,-18.61;
-51.71,47.67,-20.25;
-48.90,47.81,-22.99;
-54.59,50.29,-24.70;
-55.43,51.38,-27.90;
-59.94,53.03,-31.39;
-61.40,55.42,-33.96;
-60.61,55.30,-35.82;
-56.36,52.37,-37.79;
-47.08,45.49,-39.90;
-40.01,39.00,-40.35;
-27.19,30.77,-37.18;
-6.41,21.68,-33.18;
13.56,16.48,-29.39;
27.22,14.60,-27.30;
36.08,13.27,-26.46;
37.70,11.81,-25.19;
34.67,11.61,-22.38;
33.27,12.66,-19.56;
28.06,11.73,-17.07;
24.25,8.52,-10.99;
24.49,0.48,-3.30;
21.44,-11.19,6.50;
10.77,-22.30,16.44;
-0.12,-27.20,24.81;
-5.40,-33.22,33.20;
-4.55,-41.13,39.59;
0.41,-47.55,44.75;
6.22,-55.72,49.36;
4.98,-62.48,52.53;
3.83,-70.71,57.34;
9.88,-76.32,60.43;
18.29,-79.23,59.04;
22.69,-77.64,55.30;
20.38,-74.71,49.63;
19.33,-73.32,46.20;
21.28,-72.47,44.46;
21.19,-73.26,43.72;
19.44,-73.52,41.65;
19.85,-70.07,39.98;
25.45,-69.77,33.51;
27.33,-64.33,25.36;
32.96,-59.46,18.59;
36.03,-54.07,12.10;
40.81,-51.80,11.13;
45.33,-56.84,12.43;
40.20,-57.77,11.92;
34.31,-55.31,10.55;
27.47,-50.51,8.43;
21.21,-47.26,4.91;
19.91,-45.40,2.24;
17.44,-41.71,1.49;
12.90,-39.66,0.82;
3.67,-36.85,0.49;
-4.29,-34.41,1.26;
-11.92,-29.34,1.46;
-17.39,-22.79,0.64;
-22.87,-17.40,-0.67;
-23.85,-11.26,-2.89;
-21.92,-5.40,-4.95;
-21.97,0.57,-7.76;
-22.76,5.24,-10.11;
-20.59,11.76,-12.95;
-17.97,16.89,-15.80;
-9.94,21.00,-19.04;
-7.08,26.92,-21.18;
1.67,31.93,-23.28;
7.39,35.33,-25.45;
7.01,40.98,-28.20;
6.99,45.62,-29.88;
8.02,48.77,-30.83;
6.11,51.71,-30.84;
4.34,55.15,-32.67;
1.03,58.39,-35.41;
-3.22,61.88,-38.32;
-8.96,66.11,-40.80;
-8.78,69.64,-43.62;
-8.76,70.94,-45.67;
-5.68,72.22,-47.42;
-2.82,74.23,-47.77;
-2.10,75.84,-48.31;
-2.46,76.54,-50.44;
-3.46,75.93,-52.44;
-2.70,74.49,-53.36;
-2.88,72.46,-53.90;
-0.93,70.92,-53.82;
1.18,68.72,-52.14;
1.85,67.59,-50.34;
2.92,65.52,-49.13;
6.80,60.89,-47.47;
9.93,56.68,-46.14;
13.33,51.20,-44.03;
16.43,46.10,-42.28;
20.11,40.68,-39.62;
20.55,36.22,-37.38;
19.41,31.06,-33.35;
14.84,25.55,-29.38;
11.45,20.77,-26.32;
6.98,14.48,-22.81;
2.05,9.85,-18.99;
-2.59,6.45,-16.41;
-5.20,2.07,-13.82;
-4.15,-2.19,-11.19;
-3.94,-6.99,-8.75;
-4.85,-9.66,-7.38;
-4.49,-12.24,-5.54;
-2.78,-14.90,-4.22;
-2.55,-17.00,-2.90;
-0.52,-19.83,-2.51;
1.50,-22.15,-1.93;
2.90,-23.34,-0.54;
3.93,-24.01,1.07;
5.21,-24.55,2.93;
5.45,-24.82,4.68;
5.97,-24.62,6.03;
5.03,-24.33,7.34;
3.57,-23.61,8.73;
0.89,-22.96,9.40;
-1.57,-22.21,9.95;
-5.34,-21.02,10.00;
-6.00,-20.24,9.52;
-6.17,-19.35,9.69;
-6.78,-17.35,8.61;
-6.61,-15.93,7.40;
-5.48,-14.94,6.49;
-4.14,-13.19,5.11;
-5.05,-11.20,3.91;
-4.64,-8.96,2.32;
-3.72,-5.63,-0.09;
-2.36,-3.54,-2.64;
-0.84,-1.46,-4.84;
-1.39,-0.07,-7.06;
-1.05,1.26,-9.07;
-2.12,3.61,-10.89;
-3.19,5.71,-12.75;
-3.45,8.34,-14.12;
-4.58,11.03,-15.74;
-5.17,12.31,-16.51;
-6.47,12.97,-16.98;
-7.45,13.23,-17.65;
-8.15,13.59,-18.44;
-8.58,14.43,-19.09;
-7.42,14.39,-20.00;
-4.87,13.41,-20.06;
-3.66,12.95,-19.83;
-1.45,12.31,-20.43;
-1.07,12.02,-19.70;
-1.56,11.71,-19.44;
-0.36,11.12,-19.03;
-0.06,10.10,-18.69;
0.63,9.15,-18.19;
1.64,8.71,-17.12;
2.83,7.99,-15.73;
3.35,7.36,-14.83;
3.85,7.12,-13.59;
2.31,7.27,-11.88;
1.65,7.84,-10.25;
1.71,7.99,-8.28;
1.47,8.14,-6.37;
1.44,8.02,-4.93;
0.48,7.68,-3.36;
1.79,6.97,-2.87;
1.38,7.79,-1.54;
0.69,7.68,-0.17;
1.65,7.45,1.02;
3.25,6.80,1.98;
5.54,4.60,2.38;
8.93,3.32,2.94;
10.32,1.67,4.18;
10.05,1.61,5.02;
7.93,1.91,6.30;
6.93,1.47,7.52;
4.81,1.87,9.04;
1.42,2.84,10.41;
-0.09,3.67,11.62;
-4.46,5.41,13.02;
-8.01,7.21,14.03;
-7.08,6.65,15.04;
-3.97,4.98,16.32;
-5.14,5.71,17.22;
-4.91,7.26,16.18;
-5.39,8.48,14.93;
-1.75,7.45,13.88;
0.17,5.84,13.25;
1.48,4.17,11.89;
3.33,3.30,9.94;
5.06,3.06,7.11;
6.40,3.39,4.59;
10.17,1.62,2.46;
10.17,-0.18,1.60;
7.04,-1.35,1.10;
5.50,-1.74,0.90;
2.05,-0.99,1.40;
-4.00,1.87,2.93;
-8.82,3.49,3.94;
-10.75,4.66,5.28;
-12.90,5.36,5.95;
-12.30,6.46,6.75;
-9.49,8.22,5.95;
-6.09,9.87,5.81;
-1.83,10.32,5.10;
3.45,10.39,4.26;
6.38,10.97,2.73;
7.44,11.71,1.85;
9.30,11.59,1.43;
12.03,10.48,0.18;
11.16,8.69,0.06;
9.73,6.60,-0.28;
7.03,4.83,-1.15;
3.47,3.53,-1.90;
-0.03,3.29,-2.81;
-2.35,3.00,-2.72;
-4.44,2.40,-2.14;
-5.86,1.61,-1.54;
-7.16,1.03,-0.63;
-7.01,0.77,-0.14;
-4.33,0.68,0.68;
-0.97,0.02,0.91;
1.21,0.05,1.98;
4.05,-0.80,2.59;
5.96,-0.24,3.62;
5.73,-0.06,4.58;
5.86,0.54,5.08;
5.41,0.78,4.73;
5.62,0.39,4.72;
3.54,0.84,4.36;
1.64,0.55,4.43;
0.00,0.19,4.30;
-1.75,-0.09,4.29;
-3.71,-0.18,4.23;
-5.48,0.29,4.17;
-6.47,0.46,4.14;
-7.16,0.19,4.46;
-5.83,-0.21,4.56;
-5.34,-0.79,4.32;
-4.17,-0.65,4.29;
-2.87,-0.10,4.23;
-1.75,-0.44,4.07;
-0.62,-0.62,4.10;
0.08,-0.51,4.49;
-0.30,-0.45,4.61;
-0.68,-0.68,4.58;
-0.46,-0.32,4.62;
-0.72,0.16,4.21;
-2.43,1.03,4.00;
-4.39,1.42,3.54;
-6.44,2.26,2.62;
-7.42,3.03,2.38;
-8.10,3.30,1.80;
-7.31,2.16,1.16;
-4.20,0.32,1.33;
-2.76,-1.84,1.02;
-3.07,-2.10,1.04;
-1.42,-2.87,0.64;
-0.79,-4.12,-0.00;
0.29,-4.61,-0.28;
0.22,-4.74,-0.66;
0.72,-5.11,-1.15;
1.56,-6.67,-1.22;
3.15,-9.16,-0.66;
3.85,-10.80,-0.12;
3.96,-12.42,0.15;
2.78,-13.37,0.26;
2.44,-13.93,0.58;
3.07,-15.14,0.97;
1.27,-16.70,1.91;
-1.43,-17.97,2.88;
-3.25,-19.13,3.92;
-3.36,-20.51,5.13;
-3.28,-22.44,6.96;
-2.59,-23.98,8.56;
-0.52,-26.13,10.50;
3.01,-29.93,12.53;
4.02,-32.18,14.33;
4.09,-33.95,16.06;
5.12,-36.18,16.76;
6.25,-39.16,18.29;
6.54,-41.46,19.77;
4.99,-43.39,21.94;
5.04,-45.32,23.57;
4.96,-48.41,25.48;
4.31,-50.50,27.74;
4.03,-52.94,29.13;
4.70,-55.19,30.33;
5.24,-57.77,32.35;
6.57,-60.64,34.65;
6.48,-63.14,36.79;
9.10,-65.98,39.37;
10.58,-69.43,42.30;
12.37,-73.71,45.51;
14.20,-77.84,48.26;
13.88,-80.48,50.72;
15.85,-82.62,53.37;
17.09,-85.69,55.04;
15.79,-87.54,57.30;
14.57,-86.38,58.67;
14.99,-84.94,59.88;
15.47,-82.19,60.39;
9.19,-73.52,54.52;
4.93,-76.67,61.23;
5.64,-68.00,57.28;
0.83,-63.97,51.59;
-1.80,-59.14,50.14;
2.08,-55.75,48.21;
8.19,-49.71,42.50;
12.11,-42.62,37.01;
13.74,-34.71,33.69;
16.14,-25.63,28.61;
17.91,-16.10,23.80;
20.02,-7.55,18.06;
21.74,0.48,12.68;
25.59,5.94,7.40;
27.27,11.49,1.89;
30.00,16.60,-3.68;
30.64,22.84,-9.53;
31.74,30.72,-14.09;
31.03,36.42,-17.10;
28.84,41.91,-19.56;
26.77,46.71,-21.86;
21.82,49.88,-23.67;
19.76,53.64,-26.61;
24.77,56.40,-33.21;
28.77,57.81,-36.99;
19.91,57.30,-36.17;
4.64,56.94,-32.22;
-0.12,55.15,-29.64;
-4.21,54.20,-28.09;
-5.94,52.13,-27.42;
-8.73,48.94,-26.61;
-9.56,44.36,-26.92;
-9.92,40.84,-27.68;
-8.15,40.83,-26.96;
-8.21,43.23,-23.76;
-6.65,37.74,-19.97;
-12.81,28.28,-15.97;
-22.82,27.68,-11.77;
-28.64,24.58,-14.69;
-41.22,23.27,-10.54;
-42.17,29.27,-12.51;
-31.39,31.53,-12.93;
-25.07,31.96,-14.11;
-24.26,29.39,-15.73;
-27.98,29.03,-16.32;
-31.74,28.48,-16.69;
-34.68,25.76,-17.96;
-29.07,22.84,-17.27;
-16.24,18.40,-17.33;
-16.44,12.95,-10.58;
10.31,8.69,-16.41;
18.02,5.09,-11.10;
32.08,2.91,-11.70;
46.96,-0.56,-7.74;
53.35,-5.66,-4.12;
52.05,-14.19,4.10;
53.39,-27.08,11.11;
40.69,-30.93,14.39;
19.13,-27.09,16.53;
-0.78,-24.03,16.29;
-17.11,-23.09,16.46;
-29.74,-24.24,17.17;
-37.10,-29.51,21.28;
-38.35,-36.00,26.90;
-46.17,-34.94,28.88;
-48.88,-29.14,28.29;
-45.95,-22.91,25.81;
-35.74,-21.31,23.65;
-17.52,-23.11,22.81;
-9.01,-25.14,25.89;
-2.01,-30.32,26.50;
-2.85,-31.17,28.04;
0.51,-31.13,31.13;
5.57,-31.37,30.91;
3.74,-30.12,30.76;
8.15,-29.75,32.58;
14.22,-33.39,31.78;
8.95,-31.06,30.94;
6.44,-27.19,28.81;
1.07,-24.79,24.91;
-0.44,-21.63,20.93;
1.10,-20.47,16.12;
-5.01,-16.62,11.01;
-10.72,-12.73,5.94;
-8.99,-11.17,1.33;
-9.30,-6.90,-2.37;
-4.20,-4.06,-6.14;
0.09,-1.92,-9.76;
7.19,1.07,-13.67;
11.36,1.64,-17.22;
10.99,3.36,-17.83;
2.99,6.87,-18.69;
-1.08,9.06,-19.28;
-2.53,9.90,-19.59;
-2.46,10.02,-19.47;
-6.01,11.84,-20.72;
-10.14,14.81,-22.34;
-13.08,17.13,-22.22;
-14.20,22.02,-21.67;
-13.74,26.75,-21.65;
-14.97,29.88,-22.23;
-23.95,34.80,-23.30;
-23.59,38.25,-23.56;
-23.39,41.59,-23.18;
-23.60,43.49,-24.40;
-21.86,45.94,-27.15;
-19.52,48.97,-29.54;
-16.24,52.26,-31.59;
-11.65,54.34,-33.64;
-5.91,55.59,-34.61;
-2.10,55.33,-34.72;
0.77,54.69,-34.83;
1.70,54.34,-34.75;
1.85,54.26,-36.09;
2.86,52.98,-37.33;
0.64,53.53,-37.70;
0.77,54.92,-37.10;
-0.85,53.74,-36.55;
-3.77,51.44,-36.23;
-3.51,48.58,-36.43;
0.52,44.58,-36.72;
1.99,38.86,-37.53;
2.48,34.81,-37.53;
2.52,32.16,-37.44;
-0.56,28.55,-36.89;
-1.23,26.08,-35.99;
-0.03,23.42,-36.03;
4.95,21.88,-34.95;
9.77,20.61,-34.22;
13.47,18.48,-32.96;
14.46,17.20,-31.41;
14.96,16.87,-29.04;
11.88,17.06,-25.86;
8.51,17.39,-23.21;
6.57,17.32,-20.14;
4.06,16.58,-17.21;
1.77,16.23,-15.10;
-1.68,16.61,-13.67;
-2.55,16.49,-12.23;
-2.65,16.66,-11.27;
-2.18,16.51,-10.11;
-2.87,16.17,-9.25;
-3.02,15.33,-8.58;
-1.11,14.11,-8.38;
0.51,12.72,-7.39;
2.17,10.89,-6.86;
3.44,9.70,-6.87;
4.09,7.99,-7.15;
5.10,6.66,-6.84;
6.09,5.91,-6.00;
7.30,4.08,-5.22;
6.60,3.59,-5.64;
6.31,3.03,-5.48;
5.90,2.48,-4.17;
4.32,1.97,-2.81;
0.60,2.61,-1.94;
-1.14,2.69,-1.42;
-1.94,2.80,-0.93;
-1.23,1.88,-0.31;
-0.75,1.59,0.24;
-0.36,0.81,-0.05;
1.19,0.13,-0.60;
2.43,-0.27,-1.12;
2.87,-0.93,-1.70;
3.83,-0.76,-3.09;
3.59,-0.79,-4.28;
2.77,-0.55,-4.67;
0.29,-0.39,-5.22;
-0.91,-0.74,-5.73;
-1.30,-0.94,-6.48;
-1.66,-1.31,-6.60;
-0.61,-2.12,-6.89;
0.29,-3.17,-6.69;
0.44,-3.72,-6.09;
-1.01,-2.84,-5.59;
-2.46,-1.77,-4.49;
-2.01,-1.42,-3.45;
-1.20,-1.95,-2.54;
-3.42,-1.74,-1.54;
-5.52,-1.31,-1.32;
-5.75,-0.94,-1.22;
-6.23,-1.87,-1.12;
-2.24,-3.00,-1.16;
1.56,-4.62,-1.06;
4.29,-5.63,-1.01;
5.01,-5.72,-0.48;
4.66,-5.72,-0.41;
3.28,-4.56,0.06;
1.10,-3.11,0.47;
-0.44,-1.75,0.52;
-2.41,-0.03,0.36;
-3.16,0.19,0.26;
-3.57,-0.29,-0.29;
-3.14,-0.79,-1.04;
-2.91,-1.19,-1.51;
-1.81,-2.48,-2.48;
1.07,-4.00,-3.01;
2.77,-5.45,-3.85;
2.61,-5.57,-5.38;
1.99,-5.66,-6.74;
3.13,-6.80,-7.54;
2.99,-7.57,-7.09;
3.33,-8.26,-6.43;
2.32,-7.35,-5.53;
0.09,-5.68,-4.37;
-1.59,-3.08,-3.94;
-3.66,-0.58,-3.45;
-4.55,-0.77,-2.52;
-3.78,-3.49,-0.35;
-4.79,-4.77,3.78;
-6.76,-4.39,5.81;
-8.01,-2.06,6.00;
-6.88,0.05,5.80;
-1.17,-0.36,5.10;
4.49,-1.48,5.33;
5.83,-1.77,6.03;
6.54,-2.39,6.43;
6.61,-3.28,6.61;
5.42,-2.80,7.52;
5.83,-2.58,8.29;
3.74,-1.90,9.40;
0.55,-0.27,9.89;
-2.73,1.16,10.82;
-7.68,4.20,12.61;
-14.26,7.88,14.15;
-16.72,9.76,14.62;
-16.72,11.01,15.07;
-12.76,10.60,14.24;
-7.85,9.39,12.46;
-3.39,8.97,10.32;
4.43,7.49,8.09;
9.51,6.49,5.89;
11.45,5.64,4.23;
11.36,5.03,3.07;
8.57,4.32,1.49;
6.98,3.26,0.81;
3.16,2.55,0.62;
-2.93,2.39,0.30;
-5.69,2.54,0.07;
-7.02,2.43,-0.43;
-7.98,2.60,-0.06;
-7.68,2.51,0.35;
-4.35,1.50,1.20;
-0.90,0.61,1.95;
1.79,1.09,1.85;
4.89,1.07,1.60;
6.93,1.26,1.54;
7.79,1.50,1.54;
8.66,1.16,1.34;
8.28,0.17,1.26;
6.08,-0.12,1.75;
3.47,0.49,2.24;
0.14,0.97,2.35;
-3.30,1.79,2.35;
-3.92,1.55,2.72;
-4.21,1.30,3.01;
-4.72,1.29,2.96;
-4.59,1.15,2.88;
-4.59,1.59,3.23;
-3.78,1.68,3.04;
-3.89,2.02,2.94;
-1.78,1.84,2.97;
1.35,0.78,2.88;
4.66,-0.35,2.85;
6.46,-1.69,2.81;
6.83,-2.74,2.38;
7.10,-4.21,2.67;
7.39,-5.45,2.67;
5.86,-6.33,2.64;
2.67,-6.56,3.01;
-0.84,-6.68,3.60;
-1.74,-7.43,4.32;
-1.85,-8.82,4.78;
-3.81,-9.31,5.19;
-6.29,-8.65,5.23;
-6.32,-7.86,4.97;
-5.51,-6.56,4.06;
-3.28,-4.59,3.16;
-2.32,-3.52,3.14;
-0.03,-2.18,3.05;
3.30,-2.01,2.64;
5.96,-2.80,3.07;
8.55,-5.23,3.36;
10.46,-7.49,4.21;
8.22,-7.13,4.70;
4.32,-5.68,5.19;
0.08,-4.55,5.98;
-2.62,-5.63,7.60;
-7.11,-6.09,9.39;
-11.57,-6.30,11.34;
-13.57,-7.42,12.79;
-13.37,-8.85,14.85;
-11.66,-11.45,16.81;
-9.04,-15.08,19.17;
-7.08,-18.18,20.78;
-5.20,-20.91,22.26;
-1.56,-24.47,23.69;
1.03,-28.18,24.59;
2.52,-31.02,24.84;
4.69,-35.35,24.58;
5.22,-38.07,25.39;
3.73,-40.09,25.60;
1.41,-42.73,25.63;
-0.56,-44.79,26.01;
-1.66,-45.87,26.00;
-1.77,-46.59,26.14;
-2.64,-47.00,26.23;
-3.60,-47.03,25.95;
-4.06,-47.03,25.78;
-2.56,-46.96,26.53;
-0.94,-46.87,26.33;
-0.09,-46.39,25.83;
3.32,-45.43,25.34;
6.89,-43.77,24.10;
11.62,-41.68,22.49;
12.93,-39.43,20.88;
14.14,-35.64,18.55;
16.17,-32.61,15.51;
15.56,-28.99,13.95;
15.36,-25.26,11.95;
16.51,-20.93,9.66;
13.15,-16.03,7.81;
8.99,-10.03,6.27;
5.74,-4.94,4.00;
5.04,-1.02,2.24;
4.32,1.70,0.94;
6.96,5.10,-1.48;
7.65,8.81,-3.71;
9.15,11.06,-5.27;
15.21,12.31,-6.38;
18.05,13.01,-7.28;
17.48,12.94,-8.22;
18.77,13.70,-9.48;
21.65,14.25,-11.25;
18.49,14.95,-11.77;
17.35,16.13,-12.55;
14.20,17.85,-11.99;
9.86,19.18,-7.50;
8.12,18.43,-4.51;
2.49,18.58,0.01;
-6.03,21.09,2.67;
-12.24,24.37,4.50;
-15.68,23.59,8.91;
-23.49,23.07,12.99;
-32.90,24.22,14.32;
-40.26,27.38,12.30;
-46.62,29.26,9.60;
-45.80,29.33,9.07;
-50.78,28.72,12.10;
-65.28,25.09,17.07;
-84.26,19.55,18.68;
-98.75,14.65,17.59;
-109.05,9.96,13.89;
-96.64,6.16,9.56;
-77.66,1.30,5.81;
-67.91,-6.79,1.11;
-53.60,-14.67,-1.07;
-26.61,-21.90,-0.35;
-10.49,-24.91,-2.92;
5.24,-25.14,-3.86;
16.57,-20.88,-2.96;
24.20,-19.93,-3.96;
22.98,-19.80,-4.46;
32.46,-21.06,-4.55;
34.81,-18.58,-4.64;
29.33,-13.49,-4.95;
25.01,-10.76,-4.44;
25.90,-12.71,-3.24;
19.04,-15.20,-1.90;
8.95,-11.17,-2.80;
-16.88,-9.92,-0.09;
-8.81,5.07,-8.32;
-12.62,13.42,-10.26;
-4.30,12.97,-9.90;
2.87,8.39,-12.95;
0.63,3.33,-10.17;
3.47,-1.26,-6.06;
12.92,-4.50,-1.82;
19.80,-3.19,0.53;
24.08,-1.00,-0.12;
24.03,-0.70,0.23;
25.90,-3.55,2.10;
25.10,-7.54,5.95;
21.04,-12.04,11.17;
18.26,-17.55,16.24;
17.12,-24.24,22.52;
21.65,-36.93,30.70;
17.85,-45.29,37.56;
8.89,-48.27,41.26;
2.03,-48.59,40.93;
-2.55,-46.19,40.06;
1.56,-44.99,38.84;
8.03,-43.74,36.50;
14.23,-45.02,35.59;
14.12,-46.41,34.21;
11.01,-50.61,36.18;
4.74,-56.21,33.51;
-10.50,-52.13,32.93;
-13.80,-49.72,28.82;
-8.59,-46.55,26.46;
1.65,-46.94,25.81;
6.28,-46.03,25.51;
5.94,-42.36,22.61;
4.93,-36.96,18.67;
6.81,-32.22,14.85;
7.97,-24.44,9.48;
14.37,-17.39,4.26;
22.25,-14.90,0.79;
23.41,-10.88,-3.39;
15.76,-4.45,-7.19;
12.60,1.00,-9.54;
10.93,4.52,-9.83;
2.96,7.67,-10.02;
-1.19,10.92,-10.64;
-5.52,13.42,-11.54;
-11.17,16.02,-12.52;
-12.91,18.23,-12.70;
-13.05,22.23,-12.89;
-13.66,25.33,-14.02;
-13.62,29.13,-15.48;
-10.44,34.83,-16.32;
-9.56,38.37,-16.90;
-6.03,42.02,-18.17;
-0.78,44.66,-20.48;
2.31,44.19,-22.00;
10.38,41.16,-23.85;
6.99,37.01,-24.87;
2.77,40.28,-26.60;
-3.62,46.57,-27.65;
-14.67,49.30,-28.61;
-19.57,52.00,-27.85;
-21.89,51.82,-25.28;
-16.41,51.55,-21.79;
-8.27,49.38,-20.35;
-0.62,47.53,-19.88;
6.31,46.57,-19.90;
9.07,46.37,-19.33;
7.25,46.55,-18.93;
4.28,46.55,-18.17;
1.82,46.02,-18.66;
0.74,44.71,-19.97;
-0.01,41.45,-22.38;
-0.39,40.71,-24.99;
-1.43,40.61,-28.05;
-2.21,41.56,-29.77;
-7.46,42.63,-31.86;
-9.77,43.07,-33.74;
-10.56,42.81,-34.61;
-8.07,40.51,-36.98;
-3.92,38.32,-38.20;
-0.10,36.55,-39.61;
1.24,35.50,-40.41;
2.02,35.44,-39.76;
1.21,33.44,-38.43;
1.93,31.56,-37.10;
3.57,28.84,-36.41;
7.06,24.60,-36.40;
10.37,20.71,-36.57;
12.81,16.80,-37.90;
12.69,13.62,-38.83;
11.90,10.42,-39.73;
9.12,7.26,-39.19;
7.22,3.84,-38.63;
5.70,0.34,-37.38;
5.18,-3.06,-36.31;
5.65,-6.65,-35.22;
5.97,-9.25,-34.38;
5.61,-11.40,-33.53;
5.57,-13.81,-32.60;
7.16,-14.94,-30.96;
8.52,-15.95,-29.44;
10.48,-16.87,-27.18;
10.98,-17.45,-24.29;
10.52,-17.03,-21.50;
9.50,-16.68,-19.28;
8.95,-16.01,-16.98;
8.49,-14.94,-14.32;
6.49,-13.95,-12.12;
4.72,-13.75,-10.34;
2.11,-12.41,-8.51;
-0.01,-11.63,-7.24;
-0.55,-11.14,-5.41;
-0.99,-10.70,-3.67;
-1.51,-9.64,-2.38;
-2.62,-8.30,-0.86;
-2.99,-7.26,-0.08;
-2.38,-6.76,0.24;
-1.19,-6.42,1.20;
-1.51,-6.33,1.72;
-1.17,-5.69,2.72;
-0.94,-5.32,3.14;
0.72,-5.11,3.45;
1.56,-4.41,3.66;
0.48,-2.82,4.03;
-0.64,-1.20,4.97;
-1.20,0.57,5.37;
-1.71,2.00,5.39;
-2.41,4.84,5.39;
-4.44,6.86,5.94;
-3.68,7.73,5.89;
-3.08,8.17,6.38;
-3.75,9.53,5.69;
-5.02,11.73,5.40;
-6.09,12.81,4.65;
-5.60,13.68,4.38;
-6.09,13.99,4.43;
-7.54,14.26,3.98;
-9.65,13.71,3.81;
-8.44,12.48,4.39;
-8.61,10.72,4.46;
-11.02,10.29,4.47;
-14.87,9.64,3.23;
-12.93,8.36,1.49;
-11.72,7.29,1.01;
-9.28,5.71,-0.23;
-7.33,4.65,-1.76;
-6.14,4.51,-2.70;
-4.39,3.52,-3.83;
-3.20,3.99,-3.77;
-2.99,4.29,-3.99;
-4.21,3.99,-4.52;
-3.25,4.26,-4.67;
-3.92,4.75,-5.32;
-4.59,5.29,-6.14;
-4.90,4.94,-6.86;
-3.10,4.07,-6.69;
-1.81,3.74,-6.89;
-3.43,4.80,-6.74;
-5.92,6.52,-6.98;
-6.20,7.10,-7.42;
-4.73,6.46,-6.89;
-4.21,4.68,-5.19;
-4.24,3.24,-3.62;
-4.43,2.05,-2.25;
-6.20,1.87,-1.16;
-6.73,2.32,-1.28;
-5.02,1.70,-1.76;
-1.75,0.11,-1.45;
1.59,-2.56,-0.41;
0.28,-2.74,0.64;
-1.17,-2.36,1.14;
-2.47,-1.55,0.85;
-1.68,-1.54,0.73;
-0.14,-1.81,1.16;
0.58,-2.61,1.17;
1.48,-3.08,1.65;
1.19,-3.48,2.59;
-0.81,-2.48,3.22;
-1.59,-0.45,3.42;
-0.36,0.68,3.54;
-0.49,1.56,3.36;
-0.52,2.39,3.69;
-2.20,3.81,3.54;
-2.15,4.57,3.51;
-2.00,5.90,2.96;
-0.07,6.72,1.81;
1.42,7.35,1.31;
3.45,7.87,1.31;
5.01,7.94,1.16;
6.38,8.52,1.34;
5.64,8.86,1.20;
5.10,9.78,0.88;
5.44,10.57,1.10;
5.13,10.89,1.59;
5.28,11.06,2.23;
4.48,10.89,2.96;
4.14,11.23,3.62;
4.64,10.65,4.72;
6.26,9.94,6.18;
5.77,9.88,7.11;
5.53,10.03,7.36;
5.62,9.12,7.75;
6.03,7.10,8.27;
6.67,5.68,9.05;
6.46,3.99,9.94;
6.11,2.34,10.01;
6.78,0.57,10.39;
7.48,-0.45,10.97;
7.36,-2.26,11.20;
6.14,-3.40,11.26;
6.06,-4.56,11.19;
6.69,-6.39,11.19;
7.71,-9.26,11.28;
7.85,-11.22,11.65;
8.06,-12.41,11.88;
8.29,-13.74,11.74;
8.05,-14.71,11.92;
8.57,-15.13,12.59;
8.38,-15.48,12.55;
7.13,-16.00,12.15;
7.16,-15.95,11.94;
7.28,-16.38,12.09;
7.86,-15.60,12.73;
9.53,-15.43,13.51;
10.51,-14.19,14.03;
8.11,-12.21,14.96;
5.59,-11.22,14.96;
3.99,-10.06,14.84;
4.26,-9.60,14.75;
3.50,-8.90,14.65;
4.72,-8.85,14.21;
4.83,-9.03,13.68;
3.32,-7.86,13.07;
1.48,-6.62,12.43;
0.58,-6.42,12.12;
1.06,-7.92,12.36;
1.42,-8.61,13.10;
0.17,-9.74,12.96;
-3.37,-8.74,12.39;
-3.57,-8.32,11.83;
-2.06,-8.80,11.42;
-0.07,-10.80,12.18;
1.27,-12.71,12.56;
2.23,-14.27,12.53;
2.34,-15.42,12.39;
3.47,-17.14,12.88;
3.62,-19.48,13.31;
3.28,-22.77,14.09;
2.69,-28.10,14.62;
5.24,-36.07,15.43;
3.22,-41.87,15.60;
-1.26,-40.53,16.84;
-4.91,-39.77,16.97;
-2.82,-41.43,16.52;
-0.44,-44.45,16.75;
-1.77,-45.78,17.92;
-1.83,-46.73,18.21;
0.51,-49.37,18.38;
2.11,-51.11,18.91;
1.94,-52.55,20.29;
4.48,-53.64,21.45;
4.09,-52.50,22.39;
3.22,-50.91,22.91;
5.67,-49.92,23.66;
6.41,-49.74,24.72;
6.99,-50.07,25.98;
3.71,-48.10,26.65;
1.48,-44.71,26.50;
0.78,-43.20,26.23;
0.95,-40.97,25.89;
4.44,-40.21,22.99;
9.53,-39.83,21.14;
14.64,-37.95,20.94;
17.86,-35.45,19.95;
22.43,-31.77,17.97;
24.31,-27.95,20.96;
33.64,-26.77,19.16;
34.05,-21.43,16.87;
30.84,-17.35,14.72;
29.04,-13.26,12.97;
25.44,-8.44,9.86;
22.66,-3.34,5.98;
21.73,1.07,2.59;
21.53,4.77,0.81;
20.48,9.36,-2.60;
15.90,10.97,-5.88;
9.68,11.99,-9.56;
9.32,13.61,-11.70;
13.94,14.98,-13.56;
23.77,19.09,-13.24;
34.84,26.51,-10.81;
57.12,26.71,-9.09;
65.56,28.25,-8.78;
60.28,28.02,-8.11;
42.92,27.53,-6.48;
13.62,27.99,-3.74;
-3.05,26.72,-0.92;
-21.04,22.94,3.72;
-36.41,23.90,8.70;
-48.85,22.66,12.44;
-67.68,21.23,16.04;
-84.70,18.16,19.39;
-92.09,14.68,20.58;
-92.33,14.92,19.45;
-79.10,19.71,14.78;
-55.25,21.79,11.23;
-37.40,26.22,3.28;
-22.20,23.73,-2.05;
-24.96,22.58,-2.67;
-25.81,23.68,-5.96;
-28.99,26.48,-7.62;
-18.91,26.65,-9.51;
3.86,19.81,-11.03;
18.44,14.66,-9.13;
15.88,13.81,-6.95;
4.98,13.49,-3.28;
3.45,5.68,0.62;
1.47,-6.16,7.07;
-3.23,-18.24,15.04;
-4.41,-29.28,23.59;
-12.91,-42.03,33.86;
6.92,-42.93,30.33;
23.80,-48.77,36.24;
42.93,-49.02,33.04;
48.25,-47.31,29.88;
42.31,-38.99,23.31;
40.11,-32.61,19.19;
35.24,-24.68,17.66;
30.90,-18.01,15.17;
26.51,-16.35,13.69;
13.12,-8.96,10.29;
3.54,-2.47,6.38;
-2.56,-1.05,5.26;
-5.75,1.30,5.74;
-11.94,4.07,5.91;
-14.91,5.81,5.74;
-18.26,5.78,4.97;
-16.12,5.93,2.70;
-13.77,5.61,-0.34;
-12.14,8.13,-2.70;
-7.65,9.71,-5.03;
-3.49,8.10,-7.16;
-2.97,6.55,-8.14;
-2.27,5.62,-9.61;
-2.12,5.42,-10.67;
-0.49,5.97,-11.39;
1.68,6.20,-11.44;
0.05,6.00,-11.30;
-4.52,6.86,-12.41;
-7.72,7.27,-13.10;
-11.16,7.96,-13.38;
-12.73,9.16,-14.32;
-13.10,9.49,-15.51;
-15.98,11.07,-16.75;
-17.81,13.45,-18.29;
-17.71,15.59,-20.49;
-15.45,18.55,-22.34;
-13.51,20.52,-23.85;
-11.60,24.31,-25.82;
-9.60,28.80,-27.56;
-9.16,33.91,-29.07;
-8.49,38.97,-31.15;
-5.75,42.19,-31.90;
-6.36,47.23,-32.96;
-6.09,51.87,-34.74;
-6.46,53.67,-35.82;
-6.58,55.16,-36.55;
-7.62,57.07,-36.11;
-8.30,58.02,-35.50;
-9.48,58.36,-35.48;
-13.46,58.52,-35.54;
-14.73,58.16,-34.44;
-15.83,57.20,-34.00;
-18.30,55.56,-32.95;
-18.53,54.02,-32.25;
-17.62,51.82,-31.99;
-15.59,48.25,-32.54;
-11.25,43.07,-33.96;
-6.81,39.41,-34.17;
-1.11,35.09,-34.48;
2.09,32.60,-34.69;
3.71,30.94,-34.93;
5.45,28.98,-34.75;
7.57,25.96,-33.53;
5.94,23.81,-32.11;
6.00,21.64,-31.30;
4.90,19.16,-29.96;
5.85,16.48,-28.12;
6.61,14.61,-27.16;
7.09,13.56,-25.88;
6.63,13.47,-24.46;
6.11,13.62,-24.03;
5.70,14.57,-23.27;
4.26,16.03,-22.23;
2.48,17.18,-20.81;
-1.25,17.76,-19.54;
-4.70,18.10,-18.12;
-5.60,17.59,-16.63;
-6.24,17.16,-15.10;
-3.72,15.38,-13.50;
-2.67,13.91,-12.67;
0.60,11.45,-12.03;
2.38,9.32,-11.45;
4.19,7.94,-10.06;
5.57,7.36,-7.91;
4.28,6.52,-6.12;
1.88,5.55,-3.64;
-0.15,3.90,-0.51;
-2.03,1.91,2.58;
-4.72,-0.99,4.99;
-6.38,-3.89,6.20;
-4.99,-6.73,7.20;
-3.75,-8.70,7.63;
-3.20,-10.51,7.89;
-0.01,-11.37,7.85;
1.67,-12.47,7.78;
2.80,-12.87,7.33;
4.87,-12.99,5.68;
4.48,-12.58,4.50;
4.43,-10.82,3.02;
5.21,-10.62,2.07;
4.74,-10.33,1.22;
3.70,-9.90,0.43;
2.09,-9.29,-1.25;
1.67,-8.01,-2.31;
1.54,-7.52,-2.57;
0.87,-7.03,-3.13;
0.74,-6.51,-3.41;
0.38,-5.64,-3.53;
-0.70,-5.60,-3.39;
-1.28,-5.05,-2.95;
-2.21,-4.15,-2.41;
-1.45,-3.63,-2.02;
-1.63,-3.25,-1.06;
-1.94,-2.76,-0.61;
-1.39,-2.90,-0.23;
0.17,-3.03,0.09;
0.63,-2.48,0.61;
1.06,-1.87,1.30;
1.56,-1.58,1.95;
0.51,-0.90,2.49;
-0.72,-0.18,2.62;
-1.51,-0.36,2.87;
-3.25,-0.01,3.14;
-3.69,1.47,3.37;
-3.89,1.70,3.49;
-3.08,1.93,3.26;
-3.20,2.25,3.57;
-3.20,2.23,3.10;
-3.63,2.55,2.75;
-4.41,3.32,2.23;
-3.11,2.83,1.30;
-2.70,2.65,1.34;
-1.98,2.60,0.78;
-1.75,2.39,0.03;
-1.81,2.46,-0.84;
-1.83,2.37,-1.57;
-1.59,2.03,-2.23;
-1.83,1.67,-2.52;
-2.39,0.89,-3.16;
-3.34,0.22,-3.83;
-2.65,-1.46,-4.54;
-2.49,-1.84,-4.93;
-1.22,-2.50,-5.62;
-0.06,-3.84,-6.25;
-0.29,-4.56,-6.40;
0.38,-5.37,-6.70;
0.26,-5.77,-6.58;
0.09,-5.95,-6.87;
-0.56,-6.26,-7.51;
-0.70,-6.94,-7.19;
-0.82,-8.33,-6.83;
-1.19,-8.96,-6.60;
-0.62,-10.24,-6.43;
-0.99,-11.57,-5.97;
-0.23,-13.28,-5.80;
-0.59,-14.19,-5.59;
0.12,-15.52,-4.98;
1.09,-16.30,-4.26;
0.80,-16.96,-3.99;
0.77,-18.21,-3.64;
1.10,-19.26,-3.06;
-0.14,-19.87,-1.88;
0.72,-21.34,-0.57;
0.48,-21.69,0.93;
0.74,-21.49,2.35;
0.80,-21.37,3.36;
0.61,-20.67,4.29;
0.20,-20.32,4.91;
-0.24,-19.63,5.75;
-1.48,-18.62,6.43;
-1.45,-18.16,6.20;
-1.88,-16.61,5.97;
-1.52,-15.25,5.54;
-0.76,-14.51,5.31;
-0.17,-12.97,5.37;
0.02,-11.29,5.42;
-0.64,-9.32,4.82;
-1.62,-7.90,4.85;
-1.78,-6.03,4.41;
-1.80,-4.51,4.82;
-1.63,-3.19,5.11;
-1.46,-2.27,4.84;
-1.43,-1.08,4.38;
-1.39,-0.16,4.81;
-0.20,0.72,5.28;
0.80,1.04,5.49;
0.57,1.84,5.98;
0.81,2.71,6.36;
1.35,2.51,6.68;
0.28,3.16,6.70;
-0.10,3.81,6.72;
-0.43,3.62,6.62;
-0.93,3.61,7.07;
-0.67,3.65,6.62;
-0.44,3.18,6.67;
-0.07,2.55,7.05;
-0.29,1.97,6.99;
-0.09,1.52,6.82;
0.40,0.61,6.67;
1.28,-0.56,6.32;
1.70,-0.36,5.97;
2.25,-1.08,5.37;
2.20,-1.78,4.99;
2.28,-2.10,5.51;
2.44,-2.61,5.42;
2.35,-3.43,5.39;
2.37,-4.12,5.40;
2.29,-4.36,5.54;
2.09,-5.20,5.52;
1.88,-5.69,5.97;
2.83,-5.74,6.06;
3.57,-6.22,6.26;
3.22,-6.29,6.32;
3.06,-5.92,5.65;
3.19,-5.84,5.46;
2.80,-5.14,5.43;
3.27,-4.68,4.99;
3.15,-4.10,5.25;
2.14,-3.14,4.76;
1.57,-3.05,4.03;
1.35,-2.18,3.40;
0.77,-1.69,3.17;
0.84,-1.02,2.38;
0.58,-0.42,1.65;
0.26,0.07,1.17;
1.18,0.17,0.73;
-0.03,0.39,0.75;
0.72,0.74,0.58;
1.15,0.16,0.81;
-0.14,0.20,1.13;
0.25,-0.21,1.52;
0.61,-1.22,1.91;
-0.56,-1.57,2.44;
-0.46,-2.10,3.13;
-1.28,-3.02,4.14;
-1.59,-3.63,4.79;
-1.54,-4.50,5.39;
-2.20,-5.16,6.15;
-2.09,-6.30,6.58;
-2.12,-7.14,7.26;
-2.17,-7.87,7.43;
-2.15,-8.79,8.12;
-2.32,-9.34,8.18;
-2.53,-9.63,8.29;
-1.85,-9.72,8.52;
-2.12,-9.87,8.62;
-2.75,-9.80,8.59;
-2.94,-10.13,8.09;
-3.33,-10.39,7.78;
-2.65,-9.55,7.39;
-2.21,-9.46,6.76;
-1.98,-9.29,6.18;
-2.29,-8.87,5.49;
-2.50,-8.44,4.94;
-3.19,-7.98,4.82;
-2.94,-7.48,4.20;
-3.37,-7.05,3.80;
-3.30,-6.90,3.04;
-3.72,-6.42,3.48;
-3.39,-6.38,3.86;
-3.75,-6.26,3.71;
-3.97,-5.97,3.62;
-4.30,-6.24,3.72;
-4.59,-6.62,4.20;
-4.39,-6.76,4.56;
-4.49,-7.34,5.13;
-4.35,-7.90,5.88;
-4.15,-8.21,6.06;
-4.43,-8.71,6.36;
-4.82,-9.32,6.70;
-4.81,-9.61,7.60;
-5.16,-10.26,8.06;
-6.14,-10.68,8.56;
-6.21,-11.58,9.39;
-6.15,-12.79,10.36;
-6.64,-14.44,11.74;
-7.31,-14.42,12.56;
-8.44,-15.95,12.85;
-7.40,-17.54,13.81;
-6.96,-19.26,14.68;
-7.42,-20.22,15.20;
-8.20,-21.55,15.40;
-8.35,-23.09,15.56;
-7.78,-24.36,16.03;
-6.72,-25.68,16.36;
-5.81,-27.09,16.52;
-6.12,-28.27,16.14;
-6.41,-28.94,16.23;
-6.00,-30.22,16.21;
-6.33,-31.63,16.00;
-6.00,-32.85,15.95;
-6.84,-33.89,16.27;
-8.01,-34.24,16.36;
-6.90,-35.03,16.73;
-6.64,-36.21,17.23;
-6.75,-36.91,17.08;
-7.13,-37.02,17.56;
-6.52,-37.09,17.95;
-5.86,-38.35,19.02;
-7.34,-38.51,19.39;
-7.25,-38.88,19.65;
-6.53,-39.05,20.36;
-4.99,-39.16,21.01;
-4.41,-39.72,21.52;
-3.85,-39.55,22.04;
-4.41,-36.67,21.71;
-7.22,-36.64,21.33;
-7.81,-33.49,22.27;
-8.52,-33.93,21.98;
-9.11,-32.15,21.43;
-8.10,-31.97,21.05;
-7.71,-29.98,20.50;
-6.39,-28.16,19.36;
-5.56,-26.70,18.38;
-4.52,-24.26,16.93;
-3.39,-22.22,15.83;
-4.00,-20.64,14.36;
-5.40,-17.84,12.88;
-5.01,-16.04,11.98;
-4.52,-14.32,11.17;
-3.20,-12.80,10.76;
-1.88,-11.90,9.94;
-1.25,-11.22,9.57;
-1.16,-10.70,9.62;
-0.65,-11.25,9.80;
-1.88,-11.98,9.94;
-2.49,-12.56,10.49;
-2.09,-13.51,10.91;
-2.53,-14.04,11.42;
-3.63,-14.48,11.49;
-3.56,-15.23,11.68;
-3.34,-15.57,11.57;
-3.98,-16.26,11.26;
-3.48,-16.73,10.85;
-3.72,-16.82,10.59;
-2.87,-16.45,10.50;
-0.70,-15.89,9.78;
-0.26,-15.57,8.61;
0.74,-14.48,7.51;
1.94,-12.99,7.66;
1.36,-12.47,7.11;
-0.14,-10.12,6.03;
-0.32,-8.32,5.07;
0.46,-6.68,4.30;
1.27,-5.00,3.89;
2.70,-3.34,3.57;
3.48,-2.29,3.22;
4.98,-1.05,2.96;
6.74,0.74,2.59;
9.01,2.51,2.29;
11.86,3.94,2.32;
13.32,4.91,2.97;
13.48,6.02,3.46;
12.93,7.10,4.23;
12.49,8.08,5.05;
11.65,8.55,6.01;
9.99,8.58,6.91;
8.46,9.29,7.97;
6.66,9.68,7.98;
5.35,9.93,8.39;
4.41,10.07,8.44;
4.43,9.44,8.29;
4.09,9.07,8.23;
3.91,7.96,8.29;
3.71,7.29,8.18;
2.98,6.52,8.23;
1.83,5.33,8.35;
-0.23,4.86,8.26;
-1.33,3.94,7.78;
-2.33,2.49,7.59;
-1.83,1.68,6.96;
-1.60,0.45,6.82;
-0.94,-0.19,5.80;
-0.55,-1.43,4.87;
0.14,-2.53,4.20;
0.26,-3.48,3.05;
0.19,-4.45,2.50;
-0.85,-5.22,1.78;
-2.87,-5.95,0.84;
-3.43,-6.94,0.30;
-4.59,-7.89,-0.37;
-6.70,-8.09,-1.22;
-7.94,-9.13,-2.20;
-8.81,-9.42,-2.67;
-9.08,-9.55,-3.04;
-8.52,-9.66,-3.07;
-9.14,-9.95,-3.24;
-8.84,-9.11,-3.32;
-9.01,-9.35,-3.53;
-8.67,-8.67,-3.56;
-8.44,-7.60,-3.15;
-7.98,-7.54,-2.69;
-8.10,-6.85,-2.34;
-8.41,-6.33,-2.00;
-7.69,-6.16,-1.53;
-7.45,-6.09,-0.98;
-8.00,-5.51,-0.61;
-7.16,-5.52,-0.03;
-6.24,-5.43,0.39;
-6.35,-5.74,0.97;
-6.10,-5.49,1.68;
-5.78,-5.66,2.47;
-4.99,-5.97,3.10;
-5.62,-5.95,3.31;
-5.11,-5.49,3.65;
-4.12,-5.77,3.80;
-3.77,-5.55,4.44;
-3.04,-5.26,4.78;
-2.90,-5.32,5.26;
-3.71,-5.28,5.26;
-4.18,-4.79,4.90;
-4.23,-4.55,4.99;
-4.17,-4.15,4.97;
-4.23,-3.80,4.90;
-3.80,-3.42,4.67;
-4.39,-2.97,4.49;
-4.64,-2.62,3.85;
-3.71,-2.58,3.80;
-3.77,-2.50,3.81;
-3.75,-2.19,3.17;
-3.83,-2.01,2.84;
-3.98,-1.95,2.58;
-3.45,-1.72,2.24;
-2.94,-1.20,1.68;
-2.44,-1.25,1.37;
-2.55,-1.35,1.40;
-3.28,-0.65,0.67;
-2.88,-0.73,0.20;
-3.04,-0.58,-0.44;
-2.76,0.07,-0.90;
-2.58,-0.48,-1.24;
-3.05,-0.09,-1.45;
-3.69,-0.22,-2.09;
-4.03,0.16,-2.09;
-4.29,0.61,-2.44;
-4.41,0.52,-2.80;
-3.52,0.46,-2.84;
-3.30,0.48,-2.31;
-2.33,0.29,-2.40;
-2.76,0.34,-2.17;
-3.08,0.48,-2.37;
-2.81,0.20,-2.28;
-2.97,-0.12,-1.99;
-2.33,-0.39,-1.91;
-2.56,-0.35,-1.68;
-3.01,0.11,-1.50;
-2.85,0.51,-1.51;
-1.97,0.43,-1.47;
-1.77,0.75,-1.04;
-1.77,0.65,-0.75;
-1.14,0.80,-0.55;
-1.39,1.29,-0.63;
0.23,1.55,-0.09;
0.25,1.36,-0.05;
0.78,1.07,0.32;
0.84,1.42,0.47;
0.70,1.56,0.52;
0.95,1.49,0.87;
0.38,1.82,0.36;
0.46,1.65,0.07;
0.49,1.71,0.12;
0.51,1.82,-0.05;
0.08,2.37,-0.55;
0.46,2.78,-0.95;
0.69,3.09,-1.18;
0.48,3.21,-1.62;
-0.10,3.18,-1.93;
0.08,3.49,-1.99;
-0.39,4.02,-2.46;
0.05,4.23,-2.80;
0.28,4.69,-2.64;
0.31,4.80,-2.90;
0.03,5.35,-3.27;
0.14,5.84,-3.56;
0.54,5.79,-3.94;
0.67,5.84,-3.38;
0.98,6.02,-3.80;
0.86,6.13,-3.73;
0.61,6.20,-3.77;
