0.28,-0.03,0.14;
0.29,0.18,0.30;
-0.03,-0.14,0.26;
-0.30,-0.18,0.17;
-0.62,0.05,0.07;
-0.61,0.15,-0.31;
-0.35,0.14,-0.00;
0.00,0.32,0.12;
-0.04,0.37,0.24;
-0.45,0.20,0.18;
-0.83,0.08,0.06;
-1.03,0.12,-0.00;
-1.14,0.54,-0.00;
-0.99,0.44,0.01;
-0.74,0.60,0.07;
-0.41,0.46,-0.09;
-0.30,0.18,0.35;
-0.12,0.11,0.23;
-0.01,-0.09,-0.00;
-0.12,0.25,0.18;
-0.50,0.31,-0.12;
-0.80,0.51,0.01;
-0.74,0.41,-0.03;
-0.58,0.55,-0.05;
-0.48,0.18,0.15;
-0.33,0.11,-0.02;
-0.30,0.26,0.26;
-0.12,0.09,0.04;
-0.24,0.18,-0.06;
-0.45,0.17,-0.08;
-0.38,0.08,-0.05;
-0.39,0.12,-0.08;
-0.13,0.12,0.03;
0.00,0.06,-0.12;
0.51,-0.21,0.03;
0.37,-0.44,-0.31;
0.48,-0.69,0.06;
0.49,-0.30,-0.09;
0.88,-0.40,-0.02;
0.60,-0.46,0.20;
0.45,-0.47,-0.02;
0.19,-0.32,-0.11;
-0.07,-0.27,-0.03;
-0.06,0.02,0.03;
-0.30,0.09,-0.02;
-0.58,0.18,-0.09;
-0.71,0.02,-0.02;
-0.35,-0.03,-0.26;
0.00,-0.35,-0.20;
0.00,-0.26,-0.14;
-0.22,-0.32,0.04;
-0.58,0.06,-0.14;
-0.70,0.11,-0.08;
-0.42,0.17,-0.23;
-0.47,0.18,0.01;
-0.07,-0.03,-0.06;
0.20,-0.09,0.15;
0.13,-0.06,0.18;
-0.15,-0.03,0.03;
-0.74,-0.06,-0.31;
-0.45,0.17,-0.26;
-0.39,0.12,-0.05;
-0.48,0.32,0.07;
-0.19,0.22,0.30;
-0.09,0.06,0.36;
-0.41,0.06,-0.19;
-0.58,0.02,-0.15;
-0.91,0.34,-0.26;
-0.56,0.87,0.01;
-0.41,0.60,0.07;
-0.38,0.35,0.06;
-0.62,0.22,0.07;
-0.54,0.09,0.27;
-0.19,0.05,0.12;
0.17,-0.15,0.09;
0.46,0.17,-0.03;
0.51,0.44,0.12;
0.29,0.29,0.14;
-0.15,0.15,0.21;
-0.22,-0.06,-0.11;
-0.48,-0.20,0.06;
-0.73,0.08,-0.03;
-0.56,0.17,-0.38;
-0.68,0.23,-0.52;
-0.12,0.17,-0.22;
0.16,0.37,-0.12;
0.31,0.14,-0.11;
0.39,0.12,0.15;
0.16,0.03,-0.12;
0.34,0.29,0.03;
0.63,0.11,0.24;
0.88,0.08,0.18;
0.62,-0.07,0.07;
0.14,-0.23,-0.12;
-0.13,-0.07,0.12;
0.14,-0.17,0.17;
0.13,0.12,0.23;
-0.09,-0.20,0.03;
-0.30,0.20,0.04;
-0.33,0.18,0.01;
-0.45,0.15,-0.03;
-0.73,0.20,-0.09;
-0.42,0.28,0.04;
-0.42,0.18,0.07;
-0.18,0.46,0.26;
-0.06,0.34,0.17;
-0.25,0.05,0.26;
-0.39,0.08,-0.12;
-0.44,0.09,-0.26;
-0.58,0.12,-0.20;
-0.38,0.12,-0.19;
0.07,-0.17,-0.06;
0.42,-0.12,0.03;
0.25,0.11,-0.00;
-0.22,0.34,-0.20;
-0.58,0.31,0.03;
-0.97,0.46,-0.14;
-0.87,0.35,0.29;
-0.19,0.43,0.17;
-0.03,0.46,0.40;
0.02,0.47,0.26;
0.20,0.02,0.12;
0.20,0.03,0.06;
0.42,-0.17,0.07;
0.49,-0.15,0.03;
0.26,-0.09,0.38;
0.13,0.08,0.11;
-0.30,0.22,-0.14;
-0.64,0.09,-0.20;
-0.62,0.14,-0.32;
-0.73,-0.01,-0.29;
-0.15,0.06,-0.03;
0.33,0.26,-0.06;
0.05,-0.03,0.12;
-0.44,0.18,0.29;
-0.62,0.02,0.27;
-0.09,0.08,0.15;
0.05,0.12,-0.25;
0.17,0.05,-0.00;
0.48,-0.04,0.07;
0.65,0.08,0.38;
0.29,-0.03,0.24;
-0.50,-0.04,0.11;
-1.14,0.08,-0.25;
-1.48,0.28,-0.58;
-0.99,0.44,-0.32;
0.07,0.55,-0.05;
0.14,0.40,0.01;
-0.04,0.09,-0.03;
-0.42,-0.04,-0.00;
-0.45,0.11,-0.05;
-0.38,0.15,-0.17;
0.14,0.23,0.03;
0.11,0.28,-0.12;
0.10,0.26,-0.11;
-0.07,0.09,-0.25;
-0.18,0.15,-0.20;
0.00,0.11,0.29;
0.46,0.09,0.17;
0.95,0.17,0.07;
0.62,0.05,-0.09;
0.14,0.28,-0.29;
-0.54,0.31,-0.14;
-1.25,0.06,-0.31;
-0.94,0.17,-0.32;
-0.65,0.34,0.18;
0.04,0.08,0.24;
0.62,0.12,0.35;
1.01,-0.33,0.43;
0.80,-0.36,0.07;
-0.01,-0.11,-0.02;
-0.09,-0.24,-0.09;
-0.16,-0.14,-0.06;
0.05,0.12,-0.12;
0.29,0.09,0.07;
0.17,0.12,0.11;
-0.39,-0.09,-0.02;
-0.70,-0.26,0.03;
-0.47,-0.33,0.03;
-0.13,0.17,0.03;
0.36,0.15,0.21;
0.45,0.22,0.49;
0.51,0.43,0.29;
0.11,0.41,0.49;
-0.36,0.11,0.12;
-0.61,0.12,-0.14;
-0.41,-0.38,-0.08;
0.00,-0.26,-0.02;
0.22,-0.09,-0.06;
0.02,-0.04,-0.03;
-0.54,-0.03,0.15;
-0.83,0.18,0.07;
-1.06,0.32,-0.02;
-1.02,0.20,0.20;
-0.51,0.22,0.06;
-0.15,0.06,0.26;
-0.03,-0.07,0.01;
0.14,-0.17,0.11;
0.37,-0.43,0.01;
0.04,-0.47,0.17;
-0.22,-0.27,-0.08;
-0.36,-0.21,-0.19;
-0.07,0.08,-0.06;
0.11,0.14,0.07;
0.45,-0.04,0.26;
0.39,-0.17,0.15;
0.07,-0.23,0.20;
-0.24,-0.04,0.23;
-0.29,0.28,-0.08;
-0.16,0.52,-0.12;
0.23,0.44,-0.17;
0.91,0.26,0.20;
1.47,0.03,0.43;
1.73,-0.04,0.23;
1.58,-0.18,0.03;
1.62,0.11,0.04;
1.30,0.25,0.07;
1.18,0.47,-0.06;
1.50,0.44,-0.17;
1.84,0.80,-0.25;
2.05,1.41,-0.09;
1.85,2.00,0.26;
1.56,2.78,0.04;
1.71,3.80,0.46;
2.08,5.10,0.67;
1.75,5.89,0.78;
0.52,6.57,0.73;
-1.00,7.74,0.58;
-1.86,8.90,0.15;
-2.06,10.89,0.58;
-2.07,12.86,0.72;
-1.28,14.66,0.85;
0.51,15.64,0.88;
3.06,17.33,0.94;
5.09,19.33,1.17;
6.42,21.53,1.22;
7.29,23.93,0.79;
8.97,27.94,-0.35;
11.15,32.35,-1.60;
9.20,40.14,-4.41;
5.04,45.41,-7.76;
4.29,44.84,-11.13;
4.13,44.06,-13.53;
5.35,48.00,-17.54;
-4.21,46.64,-19.50;
-10.09,40.41,-19.41;
-5.25,34.32,-18.70;
9.30,41.50,-21.27;
16.08,45.97,-24.00;
35.44,44.17,-28.92;
41.21,47.50,-21.96;
9.36,50.26,-7.39;
-10.13,56.00,-10.67;
-35.64,62.00,-24.81;
-21.17,61.21,-39.36;
11.49,56.40,-50.09;
44.51,46.37,-59.85;
61.44,37.22,-64.20;
80.77,30.95,-58.37;
78.84,29.60,-62.80;
63.10,28.64,-70.12;
53.30,27.64,-67.22;
42.78,31.65,-59.85;
38.69,42.64,-53.12;
26.42,51.82,-48.83;
5.21,52.47,-42.95;
-22.33,47.57,-33.64;
-31.20,53.70,-34.41;
-37.46,62.72,-29.67;
-49.86,66.92,-18.03;
-67.11,67.57,-14.20;
-69.16,75.48,-10.23;
-86.13,80.75,-15.96;
-84.03,78.64,-15.53;
-52.73,84.98,-16.63;
-56.00,87.44,-23.19;
-52.53,87.09,-27.21;
-72.32,75.31,-22.99;
-66.38,65.56,-19.51;
-48.35,65.33,-20.60;
-29.51,70.38,-19.91;
-17.25,73.88,-19.59;
-14.36,77.74,-17.50;
-20.47,85.04,-13.68;
-19.11,85.71,-11.57;
-12.73,81.54,-13.06;
-17.51,76.69,-14.34;
-19.34,89.38,-2.55;
-20.38,86.31,-12.40;
-21.80,84.95,-11.99;
-21.89,86.66,-10.73;
-22.07,83.85,-10.38;
-19.67,83.65,-12.25;
-19.12,84.15,-11.59;
-18.15,84.05,-13.09;
-14.65,86.40,-14.93;
-8.99,90.22,-16.44;
-14.22,88.23,-17.27;
-8.25,79.86,-15.31;
-5.54,76.08,-11.44;
-1.54,73.65,-8.89;
3.93,74.60,-8.81;
9.17,76.43,-7.85;
10.28,75.99,-4.72;
9.50,76.54,-3.19;
16.25,76.09,-1.64;
17.47,73.22,-2.23;
16.08,69.74,-2.15;
17.24,70.06,-0.26;
22.43,67.97,1.68;
25.24,67.45,-0.72;
22.68,67.65,-1.73;
27.93,69.22,-0.70;
25.76,67.70,-2.90;
23.70,67.57,-4.05;
20.66,68.05,-6.19;
20.55,68.37,-8.14;
19.10,69.12,-9.60;
18.63,68.92,-12.15;
12.25,67.86,-14.58;
9.10,67.91,-15.22;
10.58,67.57,-14.29;
8.80,65.89,-13.64;
9.39,64.14,-11.68;
11.15,60.93,-11.67;
10.81,60.70,-9.33;
9.75,57.54,-9.16;
5.13,54.51,-9.21;
4.22,53.65,-7.53;
5.12,51.59,-6.38;
4.51,47.86,-6.09;
3.78,45.30,-5.67;
5.50,41.67,-4.84;
5.18,37.45,-6.61;
4.68,35.05,-7.67;
5.97,34.69,-7.48;
6.11,34.43,-8.26;
5.84,30.80,-6.70;
4.75,29.91,-5.45;
2.40,27.12,-5.06;
0.22,23.12,-3.25;
-2.61,20.32,-3.47;
-2.85,19.12,-4.11;
-2.16,16.69,-5.35;
0.22,13.77,-6.11;
3.29,11.70,-6.20;
5.62,9.36,-4.96;
5.29,8.03,-3.86;
4.07,7.22,-2.78;
2.23,6.17,-1.35;
-0.45,5.45,0.07;
-1.57,4.32,1.36;
-2.70,2.63,1.81;
-2.41,-0.21,1.83;
-0.83,-1.10,1.83;
0.83,-1.75,2.36;
1.58,-2.84,2.82;
2.36,-4.07,2.88;
2.95,-4.84,3.27;
1.62,-4.85,3.59;
0.95,-5.78,4.06;
-0.25,-5.60,3.72;
-2.29,-6.64,3.28;
-3.46,-7.42,2.87;
-3.09,-7.85,3.10;
-1.52,-8.79,2.73;
-0.21,-8.96,2.65;
1.01,-8.35,2.96;
0.58,-8.36,2.98;
1.56,-9.42,3.37;
1.36,-10.81,3.85;
2.08,-11.49,4.18;
3.18,-10.90,4.49;
3.46,-11.36,4.14;
1.44,-12.91,4.07;
3.67,-15.74,5.19;
5.97,-17.57,5.57;
3.41,-18.40,5.54;
1.55,-20.17,6.11;
0.46,-23.34,6.70;
3.36,-27.82,8.32;
4.58,-29.36,9.31;
1.99,-32.30,9.07;
0.68,-37.63,8.65;
1.76,-42.14,7.78;
2.98,-44.07,5.72;
3.12,-46.66,3.52;
6.95,-50.53,1.17;
9.42,-53.95,-1.27;
11.01,-56.90,-2.17;
11.84,-57.01,-1.64;
12.22,-58.14,0.27;
13.55,-59.40,3.46;
11.75,-60.91,4.85;
8.69,-62.36,7.17;
2.29,-64.70,12.21;
0.36,-67.14,15.89;
-3.09,-69.74,18.32;
-3.61,-71.80,21.30;
-6.30,-73.66,25.04;
-2.51,-75.88,27.08;
1.35,-78.20,27.33;
1.78,-80.27,27.63;
1.20,-82.41,29.43;
6.08,-85.01,29.45;
5.97,-87.62,29.37;
4.48,-88.91,29.52;
-0.32,-92.58,29.13;
-2.13,-93.46,27.98;
-2.79,-93.25,26.81;
-5.06,-92.52,24.98;
-7.96,-92.36,23.42;
-15.11,-91.91,21.81;
-15.06,-90.67,22.35;
-12.16,-87.30,22.23;
-6.74,-80.70,19.98;
-0.06,-75.19,18.30;
-2.64,-70.41,17.04;
-5.31,-64.95,15.52;
-3.87,-60.26,13.49;
0.29,-57.72,10.29;
2.14,-57.28,9.68;
0.97,-56.29,8.50;
-8.88,-57.77,6.01;
-9.51,-60.11,5.86;
-23.20,-62.44,5.22;
-26.99,-65.49,6.93;
-20.22,-66.96,9.27;
-10.56,-67.48,12.56;
-3.02,-67.30,13.65;
-1.35,-68.30,16.21;
1.04,-68.43,18.38;
12.40,-66.18,18.70;
20.34,-64.41,19.33;
19.44,-67.16,19.42;
32.31,-68.23,19.65;
48.72,-68.35,21.27;
65.49,-66.43,25.45;
66.00,-68.55,30.67;
59.44,-70.66,36.96;
49.62,-69.40,45.49;
38.63,-74.17,57.72;
16.13,-81.72,67.43;
3.73,-83.17,84.36;
-5.03,-74.82,89.08;
9.29,-59.88,77.71;
1.78,-49.13,73.74;
-9.66,-44.76,74.90;
-45.14,-32.06,67.34;
-43.75,-18.30,50.56;
-26.80,-16.66,45.19;
-27.90,-23.72,38.62;
-26.70,-23.42,31.10;
-32.65,-26.78,24.00;
-34.35,-33.02,22.40;
-22.62,-34.47,25.02;
-19.35,-34.91,30.33;
-20.71,-31.10,31.05;
-27.67,-27.37,34.75;
-18.87,-24.52,30.85;
-16.83,-27.97,25.23;
-17.52,-27.86,20.79;
-15.11,-30.49,21.02;
-17.09,-31.88,17.30;
-23.93,-29.01,11.78;
-33.02,-24.70,9.85;
-29.95,-22.07,8.65;
-29.57,-19.62,6.79;
-27.83,-19.36,6.07;
-22.53,-21.83,6.98;
-17.55,-25.63,5.65;
-12.19,-25.89,5.07;
-16.88,-24.35,3.81;
-21.81,-25.08,0.98;
-20.16,-21.92,0.12;
-20.33,-17.56,-1.16;
-18.99,-18.53,-1.65;
-9.78,-22.36,-0.58;
-2.36,-25.14,0.69;
-0.09,-26.72,2.18;
-3.35,-27.37,3.20;
-2.13,-26.20,3.62;
-4.10,-21.65,2.96;
-7.98,-18.40,-0.49;
-14.67,-14.26,-4.08;
-13.86,-11.01,-6.23;
-11.83,-9.95,-6.61;
-9.25,-10.40,-5.27;
-4.53,-15.78,-2.48;
2.34,-22.12,0.65;
5.09,-23.94,2.30;
2.92,-25.74,1.36;
-2.56,-26.27,-1.33;
-9.58,-23.39,-4.60;
-13.34,-21.66,-5.80;
-11.40,-22.07,-5.04;
-6.19,-26.07,-3.33;
1.53,-32.81,-1.28;
11.88,-39.07,1.20;
19.59,-41.53,4.44;
25.68,-43.80,6.84;
28.29,-41.48,6.79;
23.87,-34.00,5.19;
16.63,-23.80,1.98;
6.83,-13.42,-0.58;
-3.32,-1.53,-1.94;
-13.96,9.54,-2.41;
-21.49,13.88,-2.06;
-23.40,12.75,-1.67;
-24.15,12.44,-1.65;
-27.60,11.47,-0.95;
-29.17,7.16,-1.91;
-24.29,6.20,-2.29;
-17.48,5.59,-2.26;
-9.22,4.90,-1.76;
-2.67,2.57,-0.75;
0.43,0.52,-0.00;
2.55,-2.61,1.78;
5.55,-5.69,2.41;
9.67,-7.98,3.20;
9.36,-9.19,3.39;
5.68,-6.96,2.53;
0.97,-4.26,1.54;
-4.41,-1.01,0.36;
-7.66,2.09,-0.78;
-10.51,4.15,-1.91;
-12.87,4.52,-2.83;
-12.01,3.94,-2.08;
-7.77,2.14,-0.96;
-4.00,1.04,-0.63;
-1.60,0.28,-0.83;
0.37,-0.76,-0.49;
1.88,-1.62,0.14;
2.16,-2.23,0.91;
1.59,-2.55,1.02;
0.17,-2.07,0.59;
-0.21,-2.04,0.07;
-1.05,-1.53,0.12;
-3.06,-0.40,-0.26;
-5.42,0.78,-0.44;
-6.96,1.74,-0.92;
-7.67,3.02,-0.93;
-6.32,3.82,-0.86;
-5.46,3.71,-0.81;
-4.51,3.60,-0.80;
-2.16,3.12,-0.41;
-0.21,1.65,0.41;
0.52,0.31,0.94;
1.13,0.29,0.82;
1.73,0.00,0.94;
2.51,-0.06,0.53;
2.43,-1.16,-0.08;
2.31,-1.08,-0.35;
2.20,-1.37,0.07;
0.84,-1.36,0.17;
-0.45,-0.55,0.49;
-0.22,0.06,0.35;
-1.51,0.64,0.24;
-1.80,1.68,-0.11;
-1.61,1.96,-0.44;
-2.19,2.17,-0.61;
-2.30,2.89,-0.38;
-2.12,1.93,0.09;
-0.33,0.99,0.64;
1.06,-0.32,0.67;
0.46,-0.43,0.17;
-0.33,0.18,-0.17;
0.00,0.17,-0.14;
0.57,-0.18,-0.05;
0.00,-0.11,-0.03;
-0.09,-0.40,-0.23;
0.60,-0.43,-0.37;
0.63,0.31,-0.40;
-0.80,0.70,-0.51;
-1.83,1.13,-0.06;
-0.71,1.33,0.81;
-0.77,2.26,0.69;
-2.18,2.75,0.15;
-4.73,2.41,-0.22;
-5.06,2.78,-0.43;
-4.62,2.40,-0.93;
-3.66,1.64,-1.19;
-2.21,0.52,-1.09;
0.49,-0.46,-0.32;
2.10,-1.71,0.09;
3.00,-1.98,0.32;
3.71,-2.15,0.58;
2.74,-2.29,0.18;
1.42,-1.49,-0.11;
1.29,-0.64,0.11;
0.66,-0.44,0.47;
-0.33,0.26,0.38;
-0.85,0.15,-0.29;
-0.61,0.28,-0.90;
-1.61,0.69,-1.38;
-3.16,0.61,-0.37;
-2.64,1.01,-0.14;
-2.15,1.04,0.30;
-3.02,1.60,0.44;
-2.01,0.80,0.23;
0.08,0.20,-0.40;
1.53,-0.44,-0.75;
1.82,-1.19,-0.75;
1.93,-0.66,-0.20;
2.07,-0.87,0.98;
2.43,-0.82,1.28;
1.78,-1.07,1.02;
1.23,-1.62,-0.02;
0.63,-1.34,-0.57;
-0.93,-0.69,-0.90;
-1.83,0.98,-0.57;
-0.91,1.38,0.17;
0.72,0.78,0.46;
1.55,-0.29,0.18;
0.89,-1.49,-0.22;
0.57,-1.71,-0.73;
0.88,-1.11,-0.44;
1.07,-1.04,-0.28;
2.92,-0.35,-0.06;
3.23,-0.67,0.29;
2.29,-1.56,0.55;
2.20,-2.75,0.43;
2.00,-2.91,0.67;
0.08,-2.03,0.06;
-1.57,-0.62,-0.63;
-1.35,1.21,-0.73;
-1.55,1.86,-1.15;
-1.78,1.25,-1.10;
-1.48,1.33,-0.25;
-1.54,0.25,0.81;
-1.46,-0.47,0.87;
-0.80,-0.24,0.36;
-0.21,-0.04,-0.48;
0.28,0.69,-0.57;
-0.36,0.72,-0.69;
-1.37,1.13,-0.06;
-1.25,0.20,0.11;
-0.85,-0.21,0.15;
-0.47,-1.04,-0.00;
-1.37,-0.69,-0.00;
-1.40,0.38,-0.19;
-1.43,1.56,-0.52;
-1.63,1.88,-0.48;
-1.32,1.73,-0.25;
-0.35,0.67,-0.25;
0.29,-0.26,-0.31;
0.62,-1.07,0.06;
0.52,-1.02,0.24;
0.11,-0.24,0.35;
-0.71,0.34,0.14;
-0.48,0.75,-0.54;
0.60,0.73,-0.55;
0.54,-0.14,-0.46;
-0.91,-0.33,-0.25;
-1.02,0.40,-0.38;
-0.12,-0.04,-0.00;
0.89,-0.38,-0.20;
1.29,-0.53,-0.06;
2.63,-0.78,0.52;
3.06,-0.79,0.87;
1.27,-0.84,0.27;
-0.82,-0.24,-0.32;
-0.44,0.17,-0.23;
0.13,0.46,0.03;
-0.59,0.38,0.01;
-1.84,0.52,-0.20;
-1.74,0.55,-0.61;
-1.93,0.63,-0.57;
-1.95,0.98,-0.75;
-1.23,1.51,-0.32;
-0.85,0.87,-0.26;
-0.62,0.61,-0.03;
-0.21,0.18,0.40;
-0.01,-0.07,0.26;
0.42,-0.33,0.32;
-0.18,-0.01,-0.41;
-0.04,0.44,-0.46;
0.60,0.46,-0.20;
1.33,0.64,-0.00;
0.72,0.20,0.09;
-0.79,0.57,0.23;
-1.08,0.51,0.17;
-0.68,0.28,-0.09;
-0.01,0.98,-0.23;
-0.85,1.50,-0.44;
-0.56,1.88,0.01;
0.26,1.21,0.38;
0.34,0.51,0.56;
0.88,-0.32,0.09;
1.36,0.12,-0.09;
0.13,0.28,-0.08;
0.11,0.76,0.33;
-0.51,1.25,0.67;
-0.94,1.56,0.72;
-0.44,0.96,0.17;
-0.18,0.66,-0.60;
0.25,0.57,-0.87;
-0.13,0.34,-0.41;
-0.61,0.90,0.21;
0.46,1.57,0.17;
0.95,1.59,0.40;
1.36,1.15,-0.05;
1.70,0.12,-0.46;
1.96,-1.02,-0.46;
2.29,-1.17,-0.19;
2.22,-0.64,0.44;
1.35,0.03,1.01;
0.46,0.20,0.85;
0.37,0.95,0.50;
-0.53,0.60,-0.41;
-1.38,0.25,-0.86;
-1.60,1.21,-1.09;
-1.14,1.93,-0.40;
0.43,1.74,0.15;
1.59,1.27,0.55;
1.18,0.47,0.21;
-0.03,0.09,-0.08;
-1.02,-0.29,-0.28;
-0.54,0.61,-0.08;
-0.03,1.60,0.38;
-0.19,1.64,0.53;
0.23,1.18,0.20;
0.52,0.67,-0.02;
-0.16,0.75,-0.92;
-0.32,1.16,-0.86;
-0.51,2.08,-0.55;
1.04,2.52,0.14;
3.24,3.38,1.25;
4.10,3.15,1.59;
4.08,3.09,0.96;
4.29,4.38,0.70;
3.78,6.60,0.17;
3.26,8.98,-0.03;
3.82,11.56,0.12;
3.73,12.41,0.43;
4.10,13.22,1.39;
5.36,13.85,1.45;
6.33,13.89,1.83;
8.60,13.21,2.27;
10.80,13.48,1.97;
10.88,14.70,1.46;
13.06,15.31,1.16;
17.20,16.83,1.80;
21.97,17.77,3.57;
27.46,16.99,4.85;
34.72,17.21,5.88;
36.49,18.15,4.73;
35.06,20.32,3.97;
30.48,22.72,3.28;
25.73,27.16,2.55;
24.48,29.57,3.63;
25.87,31.42,3.57;
27.06,34.09,3.80;
18.26,34.92,3.56;
6.81,36.73,2.11;
-5.05,35.21,-0.84;
-15.69,34.73,-7.13;
-21.28,35.50,-12.99;
-15.09,35.38,-18.69;
-13.08,41.15,-30.12;
-6.33,48.73,-44.35;
16.04,52.75,-54.83;
46.37,56.26,-60.09;
37.07,54.90,-69.77;
12.91,55.54,-75.04;
8.40,61.83,-69.33;
14.72,63.88,-68.06;
25.52,57.83,-66.89;
29.00,51.25,-58.73;
32.83,55.68,-53.59;
11.73,60.61,-45.41;
0.20,62.26,-34.34;
3.62,65.30,-23.56;
-17.55,65.79,-15.19;
-38.70,66.32,-9.41;
-57.75,69.30,-11.42;
-57.57,68.67,-19.45;
-66.00,66.43,-22.34;
-69.57,72.98,-22.32;
-46.93,91.05,-31.99;
-45.51,90.41,-35.12;
-59.63,89.91,-33.48;
-38.59,91.50,-33.96;
-43.32,89.89,-31.27;
-33.66,87.12,-22.26;
-20.42,93.79,-17.12;
-11.90,91.74,-15.19;
-3.38,88.00,-17.39;
-1.89,90.55,-15.31;
-5.42,96.57,-16.19;
-11.38,95.93,-14.40;
-17.35,91.68,-13.13;
-22.48,91.05,-14.69;
-10.00,94.43,-14.31;
7.93,97.56,-13.51;
4.98,96.06,-10.87;
-2.80,90.51,-7.94;
-9.17,87.21,-9.33;
-7.72,89.13,-15.38;
-5.84,89.34,-17.25;
-7.26,85.99,-16.23;
-3.32,83.86,-15.73;
-4.76,82.51,-16.92;
1.03,84.34,-15.25;
8.39,86.22,-16.96;
8.40,85.25,-17.12;
16.84,84.57,-13.01;
24.84,82.69,-7.86;
27.81,79.93,-5.86;
27.73,76.76,-2.72;
28.39,72.63,-0.58;
32.75,69.85,0.44;
33.81,70.58,-0.31;
33.99,66.38,-1.59;
32.20,61.36,-3.09;
37.01,61.48,-3.01;
38.28,61.16,-2.09;
32.89,56.60,-2.84;
33.53,55.39,-2.99;
32.52,53.31,-4.60;
30.88,53.88,-5.30;
27.49,54.15,-5.97;
22.08,50.92,-7.56;
18.05,48.22,-9.51;
17.27,48.22,-10.02;
14.72,48.18,-10.09;
15.36,45.71,-8.03;
16.33,44.78,-6.93;
15.56,42.72,-6.87;
17.00,40.17,-6.35;
17.99,37.80,-5.15;
15.30,36.00,-3.33;
10.11,34.76,-2.26;
8.07,32.87,-1.22;
4.88,27.33,-1.47;
2.48,23.09,-2.98;
0.49,20.32,-4.93;
2.05,20.38,-6.14;
3.20,18.75,-6.26;
3.62,16.83,-6.41;
3.47,14.29,-6.03;
4.43,14.72,-4.28;
3.04,14.43,-3.60;
1.49,11.51,-4.55;
1.97,9.33,-5.60;
3.55,8.05,-6.00;
3.13,8.09,-5.96;
2.19,7.04,-5.06;
1.90,5.82,-4.06;
2.42,6.29,-2.89;
1.41,6.63,-1.41;
0.26,6.15,-0.14;
-0.01,3.09,0.07;
0.74,2.05,-0.23;
0.72,2.32,-0.17;
-0.51,0.57,-0.26;
0.11,-1.02,0.94;
1.01,-2.88,1.69;
1.17,-5.48,2.33;
0.92,-5.95,2.87;
0.05,-4.78,3.65;
-2.77,-5.68,4.61;
-3.69,-6.59,5.17;
-2.87,-6.07,5.33;
-0.42,-5.68,6.03;
-0.88,-6.87,6.87;
-1.17,-8.14,7.42;
-2.29,-9.89,7.07;
-2.58,-10.87,7.33;
-0.51,-12.52,9.10;
1.30,-13.57,11.75;
2.26,-17.27,13.72;
3.58,-19.22,14.73;
8.37,-19.88,17.54;
13.58,-22.62,20.03;
14.22,-26.17,18.53;
11.09,-30.33,15.62;
9.62,-37.19,13.20;
8.80,-44.58,12.46;
11.38,-46.21,12.81;
10.83,-46.93,11.95;
8.60,-48.87,9.75;
7.17,-53.04,7.08;
6.45,-53.86,4.32;
4.48,-55.83,4.59;
2.17,-57.05,3.46;
-2.30,-59.98,4.53;
-7.08,-63.34,7.40;
-12.47,-65.48,9.30;
-14.25,-67.31,12.93;
-15.32,-68.14,16.30;
-15.43,-69.82,18.78;
-14.15,-70.00,20.52;
-12.94,-71.42,20.98;
-10.22,-72.73,22.35;
-7.55,-75.43,21.69;
-7.09,-76.41,20.59;
-7.66,-79.05,19.77;
-7.37,-81.39,19.60;
-5.93,-82.33,21.60;
-3.81,-81.34,23.19;
-2.09,-81.45,21.68;
-8.07,-80.66,18.94;
-11.60,-81.22,17.56;
-13.83,-81.14,15.23;
-19.09,-80.04,14.59;
-18.29,-76.50,15.22;
-11.89,-71.20,13.97;
-10.54,-70.96,10.36;
-22.94,-68.46,10.09;
-18.51,-64.33,9.71;
0.20,-59.94,11.68;
4.55,-59.02,9.78;
2.49,-59.31,11.22;
2.42,-58.40,10.14;
2.36,-61.39,8.24;
-4.91,-60.96,4.65;
-0.65,-60.14,4.75;
-8.91,-63.48,3.20;
-14.00,-63.39,3.08;
-15.37,-64.88,5.88;
-10.79,-65.54,8.88;
-6.18,-65.36,11.08;
3.21,-63.56,14.76;
19.88,-64.73,16.53;
21.23,-63.69,18.20;
21.35,-63.30,20.49;
24.98,-64.14,22.32;
30.83,-63.68,21.28;
32.66,-63.33,21.20;
27.53,-64.52,23.31;
26.08,-65.91,25.66;
21.94,-62.24,26.20;
19.12,-56.66,26.75;
22.75,-55.01,25.86;
20.31,-51.92,22.87;
3.23,-48.33,22.62;
1.39,-47.40,25.33;
10.46,-56.99,33.81;
7.81,-66.82,40.91;
-16.06,-66.15,46.82;
0.11,-52.98,55.10;
3.06,-52.24,65.23;
13.09,-45.22,70.96;
0.51,-36.76,73.80;
-3.86,-31.43,67.31;
-16.48,-25.42,59.45;
-38.99,-20.88,49.83;
-37.26,-23.91,47.78;
-28.47,-23.62,42.44;
-35.06,-19.89,35.34;
-43.28,-16.96,27.68;
-36.94,-17.02,24.59;
-30.59,-18.82,26.06;
-36.10,-17.08,25.92;
-37.67,-12.58,26.36;
-19.40,-12.61,29.66;
-17.02,-9.08,26.12;
-12.18,-16.20,27.07;
-4.82,-20.67,27.25;
0.77,-26.29,22.82;
-10.07,-26.18,17.07;
-20.06,-24.49,14.15;
-22.99,-22.00,10.47;
-27.05,-17.63,8.50;
-30.62,-11.07,7.74;
-32.82,-7.54,7.52;
-34.19,-5.01,6.93;
-29.63,-1.83,8.23;
-26.50,-1.42,7.74;
-23.19,-8.98,7.69;
-11.48,-13.68,6.88;
-4.51,-17.80,5.01;
-1.28,-24.70,2.36;
-1.71,-27.13,1.10;
-4.33,-26.21,0.43;
0.92,-25.51,1.31;
4.72,-24.30,3.34;
5.91,-22.62,6.43;
8.05,-22.40,8.33;
3.90,-22.09,6.36;
-6.32,-18.06,2.27;
-12.54,-14.32,-0.44;
-15.05,-10.85,-2.15;
-10.16,-12.81,-2.92;
-6.41,-13.02,-2.73;
-6.70,-11.85,-1.79;
-5.49,-11.22,-1.18;
-6.25,-12.90,-1.80;
-4.24,-14.43,-1.45;
-4.07,-17.24,-1.68;
-2.85,-18.06,-1.80;
0.74,-18.43,-1.42;
5.87,-17.34,0.09;
8.94,-17.92,1.68;
5.87,-17.42,2.24;
2.20,-16.18,1.97;
2.52,-16.23,1.81;
0.94,-16.17,-0.05;
-3.67,-12.96,-1.04;
-10.54,-8.20,-0.98;
-12.33,-6.41,-2.09;
-10.71,-6.84,-3.41;
-5.46,-7.53,-2.70;
4.51,-9.91,-1.41;
9.61,-13.62,0.61;
11.26,-15.68,2.04;
10.16,-14.95,2.33;
10.26,-12.62,3.78;
8.17,-13.48,4.36;
9.15,-11.91,2.01;
6.04,-7.80,1.98;
0.58,-5.04,0.67;
-0.41,-2.61,-0.26;
-0.30,-2.00,0.27;
-0.93,-0.75,0.36;
-4.68,0.40,0.81;
-8.83,2.00,0.55;
-10.32,4.05,-0.14;
-9.72,5.51,-0.78;
-9.64,5.31,-1.73;
-10.70,5.67,-1.56;
-10.77,5.91,-0.84;
-7.89,5.42,0.59;
-3.08,3.19,1.14;
-0.13,1.96,0.91;
0.49,2.52,0.61;
0.10,1.79,-0.37;
-0.97,1.27,-0.09;
-3.34,1.12,-0.28;
-3.00,0.05,0.38;
0.46,-0.72,1.39;
4.20,-1.49,2.21;
7.26,-2.64,2.88;
8.08,-2.41,2.23;
6.72,-0.90,1.13;
2.98,0.44,0.11;
0.05,1.45,-0.11;
0.11,1.74,-0.55;
0.94,1.97,-0.95;
5.00,0.41,-0.09;
7.93,-1.49,0.01;
7.49,-2.00,0.06;
5.23,-2.61,0.58;
2.31,-1.75,0.52;
0.11,-0.61,-0.14;
-2.74,1.73,-1.42;
-2.76,2.02,-1.12;
0.49,0.75,-0.89;
2.83,-1.43,-0.32;
3.39,-3.24,0.17;
3.07,-3.63,0.47;
4.16,-3.08,0.50;
4.42,-1.85,0.30;
4.29,-0.32,0.14;
4.36,-0.09,-0.02;
2.46,0.49,-0.52;
-0.07,0.96,-1.19;
-0.90,0.99,-0.57;
0.05,0.55,0.24;
1.64,0.54,0.94;
2.74,-0.30,0.47;
2.45,-0.61,0.29;
0.22,-0.52,-0.15;
1.47,-0.84,0.29;
2.65,-0.78,0.46;
2.05,-0.11,0.32;
1.44,-0.36,0.15;
0.34,-0.79,0.36;
-0.70,0.35,0.15;
-1.96,0.73,-0.06;
-3.22,0.57,-0.38;
-2.88,0.52,-0.58;
-1.35,-0.24,-0.63;
-1.02,-1.05,-0.51;
-0.96,-1.07,-0.49;
-1.11,-0.75,-0.73;
-0.15,-0.56,-0.63;
0.07,-0.59,-0.34;
-0.62,-0.73,0.26;
-1.38,-1.24,0.03;
-2.45,-2.03,-0.35;
-3.25,-1.54,-0.78;
-4.41,-0.99,-0.49;
-1.74,-0.96,-0.61;
-0.70,-0.58,-0.78;
-2.10,-1.05,-1.19;
-1.95,-2.18,-0.63;
-3.16,-2.43,-0.51;
-4.06,-2.64,-0.19;
-2.22,-2.53,0.29;
0.77,-2.91,0.23;
0.78,-3.66,0.20;
-1.63,-2.58,-0.15;
-3.11,-1.74,-0.40;
-2.76,-1.11,-0.14;
-2.27,0.32,0.07;
-0.06,-0.30,-0.11;
0.11,-0.81,-0.02;
-2.13,-0.95,-1.01;
-2.04,-1.46,-0.92;
-1.63,-1.39,-0.49;
-0.07,-1.16,0.75;
2.14,-2.56,1.23;
2.88,-3.31,0.67;
1.62,-3.59,0.07;
0.40,-3.42,-0.95;
-0.70,-2.95,-0.95;
-0.76,-2.91,-0.40;
-0.56,-2.07,-0.11;
-0.47,-1.37,-0.03;
-0.54,-1.24,-0.49;
-0.97,-1.22,-0.63;
-0.64,-1.97,-0.28;
-1.06,-1.74,-0.61;
-2.48,-0.64,-0.83;
-3.20,-0.04,-0.57;
-1.77,0.08,0.06;
-0.09,-0.75,0.03;
-0.94,-0.93,0.12;
-1.66,-1.94,-0.00;
-1.16,-1.80,-0.57;
0.45,-1.13,-0.78;
-0.30,-1.45,-0.49;
-0.88,-1.17,-0.02;
-0.36,-1.22,0.41;
-1.31,-1.28,-0.06;
-2.12,-1.57,0.03;
-1.29,-1.04,-0.11;
-1.06,-0.44,-0.41;
-1.46,0.38,-0.72;
-2.62,2.05,-0.81;
-4.25,2.60,-0.86;
-6.00,2.09,-0.99;
-3.52,0.83,-0.63;
-1.55,0.29,-0.28;
-1.25,0.09,0.29;
-0.79,0.20,0.35;
-1.05,0.46,0.33;
-2.18,-0.06,0.07;
-2.01,0.15,-0.31;
-0.68,-0.04,-0.52;
-0.53,0.06,-0.43;
-0.41,-0.15,0.33;
-0.41,-0.50,0.27;
-0.24,-0.38,0.43;
0.22,-0.53,0.23;
-0.45,0.02,-0.32;
-1.05,0.15,-0.49;
-2.22,0.26,-0.73;
-1.49,0.02,-0.09;
0.80,-0.91,0.81;
1.58,-0.96,0.79;
0.22,-2.15,0.27;
-0.50,-2.43,-0.20;
-0.54,-2.15,-0.26;
-0.93,-1.40,-0.69;
-0.09,-0.90,-0.32;
-0.19,-0.56,-0.34;
-0.80,-0.44,0.26;
0.65,-1.10,0.27;
1.68,-2.33,0.56;
1.18,-2.24,0.18;
1.55,-1.37,-0.02;
0.68,-0.95,0.14;
-0.77,-0.53,0.14;
-1.31,-0.09,0.30;
-0.22,0.18,0.26;
-0.24,-0.53,-0.02;
-0.80,-0.69,-0.14;
-0.93,0.06,-0.03;
-0.41,-0.43,0.18;
-0.68,0.09,0.06;
-1.92,0.73,-0.46;
-1.89,0.55,0.21;
-0.94,0.44,0.14;
-0.44,-0.12,0.11;
-0.35,-0.21,0.07;
-0.90,-0.35,0.18;
-1.67,0.02,0.11;
-1.26,-0.18,-0.00;
0.54,0.70,0.23;
0.88,-0.32,-0.12;
-1.23,-0.52,-0.08;
-1.72,0.43,-0.29;
-1.92,0.54,-0.26;
-1.86,0.87,0.11;
-0.64,0.67,0.24;
0.86,0.81,0.21;
0.51,0.75,0.30;
-0.42,0.40,0.12;
-1.58,0.57,0.12;
-0.45,0.18,0.17;
-0.04,0.25,-0.29;
-0.59,0.98,-1.12;
-0.76,0.58,-0.87;
-0.51,0.64,-0.12;
0.62,0.00,0.88;
0.91,-0.18,1.11;
0.95,-0.41,0.70;
0.10,-0.29,-0.55;
-0.91,0.72,-0.86;
-0.41,1.33,-0.22;
-0.13,1.88,-0.06;
0.66,1.88,-0.22;
1.41,0.35,0.06;
0.57,-1.24,0.17;
0.86,-1.86,0.50;
1.52,-1.33,0.69;
0.16,0.23,0.11;
-0.12,1.13,-0.19;
0.02,1.30,-0.25;
-0.73,1.38,-0.11;
-1.84,1.27,0.03;
-1.96,0.76,0.01;
-1.92,0.98,-0.52;
-0.56,1.74,-0.48;
0.49,2.76,0.06;
-0.41,2.78,-0.17;
-1.28,2.70,-0.38;
-0.09,1.80,-0.49;
-0.24,1.62,-0.05;
-1.28,1.57,0.18;
-0.87,1.45,0.58;
-1.31,1.82,0.65;
-1.63,1.97,0.21;
-2.99,2.49,-0.29;
-3.89,2.90,-0.96;
-3.67,3.10,-1.18;
-3.83,3.91,-0.77;
-2.93,3.70,-0.02;
-1.87,3.21,0.38;
-0.68,2.87,0.15;
1.10,2.55,-0.05;
1.18,2.11,-0.08;
-0.48,1.91,-0.49;
-2.01,2.52,-0.52;
-0.77,1.88,-0.26;
0.26,1.16,0.01;
1.30,1.07,0.07;
0.77,0.83,0.35;
0.74,1.77,0.41;
0.65,2.73,0.36;
0.11,3.86,-0.14;
0.69,4.84,-0.00;
1.39,6.29,0.09;
1.06,7.76,0.55;
0.43,9.50,1.56;
1.01,10.72,2.24;
0.78,11.44,2.73;
0.39,13.13,2.06;
-0.56,14.92,1.77;
0.69,16.26,1.88;
5.35,16.28,2.65;
10.46,15.79,3.68;
15.49,14.72,4.40;
19.82,12.80,4.49;
21.75,10.90,3.13;
20.98,11.42,2.21;
19.65,13.27,2.85;
18.48,15.47,3.71;
17.47,20.09,3.45;
19.85,21.57,4.01;
21.09,22.46,3.57;
19.53,24.95,2.72;
20.71,24.15,2.50;
26.39,21.07,1.98;
23.42,20.66,-1.04;
16.04,24.05,-3.62;
11.52,26.00,-5.88;
8.16,28.22,-8.26;
3.70,29.74,-10.44;
-2.51,29.42,-13.31;
-12.39,30.75,-17.86;
-19.14,34.25,-23.96;
-18.50,35.97,-28.92;
-12.25,38.69,-36.63;
-1.40,41.27,-43.57;
5.12,40.31,-50.78;
17.64,38.72,-54.61;
23.04,36.86,-63.15;
32.28,41.99,-65.12;
41.47,42.31,-64.12;
39.75,39.57,-60.31;
30.71,44.84,-54.09;
20.39,50.63,-48.37;
30.00,57.85,-45.62;
22.07,59.56,-43.41;
8.86,62.63,-43.79;
11.49,65.18,-43.02;
8.23,64.17,-40.14;
-1.81,67.21,-34.69;
-22.94,65.85,-30.00;
-36.30,58.55,-20.05;
-40.80,59.99,-16.92;
-47.75,66.90,-11.73;
-49.51,75.04,-9.96;
-55.22,82.37,-16.99;
-58.59,86.63,-20.00;
-55.86,87.59,-21.48;
-44.29,81.89,-22.60;
-28.09,78.70,-19.80;
-9.72,81.93,-19.07;
-1.74,85.31,-19.99;
-6.15,86.17,-18.37;
-13.11,84.55,-14.54;
-0.79,82.63,-11.64;
-5.95,77.54,-11.30;
-9.98,79.53,-11.31;
-4.58,84.99,-12.22;
-1.38,83.28,-13.74;
-1.90,82.23,-12.37;
-0.44,83.22,-12.41;
-2.25,81.68,-15.09;
-1.46,78.63,-16.48;
2.91,82.41,-14.57;
5.47,84.38,-10.99;
8.08,80.43,-7.93;
12.68,78.14,-5.85;
18.20,82.46,1.86;
13.24,79.85,-3.86;
15.21,78.03,-2.84;
14.89,78.78,-4.49;
17.29,78.64,-5.36;
19.87,77.12,-4.40;
18.45,74.02,-3.31;
20.34,70.35,-3.76;
19.50,68.40,-5.24;
21.49,68.57,-4.75;
23.29,67.25,-5.93;
22.95,65.57,-6.08;
26.63,65.85,-4.23;
23.09,65.19,-7.31;
22.60,66.05,-9.31;
19.84,64.92,-11.04;
21.56,63.79,-11.80;
18.36,62.96,-11.94;
20.42,62.17,-10.38;
21.13,61.02,-10.95;
19.99,60.93,-10.90;
21.13,58.95,-9.30;
22.46,58.98,-9.60;
22.10,56.54,-10.67;
22.54,55.07,-9.06;
21.29,51.91,-8.51;
19.27,49.71,-7.89;
18.49,46.47,-6.40;
17.62,43.57,-5.64;
14.28,40.03,-5.65;
12.72,39.31,-5.27;
14.22,40.55,-3.59;
13.46,39.38,-2.55;
12.26,35.21,-2.19;
10.86,32.40,-2.38;
11.76,28.70,-1.76;
9.87,24.55,-2.64;
9.23,23.13,-4.12;
7.07,21.74,-4.20;
5.36,19.36,-5.15;
4.51,15.83,-5.06;
5.32,12.26,-4.29;
4.78,10.26,-3.60;
3.41,8.05,-3.16;
1.23,4.76,-4.11;
0.17,2.20,-4.55;
0.86,-0.69,-3.93;
1.29,-3.31,-1.94;
0.69,-6.40,0.18;
-0.16,-9.14,2.52;
-1.00,-12.23,4.53;
-2.38,-15.10,5.86;
-1.34,-16.95,7.83;
0.45,-18.27,9.17;
-0.47,-20.79,9.23;
-2.56,-24.30,9.27;
-1.95,-27.31,9.45;
-1.51,-27.34,8.98;
-1.38,-30.88,9.60;
-0.90,-35.36,10.49;
-4.15,-37.75,11.20;
-6.70,-40.35,11.63;
-6.00,-44.59,11.95;
-0.64,-46.00,11.91;
2.02,-47.60,11.13;
3.99,-48.99,10.82;
4.94,-50.04,10.04;
6.40,-50.49,9.30;
2.71,-52.87,8.91;
-0.29,-56.43,9.57;
-1.43,-57.72,11.77;
-1.03,-57.88,12.18;
-3.96,-60.07,12.93;
-3.55,-63.02,13.77;
-2.82,-64.52,14.43;
-4.42,-65.92,14.67;
-4.99,-67.57,16.26;
-3.46,-68.53,17.77;
-4.35,-70.61,18.64;
-7.55,-72.99,20.00;
-9.98,-74.98,21.59;
-13.58,-77.28,21.83;
-13.89,-79.97,21.28;
-15.81,-82.04,21.25;
-14.67,-83.98,20.84;
-14.15,-84.78,20.35;
-14.70,-85.78,19.17;
-17.16,-87.83,16.56;
-19.61,-89.27,15.08;
-17.71,-88.00,14.59;
-16.96,-86.17,14.96;
-12.96,-84.90,15.94;
-2.45,-82.24,15.13;
1.97,-78.49,14.14;
-1.31,-77.13,15.62;
8.80,-74.23,17.57;
25.81,-69.13,15.59;
23.78,-65.22,15.52;
14.63,-63.22,16.35;
23.73,-60.66,16.73;
28.37,-59.95,15.62;
22.75,-61.11,12.32;
22.34,-58.52,10.26;
13.97,-59.39,10.43;
4.34,-60.04,9.27;
-1.52,-58.46,8.41;
4.26,-56.29,12.11;
2.29,-57.22,13.46;
1.12,-59.85,17.28;
5.15,-59.49,21.49;
11.73,-59.82,22.91;
13.33,-60.56,24.93;
12.74,-60.58,26.03;
21.52,-59.33,26.41;
31.99,-62.27,28.33;
31.10,-69.92,29.25;
31.71,-73.68,26.00;
14.07,-70.17,23.97;
14.11,-72.38,25.52;
16.39,-75.25,28.84;
16.20,-72.58,33.72;
16.05,-66.81,41.72;
22.17,-65.48,48.87;
-4.06,-76.87,67.39;
-44.41,-74.56,85.33;
-27.77,-52.44,77.63;
-2.61,-40.98,71.68;
-8.00,-42.62,78.79;
-16.94,-35.10,70.36;
-26.29,-19.77,48.96;
-35.37,-20.43,37.40;
-40.36,-22.36,31.69;
-53.28,-16.20,19.10;
-55.78,-12.38,15.62;
-46.65,-12.03,17.07;
-29.74,-12.07,23.65;
-15.45,-16.70,29.52;
-8.04,-19.01,32.00;
-9.40,-24.50,32.58;
-18.80,-27.80,29.71;
-19.26,-27.91,24.32;
-33.60,-23.46,17.51;
-36.13,-16.99,10.69;
-35.35,-14.07,7.07;
-29.22,-11.24,4.81;
-28.03,-8.15,4.82;
-29.37,-7.92,5.51;
-28.80,-8.62,7.20;
-20.12,-10.69,10.72;
-11.29,-11.04,9.27;
-14.29,-12.07,7.04;
-19.95,-14.26,1.14;
-23.32,-14.69,0.09;
-20.33,-13.37,0.40;
-20.91,-9.89,0.01;
-19.25,-10.96,-0.61;
-20.27,-11.40,0.61;
-19.83,-9.22,1.30;
-18.85,-7.59,1.11;
-18.18,-11.04,0.87;
-16.22,-12.85,0.50;
-11.61,-13.56,-1.12;
-10.18,-13.56,-0.98;
-6.06,-13.40,-0.61;
-2.22,-14.93,1.88;
-0.94,-14.76,3.30;
-7.84,-10.81,3.16;
-12.41,-6.79,1.88;
-17.26,-2.46,-0.46;
-15.20,0.34,-1.83;
-14.06,2.72,-1.93;
-10.50,2.26,-2.00;
-11.23,-0.72,-1.68;
-10.36,-2.67,-0.67;
-8.10,-3.56,0.20;
-5.22,-6.21,0.94;
-3.46,-8.36,3.08;
-0.03,-12.84,2.64;
1.39,-15.02,0.29;
3.09,-14.04,1.33;
9.99,-17.11,3.60;
12.05,-20.07,5.23;
9.67,-21.07,4.87;
5.61,-17.78,3.75;
5.68,-16.91,3.17;
2.10,-13.75,2.09;
-2.91,-9.69,1.95;
-7.75,-5.11,0.49;
-11.31,-0.98,0.07;
-12.42,2.61,1.33;
-10.79,6.38,0.98;
-11.19,8.20,0.78;
-13.43,9.80,0.82;
-16.61,10.67,-0.25;
-16.16,11.25,-1.39;
-12.15,10.26,-1.30;
-9.16,9.42,-0.73;
-6.30,5.79,0.47;
-5.28,2.89,1.81;
-2.62,-0.38,2.98;
-0.13,-4.09,3.23;
-0.19,-5.66,2.43;
-2.53,-5.36,0.65;
-4.15,-4.36,-0.73;
-2.96,-3.10,-1.71;
-5.14,-1.33,-2.40;
-6.64,0.57,-2.03;
-7.71,1.04,-0.81;
-7.51,0.95,-0.64;
-8.10,2.29,-1.93;
-5.12,2.26,-3.01;
-2.45,1.96,-2.38;
2.13,0.31,-0.90;
4.74,-3.25,-0.19;
6.62,-5.24,0.93;
6.22,-5.48,1.56;
4.31,-6.62,1.42;
2.80,-6.46,0.93;
0.07,-5.05,0.06;
-2.99,-2.33,-1.36;
-4.18,-0.59,-2.00;
-2.88,0.22,-1.89;
-0.76,0.64,-1.30;
-0.47,0.25,-1.39;
0.72,-0.61,-1.10;
-0.93,-0.04,-0.29;
-2.48,0.43,0.09;
0.57,0.57,0.17;
3.61,1.30,-0.26;
5.04,0.66,0.20;
5.88,-1.71,0.73;
4.54,-3.13,1.05;
0.88,-3.14,0.43;
-2.94,-2.96,-0.63;
-2.68,-1.74,-1.45;
-2.91,0.87,-1.57;
-3.69,1.25,-1.44;
-2.18,1.25,-0.98;
-0.90,0.49,-1.02;
1.27,-1.77,-0.61;
2.80,-3.08,0.29;
3.76,-3.24,0.98;
2.75,-2.38,0.76;
0.00,0.09,0.21;
-2.09,1.12,0.12;
-2.76,1.80,0.03;
-2.56,0.92,-0.22;
-2.25,-1.45,-0.77;
-1.77,-2.46,-1.60;
-1.09,-3.28,-1.62;
0.72,-3.22,-1.48;
1.07,-2.03,-0.67;
-0.33,-1.05,0.52;
-0.99,-0.36,1.08;
-0.29,0.29,0.78;
0.14,1.28,-0.00;
0.33,1.77,-0.25;
-1.57,1.74,-0.93;
-4.22,2.02,-1.07;
-4.24,1.48,-0.78;
-4.32,1.80,-0.63;
-3.86,0.95,-0.34;
-2.83,-0.04,-0.11;
-1.90,-0.82,-0.06;
-0.88,-1.14,-0.22;
2.00,-0.35,0.87;
3.00,-0.01,0.64;
1.44,1.38,-0.55;
-0.30,1.89,-0.80;
-0.87,1.79,-0.87;
-1.00,2.18,-1.04;
-0.21,1.16,-0.81;
1.35,1.22,0.29;
2.58,0.72,0.38;
2.86,0.08,0.78;
3.96,-0.62,0.44;
2.31,-0.64,-0.61;
1.59,-0.67,-0.84;
1.70,-0.58,-1.04;
1.01,-0.38,-0.86;
0.57,-0.32,-0.51;
1.41,-0.40,0.38;
1.10,0.41,0.47;
0.13,0.84,-0.02;
-0.06,1.12,-0.05;
0.19,1.53,-0.14;
0.72,1.18,-1.01;
0.40,0.95,-1.10;
0.39,0.00,-0.69;
-0.83,-0.66,-0.00;
-1.95,-1.11,0.23;
-3.20,-0.88,0.07;
-2.73,0.28,-0.23;
-2.47,1.44,-0.52;
-1.93,1.76,-0.78;
-2.04,1.80,-1.19;
-2.21,0.96,-1.06;
-1.11,-0.15,-0.70;
1.26,-1.53,-0.14;
2.14,-1.59,0.84;
1.87,-1.20,1.11;
0.89,-0.20,0.96;
0.45,-0.09,0.21;
1.32,-0.26,0.14;
1.96,-1.08,0.20;
0.97,-0.76,-0.28;
0.31,0.38,-0.26;
0.66,0.76,-0.25;
0.52,1.22,-0.58;
-1.11,1.19,-0.92;
-1.46,1.21,-0.55;
-0.73,1.93,0.09;
-0.73,2.52,0.04;
-1.58,2.93,-0.17;
-3.14,3.01,-0.80;
-5.14,2.49,-0.93;
-3.16,1.64,-0.90;
0.66,1.13,-0.58;
1.70,-0.67,-0.19;
1.50,-1.69,0.21;
1.88,-2.75,0.79;
2.60,-3.07,0.81;
0.91,-2.55,0.18;
0.14,-1.75,-0.38;
-0.12,-0.35,-0.98;
0.39,0.78,-0.73;
0.97,0.14,0.04;
0.17,-0.55,0.73;
0.16,-0.93,0.79;
-0.61,-0.09,0.85;
-1.22,0.60,0.24;
-2.77,2.11,-0.78;
-3.72,3.39,-1.15;
-4.07,3.30,-1.18;
-4.04,2.80,-0.89;
-2.19,1.65,0.11;
0.66,-0.29,0.50;
2.29,-1.33,0.59;
1.07,-1.11,0.52;
1.12,-0.53,0.58;
0.89,0.38,0.27;
-0.29,0.93,-0.22;
-0.94,0.72,-0.26;
-0.44,-0.04,0.17;
0.13,-0.12,0.38;
-0.03,-0.46,0.49;
-1.20,0.18,0.12;
-1.89,1.28,-0.19;
-2.61,1.96,-0.87;
-2.15,1.93,-1.18;
-0.21,0.93,-0.87;
0.58,-0.17,-0.00;
2.04,-1.33,1.05;
2.58,-1.65,1.01;
3.55,-1.63,0.64;
2.33,-1.46,-0.05;
-0.09,-0.91,-0.77;
-0.27,0.14,-0.87;
0.04,0.58,-0.26;
0.78,0.15,0.23;
0.84,-0.43,0.78;
1.59,-1.25,1.45;
1.88,-1.59,0.90;
0.71,-0.49,0.38;
-0.04,0.86,-0.52;
-0.03,2.02,-0.51;
-0.77,2.31,-0.35;
-0.71,1.77,0.18;
-0.25,0.95,0.46;
-1.34,0.61,0.26;
-0.96,0.08,0.32;
-1.06,-0.06,-0.15;
-1.38,0.38,-0.32;
-0.68,0.52,-0.17;
0.91,0.66,0.38;
1.96,0.29,0.14;
1.49,-0.14,-0.06;
1.96,-1.20,0.40;
1.44,-1.19,0.44;
-0.53,-0.40,0.09;
-1.64,0.52,-0.03;
-3.26,2.28,-0.69;
-2.90,2.31,-0.61;
-0.96,1.39,-0.14;
0.65,0.40,-0.15;
1.39,-0.64,-0.35;
0.95,-0.81,0.15;
-1.03,-0.43,0.07;
-1.19,-0.11,-0.34;
0.52,-0.33,0.18;
1.07,-0.20,0.33;
1.70,-0.58,0.32;
1.06,-0.50,0.07;
0.77,0.25,0.03;
-0.09,0.52,-0.66;
-1.20,0.95,-0.23;
-0.96,1.38,-0.06;
-0.51,0.38,0.06;
0.83,-1.13,0.44;
1.23,-1.14,0.55;
1.62,-1.75,0.52;
1.32,-1.45,-0.02;
1.17,-0.79,-0.02;
1.56,-0.87,-0.22;
1.47,-0.44,0.30;
-0.04,-0.59,0.03;
-0.12,-0.43,0.29;
0.33,-1.22,0.23;
-0.15,-1.57,0.14;
-0.36,-0.21,-0.02;
-0.90,0.69,-0.54;
-0.71,1.01,-0.73;
0.05,0.83,-0.05;
1.21,0.12,-0.02;
1.26,-0.91,0.44;
1.30,-1.33,0.58;
1.30,-1.54,0.78;
-1.14,-0.96,0.20;
-1.43,-0.27,-0.22;
-0.82,0.43,-0.57;
0.23,0.75,-0.19;
0.49,0.03,-0.20;
0.55,-0.69,-0.40;
0.75,-0.91,-0.12;
2.20,-1.85,0.04;
2.69,-1.95,0.53;
2.19,-1.14,0.72;
2.11,-0.61,0.62;
1.30,-0.33,0.40;
-0.48,0.70,-0.11;
-1.37,0.11,-0.22;
-0.33,-0.26,-0.55;
0.28,0.22,-0.23;
-0.79,0.87,-0.22;
-3.06,1.45,-0.52;
-2.54,1.64,-0.38;
-2.35,1.62,-0.17;
-2.19,0.54,0.01;
-1.90,0.52,-0.32;
-0.87,0.02,-0.25;
-1.29,-0.03,0.03;
0.20,-0.27,0.43;
1.65,0.26,0.75;
1.49,-0.20,0.38;
1.30,-0.43,-0.23;
0.68,0.18,-0.00;
-0.59,-0.33,0.12;
-0.97,0.08,-0.48;
-0.91,0.64,-0.06;
-0.47,1.24,0.07;
0.81,0.83,0.35;
0.20,0.44,-0.51;
-1.46,1.10,-1.13;
-1.02,0.76,-0.03;
-0.09,-0.21,0.49;
0.97,-0.75,0.36;
1.23,-1.04,0.32;
-0.18,-0.70,0.72;
-1.02,-0.66,0.06;
-1.40,-0.36,-0.58;
-1.95,0.28,-0.83;
-1.28,0.52,-0.61;
0.07,0.11,0.09;
1.13,-0.56,0.46;
0.97,-0.78,0.35;
0.36,-0.35,0.09;
0.71,0.02,0.32;
0.00,0.26,-0.19;
0.91,0.54,-0.26;
0.54,0.93,-0.09;
1.07,0.00,-0.00;
0.39,-0.50,-0.17;
0.08,-0.26,-0.29;
0.11,-0.44,-0.09;
0.29,-0.33,-0.12;
0.20,0.70,-0.43;
0.65,1.74,-0.06;
0.49,1.28,0.01;
1.03,1.21,0.06;
1.56,0.08,0.01;
1.94,-0.27,0.44;
2.98,-0.29,0.26;
3.64,0.52,0.43;
4.08,0.89,0.55;
4.98,1.31,0.62;
5.68,1.77,0.33;
4.55,2.83,-0.54;
3.59,4.76,-0.48;
4.42,6.12,-0.05;
6.39,7.85,0.72;
8.86,9.07,0.81;
10.83,9.68,0.88;
13.13,9.91,1.60;
15.58,10.18,1.95;
16.72,10.52,1.91;
17.24,10.89,1.34;
17.70,11.83,1.43;
17.04,12.92,1.88;
19.29,12.52,2.73;
25.01,12.37,3.94;
29.06,11.50,5.62;
30.19,11.09,5.14;
31.99,11.02,4.43;
32.34,12.37,3.39;
31.55,13.45,2.29;
28.49,16.18,1.16;
28.75,18.40,0.43;
26.80,20.02,0.40;
17.71,22.32,-1.06;
14.55,25.10,-3.56;
13.24,26.17,-5.33;
10.58,27.99,-8.66;
1.47,28.81,-14.22;
-10.06,31.77,-21.33;
-12.24,39.01,-31.41;
-15.61,43.25,-39.73;
-11.83,49.71,-48.67;
12.37,55.99,-61.42;
40.74,56.06,-71.10;
42.28,45.39,-79.04;
38.14,38.32,-84.92;
38.95,34.05,-81.36;
39.68,28.44,-76.70;
33.88,24.06,-69.07;
37.71,35.85,-62.00;
32.92,44.80,-50.37;
30.28,53.24,-44.08;
19.30,66.47,-37.71;
-9.75,72.02,-26.49;
-10.44,70.55,-13.07;
-0.07,73.30,-9.70;
-18.25,74.26,-12.81;
-37.26,74.23,-12.98;
-50.96,76.76,-12.14;
-71.54,77.83,-15.86;
-80.47,79.97,-19.06;
-61.92,77.41,-20.03;
-56.71,81.31,-19.54;
-40.42,89.86,-24.11;
-36.56,93.99,-26.77;
-25.96,96.72,-25.79;
-2.29,97.82,-25.79;
3.97,95.10,-27.73;
-25.20,87.97,-24.63;
-24.48,90.28,-19.80;
-10.48,92.92,-19.30;
-7.78,91.89,-18.80;
-9.00,89.41,-16.99;
-11.72,90.43,-13.24;
-12.16,90.84,-12.23;
-11.92,90.06,-11.24;
-11.75,91.47,-11.67;
-10.76,92.15,-12.44;
-10.32,95.57,-13.18;
-7.60,96.78,-12.48;
-15.28,89.42,-17.21;
-10.76,91.27,-15.56;
-0.51,94.00,-13.97;
8.17,94.69,-9.91;
9.13,93.53,-8.14;
9.52,92.92,-6.37;
14.86,91.51,-6.92;
16.45,90.64,-8.09;
15.97,91.74,-9.47;
21.10,91.34,-9.86;
31.38,91.21,-11.57;
30.22,88.00,-12.60;
25.70,83.30,-13.15;
24.02,79.80,-12.41;
25.79,79.39,-11.48;
22.62,76.80,-11.19;
26.22,75.80,-9.96;
25.13,76.86,-8.99;
27.50,74.37,-9.30;
22.55,71.47,-10.84;
22.66,69.28,-12.48;
19.30,70.25,-12.70;
19.29,69.62,-13.48;
18.10,67.30,-12.64;
19.90,66.69,-11.42;
20.49,62.49,-8.17;
19.82,58.78,-5.01;
22.31,55.88,-1.65;
20.43,52.03,-0.83;
16.07,48.57,-0.32;
12.63,45.05,-0.90;
7.76,43.22,-2.29;
6.07,39.89,-2.48;
3.61,34.80,-2.78;
3.62,33.54,-2.52;
5.71,31.89,-2.83;
8.20,29.74,-4.32;
10.31,29.33,-4.96;
11.97,28.18,-4.26;
10.31,25.01,-3.86;
6.74,20.26,-3.36;
5.30,16.25,-2.37;
4.20,13.33,-2.49;
2.00,10.11,-2.15;
1.15,8.15,-2.64;
0.91,6.29,-2.25;
-0.90,2.41,-1.24;
0.14,-1.05,-0.29;
1.56,-2.70,1.92;
2.20,-5.16,4.00;
1.53,-7.40,5.27;
1.10,-8.43,5.48;
0.71,-10.30,5.45;
0.69,-11.91,6.06;
0.94,-12.79,6.90;
1.78,-15.27,8.04;
2.34,-17.54,8.01;
1.56,-20.81,8.98;
1.62,-22.58,9.19;
-1.23,-24.76,9.37;
0.26,-27.74,9.71;
2.07,-31.13,9.60;
2.63,-33.91,9.74;
5.41,-36.49,10.27;
6.98,-38.93,9.83;
4.98,-42.11,10.17;
6.77,-44.26,11.71;
6.55,-44.95,13.45;
5.27,-47.20,14.38;
2.88,-50.64,16.41;
1.12,-52.29,18.52;
-1.67,-53.75,19.68;
-4.82,-55.19,20.72;
-6.35,-57.05,21.23;
-5.32,-58.78,19.48;
-5.61,-59.14,15.80;
-1.90,-59.75,11.23;
-0.65,-59.98,7.57;
-1.58,-60.70,6.67;
-0.94,-62.96,4.81;
-2.97,-65.89,4.12;
-8.16,-67.94,5.81;
-12.76,-68.78,10.44;
-9.43,-68.53,13.05;
-9.16,-68.91,13.69;
-9.02,-68.24,14.20;
-11.92,-69.80,13.51;
-11.78,-71.97,12.55;
-11.92,-73.27,12.32;
-9.51,-75.57,12.46;
-10.06,-78.44,12.59;
-11.42,-80.69,14.65;
-11.77,-83.53,16.65;
-11.35,-85.24,19.81;
-8.03,-85.24,20.41;
-8.80,-84.82,19.63;
-12.07,-85.46,17.23;
-12.59,-85.95,14.12;
-20.47,-86.26,12.93;
-10.35,-86.81,12.27;
-12.83,-86.29,9.77;
-14.25,-81.85,8.56;
-17.93,-78.95,9.02;
-6.33,-75.68,7.94;
-4.83,-71.56,7.77;
-8.38,-65.13,8.91;
0.13,-58.52,8.94;
9.30,-56.07,7.91;
-0.27,-56.43,5.23;
-10.87,-57.43,0.11;
-17.78,-58.21,-2.08;
2.75,-57.45,-4.06;
8.75,-60.88,-3.22;
9.06,-66.67,-1.39;
-6.96,-71.11,1.88;
-3.80,-74.14,5.98;
4.91,-75.80,7.40;
13.33,-74.82,6.55;
21.91,-75.04,14.64;
31.20,-80.67,29.68;
48.08,-87.48,39.02;
50.66,-90.56,41.08;
41.90,-87.98,45.86;
54.25,-85.69,51.94;
14.49,-91.45,66.15;
-12.44,-91.62,73.69;
-7.74,-78.38,80.32;
-16.64,-66.27,88.07;
-36.36,-56.66,89.56;
-42.88,-40.14,84.93;
-27.51,-28.81,79.56;
2.52,-30.62,73.78;
-7.77,-43.17,58.65;
-29.89,-43.07,50.70;
-48.61,-38.99,39.69;
-61.72,-38.64,28.40;
-46.88,-35.24,28.72;
-49.83,-28.81,31.57;
-40.80,-26.72,30.07;
-27.51,-34.03,23.28;
-13.72,-32.29,19.19;
-19.66,-29.53,22.58;
-16.58,-30.66,20.14;
-18.18,-26.61,17.69;
-27.19,-16.96,14.69;
-36.09,-8.70,10.41;
-39.86,-4.99,6.36;
-31.29,-3.39,4.49;
-21.57,-6.24,4.12;
-11.14,-13.74,6.49;
6.62,-28.78,9.91;
7.56,-37.30,9.86;
4.71,-42.93,8.99;
0.10,-49.24,7.49;
2.14,-51.07,6.11;
-1.16,-44.29,3.71;
-8.77,-37.22,0.01;
-11.60,-29.20,-4.95;
-7.98,-26.98,-2.93;
-7.38,-25.36,-0.28;
-16.29,-22.04,-1.41;
-16.65,-19.72,-3.57;
-21.86,-21.16,-3.24;
-25.78,-20.53,-3.22;
-22.53,-20.44,-2.64;
-11.31,-15.72,-2.55;
-3.55,-14.33,-1.62;
1.85,-17.20,-1.82;
1.62,-15.57,-0.72;
-5.03,-15.08,1.89;
-8.93,-19.91,0.18;
-9.22,-18.01,1.05;
-9.32,-16.47,3.28;
-14.09,-16.78,2.56;
-17.22,-11.75,-0.83;
-19.45,-5.34,-2.52;
-18.41,-0.67,-3.12;
-13.57,2.15,-2.70;
-9.83,5.10,-1.31;
-7.06,4.58,1.43;
-2.53,3.10,3.48;
1.26,3.68,4.38;
-0.04,3.50,5.54;
-2.41,2.83,5.49;
-5.51,1.80,3.54;
-7.35,1.73,1.80;
-8.12,1.89,1.13;
-8.76,1.67,0.85;
-9.67,2.31,0.75;
-11.38,2.92,1.08;
-10.18,3.18,0.38;
-5.72,2.69,-1.02;
-2.22,2.54,-2.02;
0.68,2.26,-1.93;
4.23,0.95,-0.26;
6.48,-0.99,1.48;
7.35,-1.13,2.64;
7.24,-2.00,3.20;
5.23,-1.94,3.04;
1.90,-0.41,2.33;
-1.60,0.64,0.07;
-6.99,3.13,-3.24;
-9.61,5.04,-3.76;
-9.06,5.22,-3.12;
-6.67,4.52,-1.59;
-4.00,2.54,-0.57;
-2.74,0.55,-0.14;
0.04,-0.33,0.38;
5.04,-3.02,-0.05;
5.90,-4.26,-0.73;
3.10,-3.17,-0.75;
1.21,-1.98,0.33;
2.23,-1.54,0.98;
1.32,-0.27,0.56;
-1.25,-0.43,-0.51;
-3.84,0.52,-1.07;
-4.29,1.73,-1.70;
-3.96,2.61,-2.32;
-2.70,2.86,-2.87;
-0.94,3.48,-1.68;
-0.65,2.64,-0.03;
0.14,0.89,1.51;
2.62,-1.25,2.44;
2.97,-2.35,1.88;
1.75,-3.30,1.11;
1.30,-2.12,-0.29;
0.26,-0.62,-0.86;
-1.34,-0.30,-1.30;
-2.07,0.25,-1.38;
-1.96,0.47,-0.66;
-1.96,0.44,0.14;
0.23,-0.62,0.38;
0.65,-0.72,0.06;
-0.01,-0.96,-0.00;
1.21,-0.61,-0.11;
2.11,0.81,-0.15;
0.75,1.10,-0.20;
0.16,1.31,-0.28;
0.26,0.66,-0.29;
-1.52,0.69,-0.03;
-2.59,0.84,0.70;
-0.68,0.60,0.69;
0.39,0.95,-0.17;
-0.93,2.54,-0.38;
-1.05,3.41,-0.03;
-0.01,2.14,0.15;
1.13,1.48,-0.26;
2.22,0.29,-0.00;
3.20,-0.47,0.84;
2.20,-0.75,1.31;
1.00,-0.26,0.72;
-0.44,0.03,0.24;
-0.59,0.54,0.41;
-0.33,0.58,0.36;
0.91,0.52,-0.20;
0.72,0.57,-0.77;
-0.99,0.44,-0.32;
-1.32,0.37,-0.00;
0.25,0.23,0.29;
-0.07,0.34,0.15;
-1.14,1.65,0.06;
-0.79,1.91,-0.06;
-0.24,1.64,-0.26;
-0.16,0.29,-0.48;
0.46,-0.73,-0.77;
0.63,-0.44,-0.57;
1.46,-1.22,0.11;
1.55,-1.65,0.40;
1.18,-1.49,0.07;
0.43,-1.48,-0.38;
0.25,-0.33,-0.46;
1.26,-0.30,-0.78;
1.21,0.23,-0.73;
1.62,-0.14,-0.38;
0.95,-0.41,-0.11;
0.71,-0.04,0.17;
0.00,0.49,0.06;
-0.33,2.32,0.44;
-1.11,2.57,0.29;
-0.91,1.82,-0.06;
0.05,1.45,-0.49;
-0.64,0.72,-0.64;
0.43,1.04,-0.23;
1.46,0.86,0.76;
0.29,0.66,0.67;
-0.36,1.05,0.98;
-1.37,1.18,0.12;
-1.06,1.57,-0.29;
-0.97,2.05,0.52;
-2.65,2.52,-0.00;
-1.89,2.55,-0.03;
0.13,1.96,0.24;
1.27,1.30,0.40;
1.88,0.66,0.32;
1.78,0.03,0.35;
0.49,-0.36,-0.26;
1.33,-1.04,0.20;
2.36,-1.08,0.44;
1.12,-0.72,0.69;
-0.13,-0.75,0.44;
-0.54,-0.62,-0.22;
0.07,-1.01,-0.11;
-0.61,-0.33,0.07;
0.00,-0.04,0.29;
-0.36,0.46,0.30;
-1.34,0.75,-0.41;
-1.57,0.80,-0.41;
-0.01,0.28,-0.25;
1.70,-0.27,-0.08;
2.29,-0.38,0.26;
0.71,-0.85,0.64;
0.49,-0.93,0.65;
-0.03,-1.17,0.33;
-0.68,-0.90,0.03;
-1.35,-0.55,-0.51;
-0.79,0.14,-0.49;
0.14,0.76,-0.54;
-1.19,0.89,-0.80;
-1.28,0.51,-0.41;
-1.31,0.37,-0.20;
-0.58,-0.73,0.20;
0.02,-0.56,0.24;
0.51,-0.32,0.15;
1.30,-0.76,0.03;
2.48,-1.25,0.85;
0.74,-0.61,0.96;
-1.90,-0.52,0.35;
-3.09,0.12,-0.32;
-2.79,0.26,-0.77;
-2.33,0.72,-0.46;
-0.32,0.90,0.15;
0.29,0.72,-0.09;
0.19,0.55,-0.09;
0.46,-0.12,-0.06;
0.29,-0.58,-0.06;
0.02,-0.52,0.32;
-0.48,-0.64,0.21;
-0.01,-0.43,0.70;
0.00,-0.33,0.85;
-0.30,-0.58,0.41;
-2.00,-0.62,-0.34;
-2.19,-0.14,-0.99;
-1.37,0.49,-0.54;
-1.34,1.73,0.23;
-1.96,1.27,0.44;
-1.51,1.18,0.64;
-0.80,0.58,-0.03;
-0.19,-0.52,0.01;
0.17,-0.70,-0.35;
0.08,-0.84,-0.35;
0.36,-0.32,0.56;
-0.59,0.67,0.76;
-1.00,1.22,0.29;
-0.51,-0.33,-0.08;
-1.74,-1.65,-0.77;
-1.32,-2.55,-0.86;
-0.80,-2.46,-0.43;
-0.32,-1.74,-0.35;
-0.61,-1.30,-0.55;
0.04,-0.33,-0.08;
0.39,-0.47,0.61;
0.14,-0.99,0.53;
-0.30,-1.49,-0.41;
-1.90,-1.24,-1.01;
-1.74,-0.44,-1.21;
-1.20,0.37,-0.66;
-0.79,0.81,0.20;
-2.41,1.34,0.30;
-2.00,0.41,0.11;
-1.52,-0.43,-0.44;
-0.59,-0.56,-0.41;
1.01,-0.40,-0.32;
-0.06,-0.30,-0.08;
-0.99,0.22,0.24;
-0.71,0.38,0.59;
0.46,-0.69,0.53;
0.45,-0.88,0.01;
-0.13,-1.59,-0.51;
-0.04,-1.10,-0.38;
0.25,-0.06,-0.40;
0.11,1.10,-0.26;
-0.15,1.07,-0.00;
-0.41,0.87,-0.14;
-1.57,0.75,0.18;
-0.67,-0.27,0.35;
1.15,-0.30,0.29;
0.74,0.26,-0.15;
-0.10,0.20,-0.43;
-0.25,0.93,-0.54;
0.02,1.12,-0.35;
-0.41,1.31,0.47;
1.17,0.08,0.78;
0.52,-0.47,0.23;
-0.06,0.02,0.15;
-1.37,0.34,-0.49;
-0.99,1.15,-0.35;
-0.53,1.28,-0.25;
-1.45,1.22,0.11;
-1.45,1.18,0.38;
-0.96,1.74,0.33;
-0.16,1.01,-0.58;
-0.29,1.01,-0.72;
-1.96,1.28,-0.40;
-1.45,1.60,0.03;
0.95,0.95,-0.32;
2.80,0.75,-0.55;
2.13,0.96,-0.11;
0.83,0.34,1.04;
2.29,0.80,1.27;
4.28,1.60,0.67;
3.38,3.01,-0.19;
2.77,3.67,0.20;
4.46,4.78,0.62;
5.44,5.73,0.67;
2.57,7.60,0.27;
-0.36,10.55,0.50;
2.02,11.60,1.54;
6.60,13.80,2.49;
8.84,14.11,2.64;
6.17,16.37,1.98;
4.46,19.79,2.70;
6.81,21.21,3.72;
10.48,21.47,4.06;
15.03,22.73,3.45;
20.78,23.38,4.41;
26.17,20.51,6.75;
30.91,17.13,8.00;
34.74,14.57,7.59;
33.44,14.87,6.00;
28.48,18.29,5.48;
27.20,20.96,6.12;
28.97,21.54,6.61;
27.20,24.95,6.21;
25.15,27.85,4.93;
23.00,28.03,3.01;
15.29,31.77,0.09;
2.78,35.83,-1.94;
-6.00,36.76,-3.91;
-7.19,36.54,-8.49;
-13.93,38.47,-16.28;
-2.18,41.77,-23.94;
-0.90,37.76,-33.53;
7.90,40.58,-43.16;
12.26,45.60,-52.19;
28.66,47.85,-59.22;
40.66,47.39,-64.57;
42.07,40.32,-67.59;
42.52,37.80,-75.65;
42.43,38.34,-72.89;
36.37,32.78,-70.49;
46.68,27.93,-69.54;
61.20,34.00,-68.55;
38.04,41.33,-59.44;
26.26,46.47,-51.41;
21.01,53.44,-45.01;
15.71,53.36,-35.73;
16.36,57.39,-32.29;
13.13,56.25,-28.98;
-11.49,50.31,-24.31;
-15.45,57.34,-21.45;
-18.54,65.70,-16.12;
-25.81,67.93,-15.47;
-35.55,72.64,-15.09;
-33.02,75.64,-16.60;
-35.98,75.51,-20.25;
-32.45,73.99,-26.11;
-47.48,76.35,-25.74;
-32.47,84.86,-22.41;
-13.83,88.64,-20.28;
-18.04,83.16,-18.34;
-19.20,83.70,-17.33;
-8.24,84.25,-15.77;
-3.11,86.83,-12.87;
-12.83,87.67,-13.91;
-24.04,84.12,-13.42;
-29.57,83.31,-11.16;
-19.72,84.08,-9.68;
-13.83,80.37,-9.62;
-4.73,76.63,-11.07;
-5.54,82.28,-11.68;
-7.43,86.93,-12.38;
-4.88,86.40,-13.47;
-8.03,84.58,-16.46;
-5.90,86.92,-13.57;
2.78,85.25,-12.86;
4.81,86.26,-10.22;
6.46,88.57,-9.77;
6.86,85.91,-10.02;
5.29,82.34,-10.09;
8.40,86.06,-3.09;
11.07,83.94,-5.96;
13.71,81.33,-5.12;
17.64,79.24,-3.16;
20.71,79.12,-2.64;
22.63,74.70,-3.30;
27.42,73.76,-4.44;
28.36,69.60,-4.51;
29.73,65.57,-2.98;
32.16,63.62,-0.25;
32.52,62.06,0.52;
31.71,60.28,1.17;
28.86,58.80,0.81;
26.34,55.89,1.49;
27.01,55.16,0.76;
24.75,54.46,-0.89;
23.21,51.85,-2.80;
24.23,50.99,-1.25;
22.31,51.45,-2.69;
23.64,48.09,-1.44;
23.01,45.79,-2.23;
19.33,44.38,-3.24;
16.91,42.44,-5.85;
12.28,39.13,-6.95;
12.07,37.48,-6.40;
9.38,35.07,-4.73;
7.21,32.15,-3.39;
6.17,29.30,-2.75;
5.09,24.55,-1.79;
7.23,23.38,-3.74;
6.92,22.60,-4.96;
7.06,17.59,-5.57;
4.04,13.93,-5.50;
3.03,11.07,-4.95;
1.87,8.23,-3.21;
0.81,4.46,-1.57;
0.42,2.34,-0.15;
-0.01,-0.53,0.55;
-0.82,-2.70,0.35;
-3.03,-6.06,0.65;
-3.06,-8.95,0.76;
-2.42,-10.58,1.52;
-1.87,-14.15,1.94;
-0.50,-18.64,2.93;
0.14,-21.28,3.89;
-0.12,-23.66,5.01;
-0.36,-27.92,4.87;
0.28,-29.85,4.49;
1.99,-33.01,4.91;
3.56,-37.65,6.36;
4.26,-41.95,7.88;
3.91,-45.30,9.40;
3.71,-49.07,11.57;
4.31,-53.37,14.93;
9.44,-55.91,17.45;
9.01,-58.73,19.33;
7.79,-63.11,20.38;
6.25,-65.56,23.89;
4.81,-66.24,26.01;
1.61,-68.75,26.76;
-3.61,-70.30,27.39;
-5.98,-70.44,27.86;
-6.12,-70.81,26.78;
-7.96,-73.51,23.62;
-9.87,-73.86,20.52;
-8.03,-73.66,20.36;
-1.38,-74.14,19.46;
-1.25,-74.47,18.35;
-5.16,-74.18,18.78;
-5.20,-71.72,18.55;
-7.72,-70.14,17.43;
-11.51,-68.44,17.42;
-12.33,-69.36,15.85;
-14.96,-68.91,13.68;
-16.85,-68.06,11.91;
-17.66,-66.59,10.59;
-16.88,-65.95,9.85;
-16.06,-65.85,9.45;
-9.60,-65.40,8.52;
-7.80,-64.11,6.90;
-1.86,-62.72,7.94;
2.62,-62.21,7.85;
-0.91,-62.30,7.22;
2.43,-62.17,8.44;
3.70,-60.52,9.66;
6.92,-60.11,7.91;
-5.00,-59.71,7.86;
-5.98,-60.90,9.43;
0.04,-62.03,9.63;
10.33,-61.66,7.95;
1.75,-59.13,5.54;
1.49,-56.24,5.42;
8.63,-53.97,4.33;
11.33,-53.43,5.46;
12.00,-54.04,6.53;
15.27,-52.24,7.19;
10.31,-53.05,7.56;
5.76,-55.62,7.95;
-5.83,-59.16,6.69;
-3.08,-58.47,4.53;
4.60,-58.29,3.97;
16.66,-60.24,4.43;
12.54,-59.98,7.07;
28.08,-60.66,13.19;
44.22,-64.53,24.59;
47.13,-69.36,28.43;
59.39,-66.95,32.12;
50.92,-68.14,36.55;
33.12,-70.29,39.46;
13.65,-71.04,38.94;
12.45,-67.94,38.70;
20.49,-63.83,39.33;
16.13,-62.38,45.20;
3.67,-63.71,62.81;
-22.01,-60.26,74.41;
-24.61,-49.89,82.12;
-6.36,-36.40,73.89;
-20.79,-32.38,74.43;
-33.61,-32.46,74.98;
-25.52,-25.77,68.64;
-24.50,-20.78,57.62;
-38.47,-26.44,53.39;
-36.56,-26.70,45.83;
-44.97,-15.30,33.91;
-58.41,-5.13,23.77;
-61.34,-1.91,18.14;
-49.92,-0.36,15.83;
-47.20,-1.16,18.91;
-40.83,-6.53,22.82;
-28.04,-16.04,26.52;
-15.12,-22.98,27.51;
-24.80,-24.72,24.73;
-38.39,-25.78,18.35;
-42.16,-21.88,7.94;
-42.50,-15.33,4.38;
-39.02,-13.11,2.06;
-18.97,-18.36,1.34;
-13.81,-21.89,1.36;
-16.41,-23.62,4.93;
-12.77,-25.39,7.88;
-11.45,-26.29,9.07;
-12.01,-23.24,9.02;
-18.33,-15.66,5.71;
-24.53,-7.22,1.25;
-25.84,-1.77,-1.35;
-27.83,4.84,-3.94;
-29.46,8.31,-8.20;
-29.87,7.88,-8.77;
-24.87,3.74,-4.70;
-17.57,-3.92,-1.04;
-10.35,-9.56,1.98;
-4.38,-14.32,4.73;
-0.07,-17.77,4.46;
3.82,-19.01,3.22;
9.00,-19.78,1.46;
6.63,-18.03,0.82;
0.26,-15.27,-0.08;
-4.16,-11.97,-1.36;
-8.36,-6.93,-2.02;
-7.83,-3.49,-1.45;
-2.10,-2.50,-0.44;
-0.68,-1.80,0.49;
-4.16,-0.73,0.41;
-10.06,1.07,1.30;
-11.12,1.19,1.62;
-4.00,1.38,2.78;
2.63,1.47,3.46;
0.98,1.51,3.01;
1.55,0.31,2.69;
-0.68,-2.12,2.90;
-0.36,-1.59,4.38;
-1.37,-1.40,4.47;
-3.20,-2.38,3.13;
-2.27,-1.28,0.94;
-8.22,1.73,-0.32;
-11.46,3.50,0.01;
-9.12,5.59,1.81;
-7.16,5.22,1.57;
-3.77,2.98,1.40;
-3.23,1.64,-0.12;
-5.09,1.45,-1.60;
-5.54,1.83,-1.31;
-1.86,0.90,0.18;
2.16,0.25,1.42;
3.32,-1.66,1.10;
4.42,-4.18,0.20;
2.08,-3.14,-0.26;
-1.40,-2.62,-0.29;
-4.01,-2.24,0.21;
-2.85,-0.58,0.67;
-2.74,0.40,-0.06;
-2.06,0.72,-0.09;
-0.56,0.86,-1.39;
-3.40,0.93,-2.17;
-7.89,1.53,-3.25;
-8.00,2.57,-2.57;
-2.36,1.59,-0.61;
3.49,-0.30,0.40;
7.73,-2.70,1.17;
7.46,-4.38,1.71;
3.71,-3.53,1.54;
-0.29,-2.58,0.62;
-4.41,-1.53,-0.57;
-4.48,0.02,-1.85;
-4.80,2.08,-1.44;
-4.19,2.32,-0.67;
-1.71,1.60,-0.51;
-1.05,1.47,-0.37;
-1.34,0.02,0.17;
0.74,-0.91,0.36;
0.31,-0.46,0.43;
-1.25,1.21,-0.61;
1.13,2.89,-0.17;
1.39,2.93,-0.70;
0.72,2.35,-0.40;
-0.67,1.24,-0.51;
-0.21,-0.67,0.07;
0.00,-0.82,0.75;
0.52,-0.44,0.53;
-0.65,0.86,-0.09;
-4.58,3.41,-1.47;
-7.43,4.98,-2.31;
-5.72,5.36,-2.08;
-4.00,5.67,-1.30;
-2.96,4.51,-1.24;
0.58,2.61,0.29;
2.13,0.69,1.14;
1.70,-0.56,0.99;
2.71,-1.31,1.77;
3.96,-2.85,1.74;
5.17,-3.19,1.02;
5.91,-2.90,1.02;
5.90,-3.66,1.05;
7.42,-3.56,1.20;
8.31,-4.44,1.45;
5.76,-3.86,1.45;
2.60,-1.71,0.99;
2.43,-0.84,0.58;
5.52,0.02,0.12;
3.47,1.77,0.35;
-0.51,2.66,0.70;
-1.69,2.81,1.11;
-1.58,3.19,1.27;
-2.24,2.47,0.65;
0.31,0.80,-0.73;
-0.19,0.05,-1.42;
-2.09,0.03,-1.42;
-4.42,-0.12,-1.07;
-4.65,-0.26,-0.23;
-1.86,-0.84,0.30;
0.20,-1.66,0.11;
0.31,-2.30,-0.87;
-2.06,-1.62,-1.93;
-5.11,-0.95,-2.02;
-2.97,-1.04,-1.74;
2.86,-1.75,-0.44;
5.04,-2.11,0.56;
2.83,-1.75,0.99;
-0.45,-1.88,0.36;
-2.01,-1.86,-0.41;
-2.99,-0.59,-1.27;
-2.68,0.37,-1.57;
0.98,0.26,-0.75;
4.22,-0.23,-0.11;
2.58,-1.14,0.61;
0.33,-1.60,0.73;
0.48,-2.40,1.08;
1.12,-1.97,0.79;
2.16,-0.84,0.32;
2.40,0.38,0.93;
0.05,1.10,0.65;
-3.40,2.22,-0.44;
-5.14,3.04,-0.66;
-4.80,1.70,-0.29;
-2.64,1.74,-0.15;
0.77,0.98,0.52;
2.02,-0.32,1.01;
2.17,-0.44,0.59;
-0.54,0.92,0.24;
-2.73,0.83,-0.17;
-2.07,0.60,-0.34;
0.91,0.58,-0.26;
2.71,-0.04,0.81;
4.83,-1.82,1.51;
5.53,-3.25,1.25;
2.23,-1.95,0.58;
-1.86,-1.31,0.11;
-2.24,-0.23,-0.02;
-2.01,1.56,-0.20;
-2.39,2.78,-0.67;
-3.00,2.66,-0.61;
-1.61,1.79,-0.78;
-0.47,1.02,-0.14;
-0.39,-0.56,0.33;
1.68,-1.37,0.43;
2.46,-1.91,0.21;
0.66,-1.20,-0.11;
0.89,-0.84,0.30;
-0.42,-0.30,0.30;
-0.61,0.29,-0.09;
-0.53,0.22,-0.38;
-1.05,-0.44,-0.78;
-0.01,-0.67,-0.48;
-0.76,-0.41,-0.48;
0.10,-0.14,0.53;
0.07,0.28,0.93;
0.69,0.35,0.58;
-0.30,1.24,0.20;
-0.61,1.62,-0.66;
-0.33,1.67,-0.63;
-1.00,1.36,-0.81;
-1.83,1.16,-0.37;
-1.61,0.72,0.33;
-0.97,0.72,0.38;
0.46,0.84,0.64;
1.21,0.35,0.17;
0.95,1.18,-0.46;
-0.64,1.19,-0.48;
-2.06,1.07,-0.26;
-2.65,1.39,-0.40;
-2.00,1.39,-0.38;
-0.94,1.65,0.36;
-0.62,1.53,0.43;
-0.12,1.09,0.26;
-0.88,0.84,-0.02;
-2.22,0.73,-0.26;
-2.16,1.34,0.01;
-0.76,1.24,0.75;
1.10,1.80,0.58;
0.25,1.25,-0.14;
-0.12,0.49,-0.46;
0.02,-0.17,-0.40;
0.11,-0.62,0.09;
0.22,-0.17,0.65;
1.59,0.43,1.11;
2.78,0.61,0.85;
1.01,0.70,0.20;
-1.14,0.54,-0.78;
-2.97,1.19,-0.83;
-2.24,0.78,-0.55;
0.29,0.03,-0.15;
0.65,-0.41,0.49;
1.17,-1.17,0.67;
-0.32,-1.20,0.11;
-1.09,-1.16,-0.57;
-2.29,0.20,-0.92;
-2.53,1.25,-0.64;
-0.56,1.60,0.24;
1.70,1.33,0.18;
1.39,0.43,-0.02;
-0.22,-0.18,-0.11;
-1.77,-0.53,-0.67;
-2.33,0.31,-0.96;
-2.10,0.96,-0.31;
1.52,1.04,0.17;
4.07,0.67,0.21;
1.29,0.17,0.03;
-0.65,-0.84,-0.22;
-0.96,-0.98,-0.31;
-1.52,0.12,0.03;
-1.32,0.92,0.26;
0.02,1.73,0.07;
-1.81,1.77,-0.37;
-3.12,1.70,-0.86;
-3.71,1.45,-0.89;
-1.40,0.83,0.03;
1.30,0.57,0.79;
2.17,1.24,0.52;
0.00,1.53,-0.29;
-2.85,1.74,-0.61;
-4.87,1.71,-0.98;
-4.44,2.06,-0.95;
-1.48,1.97,-0.31;
0.92,1.57,0.52;
1.27,0.81,0.79;
0.07,0.12,0.29;
-1.02,-0.20,-0.06;
-1.54,0.54,-0.66;
-0.22,0.83,-0.70;
1.59,0.52,-0.11;
3.36,0.69,1.11;
3.53,-0.17,1.54;
2.92,-0.72,1.11;
-0.18,-0.04,0.56;
-2.06,0.67,-0.31;
-1.61,2.69,-0.69;
-0.62,3.57,-0.60;
0.65,4.37,-0.43;
0.33,4.58,-0.03;
-0.04,3.47,0.03;
0.69,2.46,0.75;
0.95,1.47,1.31;
3.24,0.90,1.34;
6.63,1.54,1.71;
10.63,2.60,1.92;
11.26,3.68,1.85;
9.61,4.67,1.42;
7.59,5.74,1.27;
5.94,7.31,0.78;
3.94,9.30,0.18;
3.04,12.52,-0.03;
2.69,15.10,0.11;
3.73,16.90,0.69;
5.36,18.64,1.48;
9.20,19.27,2.78;
14.55,18.29,4.09;
18.48,16.38,4.69;
24.51,14.49,4.99;
27.58,13.04,4.36;
29.36,11.47,1.94;
25.41,13.59,1.16;
22.65,16.37,0.03;
21.49,16.15,-0.14;
25.55,15.85,-0.77;
28.60,17.04,-1.65;
19.30,17.48,-5.33;
14.75,17.01,-10.15;
7.30,17.34,-15.51;
-10.00,21.01,-25.31;
-11.08,25.97,-31.53;
-1.19,30.09,-37.99;
-6.51,38.43,-46.09;
-8.38,48.49,-55.57;
12.51,53.21,-58.40;
53.35,45.79,-66.60;
69.87,43.83,-67.56;
67.58,45.82,-64.90;
45.65,48.55,-56.84;
35.88,49.59,-52.73;
34.11,50.52,-50.46;
21.76,53.56,-49.91;
15.47,61.96,-47.68;
6.55,64.81,-42.95;
-2.45,61.30,-39.01;
-16.71,60.34,-36.38;
-25.05,59.64,-31.71;
-10.56,59.88,-27.06;
-35.78,62.80,-25.10;
-43.71,72.03,-18.41;
-42.15,79.62,-17.48;
-53.17,87.44,-17.91;
-56.94,91.86,-18.51;
-47.06,98.73,-18.44;
-12.74,98.72,-20.89;
-8.13,89.65,-18.14;
-9.46,89.12,-16.00;
11.39,101.88,-17.06;
6.10,94.96,-17.18;
-1.90,93.27,-17.31;
-10.44,96.43,-17.68;
-8.99,96.03,-15.94;
-10.13,93.33,-9.60;
-14.25,95.05,-6.64;
-15.20,95.83,-4.26;
-10.30,97.30,-5.16;
-11.64,101.15,-6.40;
-4.79,99.93,-9.86;
-6.01,101.45,-11.86;
-5.06,100.14,-14.41;
-1.35,99.57,-14.55;
4.74,95.36,-14.38;
9.29,93.85,-11.89;
11.42,87.73,-14.23;
14.92,87.56,-13.57;
19.85,88.47,-13.38;
21.17,87.67,-13.38;
25.42,82.12,-10.51;
30.71,79.71,-7.99;
36.78,81.80,-1.76;
42.89,78.46,0.09;
37.55,74.18,-0.38;
37.65,72.90,1.04;
36.29,73.31,-0.41;
32.33,70.26,-2.20;
29.41,65.82,-3.44;
29.88,61.02,-4.57;
27.97,59.62,-4.70;
28.51,56.23,-3.68;
27.04,55.21,-2.38;
24.62,53.60,-1.60;
21.68,51.19,-2.86;
22.10,51.21,-3.24;
23.56,51.12,-3.24;
22.04,48.95,-5.28;
16.88,46.64,-6.67;
13.26,45.89,-7.53;
8.86,45.07,-7.33;
8.31,42.34,-6.11;
6.02,38.98,-7.15;
7.29,36.28,-6.86;
7.36,32.23,-6.51;
4.89,27.05,-7.62;
2.65,23.94,-8.78;
4.19,25.27,-9.18;
4.75,25.30,-8.52;
4.49,22.05,-7.76;
4.75,17.16,-6.44;
3.91,12.35,-5.09;
-0.97,7.65,-5.28;
-2.09,4.14,-4.72;
-2.12,1.19,-2.93;
-2.29,-2.66,-0.95;
-0.82,-5.08,0.67;
-0.74,-8.18,2.88;
-2.18,-11.51,4.41;
-1.77,-14.15,5.56;
0.31,-18.04,6.90;
-0.29,-21.28,8.00;
0.00,-26.99,9.57;
1.30,-29.34,10.12;
2.83,-29.24,10.40;
-0.22,-32.36,10.26;
-1.92,-35.16,10.67;
-0.47,-38.14,12.76;
2.89,-37.17,15.91;
1.94,-38.96,16.44;
-0.56,-42.53,16.41;
-3.20,-44.52,16.21;
-2.18,-46.15,16.46;
1.07,-46.99,16.59;
1.81,-48.85,15.80;
-3.03,-51.49,16.65;
-5.29,-54.00,17.20;
-5.90,-57.07,17.69;
-7.17,-58.40,18.17;
-8.44,-58.12,20.69;
-4.24,-57.10,23.05;
-1.06,-58.18,23.95;
0.51,-58.27,23.74;
0.40,-59.75,23.22;
0.77,-62.58,23.40;
3.36,-63.37,23.63;
3.58,-64.76,24.29;
5.64,-66.26,24.91;
4.28,-68.27,25.48;
2.69,-69.19,26.40;
-1.09,-69.31,26.44;
-4.06,-68.88,24.14;
-10.59,-70.29,20.98;
-15.71,-71.49,18.09;
-20.10,-72.14,15.97;
-19.06,-73.69,12.38;
-21.61,-74.04,7.81;
-26.03,-70.72,5.25;
-29.58,-69.02,2.65;
-29.40,-68.44,2.04;
-22.93,-66.43,4.20;
-11.23,-62.07,4.69;
-10.51,-60.35,3.39;
-13.22,-59.59,3.31;
-8.10,-60.61,4.32;
0.54,-60.23,8.23;
14.94,-59.80,10.32;
20.55,-58.81,14.73;
21.78,-60.69,17.86;
22.33,-62.12,16.01;
5.52,-62.56,9.83;
-0.64,-57.31,10.87;
0.48,-55.66,8.85;
-4.53,-56.82,7.04;
-3.26,-55.95,7.13;
-7.05,-53.20,5.51;
-12.48,-50.81,5.48;
2.57,-47.33,8.01;
23.55,-48.21,8.26;
21.06,-50.26,6.18;
5.06,-50.11,5.59;
-11.90,-51.24,3.81;
-14.58,-53.68,3.19;
-5.00,-52.82,4.70;
4.71,-54.52,7.80;
2.95,-57.30,12.76;
19.03,-58.95,16.53;
30.17,-59.24,18.70;
20.55,-60.52,20.59;
26.83,-58.09,25.78;
24.83,-62.00,28.99;
24.40,-60.93,29.57;
25.18,-58.43,26.14;
19.76,-57.10,22.69;
-2.03,-54.41,17.68;
-22.85,-47.56,16.61;
-32.53,-40.82,11.13;
-19.22,-37.02,9.86;
-5.54,-31.36,12.91;
8.39,-30.75,20.98;
17.76,-38.35,37.80;
4.65,-45.91,55.14;
-4.68,-47.31,65.81;
4.20,-47.59,69.51;
15.12,-48.70,63.89;
9.01,-50.20,61.68;
-2.29,-44.62,59.95;
-7.37,-34.78,54.78;
-19.28,-30.93,46.84;
-16.30,-25.17,44.23;
-16.16,-18.17,37.78;
-18.48,-9.98,28.58;
-30.32,-6.41,25.19;
-41.60,-3.34,23.39;
-46.96,0.18,23.39;
-39.52,0.25,22.85;
-25.61,-2.95,24.23;
-17.92,-6.90,20.72;
-13.25,-10.20,22.65;
-14.22,-15.13,22.43;
-17.09,-17.56,22.36;
-37.20,-14.88,18.69;
-39.95,-8.98,14.11;
-35.31,-2.04,9.10;
-31.11,-0.26,9.71;
-27.77,-3.17,10.23;
-27.23,-5.45,10.70;
-28.30,-7.92,10.90;
-23.98,-10.73,9.34;
-24.73,-11.62,7.31;
-28.64,-7.62,5.86;
-28.21,-5.13,5.13;
-23.46,-7.53,4.18;
-15.34,-10.47,2.36;
-14.39,-13.24,4.14;
-9.11,-17.45,4.20;
-7.75,-20.53,5.56;
-8.44,-22.26,6.52;
-11.19,-23.66,5.13;
-18.53,-20.53,3.08;
-19.78,-15.24,1.89;
-18.90,-13.17,0.43;
-21.46,-10.40,-1.19;
-18.73,-6.72,-2.19;
-18.82,-7.71,-1.39;
-14.83,-8.12,-2.31;
-14.04,-5.83,-2.29;
-16.94,-6.43,-2.35;
-18.30,-5.78,-2.06;
-15.74,-7.60,-2.22;
-14.91,-10.81,-3.71;
-12.18,-12.59,-3.89;
-12.42,-12.95,-3.01;
-10.88,-16.04,-0.34;
-5.31,-20.52,1.83;
1.46,-21.80,3.17;
1.96,-21.88,3.31;
3.70,-21.13,3.27;
4.84,-18.61,3.40;
3.81,-14.00,2.35;
-1.51,-11.01,0.82;
-6.50,-6.64,0.36;
-2.87,-3.08,1.94;
4.49,-5.53,4.35;
6.00,-8.20,4.64;
3.46,-9.65,4.88;
2.57,-14.47,3.23;
5.56,-18.33,3.78;
3.61,-17.34,3.97;
2.52,-16.69,3.86;
0.60,-12.95,2.93;
-2.07,-13.13,3.36;
2.94,-13.78,4.72;
2.83,-12.24,5.69;
-2.30,-10.38,6.56;
-11.54,-6.76,5.74;
-14.85,-1.30,1.23;
-16.65,0.28,-0.28;
-13.38,1.31,-0.89;
-7.06,1.33,-0.08;
0.60,0.26,1.77;
3.41,-3.85,2.78;
2.45,-6.82,2.07;
-1.42,-6.23,1.56;
-2.65,-7.05,0.67;
-1.87,-6.17,-0.09;
-0.62,-4.12,-1.10;
0.94,-3.16,-1.42;
0.49,-3.40,-0.93;
-1.11,-5.07,-0.72;
-3.03,-3.05,-0.96;
-5.71,-0.30,-1.41;
-10.44,1.71,-2.25;
-9.78,3.31,-3.59;
-8.06,5.64,-5.28;
-6.50,6.73,-6.20;
-4.47,4.51,-5.77;
-4.56,1.59,-4.15;
-2.76,-0.03,-2.90;
2.78,-2.93,-1.67;
4.16,-4.30,-1.22;
4.36,-5.51,-0.93;
2.05,-4.70,-1.06;
-3.89,-2.64,-1.30;
-8.21,-0.15,-2.17;
-6.22,1.64,-2.86;
-3.92,2.26,-3.04;
-1.29,2.70,-2.40;
0.63,3.13,-0.64;
0.42,2.57,0.55;
-0.01,3.41,-0.29;
-0.96,4.37,-1.96;
-3.51,4.90,-2.86;
-5.05,6.95,-3.22;
-4.99,7.25,-2.25;
-5.48,6.76,-0.60;
-3.40,4.37,1.08;
-1.43,1.70,0.90;
-2.85,0.14,-0.34;
-4.15,-0.11,-1.27;
-0.54,-0.23,-0.23;
1.50,-0.15,0.64;
0.48,0.76,0.17;
-2.96,2.95,-0.95;
-3.75,4.72,-1.24;
-3.80,5.59,-0.98;
-5.58,5.89,-0.92;
-2.59,5.93,0.01;
-1.22,4.98,-0.15;
-1.61,4.84,-0.69;
-1.16,3.57,-0.75;
1.50,1.50,0.62;
3.44,-0.84,1.11;
2.57,-1.65,0.46;
0.65,-2.17,-0.02;
-2.79,-2.17,-0.60;
-4.47,-0.84,-0.77;
-3.32,1.05,-0.80;
-1.46,2.26,-1.28;
0.05,2.22,-1.50;
-0.42,2.49,-1.21;
-0.19,1.01,-0.31;
0.23,-0.21,0.47;
1.93,0.20,0.99;
-0.35,1.76,0.91;
-1.81,3.27,-0.08;
-3.69,4.11,-1.54;
-4.03,3.82,-2.28;
-2.83,1.70,-1.56;
-0.61,0.28,-0.38;
1.84,-1.80,0.65;
2.16,-2.82,1.43;
1.41,-3.13,1.52;
-2.10,-2.03,0.36;
-4.83,0.80,-1.42;
-5.40,3.33,-1.74;
-4.48,4.40,-1.73;
-2.47,4.63,-1.30;
-2.77,3.10,-0.61;
-3.37,1.71,0.15;
-3.11,1.27,0.70;
-3.45,1.02,0.24;
-1.93,1.96,-0.41;
-0.21,2.58,-0.92;
1.94,1.53,-0.29;
2.94,0.83,0.12;
1.59,-0.32,0.59;
1.06,-0.50,1.36;
-1.17,-0.47,0.61;
-4.70,1.51,-1.36;
-4.74,3.19,-1.99;
-3.80,3.79,-1.33;
-2.35,5.12,0.11;
0.94,2.92,1.04;
2.07,0.95,0.47;
1.46,-0.03,0.53;
0.36,-1.83,0.64;
-1.06,-0.56,-0.19;
-2.13,1.56,-0.77;
-1.35,2.72,-1.04;
-1.58,2.76,-0.81;
1.18,1.57,-0.02;
3.23,-0.96,0.38;
1.20,-2.75,-0.23;
0.25,-2.84,-0.25;
-0.07,-2.20,-0.29;
0.33,-0.84,-0.55;
0.97,-0.35,-0.14;
1.49,0.17,0.26;
2.37,-1.22,0.46;
2.07,-2.29,-0.40;
-1.78,-0.95,-0.89;
-3.55,0.11,-0.92;
-4.24,0.61,-1.21;
-4.16,2.05,-0.77;
-3.02,2.67,-0.31;
0.16,1.65,0.55;
1.55,0.14,0.67;
1.47,-1.19,0.21;
-0.04,-1.98,-0.48;
-1.34,-1.49,-0.63;
-0.41,-0.41,-0.15;
0.04,1.21,-0.60;
-0.30,2.66,-0.44;
-0.87,2.90,-0.58;
-1.52,1.45,-0.26;
-0.83,0.05,0.12;
-0.06,-0.30,0.17;
-1.29,-0.64,-0.17;
-2.06,0.75,-0.89;
-1.93,1.45,-0.86;
-3.03,2.23,-0.41;
-0.97,2.26,0.50;
1.88,0.57,0.78;
2.63,-0.78,0.49;
1.82,-0.81,-0.17;
-0.36,-0.56,-0.75;
-3.48,0.63,-1.09;
-4.32,2.49,-1.31;
-3.05,3.99,-1.33;
-1.00,4.60,-0.81;
1.03,3.36,-0.15;
2.31,1.76,0.46;
2.66,-0.23,0.53;
0.75,-1.37,0.20;
-0.32,-1.30,-0.11;
-0.03,-0.40,-0.63;
0.28,0.93,-1.04;
0.34,1.80,-0.57;
-0.01,2.38,0.20;
0.39,1.59,1.10;
-1.25,1.73,0.58;
-2.39,1.71,-0.29;
-3.00,3.05,-1.35;
-3.03,4.54,-1.74;
-3.00,5.21,-2.02;
-2.62,6.55,-1.80;
-1.31,6.09,-1.02;
0.86,4.66,0.26;
4.86,2.15,1.71;
6.29,-0.32,1.51;
5.46,-1.33,0.30;
5.29,-1.01,-0.02;
4.68,0.40,-0.37;
4.55,2.86,-0.44;
5.27,3.99,-0.19;
4.51,5.82,0.50;
5.39,6.78,0.94;
5.52,6.57,1.40;
4.36,6.57,0.59;
2.75,7.54,-0.41;
-0.58,10.72,-0.86;
-0.99,12.46,-0.17;
1.59,13.02,0.93;
7.27,12.61,1.40;
12.42,11.28,2.40;
18.16,8.81,4.21;
20.23,6.98,5.45;
21.00,6.44,5.30;
19.97,7.97,4.84;
17.49,11.12,4.84;
15.88,15.01,4.59;
16.97,17.28,4.27;
20.36,19.67,4.62;
23.15,18.89,4.78;
22.46,18.93,4.36;
19.85,19.68,3.25;
16.55,21.02,2.49;
17.09,20.51,0.85;
20.11,20.87,0.33;
19.29,20.23,-1.28;
16.02,18.60,-5.91;
8.98,19.48,-10.55;
-0.38,21.38,-17.47;
-1.72,22.96,-21.82;
-3.67,23.53,-27.04;
1.15,28.03,-33.85;
29.99,36.18,-45.01;
43.82,38.41,-53.99;
54.68,36.41,-57.27;
57.79,33.09,-62.83;
50.83,33.51,-65.13;
56.07,38.34,-59.48;
64.04,36.69,-58.78;
47.81,38.06,-54.31;
19.21,43.01,-50.84;
-0.83,46.05,-43.74;
-10.18,60.43,-41.86;
-0.59,62.40,-40.08;
3.90,62.38,-36.43;
5.88,68.18,-34.06;
4.26,60.99,-28.67;
-10.71,56.49,-22.40;
-19.45,57.09,-16.86;
-18.77,57.73,-14.70;
-23.66,58.08,-14.22;
-31.63,65.88,-14.37;
-31.02,72.02,-15.22;
-37.40,75.91,-15.57;
-34.44,81.99,-16.77;
-41.00,86.92,-19.39;
-41.09,89.30,-23.18;
-29.87,90.67,-21.86;
-24.13,92.49,-21.93;
-16.03,91.91,-18.96;
1.61,92.60,-16.38;
0.28,91.27,-12.23;
3.52,91.62,-11.51;
6.86,93.05,-11.18;
2.88,92.31,-10.43;
-1.93,90.02,-12.00;
-7.83,86.98,-10.22;
-1.16,87.01,-9.47;
2.58,89.71,-9.83;
0.91,86.70,-8.78;
-2.15,85.77,-7.83;
3.94,86.35,-5.89;
9.21,84.06,-5.86;
17.39,85.25,-6.84;
18.80,85.19,-9.51;
17.87,86.00,-8.81;
16.80,88.17,-9.24;
17.01,86.03,-12.78;
15.21,84.37,-12.32;
20.71,81.97,-10.09;
17.79,78.96,-12.22;
19.99,80.52,-10.37;
21.39,79.30,-11.67;
21.35,79.93,-10.93;
24.08,80.60,-10.87;
21.53,76.90,-12.75;
25.73,74.90,-12.57;
27.50,74.41,-12.15;
30.46,74.09,-11.65;
27.20,71.64,-10.66;
23.84,66.14,-11.83;
27.81,63.48,-10.19;
30.40,63.21,-8.70;
29.85,60.99,-8.58;
28.66,56.96,-8.44;
27.64,56.83,-6.09;
27.12,54.02,-4.67;
22.02,50.34,-3.18;
17.97,47.41,-2.52;
18.07,45.57,-2.35;
17.53,44.96,-0.29;
17.59,40.76,-0.09;
18.49,37.24,0.52;
18.72,36.09,0.38;
17.15,30.92,2.01;
15.36,28.14,2.09;
11.24,26.37,1.36;
4.08,24.14,-0.23;
1.30,20.72,-1.77;
1.99,19.02,-1.85;
4.26,15.27,-2.19;
3.67,12.76,-2.81;
3.42,8.92,-2.51;
1.62,4.96,-3.02;
0.26,1.94,-3.53;
-1.00,-1.27,-3.06;
-1.16,-3.85,-2.38;
-3.37,-6.32,-2.46;
-3.81,-8.62,-1.33;
-3.89,-11.48,0.21;
-3.80,-13.66,1.89;
-6.96,-16.26,3.56;
-5.63,-19.22,4.72;
-5.52,-22.66,5.33;
-6.77,-23.88,6.27;
-7.05,-24.78,7.52;
-6.24,-27.11,8.76;
-7.32,-30.56,10.18;
-8.91,-33.20,11.17;
-11.23,-34.01,12.23;
-8.68,-35.30,13.28;
-9.51,-37.17,13.31;
-8.38,-41.34,14.55;
-4.88,-42.69,15.36;
-2.58,-44.14,16.67;
-2.30,-47.11,15.57;
-3.00,-49.94,13.71;
-2.82,-52.53,11.75;
-2.51,-52.76,10.96;
-2.70,-53.68,11.07;
-1.09,-54.29,10.84;
-2.15,-55.56,10.46;
-3.54,-55.20,9.27;
-5.66,-55.60,9.22;
-9.22,-55.27,9.48;
-12.30,-55.68,9.52;
-12.06,-55.02,10.85;
-10.76,-55.65,11.16;
-10.39,-56.99,10.47;
-9.87,-59.66,9.77;
-10.74,-60.38,9.10;
-6.22,-60.43,7.48;
-4.65,-63.19,5.27;
-2.00,-65.95,5.72;
-1.32,-67.68,5.72;
-3.78,-70.99,7.85;
-6.79,-73.95,10.03;
-5.45,-74.58,12.47;
-5.02,-73.77,14.56;
-4.30,-74.50,17.71;
-7.38,-75.56,19.25;
-7.26,-77.08,19.88;
-8.99,-77.04,17.63;
-13.55,-77.31,16.06;
-13.16,-77.72,14.79;
-8.61,-77.91,12.32;
-7.09,-75.46,8.90;
-6.27,-71.75,8.11;
-5.17,-68.27,9.39;
-1.42,-66.47,10.43;
4.98,-62.09,10.07;
6.65,-58.01,11.72;
11.20,-55.07,10.98;
13.87,-54.27,10.87;
11.38,-54.46,10.84;
8.60,-56.53,13.13;
9.75,-57.46,14.49;
9.79,-58.12,15.14;
10.86,-58.90,15.81;
4.83,-61.65,15.88;
9.75,-61.66,16.58;
-8.58,-63.65,13.42;
-5.02,-63.04,10.76;
-1.81,-62.40,9.65;
-0.04,-62.32,8.72;
-0.41,-63.36,10.01;
0.77,-65.07,12.91;
8.46,-64.67,17.16;
12.49,-65.33,21.46;
15.78,-64.06,24.14;
27.47,-61.74,28.41;
33.36,-64.09,29.37;
24.36,-63.43,28.85;
11.10,-63.89,27.43;
11.78,-64.21,26.38;
2.63,-64.64,24.70;
1.52,-64.21,24.94;
1.44,-61.16,27.37;
21.27,-63.82,36.91;
-14.70,-74.36,57.20;
-20.48,-61.04,69.48;
-18.12,-43.10,66.79;
0.37,-39.01,74.32;
-5.64,-43.25,84.75;
-11.86,-39.56,75.60;
-20.83,-30.88,57.20;
-22.21,-32.04,50.84;
-21.38,-32.81,37.33;
-45.57,-25.54,25.98;
-64.50,-21.07,18.50;
-61.37,-15.60,14.55;
-58.58,-7.97,12.40;
-45.75,-2.01,14.36;
-40.10,0.90,17.08;
-39.90,-2.09,19.13;
-31.23,-4.69,18.26;
-30.07,-8.73,19.07;
-17.02,-15.71,16.87;
-17.28,-18.43,13.34;
-25.14,-16.78,8.30;
-25.02,-15.42,5.31;
-22.91,-16.03,6.04;
-15.42,-17.89,7.28;
-22.36,-16.40,6.09;
-20.39,-15.66,6.82;
-17.26,-18.36,8.00;
-12.07,-21.16,9.02;
-2.33,-24.59,10.23;
2.34,-29.17,7.22;
2.19,-28.81,3.54;
-6.01,-24.98,1.52;
-12.04,-23.36,-0.19;
-15.12,-27.01,-4.78;
-15.98,-28.52,-5.99;
-14.96,-26.06,-3.10;
-11.25,-26.90,2.20;
-2.79,-28.52,3.51;
-6.06,-21.31,3.48;
-10.07,-11.91,2.46;
-12.22,-8.87,0.59;
-9.25,-5.42,-1.57;
-14.29,1.70,-3.41;
-20.10,4.83,-4.19;
-18.45,6.25,-6.00;
-17.43,4.52,-3.51;
-13.90,2.98,-1.13;
-9.54,-0.36,2.56;
-8.82,-5.98,4.29;
-8.82,-6.49,5.48;
-3.54,-9.07,4.29;
0.39,-10.67,2.07;
-2.13,-9.63,0.32;
-5.09,-11.04,-0.20;
-8.36,-9.49,-1.15;
-5.17,-6.69,1.30;
-3.90,-5.20,1.65;
-8.77,-4.24,0.49;
-12.96,-1.42,-1.47;
-14.90,3.88,-0.90;
-14.64,6.02,0.23;
-9.69,8.46,-0.75;
-5.02,9.77,-1.56;
-4.96,7.28,-1.47;
-3.40,1.59,-1.12;
-1.00,-1.42,-0.48;
-0.97,-2.88,-0.54;
-4.01,-5.42,-0.66;
-3.74,-5.20,-0.38;
-2.29,-5.46,0.27;
-1.29,-4.38,0.93;
-1.19,-3.46,1.23;
0.51,-4.27,0.96;
1.12,-3.60,0.50;
-0.82,-2.50,-0.43;
-3.69,-0.98,-1.15;
-7.06,1.83,-1.10;
-8.71,3.96,-0.63;
-8.79,4.98,0.04;
-6.99,5.51,-0.12;
-6.67,4.08,0.03;
-2.97,1.70,-0.29;
-0.77,-1.66,-0.29;
-0.90,-3.69,0.21;
-0.70,-4.99,0.59;
-1.25,-4.32,0.84;
-2.16,-3.37,0.32;
-3.43,-2.76,0.26;
-1.77,-3.02,0.06;
-3.38,-2.78,0.04;
-5.22,-2.61,0.72;
-3.96,-1.86,1.28;
-1.43,-1.11,0.81;
0.71,-1.20,0.40;
1.29,-2.20,0.30;
-0.21,-2.56,0.18;
-2.00,-1.89,-0.31;
-4.00,-1.46,-0.28;
-5.06,-0.17,0.29;
-3.63,-0.58,1.56;
-0.93,-1.13,1.43;
-0.90,-1.71,0.50;
-1.46,-1.89,-0.46;
-0.91,-2.03,-0.25;
-2.33,-1.45,-0.26;
-1.31,-0.23,-0.08;
-0.90,0.67,-0.37;
-1.14,2.00,-0.15;
0.78,1.67,1.02;
2.45,2.02,1.56;
1.94,0.84,0.93;
0.81,0.40,0.06;
-0.03,-0.40,-0.19;
-0.87,-0.26,0.12;
-0.48,0.43,0.64;
0.71,0.14,0.75;
1.06,-0.44,0.93;
-0.09,-0.66,-0.12;
-0.22,-0.75,-0.61;
-0.80,0.22,-0.75;
-2.32,1.18,-0.28;
0.36,0.86,0.64;
1.67,1.07,0.64;
0.63,1.39,0.41;
-0.39,2.37,0.04;
-1.75,2.14,0.32;
-1.98,1.44,0.11;
-0.83,1.42,-0.51;
0.78,-0.26,-0.29;
0.48,-0.33,0.36;
-0.76,0.22,0.70;
-1.98,0.95,0.20;
-3.63,1.80,-0.55;
-4.01,1.44,-1.06;
-2.58,0.84,-0.35;
-0.27,0.52,0.30;
-0.35,1.41,0.01;
0.31,1.53,0.58;
0.36,1.44,0.53;
0.33,1.45,0.12;
-0.10,1.18,0.29;
-1.48,0.69,0.36;
-2.21,1.88,-0.08;
-2.10,1.73,-0.20;
-1.06,1.71,0.12;
-0.56,1.09,0.01;
-0.87,0.05,-0.52;
-0.94,-0.32,-0.25;
-0.62,0.52,0.40;
-1.05,1.28,0.52;
-1.77,2.00,0.21;
-0.64,1.99,0.40;
-0.07,1.88,0.59;
-1.69,1.70,-0.28;
-1.26,1.39,-0.63;
0.26,-0.72,0.04;
0.43,-1.30,0.78;
1.71,-1.34,0.91;
1.88,-0.43,1.04;
0.54,-0.20,0.62;
-1.90,0.02,-0.66;
-2.74,0.05,-1.18;
-2.24,-0.06,-0.51;
0.16,0.15,0.36;
1.73,0.31,1.33;
1.78,0.28,1.11;
1.42,-0.53,0.27;
0.34,-0.38,-0.35;
-1.19,0.61,-1.09;
-1.43,0.76,-0.54;
-0.83,0.98,0.41;
0.11,1.41,1.01;
1.67,0.14,0.98;
2.19,-0.69,0.55;
0.36,-0.56,0.46;
-0.47,-1.31,0.20;
-0.06,-0.35,-0.61;
-0.19,0.67,-0.75;
0.29,0.90,-0.14;
0.23,-0.17,0.50;
-0.82,0.06,0.82;
-0.45,-0.88,0.36;
-0.04,-0.90,-0.22;
-0.47,0.43,-0.46;
-1.42,0.67,-0.84;
-1.57,0.99,-0.81;
-0.64,0.95,-0.52;
-1.19,-0.21,-0.02;
0.31,-1.24,0.69;
1.55,-1.82,0.99;
1.13,-1.75,0.41;
0.51,-1.08,-0.17;
2.16,-0.27,-0.49;
1.44,0.20,-0.32;
-1.61,-0.24,-0.43;
-2.07,-0.55,-0.20;
-0.97,-1.57,0.12;
-1.20,-1.08,0.27;
-0.94,-0.20,-0.00;
-0.83,1.07,-0.34;
-0.71,1.73,-0.25;
-1.28,1.21,-0.20;
-0.83,1.13,-0.05;
2.04,0.03,0.85;
2.46,-0.99,0.23;
1.65,-1.33,-0.26;
1.15,-1.65,-0.44;
0.46,-1.54,0.11;
0.52,-1.37,0.78;
1.10,-0.73,1.01;
1.06,-0.12,0.38;
-0.04,-0.20,-0.34;
-0.67,0.23,-0.37;
-1.38,0.09,-0.77;
-1.14,0.93,-0.12;
0.23,1.21,0.36;
-0.29,1.64,0.06;
-0.33,0.08,0.32;
-0.53,-1.08,0.81;
0.71,-1.39,0.32;
1.94,-0.81,0.21;
1.29,0.32,0.33;
1.15,-0.01,-0.06;
0.77,-0.59,-0.15;
-0.12,-1.82,0.04;
-0.30,-2.00,-0.06;
0.42,-0.99,0.14;
0.23,-0.56,-0.19;
-1.05,-0.40,-0.20;
-2.00,0.96,0.12;
-1.12,1.64,-0.06;
0.69,0.66,0.12;
1.26,0.08,0.29;
0.13,-0.20,0.03;
-1.46,-1.66,-0.28;
-1.43,-1.60,-0.28;
-0.25,-0.49,0.17;
0.25,0.31,0.18;
0.63,0.67,0.12;
1.13,-0.01,0.36;
1.32,-1.20,0.64;
1.29,-1.48,0.29;
0.81,-1.39,-0.32;
-0.53,-0.41,-0.44;
-0.94,0.00,-0.55;
-0.22,-0.15,-0.35;
0.58,-0.09,0.14;
2.51,-0.41,1.01;
1.94,-0.35,1.05;
0.45,-0.44,-0.34;
-0.85,0.00,-1.15;
0.84,0.03,-0.34;
1.70,-0.38,0.33;
0.13,-0.23,0.38;
-0.44,-0.38,0.61;
0.13,0.69,0.75;
0.02,0.37,0.40;
-1.49,1.04,-0.32;
-2.18,1.53,-0.75;
-1.26,0.84,-0.73;
-0.09,0.90,-0.38;
0.68,0.05,-0.09;
0.43,0.12,0.76;
1.38,-0.44,0.82;
0.89,-0.91,0.26;
-0.29,-0.23,-0.52;
-0.29,0.80,-0.57;
0.08,1.15,-0.37;
-0.04,0.95,-0.14;
1.33,0.31,0.72;
1.82,-0.41,1.01;
-0.44,-1.48,0.06;
-2.51,-0.91,-0.63;
-2.58,0.55,-0.60;
-1.78,1.42,-0.37;
-0.53,1.82,-0.17;
-0.12,1.65,-0.09;
0.39,1.38,-0.23;
0.22,0.12,-0.28;
0.62,-0.72,0.15;
0.54,-0.84,0.20;
-0.76,-1.02,0.03;
-0.39,-0.49,-0.41;
1.97,0.00,0.46;
1.71,-0.52,0.49;
0.68,-0.87,0.38;
0.63,-0.95,-0.15;
-0.77,-1.11,-1.10;
0.69,-0.46,-0.48;
1.23,0.76,0.27;
0.28,1.18,0.72;
-0.65,0.95,0.20;
-0.93,0.95,-0.19;
-1.05,0.31,-0.34;
-1.67,0.38,-0.35;
-0.21,0.37,0.01;
0.49,-0.46,0.11;
2.00,-0.69,0.43;
1.29,-0.50,0.67;
0.23,-0.99,-0.06;
-0.97,-1.66,-0.48;
-1.48,-0.32,-0.00;
-1.17,0.18,-0.22;
-0.58,0.98,-0.17;
0.98,1.89,-0.05;
1.20,1.18,0.06;
-0.45,0.57,-0.08;
-0.39,-0.49,0.04;
-0.85,-0.17,0.17;
-0.58,-0.20,0.36;
-0.25,0.02,-0.02;
-0.32,0.38,0.21;
-0.56,-0.96,0.15;
1.38,-0.95,0.41;
1.64,-1.19,0.09;
-1.00,-0.58,-0.49;
-0.50,0.23,-0.38;
-0.38,-0.27,-0.44;
0.37,-0.04,0.17;
0.95,0.08,0.64;
-0.10,-0.33,0.52;
-1.05,-0.18,0.27;
-1.20,0.17,-0.51;
-1.54,0.35,-0.57;
-0.73,1.07,-0.20;
-0.47,1.36,-0.23;
-0.13,-0.44,-0.15;
0.08,-1.49,0.18;
-0.68,-1.51,0.50;
0.40,-1.56,0.46;
1.27,-0.52,0.11;
0.02,1.15,-0.19;
-0.91,0.81,-0.29;
0.04,0.93,-0.41;
0.29,0.29,-0.23;
-0.82,-0.99,-0.38;
-0.18,-1.10,0.18;
0.91,-0.76,0.79;
-0.22,-0.06,0.55;
-1.05,0.41,0.21;
-0.91,0.99,-0.31;
0.91,-0.21,-0.06;
0.13,-0.46,-0.72;
0.04,-0.32,-0.67;
0.29,-0.52,0.12;
-0.39,0.02,0.58;
-1.46,0.66,0.21;
-2.09,0.26,-0.06;
-0.62,0.11,0.01;
-0.21,0.12,0.04;
0.28,0.20,0.26;
0.48,0.25,0.40;
0.19,0.08,-0.00;
-1.20,-0.58,-0.48;
-2.61,-0.44,-0.35;
-0.90,-0.09,-0.35;
0.08,0.08,-0.64;
0.51,-0.09,-0.32;
1.62,-0.81,0.29;
3.27,-1.34,0.91;
2.97,-2.38,0.61;
1.36,-1.31,0.32;
-0.21,-1.04,-0.14;
-1.66,0.00,-0.43;
-1.16,0.76,-0.81;
-1.26,0.55,-0.75;
-1.28,0.55,-0.00;
-0.61,-0.18,0.20;
0.91,-0.76,0.20;
-0.18,-0.88,-0.00;
-0.35,-0.55,-0.23;
1.67,0.11,-0.02;
1.75,0.08,-0.26;
-0.39,0.75,-0.23;
-0.53,0.64,-0.03;
-0.18,-0.38,-0.14;
-0.42,-0.55,-0.00;
-0.59,-1.20,-0.40;
0.46,-0.66,-0.25;
0.34,0.44,-0.37;
0.57,1.44,0.03;
1.38,0.92,-0.05;
0.83,0.76,-0.15;
-0.51,0.87,0.06;
0.02,0.35,0.43;
0.13,0.76,-0.29;
-0.74,1.05,-0.89;
-1.26,1.33,-0.99;
0.07,2.17,-0.20;
2.37,1.68,0.33;
4.28,1.62,0.50;
6.54,0.92,0.64;
8.36,0.84,0.85;
8.62,1.30,0.84;
7.76,3.67,0.90;
7.44,5.27,0.61;
6.97,6.52,0.67;
8.54,6.73,1.22;
10.55,6.12,1.36;
12.31,5.56,1.48;
13.21,5.67,1.65;
13.49,6.44,1.56;
14.10,7.44,1.45;
13.59,10.26,0.85;
11.23,15.50,-0.44;
11.70,17.86,-0.37;
16.92,18.96,0.81;
19.24,19.62,1.78;
18.39,20.70,1.42;
18.00,21.53,1.25;
20.94,20.17,2.81;
21.75,19.79,3.25;
21.46,20.49,3.20;
19.76,21.88,3.43;
18.46,22.86,3.36;
17.49,22.43,2.69;
16.22,22.09,1.78;
16.23,21.76,1.20;
20.34,19.96,0.49;
21.78,19.74,-1.59;
16.07,21.86,-3.31;
12.33,23.59,-4.48;
11.42,24.54,-5.19;
10.68,25.18,-10.90;
14.74,27.39,-18.87;
15.07,28.93,-25.13;
6.17,31.38,-34.78;
4.51,36.43,-44.28;
12.52,41.39,-49.36;
36.00,48.31,-55.94;
58.52,48.46,-62.87;
39.85,42.69,-70.31;
37.15,43.16,-57.39;
40.80,40.76,-56.40;
47.17,36.57,-55.33;
54.39,39.67,-55.42;
34.91,48.89,-55.47;
9.23,46.57,-45.82;
14.84,49.77,-38.37;
1.07,57.88,-38.17;
-19.45,60.55,-37.56;
-24.18,59.53,-30.69;
-29.84,61.67,-25.57;
-35.49,67.05,-19.18;
-51.45,76.63,-12.66;
-45.31,81.10,-14.63;
-38.73,84.58,-15.89;
-38.29,88.73,-18.06;
-27.89,89.42,-21.62;
-34.00,89.28,-23.82;
-39.75,92.93,-23.59;
-37.02,92.08,-20.67;
-22.18,90.40,-19.74;
-10.15,88.28,-17.16;
3.35,84.15,-16.98;
13.70,85.38,-15.96;
8.37,88.06,-15.53;
10.43,90.03,-16.78;
5.82,86.87,-16.02;
-6.04,83.77,-15.10;
-7.74,82.05,-14.95;
-6.07,82.95,-16.90;
-15.02,82.51,-15.85;
-16.58,84.67,-15.06;
-8.97,86.69,-15.56;
-5.90,87.64,-16.08;
-1.61,86.31,-15.44;
2.86,89.04,-14.77;
-0.22,91.31,-13.12;
1.81,91.73,-15.02;
3.68,88.69,-16.67;
2.34,88.83,-17.56;
7.67,85.56,-19.48;
15.52,84.38,-16.81;
14.22,81.68,-18.93;
17.84,82.03,-15.30;
25.24,79.67,-12.37;
27.26,76.02,-9.82;
29.39,73.13,-6.95;
31.42,71.70,-6.54;
30.33,71.24,-5.47;
29.04,69.44,-5.82;
29.24,66.54,-4.84;
31.50,64.86,-5.12;
31.71,63.82,-7.10;
26.54,61.41,-9.28;
26.83,60.96,-8.96;
25.56,61.36,-8.63;
23.96,59.70,-8.72;
25.64,58.14,-8.81;
23.82,56.25,-8.12;
23.15,53.57,-5.99;
22.63,51.25,-5.21;
22.46,49.42,-4.67;
20.57,48.20,-5.82;
19.49,47.88,-6.06;
19.26,46.70,-5.02;
18.34,44.80,-4.29;
16.57,42.25,-3.57;
12.46,39.44,-3.01;
10.92,37.93,-2.78;
8.55,34.95,-3.36;
8.19,35.25,-4.23;
10.39,34.34,-4.90;
11.09,33.74,-4.20;
10.42,31.36,-3.99;
8.52,25.93,-2.98;
8.68,23.38,-2.95;
6.89,22.29,-2.78;
5.04,20.61,-2.96;
4.02,18.54,-3.01;
1.96,16.14,-2.34;
2.22,13.05,-1.35;
1.07,10.25,-0.75;
1.61,8.22,-0.60;
0.89,5.85,-1.21;
1.96,4.25,-1.62;
3.27,1.01,-2.15;
3.01,-1.71,-2.19;
1.27,-3.36,-0.66;
-0.45,-4.73,0.78;
-1.55,-6.38,2.43;
-2.71,-7.14,3.36;
-2.79,-9.68,4.73;
-2.25,-10.75,6.47;
0.36,-12.06,8.24;
-0.90,-14.75,8.65;
-3.03,-17.65,9.28;
-3.22,-19.78,10.18;
-3.55,-21.13,11.40;
-4.24,-23.31,11.54;
-5.81,-25.42,12.64;
-5.51,-27.40,13.07;
-6.56,-30.72,14.29;
-5.92,-32.98,15.40;
-7.02,-33.66,15.05;
-7.87,-36.59,15.49;
-6.91,-40.14,15.77;
-4.44,-41.88,14.75;
-5.43,-43.83,14.23;
-6.83,-47.07,14.00;
-7.49,-48.53,13.42;
-8.85,-51.07,13.11;
-7.03,-54.64,12.61;
-5.46,-54.38,12.36;
-5.17,-53.75,11.14;
-5.22,-55.04,11.34;
-4.39,-56.73,10.81;
-3.67,-58.09,10.46;
-5.64,-60.56,11.34;
-6.15,-61.34,12.00;
-4.74,-61.48,12.40;
-6.96,-62.76,13.65;
-8.61,-64.33,15.23;
-10.56,-67.88,15.34;
-9.81,-69.71,15.04;
-8.67,-71.56,14.65;
-7.31,-72.09,12.50;
-11.55,-73.60,12.32;
-16.87,-76.35,13.56;
-10.64,-79.10,15.69;
-6.93,-79.13,16.46;
-9.92,-78.76,16.30;
-12.09,-80.95,17.88;
-11.45,-82.35,19.17;
-8.93,-81.04,19.31;
-4.10,-78.69,19.77;
-6.09,-78.15,17.04;
-7.51,-77.68,14.90;
-5.48,-76.72,13.92;
-7.90,-76.23,14.03;
-1.40,-74.62,15.11;
3.20,-70.73,15.59;
4.04,-66.69,16.43;
8.54,-63.34,17.83;
10.48,-60.00,18.44;
16.89,-57.11,19.60;
17.33,-55.95,19.42;
16.34,-55.42,18.99;
17.81,-57.30,18.07;
6.37,-58.98,15.68;
1.49,-59.04,14.30;
2.95,-58.27,13.28;
-9.49,-60.55,11.69;
-12.58,-62.50,12.70;
-18.04,-62.90,11.42;
-15.09,-60.76,12.93;
-10.68,-60.36,15.68;
-4.97,-61.68,17.33;
-5.84,-62.09,15.78;
-4.71,-62.14,17.05;
-1.72,-62.72,18.79;
-2.59,-64.96,19.46;
4.91,-64.07,19.60;
10.81,-65.20,23.04;
22.98,-65.30,27.68;
36.08,-64.44,31.54;
30.54,-61.74,30.64;
27.65,-60.61,26.47;
8.20,-63.89,20.15;
-10.80,-66.36,17.46;
-3.17,-62.07,17.27;
-2.18,-54.87,14.49;
11.38,-48.82,18.00;
8.94,-48.93,22.87;
10.49,-53.02,35.74;
-5.75,-62.78,49.71;
-22.56,-63.40,59.60;
-29.28,-52.00,60.21;
-10.33,-38.29,54.93;
-6.13,-37.68,58.35;
-21.29,-38.33,58.55;
-41.83,-26.30,52.12;
-31.46,-16.72,43.85;
-28.50,-22.72,43.56;
-10.18,-16.79,38.09;
-20.71,-12.49,29.22;
-16.21,-16.82,26.18;
-15.78,-20.55,21.08;
-18.27,-17.48,18.50;
-28.18,-17.22,16.75;
-38.61,-16.73,14.53;
-37.60,-10.11,13.01;
-38.50,-4.17,13.36;
-39.90,-3.94,15.43;
-32.45,-1.85,14.03;
-24.83,-3.46,11.71;
-23.87,-3.02,10.72;
-20.42,-6.01,10.04;
-19.23,-10.06,10.94;
-8.56,-14.06,9.95;
-15.08,-13.07,9.23;
-19.45,-14.03,11.52;
-14.54,-16.73,11.19;
-12.21,-16.21,8.07;
-18.12,-14.47,6.24;
-23.48,-12.75,3.97;
-23.92,-11.46,3.75;
-22.62,-10.85,1.49;
-21.43,-6.76,0.14;
-22.76,-5.78,-0.38;
-17.29,-7.40,-0.00;
-19.29,-7.63,-2.15;
-22.18,-6.06,-1.99;
-24.33,-8.09,-0.63;
-17.45,-9.86,1.49;
-2.54,-15.89,2.73;
-2.74,-19.54,3.60;
-1.98,-22.03,3.04;
-2.67,-26.17,2.58;
-8.38,-26.96,1.49;
-8.01,-26.33,-0.90;
-6.00,-27.10,-1.09;
-5.69,-25.88,0.76;
-7.02,-26.15,1.65;
-6.58,-23.85,0.43;
-3.72,-22.73,0.03;
-0.91,-20.09,-0.23;
-2.74,-18.72,-1.04;
-5.09,-17.54,-1.76;
-6.77,-16.33,-1.12;
-7.22,-16.26,-1.39;
-2.38,-16.03,0.47;
1.21,-17.01,1.36;
-1.11,-16.53,1.57;
-5.32,-14.07,-0.06;
-6.68,-12.61,-0.52;
-7.98,-11.30,-0.52;
-6.85,-10.62,-1.82;
-7.02,-10.79,-2.52;
-1.90,-10.33,-1.60;
-0.01,-9.86,-0.43;
1.03,-9.46,0.44;
0.88,-8.72,-0.26;
-1.55,-5.10,0.01;
-5.63,-2.58,0.94;
-7.23,-1.01,0.82;
-7.74,0.58,-0.11;
-9.71,-0.27,-1.04;
-9.12,-0.95,-0.73;
-2.64,-2.72,0.65;
-1.60,-3.46,0.64;
-3.92,-2.76,0.67;
-8.19,-1.10,1.94;
-10.93,-0.09,1.92;
-9.54,2.03,1.60;
-9.03,3.39,0.12;
-10.21,3.62,-0.87;
-8.74,2.78,-0.41;
-5.03,1.21,-0.54;
-3.08,0.23,-0.98;
-3.06,0.11,-1.10;
-2.76,0.95,0.01;
-1.60,1.94,1.13;
-0.07,2.96,2.12;
-0.27,3.02,1.63;
-2.19,2.47,-0.25;
-3.22,2.05,-2.06;
-3.75,2.00,-2.05;
-4.13,1.91,-1.83;
-3.17,0.76,-1.16;
-1.12,0.47,-0.96;
0.97,-0.50,-0.40;
1.62,-0.38,0.93;
2.26,-0.44,1.25;
1.47,-0.55,0.46;
-0.30,0.00,-0.69;
-0.90,0.84,-1.09;
-0.33,1.57,-0.49;
-1.28,1.04,-1.19;
-2.74,2.54,-1.10;
-3.00,2.17,-0.38;
-2.94,1.48,0.27;
-2.58,1.12,0.17;
0.89,0.70,-0.28;
1.94,0.55,-0.37;
1.30,0.43,0.15;
0.72,0.11,-0.26;
-0.33,0.14,-0.37;
-0.06,0.86,0.14;
0.07,1.25,0.35;
-0.07,1.65,0.55;
-1.46,1.80,0.11;
-2.70,1.86,-0.28;
-2.45,2.60,-0.34;
-1.31,2.87,-0.37;
-0.01,3.34,0.15;
-0.32,3.31,0.29;
-0.44,1.88,0.15;
0.89,1.68,-0.02;
2.55,0.90,-0.49;
1.64,-0.01,-0.26;
1.81,-0.91,0.38;
1.91,-1.04,0.98;
2.26,-0.20,1.71;
0.52,0.90,1.34;
-3.16,2.93,0.62;
-5.19,3.60,-0.31;
-5.34,4.58,-1.15;
-4.62,4.58,-1.45;
-3.74,4.22,-1.22;
-2.62,3.91,-0.32;
-1.86,3.19,0.43;
-0.18,2.87,0.88;
1.21,2.15,0.88;
2.65,1.02,0.52;
3.13,-0.04,0.75;
1.96,-0.30,0.70;
0.65,0.09,0.35;
-0.62,1.60,-0.25;
-1.96,1.57,-0.31;
-3.87,1.65,0.20;
-5.45,2.70,-0.15;
-2.79,2.73,-0.63;
-0.53,2.80,-0.98;
0.23,2.35,-0.46;
0.48,1.28,-0.03;
0.39,0.06,0.33;
1.03,-0.24,0.06;
2.13,-0.11,0.40;
0.72,0.17,0.64;
-1.51,1.10,-0.23;
-0.59,1.67,-0.66;
-0.77,0.90,-0.70;
-0.59,0.05,-0.25;
0.39,-0.95,-0.00;
1.06,-0.95,0.15;
-0.32,1.42,-0.22;
-1.34,1.96,-0.00;
-1.19,2.38,0.41;
-0.90,3.02,-0.43;
-0.62,1.94,-1.33;
0.19,0.08,-1.22;
1.64,-0.62,-0.00;
1.97,-0.43,0.15;
2.31,-0.82,-0.02;
3.67,-0.66,0.21;
2.95,-0.76,0.14;
2.95,-1.53,0.30;
3.12,-1.17,0.01;
1.56,-1.04,-0.55;
0.36,-0.56,-1.02;
-0.30,-0.17,-0.70;
0.10,0.34,-0.44;
0.74,0.87,0.32;
0.58,2.02,0.72;
0.33,1.88,1.14;
2.25,1.56,0.96;
1.90,1.25,0.43;
1.00,0.32,-0.40;
1.81,0.90,0.11;
2.31,0.99,0.14;
2.88,0.26,0.14;
3.85,0.37,0.15;
1.96,-1.33,0.20;
0.83,-1.78,0.46;
1.26,-1.36,0.36;
1.47,-0.79,0.38;
2.05,-0.07,0.12;
1.39,0.38,0.23;
-0.82,0.98,-0.02;
-2.94,0.90,0.06;
-2.71,0.83,0.18;
-1.37,0.69,-0.46;
-0.53,0.49,-0.89;
-0.22,0.66,-0.64;
-1.35,0.80,-0.29;
-0.70,0.31,-0.03;
0.72,-0.11,-0.32;
1.81,-0.85,-0.49;
1.13,-1.85,0.04;
0.95,-2.40,0.49;
1.03,-1.89,0.72;
0.49,-1.57,0.27;
0.25,-0.67,0.06;
-1.00,0.51,-0.73;
-3.06,1.89,-1.21;
-3.42,2.43,-0.89;
-3.26,2.02,-0.22;
-2.35,1.96,0.23;
-1.16,1.33,-0.09;
-1.48,0.26,-0.43;
-1.23,0.61,-0.64;
0.25,0.52,-0.00;
0.71,0.93,0.30;
1.27,0.34,0.61;
0.63,0.43,0.36;
-1.43,0.25,0.30;
-1.84,0.35,-0.20;
-1.46,1.19,-0.52;
-2.51,2.47,-0.92;
-3.60,2.86,-0.20;
-1.75,2.66,0.26;
0.49,1.91,0.40;
0.25,0.89,0.06;
-1.84,0.81,0.03;
-2.94,0.47,0.32;
-1.46,0.23,0.46;
0.68,0.57,-0.12;
1.56,-0.01,-0.03;
1.65,-0.91,0.65;
0.28,-1.07,0.46;
-0.45,-1.83,-0.35;
-0.99,-0.88,-0.49;
0.19,0.28,-0.08;
2.26,0.32,0.76;
1.44,0.17,0.38;
0.23,-0.27,0.38;
0.22,-1.31,0.70;
0.39,-0.87,0.49;
0.72,-0.11,-0.09;
-0.51,0.93,-0.35;
-0.74,1.12,-0.22;
-0.29,0.46,0.20;
-0.30,0.29,0.18;
0.25,-0.85,0.38;
-0.50,-1.36,-0.25;
-0.99,-1.07,-0.14;
-1.03,-0.29,-0.00;
0.16,0.58,0.18;
-0.21,0.76,0.15;
-0.91,0.47,0.24;
-0.29,-0.18,-0.06;
-0.07,-1.25,-0.00;
-0.12,-1.10,-0.23;
-0.73,-0.53,0.29;
-0.71,0.49,0.79;
-0.16,1.02,0.32;
0.17,1.64,-0.92;
0.92,-0.32,-0.32;
0.91,-1.69,0.14;
0.49,-2.12,0.78;
-0.15,-1.37,0.29;
-0.12,-0.23,0.03;
-0.82,0.70,-0.38;
-1.46,0.86,-0.38;
-2.10,0.76,-0.48;
-2.67,0.99,-0.46;
-1.52,0.05,-0.20;
-0.83,-0.38,0.24;
0.04,-0.43,1.01;
0.66,-0.12,0.69;
-0.76,0.40,-0.58;
-0.88,0.92,-0.98;
-0.87,1.07,-0.28;
-0.88,-0.11,0.14;
-0.51,-0.78,0.46;
-0.10,-0.90,0.93;
0.91,-0.82,0.44;
1.44,-1.05,-0.00;
1.07,-0.99,-0.46;
0.31,-0.03,-0.58;
-0.25,-0.35,0.14;
-0.12,-1.10,0.50;
-0.01,-0.58,0.58;
-1.00,-0.58,-0.02;
-0.56,-0.70,-0.28;
0.48,-0.17,-0.70;
0.48,-0.01,-0.69;
-0.04,0.03,-0.14;
-1.00,-0.09,0.33;
-1.80,-0.27,0.53;
-1.06,-0.88,0.46;
-1.26,-1.07,0.06;
-1.74,-1.36,-0.20;
-0.58,-1.08,-0.58;
-0.32,0.37,-0.78;
-0.19,0.67,-0.99;
0.31,0.37,-0.55;
0.51,-0.40,0.33;
0.14,-1.45,0.70;
0.04,-1.53,0.38;
-0.15,-1.72,0.14;
-0.18,-0.66,-0.19;
-0.48,0.15,-0.78;
-0.91,0.23,-0.67;
-0.45,0.35,-0.08;
0.08,0.22,0.38;
-1.31,-0.35,-0.02;
-1.52,-0.58,-0.92;
-1.61,-0.50,-1.12;
-1.35,0.54,-0.66;
-0.10,1.48,-0.19;
0.08,2.35,0.11;
1.46,2.06,0.07;
0.52,1.56,-0.55;
-0.25,1.85,-0.25;
1.20,2.14,0.23;
1.27,3.89,0.72;
1.17,5.25,0.72;
1.78,6.93,0.44;
2.88,7.86,0.43;
4.19,8.89,0.72;
4.22,10.34,0.59;
5.04,12.22,0.62;
8.33,12.98,0.99;
10.51,14.20,1.17;
10.54,15.67,1.45;
8.69,18.25,0.36;
11.26,20.44,-0.35;
14.88,20.22,0.38;
18.39,21.54,1.02;
20.29,24.35,2.14;
22.52,22.92,2.94;
22.97,21.94,2.64;
29.24,21.31,4.30;
33.46,18.46,6.56;
35.97,16.31,7.85;
39.07,13.56,7.83;
40.49,13.51,6.15;
40.51,15.42,5.16;
40.89,16.99,4.76;
42.22,17.77,3.80;
32.84,19.31,1.95;
25.39,23.67,-1.85;
21.00,27.13,-5.79;
11.30,28.52,-9.30;
-2.32,32.22,-16.41;
-12.59,36.37,-26.84;
-23.08,42.11,-36.67;
-20.13,45.97,-44.19;
2.14,54.60,-54.40;
22.08,61.65,-65.67;
30.69,62.75,-68.48;
31.84,63.91,-77.99;
36.60,54.26,-77.70;
53.15,50.73,-66.26;
42.84,45.91,-69.89;
21.65,46.00,-68.31;
15.33,51.53,-57.50;
21.23,53.07,-47.91;
26.71,51.19,-42.80;
15.71,54.86,-38.37;
2.84,64.90,-37.01;
-11.57,74.67,-34.41;
-22.12,78.69,-22.69;
-44.06,80.80,-13.42;
-42.39,88.87,-11.60;
-55.67,88.89,-15.67;
-52.51,96.28,-18.57;
-45.14,106.14,-22.41;
-56.44,105.56,-23.25;
-47.95,103.97,-24.87;
-26.12,101.73,-27.91;
-31.57,100.87,-30.55;
-19.05,104.12,-26.86;
-4.09,109.93,-22.34;
10.68,108.93,-19.64;
3.90,101.12,-16.41;
7.59,102.60,-14.75;
-2.39,101.86,-13.62;
-10.68,105.53,-11.70;
-17.48,106.25,-11.56;
-22.19,106.03,-13.21;
-21.20,104.75,-13.42;
-8.33,104.78,-12.61;
-0.06,107.62,-11.82;
10.84,106.34,-15.57;
17.94,103.18,-16.78;
21.78,102.89,-16.02;
27.76,105.82,-15.13;
31.87,104.03,-16.44;
25.64,102.87,-14.67;
35.09,103.50,-13.64;
29.65,100.83,-14.11;
30.48,95.02,-17.25;
30.36,95.15,-17.74;
32.34,98.06,-16.57;
37.61,97.41,-14.00;
38.71,94.54,-12.69;
35.33,89.71,-12.63;
35.82,85.25,-12.81;
38.17,85.09,-11.65;
36.42,81.09,-9.93;
32.84,78.09,-7.28;
31.99,74.76,-5.51;
26.29,69.15,-5.30;
24.83,64.32,-1.48;
25.26,58.69,0.21;
24.55,54.93,-0.70;
22.94,50.44,-2.99;
19.56,46.05,-4.93;
19.94,44.23,-5.70;
16.97,40.32,-6.19;
10.91,33.24,-6.23;
10.97,29.39,-4.19;
7.87,25.38,-2.49;
3.39,22.66,-1.77;
2.08,16.43,-0.66;
1.94,11.89,0.56;
2.10,9.56,1.10;
0.89,4.78,2.76;
1.20,-2.84,3.97;
2.86,-7.86,5.71;
0.25,-13.74,7.27;
-3.20,-18.00,8.49;
-8.33,-24.56,9.11;
-10.62,-28.91,9.51;
-8.47,-31.68,10.65;
-4.41,-36.81,11.02;
0.04,-40.21,11.94;
7.04,-43.11,15.08;
14.33,-49.02,17.31;
18.33,-53.28,17.71;
20.05,-58.29,18.20;
16.69,-63.11,18.09;
10.23,-69.40,17.02;
6.89,-73.19,17.56;
2.07,-75.30,16.81;
-1.93,-79.43,16.33;
-4.79,-82.55,16.47;
-6.16,-84.91,19.31;
-8.70,-85.83,19.88;
-11.31,-87.85,20.84;
-14.42,-90.06,22.56;
-15.80,-91.91,23.08;
-19.35,-91.19,21.74;
-19.40,-89.36,20.84;
-21.14,-91.53,19.91;
-20.71,-95.53,18.50;
-24.56,-97.39,18.82;
-27.22,-97.68,20.88;
-23.60,-98.32,22.03;
-22.88,-97.97,23.14;
-24.97,-96.98,23.68;
-25.46,-94.52,24.47;
-19.51,-94.58,23.11;
-18.16,-94.36,18.55;
-18.65,-91.85,14.41;
-20.00,-90.49,11.89;
-22.25,-89.65,11.69;
-8.45,-88.62,11.80;
4.49,-83.53,14.61;
11.09,-79.25,17.77;
22.05,-74.21,24.23;
35.76,-70.38,24.29;
34.75,-67.10,22.88;
21.00,-62.84,19.45;
3.84,-67.13,17.22;
8.62,-68.06,17.86;
25.73,-69.31,19.39;
24.89,-73.08,20.15;
20.62,-75.30,23.05;
30.23,-73.14,28.52;
38.86,-69.22,31.40;
30.86,-67.68,32.99;
13.20,-71.05,33.22;
14.23,-69.77,33.94;
23.26,-70.00,32.99;
33.88,-70.90,34.18;
27.42,-77.59,36.46;
20.10,-79.77,37.30;
25.21,-75.08,32.87;
6.95,-72.69,28.47;
-30.00,-66.64,20.76;
-49.87,-54.52,17.48;
-43.96,-51.65,19.34;
-26.59,-52.87,30.26;
-17.40,-50.24,40.94;
-18.04,-45.91,47.77;
-10.83,-41.78,48.62;
-15.69,-43.62,54.52;
-23.48,-41.24,58.61;
-30.00,-35.24,52.06;
-23.48,-30.75,41.92;
-20.71,-26.88,29.89;
-24.76,-26.03,22.04;
-20.87,-25.13,17.54;
-16.39,-23.78,16.38;
-25.32,-21.71,21.08;
-28.87,-19.19,25.57;
-25.12,-17.45,28.26;
-26.35,-16.55,29.60;
-31.87,-12.61,28.20;
-24.41,-12.81,26.41;
-25.87,-17.60,23.08;
-25.74,-18.67,18.14;
-32.62,-18.07,17.02;
-38.82,-18.93,17.19;
-41.40,-17.57,17.74;
-33.45,-16.66,15.34;
-27.95,-11.30,14.59;
-25.49,-8.38,15.05;
-13.46,-9.86,11.54;
-9.81,-8.81,6.24;
-14.21,-9.56,1.48;
-11.00,-11.39,-0.87;
-11.31,-13.46,0.87;
-13.98,-14.87,3.04;
-12.59,-16.90,4.27;
-9.08,-16.38,5.17;
-9.14,-16.04,4.59;
-9.43,-13.20,4.17;
-11.42,-12.93,3.86;
-5.93,-13.86,2.69;
-6.33,-11.71,1.71;
-9.80,-7.53,0.20;
-13.93,-4.04,-0.95;
-13.93,-0.85,-0.80;
-13.96,2.23,-1.96;
-10.51,5.97,-2.09;
-13.14,2.93,-1.73;
-7.12,-2.88,-0.54;
-2.53,-8.06,1.66;
-0.88,-11.28,1.39;
-1.95,-13.86,1.20;
-1.34,-17.88,1.23;
-0.33,-20.87,1.42;
1.27,-18.85,1.71;
-2.22,-17.60,1.65;
-2.25,-16.18,1.22;
-4.41,-10.41,-0.73;
-7.74,-4.58,-1.79;
-8.91,-1.75,-0.93;
-4.71,-0.95,0.06;
-4.39,-3.16,0.12;
-4.83,-4.88,-0.26;
-6.87,-3.05,-0.54;
-6.70,-2.69,1.39;
-2.45,-1.62,2.35;
0.13,-1.63,2.21;
2.62,-1.82,1.28;
3.70,-4.29,0.93;
3.13,-5.92,0.72;
1.03,-7.97,1.66;
-0.64,-8.11,1.65;
-3.60,-6.85,2.01;
-5.81,-6.35,2.79;
-4.03,-4.70,2.21;
-2.13,-3.16,1.02;
-0.88,-3.14,-0.41;
-4.54,0.70,-1.94;
-7.43,2.29,-0.58;
-6.24,3.44,0.91;
-5.57,4.20,0.47;
-3.11,3.10,-0.23;
0.25,0.28,-0.26;
3.61,-2.82,-0.11;
1.03,-5.22,0.90;
-0.47,-6.23,1.66;
-2.01,-5.04,2.46;
-5.87,-2.17,3.56;
-4.58,0.08,0.04;
-3.67,3.21,-0.72;
-3.81,4.20,-1.16;
-4.51,4.00,-1.45;
-3.98,3.56,-0.83;
-3.14,2.44,-0.12;
-4.10,1.54,0.44;
-1.81,1.15,1.20;
-2.33,1.25,1.71;
-1.90,1.73,1.85;
0.17,1.45,1.19;
1.36,0.52,0.65;
-0.85,-0.24,-0.55;
-2.64,-0.66,-0.49;
-3.14,-1.14,0.17;
-3.46,-0.01,1.39;
-3.05,0.73,1.63;
-1.72,1.94,0.94;
-0.70,1.48,-0.28;
-1.23,-0.32,-1.09;
-1.08,-1.30,-1.24;
0.08,-1.78,-0.28;
1.18,-1.94,1.05;
5.06,-2.78,2.03;
6.80,-3.11,1.94;
4.77,-4.64,1.20;
2.54,-5.11,0.70;
-1.20,-4.23,-0.51;
-3.92,-2.27,-0.72;
-2.61,-0.38,-0.44;
1.41,-0.07,0.62;
4.28,-1.71,0.84;
6.07,-3.74,0.41;
5.00,-5.37,0.43;
3.94,-6.41,1.05;
2.45,-5.04,1.52;
1.17,-2.79,1.40;
-1.26,-0.69,0.84;
-3.40,1.53,0.59;
-4.65,2.54,0.12;
-5.80,2.23,-1.01;
-6.64,1.93,-1.38;
-6.36,1.22,-1.04;
-5.64,0.22,-0.17;
-3.75,0.54,0.07;
-1.60,1.34,0.50;
1.15,0.75,1.02;
3.23,-0.85,1.13;
4.86,-2.38,0.53;
5.52,-3.20,0.04;
6.26,-4.33,1.17;
7.79,-4.88,1.07;
7.90,-4.26,1.66;
6.89,-3.45,2.17;
4.74,-1.66,2.06;
0.29,-0.14,0.43;
-3.05,0.99,-0.98;
-5.34,1.99,-1.42;
-5.31,2.05,-0.83;
-3.51,2.05,-0.05;
-1.49,1.64,-0.43;
-0.94,1.12,0.29;
-0.56,0.37,0.72;
-1.12,0.02,0.53;
-1.69,0.22,-0.15;
-1.92,0.44,-0.61;
-0.15,0.64,-0.12;
1.59,0.03,0.75;
2.40,-1.07,1.07;
0.69,-2.03,0.47;
-1.16,-2.55,0.09;
-1.45,-2.01,0.04;
-2.00,0.40,0.29;
-4.59,2.38,-0.78;
-6.22,4.11,-1.57;
-4.88,4.20,-1.19;
-1.08,2.34,-0.75;
2.60,0.17,-0.19;
4.31,-2.07,-0.37;
4.71,-3.88,0.21;
4.68,-4.49,0.75;
3.67,-4.11,1.23;
2.54,-2.66,1.25;
0.78,-0.96,0.11;
-0.71,-0.21,-0.93;
-1.26,-0.06,-0.89;
-1.58,-0.40,-0.69;
0.34,-0.50,-0.51;
1.49,-0.12,-0.11;
2.71,-0.06,0.06;
3.26,0.23,0.43;
1.46,0.18,0.24;
-0.85,0.55,0.46;
-1.43,0.69,-0.17;
0.16,0.52,-0.64;
2.60,-0.29,-0.35;
3.36,-1.65,0.18;
2.10,-2.50,0.49;
0.48,-2.49,0.44;
-1.11,-1.28,-0.08;
-2.80,0.03,-1.02;
-3.45,1.31,-0.89;
-2.30,2.28,-0.35;
-2.35,2.83,-0.43;
-3.66,2.81,-0.58;
-2.65,2.83,-0.14;
1.70,0.89,0.43;
2.80,-0.14,-0.23;
2.74,-0.72,-0.32;
1.26,-0.58,-0.31;
-0.99,0.70,-0.15;
-1.40,1.02,0.09;
-0.65,1.27,1.08;
-1.05,0.32,0.72;
-1.55,-0.46,0.27;
-1.95,-1.69,-0.64;
-1.95,-1.22,-0.69;
-2.35,0.15,0.17;
-1.75,1.70,0.40;
0.77,1.68,0.52;
1.56,1.47,-0.19;
1.06,1.07,-0.69;
0.07,0.08,-0.83;
-0.91,0.54,-0.26;
-0.94,0.60,0.26;
0.74,0.14,0.35;
0.31,-0.62,0.58;
-0.85,-1.48,0.59;
-0.73,-1.45,0.67;
-1.14,-1.19,0.62;
-1.60,-0.49,-0.00;
-2.16,0.05,-0.98;
-3.00,0.95,-1.57;
-2.61,1.01,-1.31;
-1.86,1.57,-0.44;
-0.25,1.82,0.49;
2.69,0.17,0.93;
2.89,-1.27,0.24;
2.72,-1.39,-0.08;
2.11,-1.86,0.14;
1.90,-1.60,0.79;
0.48,-0.03,0.79;
-1.31,0.93,0.50;
-3.11,0.32,-0.25;
-3.49,-0.18,-0.67;
-2.22,-0.40,-0.99;
-0.99,0.02,-0.43;
0.43,0.34,-0.02;
-0.21,1.77,0.12;
-1.11,1.83,-0.25;
-1.40,1.67,-0.55;
-1.60,1.54,-0.23;
-1.64,0.80,0.26;
-1.58,0.64,0.27;
-1.72,0.37,0.12;
-0.65,0.09,0.29;
0.81,-0.35,0.12;
1.58,-0.76,0.07;
0.51,-1.43,-0.52;
-1.17,-0.72,-0.37;
-1.64,-0.61,-0.48;
-2.54,0.22,-0.35;
-1.98,0.32,-0.14;
0.05,-0.12,0.72;
2.07,-0.30,0.53;
1.03,-0.44,0.07;
-1.96,-0.79,-0.58;
-2.01,-0.40,-0.37;
-0.47,-0.17,-0.22;
2.08,-0.67,-0.03;
2.72,-1.28,0.18;
2.29,-1.91,0.41;
-0.32,-1.82,0.53;
-2.00,-0.55,0.20;
-2.21,0.18,-0.78;
-1.51,0.72,-1.09;
-1.89,0.66,-0.90;
-2.61,0.47,-0.23;
-2.88,0.80,-0.06;
-2.97,1.01,0.52;
-0.38,0.44,0.69;
-0.30,0.38,0.04;
-1.06,0.20,-0.60;
-0.38,0.31,-0.70;
1.29,-0.04,-0.73;
1.26,-0.44,-0.31;
1.56,-1.24,0.35;
1.91,-2.53,0.49;
1.15,-2.33,0.29;
0.92,-2.20,0.20;
0.52,-1.13,0.36;
-0.04,0.44,0.36;
-0.04,0.86,0.21;
-0.39,1.13,0.06;
-1.72,1.38,-0.28;
-2.25,0.96,-0.19;
-1.93,0.95,0.15;
-2.12,0.66,-0.23;
-2.44,1.50,-0.77;
-1.20,1.83,-0.25;
0.04,1.51,0.20;
0.81,0.86,-0.12;
1.35,-0.12,0.04;
1.30,-1.60,0.40;
0.94,-2.07,0.64;
1.68,-1.82,0.12;
1.38,-1.33,-0.02;
0.89,-0.36,-0.14;
0.92,0.28,-0.29;
0.68,0.17,-0.35;
0.26,0.57,-0.31;
-0.29,0.34,-0.03;
0.00,0.15,0.40;
0.58,0.17,0.49;
0.54,0.92,0.11;
1.07,1.21,-0.08;
1.61,1.57,-0.37;
2.22,1.30,0.33;
0.37,1.07,0.33;
-1.23,0.20,0.30;
-0.74,-0.07,0.24;
-0.03,0.25,-0.22;
0.83,0.89,-0.20;
1.59,1.38,-0.15;
0.39,2.05,-0.46;
-0.56,1.94,-0.73;
-0.30,1.67,-0.86;
0.95,1.59,0.03;
2.07,1.30,0.85;
2.28,1.71,1.04;
2.40,1.86,0.18;
1.10,3.07,-0.46;
0.36,3.50,-0.63;
2.07,3.57,-0.40;
5.61,3.15,-0.02;
6.34,3.53,0.15;
5.76,3.91,0.44;
7.67,4.52,0.76;
9.90,5.45,1.11;
12.17,5.68,1.17;
15.99,5.60,1.33;
20.29,4.98,2.29;
23.23,4.31,2.61;
26.66,3.10,3.25;
29.68,3.38,4.01;
29.41,3.64,3.46;
29.56,4.28,2.12;
27.38,5.47,1.95;
24.69,7.05,2.32;
23.17,7.86,2.24;
25.00,8.58,3.77;
28.00,9.53,5.46;
29.29,9.80,6.35;
32.98,9.36,7.22;
36.51,7.93,6.32;
33.96,8.05,5.45;
33.01,10.58,3.62;
28.10,13.31,1.85;
24.77,18.25,-0.06;
22.49,21.65,-1.54;
20.19,26.58,-4.12;
19.38,30.57,-6.08;
9.12,30.05,-8.37;
-8.76,31.22,-11.86;
-22.65,37.79,-18.64;
-26.85,43.94,-27.44;
-21.93,47.53,-35.88;
-14.65,52.22,-44.19;
-16.59,58.72,-51.85;
-5.92,60.26,-57.02;
6.08,61.71,-63.50;
23.06,53.53,-67.67;
36.49,49.82,-65.80;
26.69,52.47,-59.04;
27.01,52.38,-55.96;
26.46,50.86,-57.68;
37.75,53.33,-53.24;
21.99,55.19,-45.93;
6.66,58.86,-44.43;
-2.00,62.83,-37.18;
-7.42,64.52,-29.96;
-32.19,66.02,-27.04;
-41.02,74.25,-24.66;
-34.88,75.89,-20.81;
-39.57,78.67,-16.00;
-49.77,81.16,-13.77;
-49.90,85.77,-12.19;
-49.87,88.90,-13.38;
-40.68,91.13,-15.56;
-39.77,92.60,-20.96;
-45.80,94.70,-23.48;
-38.50,97.33,-24.41;
-27.09,97.10,-23.42;
-12.56,100.52,-22.03;
2.28,102.87,-21.04;
9.87,98.70,-19.36;
12.26,99.50,-17.80;
5.13,101.39,-16.84;
6.92,102.37,-16.02;
2.97,99.21,-13.74;
7.59,101.68,-12.28;
0.28,100.57,-11.25;
0.63,98.08,-11.09;
-0.03,95.25,-8.86;
9.35,100.66,-9.82;
9.85,102.40,-11.96;
6.52,102.20,-13.36;
5.87,97.79,-14.87;
15.82,98.66,-17.88;
10.26,95.07,-18.75;
15.13,92.64,-18.69;
18.49,92.55,-20.35;
13.44,90.99,-22.05;
12.83,91.77,-21.56;
18.08,92.35,-21.89;
22.88,97.07,-17.91;
22.16,93.33,-21.21;
28.04,91.60,-19.71;
31.75,89.18,-18.81;
34.97,90.20,-19.65;
33.52,87.96,-20.00;
35.58,83.80,-18.19;
32.63,82.51,-17.24;
33.58,81.97,-13.54;
32.11,77.15,-11.60;
32.05,73.86,-8.93;
28.49,71.33,-4.31;
27.10,65.25,-3.10;
28.26,64.08,-1.16;
30.78,62.38,1.02;
29.68,57.05,1.95;
27.81,52.12,3.19;
26.33,52.69,4.94;
22.37,52.47,6.75;
20.65,50.86,8.26;
16.08,47.41,8.30;
10.36,37.96,6.78;
8.74,32.55,3.48;
8.74,31.82,0.79;
9.75,30.37,-1.59;
7.93,27.54,-4.06;
10.02,24.49,-2.99;
11.01,21.42,-0.73;
9.12,17.70,1.37;
4.68,13.05,2.50;
2.49,10.86,1.62;
1.55,9.02,0.07;
1.71,5.05,-1.27;
1.93,1.38,-0.98;
2.40,-1.22,0.29;
0.43,-4.90,2.03;
-1.75,-9.34,3.31;
-3.42,-11.72,4.52;
-3.23,-14.29,6.46;
-2.54,-15.92,8.11;
-0.70,-18.61,9.28;
1.33,-22.07,10.30;
-0.54,-25.80,11.75;
-2.16,-29.72,12.81;
-1.95,-32.12,13.22;
-1.02,-33.66,13.48;
-0.59,-36.67,13.27;
-1.67,-41.01,12.82;
-0.07,-42.85,13.22;
2.81,-44.76,14.75;
5.00,-48.40,15.92;
2.80,-51.24,13.40;
-1.34,-55.25,10.49;
-0.68,-61.07,10.36;
1.87,-63.46,11.13;
4.75,-65.14,10.15;
5.81,-68.35,10.67;
6.97,-69.88,11.71;
1.46,-69.08,13.30;
-5.31,-71.89,12.62;
-12.36,-75.22,12.52;
-15.89,-75.56,12.35;
-20.21,-74.95,12.53;
-22.33,-76.72,11.89;
-24.44,-78.47,10.70;
-22.83,-79.22,10.76;
-22.96,-80.29,10.90;
-22.22,-81.10,12.30;
-17.08,-83.83,14.11;
-14.85,-86.49,13.19;
-17.95,-85.78,14.29;
-15.49,-84.79,18.21;
-7.74,-85.59,19.80;
-10.10,-89.36,20.99;
-12.96,-90.78,25.16;
-12.21,-93.30,27.39;
-4.44,-96.91,25.51;
-3.89,-97.66,22.84;
-10.15,-97.22,23.05;
-9.19,-96.98,20.35;
-7.78,-96.66,17.80;
-14.64,-93.45,17.02;
-14.68,-90.78,17.08;
-6.76,-88.01,15.60;
-0.45,-86.26,14.96;
-1.23,-81.97,16.81;
13.00,-69.39,18.65;
37.93,-60.79,21.91;
24.07,-60.32,21.36;
19.87,-60.44,22.21;
19.36,-57.69,20.18;
5.18,-60.50,18.72;
7.17,-60.17,16.79;
6.55,-60.61,16.11;
10.52,-61.42,14.96;
5.04,-65.46,15.36;
0.48,-65.66,12.91;
-8.25,-62.55,11.30;
-14.03,-61.74,10.78;
-7.80,-66.20,17.27;
5.78,-71.13,22.15;
26.52,-73.66,27.89;
33.79,-75.22,34.88;
31.99,-75.28,37.60;
23.61,-73.33,36.87;
18.51,-76.09,35.74;
12.88,-77.53,33.13;
9.04,-71.02,28.75;
7.59,-66.40,25.66;
3.33,-66.88,29.71;
