0.52,-0.00,0.17;
0.69,0.04,0.11;
-0.12,0.17,0.19;
-0.92,0.41,-0.09;
-1.25,0.18,-0.25;
-0.64,-0.06,0.13;
0.00,-0.06,-0.10;
0.31,-0.34,-0.10;
0.24,-0.37,0.26;
-0.03,-0.14,0.01;
0.09,-0.06,-0.04;
0.21,0.11,-0.09;
-0.06,0.23,0.20;
-0.20,0.24,-0.16;
-0.17,0.23,-0.09;
-0.11,-0.09,-0.12;
0.06,-0.12,-0.13;
0.14,0.06,0.05;
0.15,0.43,-0.15;
-0.05,0.30,0.01;
-0.31,0.17,0.13;
-0.38,-0.09,-0.03;
-0.55,-0.21,-0.15;
-0.84,-0.09,-0.12;
-0.49,0.12,-0.07;
-0.46,0.15,0.01;
-0.43,0.52,-0.01;
-0.37,0.50,-0.09;
-0.24,0.08,-0.12;
0.23,-0.25,-0.18;
0.61,-0.15,-0.16;
0.64,-0.06,0.16;
0.52,0.24,0.13;
0.37,0.32,-0.01;
0.21,0.06,0.11;
-0.08,0.14,-0.04;
0.05,0.21,0.16;
0.32,-0.21,0.07;
0.31,0.01,0.04;
-0.08,-0.14,0.17;
0.21,-0.28,-0.03;
0.61,-0.05,-0.16;
0.46,-0.03,-0.27;
0.03,0.12,-0.07;
-0.37,0.27,-0.10;
-0.75,0.66,0.19;
-0.67,0.66,0.26;
-0.61,0.41,0.05;
-0.98,0.30,-0.07;
-1.04,0.40,-0.44;
-0.31,0.09,-0.25;
0.21,0.11,-0.24;
0.78,0.38,-0.24;
0.79,0.33,-0.09;
0.60,0.15,-0.33;
0.38,0.46,-0.35;
0.43,0.67,-0.15;
0.38,0.82,-0.16;
0.12,0.79,-0.38;
-0.70,0.84,-0.51;
-0.96,0.90,-0.59;
-1.01,1.02,-0.71;
-0.79,1.07,-0.64;
-0.21,1.33,-0.57;
-0.26,1.59,-0.90;
0.21,1.98,-0.61;
0.73,1.86,-0.38;
1.15,2.15,-0.07;
2.18,2.44,0.20;
4.14,2.72,0.39;
5.36,3.27,0.30;
6.99,3.10,0.19;
9.05,3.19,0.11;
9.05,3.83,-0.57;
8.12,5.05,-0.70;
7.86,5.97,-1.37;
8.69,6.17,-1.08;
10.34,7.08,-1.06;
10.70,8.09,-0.76;
9.85,9.43,-0.88;
9.47,10.04,-1.19;
9.34,10.58,-0.76;
9.53,11.95,-0.42;
9.50,12.85,-0.59;
9.53,13.53,-1.12;
8.41,15.01,-1.26;
8.17,16.27,-1.69;
6.52,17.77,-1.77;
4.49,19.01,-2.06;
3.22,20.66,-1.96;
3.01,21.92,-2.27;
4.37,24.70,-2.35;
5.86,28.41,-2.67;
8.29,31.71,-3.89;
10.49,32.32,-4.83;
9.45,34.69,-5.93;
3.57,41.11,-8.39;
7.79,47.46,-9.02;
3.86,47.59,-9.20;
11.88,41.37,-8.90;
17.53,35.11,-10.28;
13.83,36.53,-9.48;
7.82,38.72,-9.95;
3.80,34.38,-11.35;
0.11,28.81,-15.92;
-3.08,26.99,-18.38;
-6.14,27.68,-22.28;
-3.27,30.00,-23.87;
-5.91,34.14,-26.74;
-6.92,35.74,-28.36;
0.63,35.51,-33.46;
1.16,37.45,-40.70;
12.63,40.90,-43.80;
10.15,45.69,-43.09;
5.62,51.14,-45.35;
-3.47,51.27,-47.86;
-11.43,49.34,-47.90;
-8.26,43.83,-45.17;
1.31,43.89,-40.91;
-0.63,44.90,-38.73;
2.53,40.67,-37.38;
11.21,38.81,-33.31;
23.40,36.67,-34.06;
9.80,39.60,-33.38;
0.99,47.94,-31.69;
-1.42,53.36,-27.03;
1.44,53.22,-23.08;
13.65,55.22,-17.37;
-4.12,50.84,-12.45;
-40.93,52.70,-14.56;
-34.46,56.85,-13.93;
-28.50,55.48,-8.10;
-37.76,57.19,-4.70;
-47.22,61.48,-3.80;
-48.63,58.15,-5.06;
-37.62,57.24,-4.71;
-38.89,57.46,-6.61;
-51.37,60.50,-5.66;
-47.79,64.12,-6.30;
-31.80,68.23,-12.12;
-20.66,70.62,-16.22;
-20.52,68.32,-16.64;
-19.33,65.75,-17.26;
-10.69,70.81,-13.96;
-8.29,70.52,-8.41;
-20.43,70.91,-5.26;
-25.36,72.85,-4.13;
-16.43,72.38,-5.78;
-30.56,69.63,-7.70;
-33.74,72.03,-9.37;
-30.58,69.89,-8.33;
-21.11,66.81,-3.51;
-13.91,68.08,-2.22;
-10.55,66.55,-2.33;
-6.14,67.56,-2.06;
4.00,70.93,-1.31;
6.31,70.49,-4.28;
-1.59,70.21,-4.15;
6.17,73.28,5.06;
0.78,69.63,-0.56;
1.59,65.17,-0.45;
-2.75,63.04,-1.43;
0.02,65.31,-1.19;
1.37,67.27,0.05;
4.55,64.93,-1.77;
4.28,63.37,-1.69;
4.93,66.20,-0.96;
9.42,68.08,-1.48;
7.83,67.75,-3.90;
4.15,67.53,-3.40;
6.69,69.19,-1.98;
10.02,67.98,-2.15;
9.89,65.94,-3.03;
9.80,62.75,-3.55;
7.66,59.79,-4.22;
5.97,59.59,-5.34;
5.82,61.02,-5.26;
4.15,60.01,-6.54;
6.64,57.01,-7.28;
5.63,57.37,-9.12;
7.71,55.77,-9.55;
7.80,56.96,-10.64;
7.77,58.12,-11.25;
5.22,59.19,-11.49;
3.05,58.73,-12.13;
6.73,57.42,-11.52;
8.70,55.88,-10.25;
15.04,53.25,-10.03;
10.98,55.54,-7.99;
8.61,54.99,-6.90;
6.12,52.43,-6.36;
3.34,50.95,-5.96;
2.63,50.09,-4.70;
2.03,48.21,-4.06;
0.26,46.66,-3.87;
0.78,45.94,-3.70;
2.72,43.83,-4.39;
6.64,40.17,-2.85;
8.55,38.59,-1.99;
7.92,35.94,-1.20;
5.34,32.84,-0.59;
5.40,29.37,-0.39;
5.79,26.50,-0.57;
7.19,24.82,-0.83;
7.68,23.53,-1.20;
6.61,21.48,-2.22;
4.28,17.54,-3.41;
1.34,14.70,-3.77;
1.37,13.68,-3.37;
0.35,11.80,-2.13;
-1.47,9.54,-0.82;
-2.99,7.13,0.52;
-1.80,5.46,1.96;
-0.67,4.67,3.30;
0.75,2.06,4.43;
2.17,-0.23,5.85;
1.24,-1.56,6.57;
0.92,-3.13,7.03;
-2.12,-5.36,7.01;
0.03,-6.78,6.81;
-0.27,-7.30,6.89;
1.59,-8.09,6.40;
3.60,-8.29,6.39;
5.28,-8.78,6.49;
5.10,-9.04,5.79;
4.66,-9.59,4.92;
3.44,-9.33,4.34;
1.54,-8.46,3.24;
1.01,-7.56,2.26;
0.14,-6.90,1.90;
2.15,-6.63,1.68;
1.95,-5.59,1.90;
2.26,-4.69,1.87;
1.69,-3.71,1.27;
1.82,-3.91,1.07;
2.17,-3.79,0.62;
4.29,-3.41,0.39;
4.05,-3.97,0.84;
5.83,-3.57,0.48;
5.42,-4.63,0.78;
6.09,-5.70,0.89;
5.89,-6.92,0.94;
6.35,-8.47,0.59;
9.11,-9.63,0.22;
8.09,-12.00,-0.09;
5.08,-14.38,-0.79;
3.77,-18.26,-2.18;
2.06,-22.11,-1.43;
-0.50,-26.32,-0.88;
2.08,-29.62,-1.96;
3.68,-33.73,-2.45;
3.98,-38.38,-1.55;
4.50,-43.12,-2.47;
2.21,-48.32,-3.23;
3.15,-52.84,-2.99;
4.21,-56.52,-3.05;
6.90,-59.13,-2.53;
6.18,-61.77,-0.15;
9.10,-64.09,2.68;
8.11,-68.78,4.39;
4.69,-71.34,5.58;
-0.72,-73.70,8.30;
-4.79,-76.41,10.36;
-1.66,-78.83,11.26;
-3.13,-80.43,9.81;
-3.18,-81.01,9.18;
-1.05,-81.53,9.99;
1.24,-83.13,11.21;
0.23,-85.86,9.84;
-4.69,-86.72,8.86;
-8.69,-85.45,10.71;
-6.53,-85.76,13.53;
1.80,-86.00,14.81;
4.03,-85.56,16.37;
5.05,-81.89,18.19;
3.60,-80.32,18.31;
2.57,-79.02,17.47;
0.46,-75.70,15.65;
0.70,-71.42,15.46;
9.02,-70.93,15.07;
11.30,-69.70,13.24;
7.24,-68.44,11.56;
3.69,-67.59,11.36;
-0.37,-65.41,12.22;
-4.32,-61.74,11.06;
-3.88,-59.85,9.93;
-6.99,-59.15,6.65;
-10.64,-59.63,5.04;
-11.79,-60.05,6.23;
-9.22,-61.83,6.88;
-4.87,-63.53,6.94;
-3.05,-65.48,6.78;
1.77,-63.57,6.17;
-1.22,-62.34,6.30;
3.56,-62.58,5.10;
5.91,-62.03,2.69;
-4.90,-63.62,0.84;
19.16,-64.89,4.17;
25.01,-70.60,5.35;
33.24,-73.94,11.91;
48.89,-73.86,16.20;
45.11,-71.83,25.82;
60.23,-74.00,31.50;
36.82,-75.50,38.45;
36.21,-72.38,41.97;
34.44,-72.84,50.17;
16.70,-74.96,60.97;
-8.66,-69.22,74.23;
-33.98,-58.06,78.13;
-30.21,-45.70,72.20;
-10.73,-40.66,67.32;
-8.17,-39.51,65.88;
-16.11,-26.58,56.80;
-10.66,-26.02,50.80;
-24.06,-24.64,44.45;
-24.89,-23.60,37.73;
-24.47,-21.73,25.29;
-21.05,-28.89,22.62;
-20.96,-35.57,22.14;
-19.48,-34.31,25.78;
-17.95,-36.06,29.52;
-14.58,-38.23,29.15;
-19.94,-37.19,26.40;
-29.39,-34.38,22.52;
-28.20,-36.49,18.42;
-18.60,-34.26,15.49;
-20.47,-33.80,8.08;
-25.71,-30.35,5.41;
-26.37,-27.74,3.10;
-26.63,-27.76,-0.03;
-23.48,-26.32,-1.14;
-15.72,-26.18,-0.07;
-12.15,-28.28,1.78;
-9.66,-30.63,2.10;
-8.43,-32.08,3.47;
-8.81,-32.03,4.77;
-11.69,-30.92,3.46;
-14.75,-26.61,0.60;
-15.77,-22.78,-1.29;
-20.73,-19.56,-2.36;
-20.23,-20.03,-3.89;
-18.40,-20.08,-3.52;
-16.00,-19.77,-2.85;
-11.31,-18.96,0.57;
-7.47,-19.96,1.47;
-5.02,-20.14,0.86;
-3.66,-20.17,-0.10;
-8.81,-16.05,-0.13;
-14.23,-10.64,-0.68;
-12.61,-7.15,-1.25;
-9.36,-7.38,-1.63;
-9.16,-8.47,-2.36;
-6.64,-10.87,-3.23;
-7.72,-13.70,-2.09;
-7.22,-17.73,-1.17;
-1.45,-19.79,1.04;
-0.52,-18.84,0.71;
-3.57,-18.03,-2.06;
-5.47,-18.96,-4.22;
-4.56,-21.92,-4.77;
-0.66,-26.78,-3.41;
6.38,-31.16,-1.25;
11.53,-32.14,1.03;
14.11,-32.23,1.67;
15.50,-31.09,2.54;
16.44,-24.49,3.73;
14.06,-19.07,3.33;
6.34,-15.27,1.39;
-0.72,-10.46,-0.91;
-2.89,-6.70,-1.46;
-8.47,-4.46,-1.12;
-12.15,-2.55,-0.70;
-14.32,-0.81,-1.03;
-17.37,1.66,-2.10;
-19.69,3.85,-3.12;
-17.88,4.53,-3.60;
-12.67,3.97,-3.11;
-8.32,2.59,-2.65;
-1.79,-0.58,-1.86;
3.10,-3.62,-0.19;
5.62,-5.67,1.17;
6.18,-5.80,1.88;
8.47,-8.12,1.67;
9.02,-7.16,0.95;
5.33,-4.03,1.24;
0.90,-2.34,0.20;
-1.28,0.56,-0.22;
-2.89,0.96,-0.27;
-5.98,0.70,-0.12;
-7.60,1.36,-0.35;
-7.92,0.95,-0.76;
-6.46,1.10,-1.37;
-3.10,1.31,-1.29;
-1.95,0.40,-1.05;
-1.27,-0.12,-0.27;
1.05,-1.19,0.40;
2.93,-1.89,1.10;
3.33,-1.19,0.94;
3.07,-1.53,1.17;
2.02,-1.71,0.68;
0.46,-0.76,0.11;
-0.73,-0.40,-0.61;
-1.28,0.06,-0.39;
-2.17,0.27,-0.32;
-3.63,-0.05,-0.16;
-4.29,-0.25,-0.32;
-3.22,0.47,-0.70;
-1.79,0.06,-0.54;
-1.31,-0.21,-0.27;
-0.23,-0.15,0.02;
0.89,-0.31,0.01;
2.82,-0.67,0.65;
3.08,-0.89,0.84;
1.62,-1.39,0.65;
1.40,-1.30,0.48;
0.67,0.14,0.20;
0.24,0.08,-0.04;
-0.52,-0.12,0.05;
-0.98,0.37,0.19;
-1.04,0.58,-0.36;
-1.33,0.70,-0.25;
-1.01,0.33,0.19;
-1.88,0.81,0.17;
-2.82,1.62,-0.28;
-2.41,1.91,-0.44;
-1.19,1.75,0.36;
0.28,1.79,0.43;
1.08,0.44,0.59;
0.60,-0.43,0.28;
0.55,-1.28,0.16;
-0.14,-1.65,-0.03;
-0.34,-0.26,0.04;
-0.15,-0.26,-0.13;
-0.12,0.09,-0.18;
-0.67,-0.02,0.07;
-1.47,-0.17,-0.06;
-1.71,-0.26,-0.13;
-1.53,-0.67,-0.18;
-0.98,-0.98,-0.22;
-0.90,-0.92,-0.36;
-1.01,-0.61,-0.59;
-0.03,-1.59,-0.41;
0.61,-1.27,-0.18;
1.27,-0.95,0.34;
0.52,-0.87,0.23;
-0.38,-0.90,0.14;
-0.29,-0.90,-0.51;
-0.26,-1.12,-0.54;
-1.56,-1.62,-0.87;
-2.05,-1.10,-0.16;
-1.97,-1.45,0.54;
-1.45,-0.98,0.37;
-1.62,-0.54,0.05;
-2.08,-0.46,-0.47;
-1.59,-0.64,-0.76;
-1.33,-0.95,-0.48;
-0.21,-1.07,0.04;
1.69,-2.25,0.55;
1.16,-2.57,0.52;
1.02,-1.83,0.45;
1.73,-1.48,0.45;
0.82,-0.92,0.04;
-0.41,-0.78,-0.53;
-1.07,-0.43,-0.15;
-1.86,-0.90,-0.42;
-2.12,-1.30,-0.13;
-2.00,-1.89,-0.24;
-1.36,-2.28,-0.27;
-1.14,-2.03,-0.04;
-1.62,-1.54,-0.22;
-1.63,-1.39,-0.12;
-0.99,-0.41,-0.33;
-0.69,-0.96,-0.06;
-0.27,-1.39,-0.45;
0.05,-0.76,-0.33;
0.32,-1.16,-0.09;
-0.06,-1.50,0.05;
-0.09,-1.22,0.23;
-0.73,-1.21,0.39;
-1.08,-1.12,0.36;
-1.14,-0.95,-0.22;
-2.58,-0.28,-0.61;
-3.97,-0.34,-0.74;
-3.07,-0.78,-0.68;
-3.01,-0.58,-0.56;
-2.73,-0.28,-0.42;
0.17,0.09,0.08;
1.15,-0.12,0.37;
-0.12,-0.52,0.08;
-0.43,-0.54,0.10;
-0.08,-0.44,-0.22;
-0.50,-0.90,-0.01;
0.06,-0.67,-0.07;
0.52,-0.72,-0.21;
0.29,-0.32,-0.03;
0.23,0.11,0.14;
0.05,0.38,-0.13;
-0.29,-0.37,-0.03;
-0.67,-0.43,-0.15;
-1.01,-0.32,-0.67;
-0.89,-1.01,-0.30;
-0.17,-0.81,-0.01;
0.70,-1.16,0.46;
0.81,-1.22,0.07;
0.24,-0.76,-0.13;
1.15,0.14,-0.21;
0.86,-0.12,-0.09;
0.81,-0.49,0.01;
1.28,-0.06,0.16;
0.96,-0.87,0.55;
0.44,-1.45,0.62;
-0.85,-1.04,0.13;
-1.71,-0.34,0.07;
-2.24,-0.29,-0.16;
-2.15,0.15,-0.35;
-1.34,0.29,-0.09;
0.29,0.03,-0.18;
1.56,0.06,0.26;
1.02,-0.72,0.42;
0.61,-0.75,0.23;
1.48,-0.83,0.52;
1.16,-1.12,0.28;
0.75,-0.93,-0.07;
1.59,-0.76,0.17;
0.72,-0.86,0.54;
-1.54,-0.73,0.31;
-3.07,-1.24,-0.24;
-3.72,-0.55,-1.19;
-3.21,-0.60,-1.00;
-1.56,-0.75,-0.67;
-0.15,-0.47,-0.13;
0.60,-0.40,0.30;
0.24,-0.75,0.68;
0.41,-0.76,0.74;
0.38,-1.80,0.40;
1.44,-1.71,0.33;
1.48,-0.44,0.17;
-1.34,-0.12,-0.18;
-2.03,0.12,-0.03;
-2.14,-0.15,0.25;
-2.40,-1.02,-0.25;
-1.76,-1.07,-0.48;
0.03,-0.09,0.22;
0.21,0.01,0.23;
0.23,0.95,0.05;
0.81,0.79,0.07;
1.47,-0.25,0.10;
1.68,-1.42,0.08;
1.53,-1.42,0.17;
1.44,-1.54,0.23;
1.71,-0.98,0.11;
0.47,-0.67,0.25;
-1.98,-0.38,-0.04;
-2.02,-0.15,-0.21;
-1.68,-0.75,-0.24;
-1.60,-0.54,-0.24;
-1.57,0.12,-0.21;
-1.94,0.44,-0.33;
-1.47,0.61,-0.19;
-0.50,0.35,-0.07;
-1.01,-0.18,-0.21;
-0.21,-0.70,-0.16;
0.92,-1.02,0.05;
1.25,-0.73,0.10;
1.05,-0.86,0.10;
1.42,-0.21,0.36;
0.72,-0.18,0.08;
0.79,-0.43,-0.16;
0.47,-0.38,-0.12;
-0.41,-0.18,-0.18;
-0.34,-0.18,0.01;
-0.61,-0.08,-0.04;
-0.64,0.87,0.07;
-0.15,0.30,-0.13;
0.38,0.64,0.04;
0.23,0.41,0.08;
0.92,-0.38,-0.09;
2.12,-0.41,0.69;
2.40,-0.72,0.78;
1.54,-0.38,0.54;
-0.52,0.14,0.23;
-1.04,0.56,-0.39;
-0.24,0.38,-0.09;
-0.29,-0.34,-0.47;
-0.43,0.30,0.05;
-0.52,0.09,0.16;
-0.76,0.24,0.30;
-0.31,0.81,0.08;
-0.23,0.58,0.19;
0.20,0.43,-0.32;
1.60,0.35,0.08;
2.44,0.43,0.17;
2.05,-0.46,0.62;
1.74,-0.73,0.75;
0.79,-0.23,0.55;
0.14,0.66,-0.22;
0.26,1.33,-0.68;
1.40,1.22,-0.68;
1.80,0.81,-0.24;
2.17,0.91,0.31;
2.55,1.02,0.72;
2.26,0.87,0.55;
2.05,1.45,-0.01;
2.93,2.66,-0.09;
3.50,2.78,-0.33;
4.69,3.30,-0.51;
5.53,3.45,0.30;
6.32,3.16,0.57;
9.01,3.89,0.91;
10.38,4.66,1.07;
10.47,5.13,0.45;
11.30,6.73,0.36;
11.08,8.30,0.23;
11.62,8.73,-0.21;
11.89,10.14,-0.22;
11.19,10.40,-0.44;
10.09,11.46,-1.09;
9.68,13.59,-1.49;
8.47,14.23,-1.90;
7.31,14.27,-1.77;
6.95,16.11,-1.66;
7.10,18.12,-1.81;
6.87,19.22,-2.12;
7.11,19.80,-2.07;
5.54,21.46,-1.93;
4.24,22.41,-1.46;
5.39,23.31,-1.40;
6.00,23.63,-2.30;
6.73,24.62,-2.64;
8.29,24.37,-1.99;
14.58,25.02,-1.08;
18.38,26.62,0.72;
22.93,28.76,2.25;
27.50,30.82,3.06;
29.47,33.50,3.07;
26.49,36.90,2.48;
21.30,40.88,2.72;
15.28,44.49,3.82;
13.56,46.21,3.20;
0.02,48.52,-0.57;
-9.97,54.58,-5.51;
-11.95,58.03,-6.85;
-28.31,58.67,-9.29;
-31.21,60.44,-19.81;
-21.10,66.49,-31.12;
-8.85,68.41,-43.67;
6.82,66.32,-51.34;
-1.39,63.25,-55.34;
2.99,60.09,-55.52;
16.53,61.75,-61.66;
30.02,60.58,-55.37;
26.11,57.17,-48.51;
14.31,54.44,-38.44;
9.34,61.80,-33.08;
5.62,64.78,-25.99;
6.43,63.94,-19.41;
3.51,72.03,-12.85;
-2.40,76.15,-6.56;
-14.95,69.42,-5.23;
-28.52,74.99,-7.66;
-51.63,79.33,-16.39;
-47.59,82.23,-19.99;
-44.98,81.50,-19.37;
-49.68,78.17,-14.67;
-47.05,73.85,-14.50;
-32.14,74.93,-17.40;
-42.00,77.27,-18.18;
-43.57,81.62,-14.90;
-33.65,81.80,-7.66;
-24.35,80.59,-5.66;
-1.59,78.12,-7.52;
9.60,74.26,-12.01;
6.55,76.00,-13.16;
13.73,75.45,-11.06;
13.56,74.59,-7.61;
11.62,69.37,-5.25;
4.95,66.32,-4.94;
8.17,64.70,-5.83;
13.69,69.46,-3.54;
14.37,75.53,-2.03;
13.65,75.34,-3.83;
4.75,72.81,-4.51;
-6.73,70.11,-4.56;
-8.49,72.18,-2.51;
-6.40,73.42,-1.26;
-3.85,71.31,0.36;
-0.31,70.43,1.47;
0.81,69.92,0.42;
6.08,71.69,0.43;
8.00,70.55,-0.45;
9.24,70.50,-1.16;
15.94,72.66,-3.55;
20.52,71.36,-5.54;
17.82,67.66,-5.46;
15.85,67.62,-4.97;
13.15,66.87,-4.10;
9.27,64.35,-3.29;
7.37,64.37,-3.77;
9.27,66.70,-3.69;
12.81,66.11,-4.07;
14.89,62.75,-4.70;
14.64,62.32,-3.87;
12.41,63.14,-4.09;
14.78,61.95,-3.45;
14.70,60.75,-3.45;
14.21,60.76,-3.41;
17.27,60.56,-2.44;
22.23,59.71,1.32;
27.60,59.92,2.86;
23.50,55.17,0.63;
21.28,52.85,0.62;
18.98,50.56,0.05;
17.76,48.49,0.13;
14.29,48.33,0.25;
14.44,47.89,0.07;
14.41,45.92,0.04;
12.02,44.72,-0.53;
8.98,43.45,-0.77;
6.69,41.98,-1.99;
6.31,37.74,-2.76;
4.34,34.40,-3.16;
3.85,32.32,-2.74;
3.37,31.10,-2.68;
1.01,29.83,-3.51;
0.73,29.17,-4.13;
0.14,26.75,-5.45;
1.45,24.88,-6.16;
3.95,23.07,-6.06;
4.98,20.53,-6.30;
3.10,19.25,-7.14;
0.95,17.91,-7.66;
-0.49,17.07,-6.85;
-1.02,15.10,-5.00;
-0.47,11.45,-3.12;
-1.01,9.43,-2.51;
-1.37,8.03,-1.69;
-1.05,6.15,-0.65;
1.39,4.55,-0.70;
3.53,2.93,-0.45;
3.22,1.62,0.75;
3.04,0.21,1.78;
4.84,-0.95,2.60;
2.06,-1.99,2.94;
1.04,-3.12,2.91;
0.81,-3.56,2.98;
0.23,-3.56,3.15;
0.67,-3.15,3.07;
0.72,-2.99,3.35;
1.07,-3.83,3.09;
1.40,-5.56,2.54;
3.05,-6.00,2.31;
1.74,-5.54,3.09;
1.59,-5.57,2.54;
-0.84,-4.40,2.45;
-1.80,-5.27,2.13;
-4.11,-7.82,2.05;
-3.28,-8.38,1.85;
-1.48,-7.74,1.76;
-0.17,-8.61,1.56;
1.21,-7.91,0.75;
0.69,-9.91,0.16;
1.89,-11.45,0.11;
3.89,-12.15,0.42;
3.07,-13.13,-0.57;
2.41,-14.44,-2.32;
2.34,-16.55,-3.23;
3.57,-18.93,-4.27;
5.60,-21.12,-4.19;
4.38,-23.18,-5.11;
1.83,-26.34,-5.03;
1.56,-29.47,-4.41;
2.44,-34.11,-4.27;
1.01,-36.78,-5.20;
-1.02,-39.28,-6.39;
-1.97,-43.22,-7.72;
-3.48,-45.15,-7.54;
-2.27,-47.86,-7.17;
0.12,-51.53,-5.64;
0.06,-53.80,-3.19;
-0.69,-56.93,-0.28;
-3.66,-59.50,1.15;
-6.24,-63.05,3.56;
-6.08,-64.66,5.79;
-4.67,-65.94,6.13;
-3.02,-68.89,6.19;
-3.45,-69.62,6.57;
-2.44,-70.14,8.08;
-1.85,-71.15,9.62;
-1.62,-74.09,11.55;
-3.66,-75.86,13.61;
-8.12,-76.31,14.07;
-11.83,-77.25,16.02;
-9.76,-76.78,16.01;
-8.89,-75.97,16.63;
-5.57,-76.67,17.46;
-4.61,-77.97,16.19;
-4.98,-78.32,14.37;
-6.47,-76.54,13.67;
-4.92,-74.00,13.96;
-1.59,-74.60,14.14;
-0.05,-74.11,15.53;
1.05,-71.71,15.84;
-0.76,-68.90,18.23;
-0.34,-66.32,17.99;
-2.35,-63.89,15.20;
1.44,-62.20,12.49;
-1.86,-62.47,9.24;
-5.83,-61.73,7.18;
-6.47,-59.83,4.83;
-8.78,-58.83,3.24;
-8.18,-57.39,1.97;
-4.26,-54.25,1.49;
0.03,-51.34,2.37;
7.50,-51.79,3.36;
9.33,-53.89,5.18;
11.53,-56.26,6.72;
14.87,-57.91,9.64;
17.60,-59.91,11.79;
19.86,-60.93,12.20;
21.36,-60.78,11.96;
20.02,-60.73,12.43;
18.58,-58.61,11.27;
19.19,-56.20,8.07;
20.66,-56.50,7.99;
22.21,-60.86,9.67;
19.98,-60.70,9.41;
14.49,-60.70,10.22;
13.31,-62.29,11.52;
19.02,-65.04,12.30;
22.58,-62.23,13.15;
6.37,-57.36,11.73;
-3.31,-53.77,11.18;
-6.56,-51.39,8.22;
0.72,-50.75,7.75;
6.20,-52.05,12.13;
12.52,-55.19,19.18;
13.24,-60.47,31.59;
10.61,-67.73,49.62;
3.02,-63.89,62.17;
-2.56,-51.77,59.93;
7.94,-42.78,60.20;
9.91,-41.45,64.08;
8.55,-40.72,61.04;
6.15,-37.88,54.46;
3.56,-36.44,45.39;
-9.88,-37.12,39.44;
-8.89,-36.06,33.52;
-3.45,-35.71,29.49;
-9.59,-38.58,24.43;
-11.89,-35.31,24.19;
-21.54,-33.94,22.37;
-29.65,-30.44,20.45;
-35.57,-26.84,19.26;
-45.54,-24.69,15.12;
-40.78,-22.87,9.68;
-40.09,-24.44,4.89;
-46.11,-25.25,3.75;
-32.49,-29.27,5.04;
-25.57,-32.35,8.46;
-22.40,-34.75,7.55;
-15.71,-33.28,10.16;
-12.44,-33.09,10.86;
-12.76,-34.43,7.17;
-16.87,-31.74,3.94;
-15.74,-26.35,1.12;
-12.23,-26.23,0.63;
-14.06,-26.90,0.69;
-13.30,-24.96,0.68;
-12.69,-22.60,1.73;
-17.11,-22.86,2.40;
-24.03,-23.50,3.17;
-19.45,-21.21,1.39;
-23.62,-21.05,0.74;
-26.50,-19.91,-0.28;
-28.17,-19.25,-1.14;
-23.10,-22.14,-2.74;
-17.86,-22.69,-2.18;
-15.69,-23.10,-0.45;
-14.40,-23.91,-0.13;
-17.86,-23.54,0.04;
-15.34,-23.31,0.78;
-11.68,-23.74,0.01;
-7.51,-23.27,-1.12;
-5.36,-22.52,-1.48;
-2.93,-22.05,-0.79;
0.84,-23.24,0.43;
2.24,-23.85,0.65;
0.34,-22.08,0.46;
1.53,-20.38,0.66;
-0.02,-20.55,-0.21;
-0.92,-18.90,-0.56;
-4.12,-15.57,-1.38;
-9.48,-14.63,-1.67;
-6.64,-13.63,-2.10;
-5.07,-12.43,-2.22;
-4.00,-10.63,-1.22;
-2.20,-9.99,-0.39;
-1.85,-11.30,-0.39;
-3.16,-12.67,0.33;
-4.21,-11.54,0.45;
-5.33,-10.52,1.33;
-7.10,-8.84,1.29;
-8.37,-7.56,0.62;
-8.23,-6.55,-0.73;
-10.43,-6.06,-1.95;
-10.05,-5.94,-2.73;
-6.05,-6.25,-1.72;
-2.23,-7.07,-1.11;
-1.88,-7.74,-0.45;
-2.29,-6.79,-0.01;
0.47,-4.35,0.48;
3.10,-2.70,0.63;
3.54,-3.76,0.28;
4.21,-3.42,0.33;
3.98,-2.83,0.25;
0.17,-2.47,-0.07;
0.11,-1.79,-0.21;
-0.52,-1.19,0.31;
-2.67,-0.66,0.14;
-4.40,-0.15,-0.18;
-5.13,-0.17,-0.35;
-4.08,-0.57,-0.61;
-3.51,-1.25,-0.80;
-2.67,-3.12,-0.41;
-1.69,-4.05,-0.24;
-0.90,-3.97,-0.03;
-1.24,-2.00,-0.82;
-2.14,0.23,-0.39;
0.32,1.10,-0.04;
2.26,0.61,0.25;
2.40,0.14,0.01;
-0.21,-1.27,-0.07;
-1.30,-0.99,0.16;
0.15,-0.14,1.01;
1.98,-0.32,0.91;
-0.40,1.31,0.48;
-5.51,2.70,-0.48;
-4.93,2.27,-1.05;
-2.93,0.47,-0.85;
-2.44,0.12,-0.82;
-1.74,-0.46,-0.04;
0.90,-1.05,0.40;
1.18,-0.58,0.25;
0.49,-0.44,0.25;
0.69,-0.67,0.17;
1.01,-0.28,-0.04;
1.65,-0.98,0.04;
2.57,-1.42,0.42;
3.02,-1.79,0.83;
1.77,-1.19,0.95;
1.83,-0.55,0.11;
0.32,-0.46,-0.51;
0.14,-0.09,-0.56;
2.40,-0.73,0.22;
1.59,-1.56,0.49;
-1.08,-1.38,0.81;
-1.76,-0.57,0.80;
-0.46,0.27,0.37;
-0.05,-0.03,-0.39;
0.06,0.93,-0.47;
0.99,2.93,-0.25;
0.63,1.05,0.14;
-0.23,0.04,0.40;
-0.34,0.38,0.43;
-0.66,-0.43,0.42;
0.98,0.18,0.23;
1.07,0.20,0.13;
-0.02,0.73,-0.41;
-0.24,0.85,-0.35;
0.29,-1.04,-0.07;
0.81,0.12,0.14;
1.02,1.94,0.36;
-0.23,2.01,-0.27;
-0.47,2.11,-0.09;
0.64,1.98,0.48;
-1.04,0.67,0.02;
-2.24,0.27,-0.10;
-1.89,0.09,-0.38;
-0.08,-0.37,0.04;
0.69,-0.05,0.19;
1.04,0.20,0.49;
0.90,0.73,0.28;
-0.56,0.73,-0.04;
-0.78,0.40,-0.35;
-1.04,0.62,0.01;
-0.60,1.68,0.28;
-0.02,0.70,0.11;
-0.09,0.38,-0.24;
-0.50,-0.08,0.16;
-0.58,-1.57,0.05;
1.07,-2.60,0.14;
0.79,-2.63,0.08;
0.58,-1.42,0.02;
2.12,-0.54,0.08;
2.95,0.29,0.36;
0.18,0.43,-0.21;
-1.28,-0.37,-0.25;
0.61,-1.19,-0.27;
-0.95,-1.62,-0.03;
-2.21,-1.38,-0.47;
0.21,-0.03,0.17;
1.47,0.09,0.16;
0.53,-0.00,0.16;
-0.43,0.01,-0.36;
-0.24,-0.66,-0.51;
0.05,-1.01,-0.51;
0.82,-1.65,-0.27;
0.67,-1.56,0.28;
0.12,-0.99,0.48;
-0.46,-1.04,0.20;
-1.22,-1.19,-0.09;
-1.50,-0.73,-0.36;
-0.84,-0.76,-0.38;
0.18,-1.24,-0.30;
-0.47,-0.84,-0.16;
0.09,-0.18,0.31;
1.05,-0.28,0.57;
1.10,-0.49,0.16;
-0.47,0.12,-0.59;
-0.08,-0.15,-0.61;
0.57,-0.98,-0.12;
0.60,-0.76,0.08;
0.43,-0.81,0.37;
0.90,-0.92,0.42;
0.87,-0.25,0.39;
-0.64,0.18,-0.06;
-0.69,-0.34,-0.21;
-0.81,-0.29,-0.32;
-1.71,0.43,-0.10;
-0.56,0.47,0.16;
-0.82,0.09,-0.18;
-1.82,0.04,0.11;
-1.04,0.46,0.02;
-0.73,-0.06,-0.28;
-0.69,-0.17,-0.33;
-0.69,0.33,-0.01;
-0.15,-0.11,0.22;
0.43,-0.06,0.30;
-0.40,-0.35,-0.27;
0.92,-0.75,-0.27;
1.65,-1.02,0.02;
0.55,-0.37,0.20;
0.82,0.35,0.45;
0.40,0.38,0.19;
-0.55,0.30,-0.35;
-0.08,-0.47,0.05;
-0.18,-1.05,-0.06;
-0.38,-1.50,-0.04;
1.25,-0.64,-0.07;
2.03,0.01,0.51;
1.51,0.29,0.43;
1.22,-0.37,0.05;
1.37,-1.36,0.33;
0.89,-2.28,0.08;
0.99,-1.13,-0.01;
0.60,-0.17,0.07;
-0.18,0.56,0.13;
-2.18,1.13,-0.03;
-2.15,0.76,0.04;
-0.72,0.59,0.10;
-1.31,-0.55,-0.59;
-1.69,-0.86,-0.70;
0.53,-0.50,0.05;
-0.11,-0.67,0.22;
0.52,-0.23,0.57;
1.01,0.30,0.14;
0.63,0.35,-0.03;
0.38,-0.23,0.14;
-0.35,-0.55,-0.15;
-1.28,-0.17,-0.30;
-0.96,-0.02,-0.30;
1.56,0.18,0.43;
0.37,-0.03,0.66;
-1.04,0.15,0.30;
-0.49,-0.47,-0.19;
0.73,-0.64,-0.35;
0.79,-0.76,0.08;
0.02,-0.69,0.37;
-0.40,-0.35,0.01;
-0.21,-0.58,0.01;
-0.47,-0.52,0.13;
0.02,-0.67,0.14;
-0.26,-0.90,-0.01;
-0.24,-0.08,-0.16;
-0.60,-0.20,0.05;
-1.04,-0.08,0.11;
-0.29,-0.06,0.10;
1.82,-0.46,0.16;
1.45,-0.73,0.17;
0.28,-1.18,-0.32;
-0.23,-0.92,0.04;
0.53,-0.73,0.23;
-0.41,-0.57,0.07;
-0.41,-0.64,-0.03;
0.34,0.52,-0.09;
-0.49,0.40,0.13;
-0.47,-0.05,0.17;
-0.67,1.08,0.16;
-1.71,0.72,-0.27;
-0.32,-0.37,-0.35;
0.66,0.12,0.01;
0.78,-0.06,0.10;
1.10,-0.31,0.31;
-0.02,0.44,0.26;
-0.58,0.06,0.25;
0.20,-0.17,0.23;
-0.44,-0.17,0.04;
-1.89,-0.26,-0.25;
-0.69,-0.15,-0.03;
0.46,0.33,0.26;
0.63,0.35,-0.06;
-0.67,0.99,-0.12;
-0.23,0.96,-0.06;
0.79,-0.14,0.04;
0.98,-0.63,0.43;
0.75,-0.06,0.08;
1.24,-0.11,0.04;
1.31,0.21,0.22;
-0.81,0.56,0.31;
-1.50,0.41,-0.24;
-1.62,0.32,-0.06;
-0.60,-0.25,0.11;
0.17,-0.34,0.33;
-0.90,-0.21,0.13;
-1.18,0.09,-0.10;
-1.34,0.26,-0.04;
-1.14,-0.44,-0.30;
0.17,-0.73,0.10;
1.27,-0.87,0.39;
1.53,-0.93,0.34;
1.74,-1.07,0.43;
0.63,-1.02,0.17;
0.12,-1.09,-0.12;
-0.06,-0.93,-0.10;
-0.29,-0.40,-0.57;
0.03,-0.44,-0.35;
0.37,-0.61,-0.25;
0.41,-0.60,0.17;
0.40,-0.87,0.25;
0.29,-1.04,0.28;
0.29,-0.47,-0.12;
-0.67,-0.09,0.07;
-0.11,-0.57,-0.01;
0.58,-1.13,-0.07;
0.20,-0.92,0.02;
0.15,-0.50,-0.10;
0.38,-0.60,0.05;
0.43,-0.78,0.23;
0.08,-0.14,0.17;
-1.02,-0.64,0.22;
-1.74,-0.79,-0.04;
-1.43,-0.14,-0.38;
-0.69,0.64,-0.41;
0.92,0.75,-0.42;
1.28,0.27,0.37;
0.93,-0.57,0.65;
1.07,-1.02,0.39;
1.47,-1.77,0.25;
0.50,-1.07,0.11;
0.23,0.01,0.17;
0.17,0.08,-0.12;
-0.18,1.39,-0.12;
-0.05,0.91,-0.19;
-0.06,-0.60,0.04;
0.69,-1.07,0.28;
0.72,-1.68,0.10;
0.21,-1.44,-0.19;
-0.09,-0.78,-0.01;
-1.07,1.05,-0.13;
-0.99,0.90,-0.10;
-0.27,0.91,-0.25;
-0.11,0.59,-0.03;
0.21,-0.69,0.40;
-0.21,-0.84,0.31;
-0.27,-1.48,0.19;
0.12,-0.66,0.04;
0.35,-0.50,0.02;
-0.37,-0.35,-0.21;
-0.06,-0.28,-0.32;
0.44,-0.12,-0.41;
0.58,0.01,-0.16;
0.53,-0.64,0.11;
0.37,-1.05,0.23;
0.67,-1.30,0.22;
-0.40,-1.01,-0.15;
-1.11,0.12,-0.24;
-0.72,0.73,-0.32;
0.00,0.20,-0.51;
1.47,-0.49,-0.13;
1.91,-0.57,0.36;
0.95,-0.69,0.55;
0.43,-0.38,0.22;
1.13,-0.12,-0.25;
0.23,0.49,-0.12;
-1.07,0.21,-0.18;
0.41,-0.20,0.01;
0.84,-0.57,0.05;
0.79,-0.21,0.37;
-0.14,-0.20,-0.12;
-0.64,0.11,-0.36;
0.84,0.61,-0.33;
0.40,0.84,-0.39;
0.93,0.35,0.13;
1.62,0.14,0.25;
1.34,-0.02,0.14;
2.00,0.03,-0.06;
2.57,0.37,-0.39;
2.89,0.93,-0.22;
2.43,0.81,0.31;
2.23,0.66,0.33;
2.95,0.44,0.54;
3.79,0.93,0.34;
5.45,1.53,0.19;
6.95,2.23,0.19;
7.71,4.75,0.13;
8.84,5.89,0.20;
10.92,7.13,0.62;
12.67,8.33,0.78;
12.96,7.43,0.77;
15.15,6.70,0.54;
16.67,5.97,0.52;
15.83,4.82,0.17;
14.98,4.81,-0.39;
13.95,4.88,-0.41;
14.23,5.57,-0.48;
15.16,6.17,-0.65;
16.17,7.72,-0.70;
14.52,8.82,-0.73;
12.05,10.09,-1.14;
10.20,12.81,-1.23;
7.68,15.80,-1.49;
3.73,19.07,-1.99;
2.95,22.49,-2.83;
3.04,25.30,-2.96;
2.41,27.62,-2.83;
1.68,28.70,-2.76;
1.39,29.05,-2.93;
-0.05,29.25,-3.43;
-1.36,30.47,-3.51;
-2.18,31.89,-3.57;
-1.76,32.75,-2.67;
0.84,32.15,-1.86;
3.02,31.10,-2.09;
2.72,31.24,-2.13;
3.80,30.82,-0.70;
7.39,29.62,1.33;
8.29,28.56,1.35;
9.54,28.11,0.89;
9.83,29.92,0.74;
13.40,34.41,2.20;
17.33,37.11,3.00;
21.25,37.62,2.83;
19.33,37.60,0.36;
12.81,38.32,-2.04;
3.80,40.03,-5.06;
-8.52,43.40,-9.90;
-4.64,48.56,-18.04;
-4.82,50.56,-26.15;
-2.06,52.52,-37.49;
2.72,55.79,-43.90;
7.50,56.33,-46.99;
11.34,53.88,-49.72;
27.45,51.31,-51.06;
37.76,45.74,-53.00;
29.27,41.57,-47.51;
29.16,39.36,-37.00;
25.89,38.21,-27.54;
21.31,40.29,-23.14;
18.58,48.17,-18.91;
14.58,52.98,-14.56;
8.41,57.89,-12.65;
10.92,61.60,-12.57;
1.47,63.65,-13.40;
-8.64,65.77,-15.35;
-20.67,68.41,-16.93;
-40.55,69.46,-14.32;
-42.70,69.28,-12.64;
-31.53,69.30,-10.64;
-9.65,74.03,-13.48;
-22.46,78.66,-15.98;
-35.39,71.98,-13.96;
-23.56,71.28,-10.53;
-14.09,76.53,-9.54;
-17.40,80.26,-10.79;
-25.24,81.16,-12.51;
-30.67,84.64,-14.25;
-28.75,83.13,-16.15;
-25.80,75.60,-12.56;
-15.25,77.22,-9.19;
-8.11,78.88,-10.38;
-11.95,80.69,-10.53;
-5.62,84.93,-9.51;
4.46,82.64,-11.14;
6.32,77.74,-9.22;
12.99,75.83,-10.22;
15.36,75.60,-7.83;
7.42,77.66,-6.22;
6.86,78.70,-6.48;
-3.30,81.51,-9.99;
-8.84,79.25,-11.19;
-8.21,76.79,-11.51;
-12.99,76.52,-11.38;
-4.92,76.59,-9.60;
-2.69,77.50,-7.92;
-1.40,77.13,-8.12;
1.37,77.50,-8.22;
6.69,77.75,-8.71;
10.50,79.62,-10.12;
12.60,76.43,-11.86;
12.82,74.56,-11.02;
13.73,75.46,-10.80;
15.02,75.25,-10.65;
15.10,72.75,-8.90;
15.89,71.39,-8.39;
14.86,71.63,-8.28;
14.08,71.54,-10.18;
12.96,67.79,-10.47;
9.45,65.86,-10.83;
14.98,64.52,-10.50;
16.46,62.53,-8.80;
18.47,61.88,-6.27;
20.05,60.09,-5.45;
16.73,56.95,-5.19;
18.46,54.98,-4.01;
16.70,53.94,-1.93;
14.08,52.70,-3.72;
13.21,51.75,-3.69;
11.44,51.56,-5.25;
9.28,51.28,-6.77;
6.64,48.09,-7.23;
6.78,44.90,-5.86;
6.52,42.33,-5.00;
6.90,38.67,-2.91;
6.90,37.07,-0.54;
3.28,34.90,0.60;
1.53,31.57,-0.03;
0.53,28.82,-1.38;
0.98,29.30,-3.54;
2.29,27.59,-5.78;
5.27,26.44,-6.85;
4.64,23.91,-7.48;
3.34,21.27,-7.23;
6.96,26.46,5.99;
1.18,17.50,-2.54;
-0.53,14.17,-1.02;
-1.40,11.24,0.28;
-0.38,10.72,0.62;
0.84,7.68,0.39;
2.15,6.33,0.71;
1.10,3.79,1.21;
1.68,2.11,1.76;
2.24,-0.09,3.21;
1.60,-2.64,4.63;
-0.09,-3.39,5.55;
-1.94,-5.68,6.77;
-1.86,-8.03,7.23;
-4.27,-9.25,7.59;
-2.87,-11.36,7.85;
0.02,-12.95,7.96;
2.55,-14.05,8.54;
3.65,-15.89,7.91;
6.31,-17.99,7.72;
6.38,-19.28,7.68;
5.98,-20.55,7.29;
5.62,-22.75,6.43;
7.45,-25.01,6.72;
10.58,-26.40,7.38;
9.07,-29.34,5.88;
7.24,-32.12,4.11;
8.57,-35.38,2.14;
8.11,-36.92,0.28;
6.23,-38.50,-1.11;
5.02,-41.47,-2.19;
2.72,-43.44,-4.68;
1.44,-46.99,-4.21;
0.28,-49.36,-0.97;
-1.59,-51.50,2.43;
-2.00,-53.16,4.45;
-3.05,-55.09,7.85;
-4.81,-57.07,7.84;
-8.44,-58.03,8.86;
-10.98,-60.37,7.87;
-7.13,-64.14,7.06;
-6.41,-65.88,5.29;
-8.17,-66.55,4.39;
-4.79,-67.76,3.18;
-6.60,-69.10,3.12;
-7.16,-70.93,3.93;
-4.84,-72.84,5.38;
-11.19,-75.02,7.17;
-13.77,-76.44,8.75;
-12.38,-76.87,9.07;
-11.16,-74.96,7.67;
-14.26,-75.12,7.12;
-13.37,-76.25,8.26;
-9.39,-77.44,9.93;
-1.62,-78.50,10.23;
1.77,-76.63,10.95;
5.95,-75.33,11.64;
8.08,-73.47,11.55;
8.38,-72.05,10.22;
-1.72,-70.20,6.71;
-8.85,-68.63,5.09;
-9.71,-69.15,5.36;
-6.27,-68.58,3.03;
-6.29,-66.35,1.33;
-10.15,-64.40,0.65;
-12.11,-63.51,0.92;
-7.63,-61.27,0.81;
-0.70,-58.35,1.32;
5.04,-58.29,0.74;
2.00,-57.24,0.65;
2.29,-56.00,0.62;
-1.30,-56.43,-1.84;
2.17,-58.66,-2.27;
10.02,-58.90,-0.07;
13.31,-56.70,1.17;
13.34,-56.02,3.27;
18.34,-59.71,7.47;
17.22,-60.99,9.41;
18.67,-59.19,10.30;
13.05,-58.67,11.39;
9.13,-62.06,11.73;
28.87,-63.05,11.47;
28.89,-65.96,13.04;
21.27,-66.12,15.99;
10.41,-67.86,16.02;
25.63,-64.63,20.55;
17.92,-65.19,21.06;
18.20,-64.47,18.46;
8.35,-62.38,17.94;
14.86,-62.14,13.38;
18.73,-58.93,11.75;
17.40,-57.71,14.42;
15.79,-58.57,22.57;
21.22,-59.89,31.03;
17.24,-61.19,39.99;
1.73,-59.47,51.21;
-11.74,-53.82,56.63;
-15.51,-44.87,54.69;
-10.96,-35.59,54.02;
-1.69,-32.81,55.84;
-7.08,-33.45,52.92;
-0.60,-29.57,47.65;
-6.26,-33.80,46.74;
-18.69,-35.77,44.63;
-8.40,-36.83,41.76;
-5.39,-40.75,38.59;
0.75,-40.34,33.84;
-7.24,-36.44,30.86;
-18.73,-33.19,27.20;
-12.69,-30.18,24.43;
-12.37,-26.96,23.88;
-24.23,-28.34,20.43;
-25.72,-26.78,16.52;
-34.35,-22.95,11.10;
-33.08,-21.56,10.13;
-34.78,-22.35,7.04;
-32.89,-23.19,6.08;
-27.74,-21.07,5.55;
-24.53,-21.09,6.13;
-24.47,-24.89,6.51;
-16.56,-28.49,7.24;
-17.77,-32.92,4.25;
-17.27,-35.45,2.75;
-19.11,-35.45,4.02;
-15.13,-37.10,2.81;
-12.93,-38.20,3.44;
-6.29,-37.41,3.72;
-8.70,-35.73,4.48;
-13.25,-34.72,2.34;
-16.69,-34.35,0.59;
-24.20,-31.97,1.56;
-30.47,-29.62,-0.76;
-27.36,-30.52,-2.38;
-23.97,-30.43,-3.78;
-18.63,-30.44,-1.93;
-10.82,-29.65,-1.00;
-2.46,-28.46,-1.64;
-0.29,-27.42,-0.97;
0.12,-29.85,-0.53;
-0.73,-31.50,1.30;
-0.49,-30.11,3.81;
-0.06,-27.42,2.62;
-2.26,-20.76,1.46;
-4.53,-15.12,-0.64;
-5.36,-11.13,0.39;
-11.08,-6.79,-0.51;
-16.60,-4.11,-1.77;
-14.89,-2.47,-0.85;
-12.44,-1.56,-1.23;
-12.81,-1.15,-0.57;
-11.31,-1.34,-0.01;
-8.60,-2.26,0.69;
-5.50,-4.64,1.04;
-2.70,-5.57,1.07;
-1.02,-6.06,1.53;
3.16,-6.26,2.02;
5.51,-6.37,1.24;
6.34,-6.76,0.94;
6.05,-6.96,0.57;
3.08,-6.95,0.11;
-1.22,-5.62,-0.12;
-2.84,-3.27,0.65;
-3.80,-0.28,1.04;
-5.65,2.14,0.20;
-6.53,3.19,-0.65;
-6.00,4.35,-1.48;
-4.96,4.03,-1.55;
-4.31,2.08,-1.05;
-1.65,-0.34,-0.18;
1.21,-1.86,0.71;
1.91,-2.06,1.21;
0.47,-1.13,0.62;
0.12,0.24,-0.21;
0.76,0.75,-1.06;
1.51,-0.09,-0.70;
2.11,-1.42,-0.21;
0.70,-2.40,0.13;
0.18,-2.05,-0.44;
-1.14,-0.79,0.07;
-0.31,0.09,0.60;
-0.46,1.27,0.25;
-0.81,0.98,-0.68;
-0.49,1.17,-0.50;
1.45,0.84,-0.13;
2.50,-0.34,0.07;
2.73,-0.46,0.43;
1.76,-0.08,0.66;
0.05,-0.69,0.25;
-0.31,-0.40,-0.03;
-0.66,0.09,-0.01;
-2.12,0.12,0.11;
-1.92,0.90,0.43;
-0.98,1.10,-0.10;
-0.18,0.96,-0.44;
0.99,-0.03,-0.33;
2.21,-1.34,-0.07;
2.09,-0.99,-0.41;
0.82,-0.57,-0.24;
1.73,-0.93,0.10;
3.24,-0.76,0.78;
1.91,-0.34,0.40;
1.13,-0.90,0.37;
0.93,-0.18,-0.09;
0.11,0.23,-0.13;
0.06,0.08,0.13;
0.63,0.01,0.04;
0.61,-0.69,-0.09;
-0.21,-0.20,0.10;
-0.99,0.30,0.02;
-0.56,0.41,-0.15;
1.24,0.06,-0.12;
2.58,-0.06,0.20;
3.16,0.08,0.19;
1.19,0.66,0.01;
-0.43,0.26,-0.16;
0.21,0.90,0.43;
1.59,-0.46,0.91;
0.52,-1.09,0.34;
0.61,-0.25,0.11;
1.15,0.44,-0.10;
0.93,1.11,0.08;
0.72,1.27,0.11;
-0.05,1.43,0.16;
-1.60,1.28,0.26;
-1.10,0.33,-0.10;
0.52,-0.31,0.19;
1.11,-0.52,0.57;
-0.69,-0.73,0.11;
-0.93,0.06,0.23;
0.41,0.01,-0.06;
0.69,-1.02,-0.21;
0.82,-1.47,-0.16;
1.56,-0.61,0.08;
0.70,-1.02,0.31;
0.28,-0.69,0.30;
0.21,-0.38,0.30;
-0.29,-0.52,-0.10;
-0.21,-0.61,-0.35;
1.37,-0.90,-0.13;
1.50,-0.23,0.01;
-1.77,0.30,-0.57;
-1.74,-0.06,0.19;
0.32,-0.05,0.89;
-0.82,-0.37,0.25;
-0.96,-0.25,-0.39;
1.21,0.24,-0.16;
1.24,-0.55,0.11;
2.29,-1.16,0.52;
2.82,-1.33,0.65;
-0.79,-0.78,-0.01;
-2.47,-0.43,0.02;
-0.84,-0.54,0.02;
0.31,-0.25,-0.03;
0.35,-1.09,-0.18;
0.90,-1.70,-0.13;
0.57,-1.67,-0.06;
1.50,-2.21,-0.01;
1.97,-1.62,-0.01;
1.30,-1.05,-0.04;
1.31,-0.98,0.07;
1.19,-0.90,-0.07;
0.67,-0.95,0.05;
1.02,-1.02,0.54;
-0.23,-1.04,0.31;
-0.44,-0.28,0.36;
-0.53,-0.29,0.01;
-0.46,-0.34,-0.27;
0.24,-0.37,-0.12;
0.37,-0.37,-0.25;
-0.03,-0.37,-0.13;
0.09,0.01,0.34;
0.76,-0.23,0.17;
0.41,-0.02,0.07;
0.08,0.03,-0.09;
-0.32,0.20,-0.39;
-0.34,0.41,-0.41;
0.69,-0.08,0.07;
0.32,-0.35,0.28;
-0.24,-0.09,0.02;
-0.44,-0.67,0.19;
-0.12,-1.19,0.34;
-0.41,-1.13,0.02;
0.08,-1.33,-0.13;
1.45,-2.00,-0.04;
0.50,-1.79,-0.22;
0.09,-0.99,-0.28;
0.31,-0.76,-0.16;
0.84,-0.73,0.17;
1.02,-0.15,0.10;
1.05,-0.54,0.23;
0.41,-0.34,0.11;
0.44,-0.64,0.20;
-0.58,-0.79,0.22;
-1.30,-0.64,-0.10;
-0.47,-0.83,-0.25;
0.35,-0.93,-0.01;
0.72,-0.93,0.16;
-0.11,-0.81,-0.15;
0.24,-0.57,0.04;
0.40,-0.25,-0.12;
-0.08,0.04,0.30;
0.86,-0.18,0.33;
0.24,-0.81,0.20;
-0.20,-0.78,-0.15;
0.89,-1.91,-0.01;
1.42,-2.08,0.05;
-0.31,-0.66,-0.39;
-0.75,0.41,-0.28;
-0.37,-0.02,0.01;
0.86,-0.79,0.68;
2.18,-1.09,0.83;
1.47,-1.42,0.63;
-0.95,-1.13,-0.33;
-0.49,0.23,-0.32;
0.89,0.27,0.07;
0.86,-0.02,-0.03;
0.11,-0.14,0.16;
1.27,0.29,0.45;
-0.23,-0.64,-0.06;
-1.21,-0.70,-0.35;
0.93,-0.46,0.34;
1.53,-0.37,0.40;
0.84,-0.12,0.10;
0.57,0.18,-0.21;
0.46,0.01,-0.21;
0.41,-0.61,0.08;
0.23,-0.83,0.25;
0.15,-1.09,0.69;
-0.18,-0.12,0.55;
0.17,0.52,0.20;
0.82,0.30,0.05;
1.24,0.53,0.16;
0.92,-0.29,0.30;
-0.24,-0.31,-0.09;
-0.15,-0.43,-0.09;
0.09,-0.72,-0.06;
0.61,-0.34,-0.01;
1.33,-0.79,0.33;
1.15,-0.96,0.34;
1.05,-0.02,0.14;
-0.93,0.95,-0.45;
-1.74,1.25,-0.18;
-0.84,1.22,0.11;
-0.37,0.27,0.05;
1.01,-0.69,0.07;
1.65,-1.57,0.52;
0.93,-1.09,0.08;
0.40,0.09,0.46;
0.70,0.82,0.42;
0.55,1.28,0.14;
0.70,0.76,0.01;
-0.37,-0.14,-0.16;
0.23,-0.70,0.07;
-0.43,-1.04,0.30;
-0.70,-1.19,0.26;
-0.63,-0.11,0.04;
-0.06,1.02,-0.07;
0.64,1.22,-0.25;
1.80,0.14,0.34;
1.33,-0.90,0.07;
0.28,-1.59,-0.04;
0.78,-1.38,0.23;
1.18,-0.96,0.26;
0.89,0.14,0.13;
0.79,1.17,0.19;
0.86,0.84,0.23;
-0.61,-0.28,0.13;
-0.85,-0.43,-0.18;
-1.40,-0.28,-0.38;
-1.45,-0.38,-0.35;
0.63,-0.29,-0.01;
0.96,0.29,0.20;
0.09,0.23,0.39;
0.72,-0.03,-0.01;
1.18,-0.60,0.17;
0.90,-0.89,-0.06;
1.25,-1.01,0.01;
0.78,-0.00,0.25;
0.23,0.12,0.30;
-0.20,0.37,0.22;
-1.08,0.43,0.17;
-1.45,0.08,-0.16;
-1.27,-0.05,-0.35;
-0.08,-0.99,-0.22;
0.67,-0.95,-0.28;
0.60,-0.14,0.11;
0.67,0.30,0.20;
0.40,0.09,0.30;
-0.27,-0.28,0.19;
-0.73,-0.55,-0.19;
-1.01,-0.29,-0.25;
-0.79,-0.41,-0.38;
-0.24,-0.08,-0.18;
-1.05,0.53,-0.01;
-1.27,0.52,-0.10;
-0.20,-0.21,0.05;
1.37,-0.64,0.20;
1.36,-0.46,0.33;
0.18,-0.96,-0.16;
0.08,-0.64,-0.07;
0.64,-0.72,0.16;
0.29,-0.95,-0.13;
0.40,-0.09,-0.22;
-0.23,0.66,-0.33;
-0.24,0.03,-0.12;
0.37,-0.34,0.05;
0.14,-0.34,0.25;
-0.27,-0.93,0.01;
0.66,-1.02,-0.18;
1.11,-0.09,-0.30;
0.70,-0.03,0.22;
1.04,-0.79,0.01;
0.43,-0.55,0.05;
-0.87,-0.23,0.34;
-0.61,-0.50,0.33;
0.98,-0.41,0.17;
-0.29,-0.41,0.16;
-0.73,-0.55,0.08;
-0.96,-0.34,0.05;
-0.66,-0.12,0.13;
0.43,-0.02,-0.07;
0.66,0.09,0.05;
-0.08,-0.20,0.25;
0.61,-0.35,-0.09;
1.13,-1.16,-0.16;
0.82,-1.63,-0.09;
0.84,-1.22,0.19;
0.82,-0.63,0.31;
0.53,-0.60,0.30;
0.29,0.37,-0.18;
-0.26,0.35,-0.41;
0.73,-0.66,-0.04;
0.69,-1.09,0.04;
0.15,-0.89,0.04;
-0.50,-1.16,0.36;
-0.23,-0.69,0.17;
0.08,0.09,0.31;
0.41,0.26,-0.32;
0.95,0.27,-0.32;
1.94,-0.08,-0.04;
1.40,-0.64,0.10;
0.95,-0.70,0.34;
0.03,-0.83,0.39;
0.57,-0.34,0.34;
0.58,0.88,0.31;
-0.23,0.76,-0.18;
-1.21,0.46,-0.19;
-0.47,1.13,-0.32;
0.17,1.01,0.16;
0.24,-0.14,0.20;
1.07,-0.29,0.31;
1.08,-0.11,0.45;
-0.05,0.17,-0.10;
-0.99,0.88,-0.22;
-0.27,0.73,-0.28;
0.96,-0.23,-0.16;
1.65,0.49,0.05;
0.43,0.50,-0.33;
1.07,0.47,-0.18;
1.79,0.33,0.07;
1.11,0.61,0.05;
0.81,1.53,-0.18;
2.35,1.34,-0.18;
2.90,1.97,-0.04;
1.57,1.57,0.10;
1.25,1.25,0.54;
0.60,2.32,0.05;
-1.11,3.83,-0.74;
-0.72,4.09,-0.90;
1.48,3.01,-0.12;
1.80,2.99,0.37;
0.24,4.01,0.23;
0.57,4.64,-0.24;
2.67,3.92,-0.30;
3.69,3.89,-0.10;
3.05,5.22,-0.41;
1.50,8.76,-1.19;
-0.15,13.98,-2.35;
3.18,15.21,-1.63;
11.24,13.97,0.65;
15.08,14.90,1.78;
15.82,16.20,1.47;
14.87,15.34,0.25;
14.08,16.44,-0.70;
15.80,20.03,-0.64;
16.03,20.41,-0.68;
14.90,20.44,-0.97;
13.47,22.85,-1.51;
12.90,23.54,-2.28;
11.07,22.49,-2.85;
9.21,22.96,-3.03;
5.68,23.69,-2.42;
2.14,23.24,-2.42;
2.76,23.75,-2.33;
2.89,26.40,-1.81;
1.05,27.92,-1.45;
-1.48,28.88,-1.31;
-1.53,30.30,-0.97;
0.00,31.85,-1.00;
3.51,32.98,-0.57;
5.31,34.15,-0.48;
8.90,36.46,0.25;
13.24,37.75,1.30;
22.75,36.76,1.90;
30.66,37.60,1.94;
32.18,39.50,1.17;
26.78,39.43,-1.55;
16.95,43.05,-5.09;
6.79,44.73,-10.13;
4.64,49.83,-21.22;
2.63,56.00,-31.75;
8.24,58.14,-44.25;
8.41,59.24,-50.57;
8.93,58.38,-55.35;
23.73,51.62,-55.72;
36.35,48.00,-57.58;
34.50,50.56,-50.65;
24.84,52.30,-39.14;
16.14,52.14,-34.41;
12.52,51.24,-28.09;
18.72,55.71,-24.83;
19.77,64.09,-17.17;
10.37,67.42,-15.89;
6.84,71.80,-12.59;
-0.46,74.53,-12.07;
10.58,81.22,-12.35;
-37.80,83.19,-17.72;
-23.56,80.96,-15.05;
-23.40,76.40,-11.52;
-34.87,83.72,-13.12;
-33.82,82.00,-16.61;
-35.40,78.75,-17.48;
-43.05,78.06,-15.19;
-45.39,81.94,-14.48;
-33.88,87.13,-14.10;
-38.78,87.69,-16.76;
-41.39,83.66,-17.12;
-22.95,80.20,-15.77;
-6.76,86.18,-16.57;
0.40,91.60,-16.25;
5.65,92.59,-13.90;
7.60,94.49,-10.01;
10.29,92.18,-11.31;
5.37,90.85,-11.25;
6.08,90.61,-11.23;
5.30,91.97,-10.50;
-3.72,97.27,-10.80;
-0.24,100.12,-10.09;
-4.18,97.46,-9.35;
-7.08,93.63,-7.49;
-6.85,90.27,-7.86;
-0.17,89.37,-9.28;
6.18,91.60,-8.64;
7.51,94.11,-9.38;
14.05,94.41,-9.61;
12.90,94.93,-11.28;
10.72,92.38,-10.83;
10.98,92.01,-13.08;
10.14,91.50,-13.99;
11.50,91.62,-15.52;
11.13,87.16,-15.84;
11.92,87.11,-17.02;
13.01,85.69,-18.07;
14.52,84.82,-18.18;
12.79,81.59,-17.51;
16.86,78.69,-16.21;
22.55,77.45,-13.99;
23.01,75.36,-11.23;
20.93,74.64,-8.32;
17.33,71.62,-5.28;
16.11,69.04,-4.88;
16.06,66.12,-1.51;
14.89,65.04,-1.74;
15.98,61.13,-2.61;
15.97,59.88,-3.52;
15.92,54.99,-5.48;
16.35,51.33,-5.12;
12.38,48.78,-4.96;
12.24,46.76,-4.09;
9.28,44.35,-2.82;
7.30,41.05,-0.68;
7.21,38.50,0.65;
6.17,35.77,2.49;
3.65,32.64,3.09;
2.21,28.47,2.10;
2.52,25.36,1.03;
3.24,22.75,0.57;
5.63,19.86,-0.13;
6.31,18.27,-0.74;
6.82,15.97,-1.22;
7.66,14.44,0.69;
5.13,10.09,-1.14;
5.07,7.85,-0.65;
2.60,6.06,-1.02;
1.48,4.09,-0.38;
-0.96,1.07,-0.32;
-0.82,-0.37,-0.36;
0.21,-2.46,-0.18;
1.07,-3.77,0.28;
-0.29,-6.52,0.40;
0.03,-9.19,1.90;
-0.23,-10.35,2.83;
-0.70,-12.99,3.79;
-0.60,-14.40,4.60;
-1.62,-15.50,5.20;
-1.43,-18.58,4.81;
-1.05,-20.23,4.14;
2.86,-20.49,4.42;
6.37,-21.57,4.59;
8.52,-24.76,5.47;
6.93,-27.63,4.83;
5.08,-30.06,4.75;
5.34,-32.12,6.45;
3.24,-34.15,6.68;
2.99,-37.57,5.78;
2.72,-40.98,3.99;
2.57,-41.77,3.72;
2.69,-45.12,1.67;
2.41,-48.35,0.54;
0.55,-53.01,-0.71;
0.20,-55.05,-1.51;
-0.52,-55.96,-1.74;
-2.14,-56.78,-1.87;
-0.03,-60.31,-2.07;
-0.02,-62.93,-2.12;
-1.30,-63.21,-0.16;
0.20,-63.57,2.59;
-3.27,-65.91,4.19;
-4.60,-68.11,6.23;
-3.39,-70.31,9.64;
-6.32,-70.18,12.10;
-6.98,-70.52,15.10;
-5.63,-71.48,17.93;
-0.72,-74.17,19.73;
-1.72,-75.07,21.03;
-1.85,-78.25,23.36;
-4.46,-80.23,23.26;
-4.47,-81.01,22.13;
-5.25,-80.47,22.81;
0.95,-81.33,24.89;
1.73,-81.96,24.98;
-5.16,-82.32,24.62;
-5.76,-84.08,23.43;
-3.51,-84.34,20.22;
-4.53,-80.66,17.01;
-7.02,-77.79,14.77;
-7.07,-76.14,10.88;
-13.02,-76.47,7.21;
-19.92,-68.15,6.69;
-27.16,-66.28,3.97;
-22.75,-61.31,4.88;
-18.69,-55.94,3.47;
-16.03,-50.14,0.16;
-18.67,-46.66,-2.16;
-26.02,-46.31,-4.82;
-24.00,-49.12,-5.66;
-17.25,-54.64,-6.94;
-9.69,-58.98,-8.25;
-11.68,-60.95,-6.85;
-8.53,-63.34,-3.72;
-13.50,-66.02,-0.61;
-9.24,-68.92,3.75;
5.07,-69.67,6.65;
14.57,-68.70,7.94;
16.37,-68.34,9.65;
18.79,-68.50,11.26;
30.75,-67.18,13.44;
35.50,-66.54,12.04;
35.51,-66.72,11.50;
37.51,-67.92,12.33;
41.89,-67.45,12.33;
54.12,-68.46,16.55;
38.84,-74.89,20.77;
38.28,-73.04,21.88;
45.45,-72.15,23.82;
36.72,-70.03,22.65;
3.77,-69.63,19.73;
-0.05,-68.31,19.32;
1.69,-67.92,14.52;
-9.71,-66.49,14.83;
-18.72,-64.15,19.39;
2.86,-64.06,27.68;
2.40,-65.47,39.61;
-14.61,-67.27,54.69;
-24.55,-62.60,64.95;
-16.84,-46.70,63.04;
5.51,-37.79,62.63;
3.45,-39.63,64.81;
-0.73,-37.86,58.42;
-5.94,-38.06,55.87;
-4.60,-37.63,50.28;
-15.79,-30.60,36.19;
-27.04,-28.90,24.72;
-32.73,-27.27,19.29;
-33.59,-25.15,17.18;
-46.02,-25.51,13.76;
-37.34,-25.91,16.02;
-36.31,-28.75,14.91;
-35.71,-34.11,13.32;
-23.37,-34.70,13.13;
-17.50,-33.22,11.03;
-19.08,-34.99,12.39;
-22.53,-37.16,10.31;
-26.14,-31.47,6.51;
-18.75,-26.73,4.51;
-21.80,-23.05,3.53;
-13.98,-22.32,-1.31;
-17.50,-21.94,-1.67;
-23.76,-25.42,-1.22;
-21.01,-29.60,1.01;
-17.66,-30.73,1.97;
-19.07,-30.92,2.75;
-20.00,-32.20,2.20;
-24.18,-29.16,-0.76;
-22.21,-26.69,-0.07;
-24.67,-25.99,-0.27;
-22.02,-26.60,-2.70;
-16.99,-25.34,-3.75;
-12.12,-23.53,-3.69;
-9.71,-22.90,-4.41;
-13.10,-27.15,-3.03;
-10.66,-28.93,-0.42;
-1.13,-29.10,1.64;
2.78,-27.51,2.65;
6.81,-27.33,2.88;
8.96,-27.34,1.29;
2.17,-26.25,-0.62;
-3.60,-25.57,-1.72;
-4.35,-26.93,-2.90;
-3.19,-26.66,-3.02;
0.09,-24.86,-2.01;
1.44,-22.95,-1.89;
3.10,-20.63,-1.08;
6.06,-19.57,2.19;
6.93,-18.54,2.63;
7.86,-16.40,2.26;
3.98,-13.22,1.55;
-0.41,-10.60,0.60;
-2.81,-7.47,-0.07;
-5.18,-6.46,-0.82;
-5.83,-5.45,-0.85;
-5.28,-4.41,-0.42;
-5.45,-4.75,-0.67;
-5.68,-3.19,-0.53;
-5.22,-2.67,0.08;
-2.49,-4.17,0.23;
0.43,-4.70,0.51;
1.36,-4.08,0.81;
3.04,-3.94,0.94;
4.32,-4.55,0.57;
5.16,-4.72,0.37;
2.63,-4.08,0.65;
-0.52,-3.27,0.52;
-1.60,-2.81,0.23;
-4.56,-1.89,-0.51;
-6.17,-0.95,-0.97;
-4.64,-1.12,-1.12;
-3.60,-1.04,-1.26;
-2.40,-1.39,-0.71;
-2.81,-1.77,-0.47;
-1.63,-1.63,-0.42;
-1.04,-2.28,-0.56;
1.86,-3.34,-0.12;
3.65,-3.71,0.48;
2.67,-3.74,0.36;
2.26,-3.47,0.42;
1.33,-2.76,0.22;
-0.87,-2.11,-0.25;
-2.12,-1.45,-0.57;
-2.60,-2.63,-0.61;
-2.87,-2.58,-0.45;
-1.14,-2.55,-0.06;
0.05,-2.05,0.42;
0.64,-1.86,0.51;
0.21,-2.76,0.23;
0.14,-2.90,-0.21;
0.63,-3.33,-0.53;
1.71,-3.63,-0.45;
3.10,-3.54,-0.36;
2.95,-2.37,0.75;
1.44,-3.02,0.69;
-1.01,-2.84,0.01;
-4.05,-1.65,-0.79;
-4.34,-0.66,-0.88;
-3.01,0.01,-0.77;
-1.76,-0.05,-0.35;
-1.47,-0.73,-0.36;
-1.10,-0.76,-0.01;
-1.34,-1.02,-0.07;
-1.60,-0.76,-0.22;
0.52,0.14,-0.22;
2.23,0.75,0.07;
2.17,1.85,-0.09;
1.89,1.60,-0.16;
0.66,0.20,-0.16;
-0.76,0.37,0.22;
-1.69,1.22,-0.01;
-1.37,0.75,0.16;
-1.31,1.91,0.04;
-2.08,3.08,-0.03;
-1.45,2.93,-0.16;
-0.82,2.55,-0.50;
-0.52,1.50,-0.71;
0.73,1.04,0.20;
1.97,1.07,0.78;
1.16,0.12,0.60;
0.78,1.05,0.20;
-0.14,2.46,0.13;
-0.92,1.53,0.02;
-0.06,0.85,0.20;
0.31,1.33,-0.28;
-0.21,1.72,-0.39;
-0.05,2.52,-0.18;
0.93,1.48,0.26;
1.22,1.22,0.72;
-0.21,0.90,0.59;
-1.54,0.72,-0.09;
-1.39,0.26,-0.47;
0.57,-0.21,-0.41;
3.66,-0.87,0.17;
4.12,-1.30,0.63;
3.16,-1.77,0.83;
0.99,-0.99,0.40;
-0.73,0.27,0.07;
-0.29,0.87,-0.36;
0.49,0.26,-0.24;
1.37,-0.44,0.23;
1.21,-1.31,0.05;
0.81,-1.34,0.28;
0.21,-0.69,-0.03;
0.24,-0.25,0.13;
1.10,-0.37,0.54;
1.24,-0.18,0.45;
0.78,-0.69,0.43;
0.90,-1.68,0.33;
2.05,-2.55,0.22;
3.42,-2.66,0.34;
2.75,-2.47,0.33;
2.28,-2.57,0.10;
3.53,-1.89,0.37;
1.82,-1.73,0.22;
0.64,-2.05,-0.32;
1.54,-2.66,0.14;
1.37,-3.16,0.43;
0.93,-2.79,0.43;
-0.09,-1.73,0.23;
-2.08,0.46,-0.57;
-2.32,1.27,-0.45;
-0.63,0.27,-0.01;
0.81,-0.66,0.19;
1.07,-1.51,0.10;
-0.40,-1.53,-0.12;
-0.67,-0.23,-0.16;
0.79,0.27,0.23;
1.15,0.53,0.22;
1.24,0.38,0.55;
1.18,-0.18,0.59;
-0.84,-0.41,-0.13;
-3.21,-0.23,-0.51;
-3.07,-0.11,-0.27;
-1.89,0.41,-0.01;
-1.02,0.85,0.26;
-1.69,1.50,0.23;
-1.40,0.96,0.34;
-0.43,0.35,0.69;
0.90,-0.20,0.81;
0.18,-1.30,0.42;
-1.74,-1.04,-0.47;
-2.87,0.59,-0.74;
-2.21,1.10,-0.33;
-1.31,0.33,-0.09;
-0.27,0.17,0.46;
1.16,-0.11,0.11;
0.41,-0.67,-0.09;
-0.15,-1.33,-0.06;
0.66,-2.06,0.10;
0.11,-1.13,-0.13;
-1.14,0.66,-0.33;
-1.24,1.08,-0.54;
-0.17,0.69,-0.06;
0.28,-0.03,0.31;
0.14,-1.04,0.31;
0.49,-1.50,0.08;
1.59,-1.21,-0.06;
1.62,-1.47,0.11;
-0.24,-0.86,0.16;
-1.72,-0.02,-0.18;
-1.51,0.06,-0.22;
-0.40,-0.23,-0.22;
0.37,0.08,0.28;
1.42,-0.46,0.48;
1.27,0.09,0.57;
0.02,0.24,0.13;
-1.60,0.20,-0.48;
-1.07,0.38,-0.38;
0.44,-0.12,-0.19;
0.98,-1.38,0.19;
1.10,-1.57,0.16;
0.53,-1.15,0.49;
0.18,-0.26,0.28;
0.15,0.01,0.08;
0.12,0.08,0.01;
-0.38,0.75,0.05;
-0.79,-0.28,-0.35;
-0.92,-0.57,-0.03;
-0.66,-0.31,-0.16;
0.95,-1.01,0.11;
1.82,-0.26,0.17;
0.89,0.53,0.11;
0.84,0.55,0.49;
0.32,0.66,0.43;
-1.63,1.08,-0.03;
-2.02,0.50,-0.18;
-0.92,-0.40,0.04;
0.28,-0.17,-0.10;
-0.96,-0.29,-0.07;
-1.01,-0.12,0.04;
-0.99,1.04,0.19;
-0.95,0.38,0.25;
-0.15,0.04,-0.13;
1.31,-0.21,0.04;
0.99,-0.40,0.28;
1.04,-0.89,0.42;
0.86,0.14,0.37;
-2.02,0.76,-0.21;
-1.63,0.29,-0.53;
1.11,0.15,-0.38;
1.63,-0.93,0.05;
1.27,-0.73,0.36;
-0.31,0.26,0.39;
-0.95,0.43,-0.01;
-0.18,0.40,0.10;
-0.09,1.08,-0.25;
-0.03,1.08,0.04;
0.63,0.14,0.28;
0.60,-0.43,0.28;
-0.81,-0.66,0.17;
-1.53,-0.34,0.08;
-1.01,1.08,-0.36;
-0.15,1.59,-0.22;
-0.18,1.50,-0.33;
0.28,0.95,0.07;
1.24,-0.50,0.54;
0.23,-1.39,0.43;
-0.96,-1.63,-0.53;
-0.14,-0.72,-0.28;
0.06,0.29,-0.36;
0.38,1.07,0.23;
0.43,1.59,0.11;
-0.63,1.46,0.07;
-0.76,-0.12,0.05;
0.61,-1.13,0.02;
1.36,-1.56,0.08;
1.13,-1.82,0.28;
0.78,-0.32,0.02;
0.46,1.40,-0.30;
-1.54,2.11,-0.47;
-1.40,1.54,-0.35;
0.82,0.46,0.28;
0.86,-0.23,0.49;
0.37,-1.54,0.46;
-0.31,-1.38,0.08;
-0.78,0.35,0.01;
-1.07,1.34,-0.28;
0.14,0.93,-0.24;
0.66,0.84,-0.04;
0.78,-0.15,0.60;
1.63,-1.83,0.81;
-0.15,-1.24,0.28;
-1.60,-0.40,-0.41;
-0.87,0.55,-0.74;
0.89,1.34,-0.28;
1.57,0.49,0.34;
1.76,-0.67,0.46;
0.06,-0.38,0.26;
-1.22,0.17,-0.30;
1.01,-0.35,-0.10;
1.39,-0.08,-0.21;
0.09,0.90,-0.21;
-0.38,1.72,-0.19;
1.80,0.14,0.22;
2.72,-0.93,1.00;
0.61,-0.11,0.84;
-0.32,0.43,0.07;
-0.21,0.76,-0.64;
0.98,1.54,-0.24;
1.25,1.79,0.05;
-0.05,2.26,0.10;
0.69,1.08,0.25;
1.69,0.04,0.51;
0.82,-0.41,0.48;
-0.02,0.52,0.36;
-0.79,2.30,-0.38;
0.03,3.19,-1.05;
3.48,3.10,-0.76;
6.53,1.43,-0.01;
6.67,0.21,0.74;
6.15,0.38,0.72;
7.10,1.11,0.59;
8.58,2.12,0.77;
8.60,2.87,1.07;
8.20,5.07,0.88;
7.89,7.57,0.30;
7.86,9.24,0.16;
7.76,9.45,-0.15;
8.35,9.43,0.07;
10.20,10.00,0.49;
10.20,11.72,-0.06;
8.14,15.07,-0.94;
5.79,18.53,-1.70;
6.90,19.50,-1.37;
8.61,19.98,-0.79;
7.60,21.33,-1.00;
4.43,22.11,-1.98;
2.05,22.81,-2.82;
2.09,23.82,-2.82;
3.04,25.25,-2.57;
2.75,27.66,-2.54;
-0.60,30.61,-3.09;
-2.41,31.88,-3.32;
-0.35,32.59,-3.16;
3.59,32.70,-2.04;
4.52,34.82,-1.08;
5.11,36.12,-0.18;
7.92,37.40,0.69;
12.17,38.12,1.53;
18.05,40.55,2.81;
26.46,42.76,4.01;
33.98,44.78,4.71;
38.03,46.78,3.96;
39.25,48.85,3.17;
27.79,49.11,1.24;
7.40,50.52,-3.16;
-1.62,50.75,-7.84;
-11.25,54.73,-17.35;
-1.86,62.73,-28.18;
1.73,63.83,-35.09;
11.50,63.60,-45.92;
22.84,62.03,-54.42;
13.54,61.82,-56.79;
32.52,60.20,-58.65;
45.19,58.84,-55.22;
38.84,59.77,-51.77;
6.08,61.59,-43.16;
-11.48,61.79,-33.46;
-2.90,63.17,-25.67;
-5.45,67.54,-20.94;
-5.10,73.45,-18.79;
-15.13,78.58,-16.99;
-4.60,81.02,-14.07;
-35.05,88.67,-17.25;
-36.50,89.88,-17.93;
-39.31,83.46,-14.07;
-38.03,83.21,-10.01;
-35.11,90.38,-10.35;
-43.24,94.15,-11.84;
-46.81,94.95,-9.69;
-50.15,87.40,-8.35;
-44.34,84.85,-9.75;
-32.61,88.12,-11.74;
-12.73,91.97,-17.72;
-8.05,93.54,-17.64;
-3.37,93.27,-17.61;
-10.64,89.92,-17.87;
3.86,92.43,-16.45;
19.85,95.77,-15.20;
22.53,92.87,-12.01;
15.57,91.33,-8.45;
10.29,94.70,-7.16;
6.20,94.26,-5.93;
-5.50,94.40,-2.48;
-3.18,92.40,-1.58;
2.73,90.56,-1.12;
0.31,91.27,-4.33;
-2.56,92.62,-4.51;
2.98,89.68,-5.83;
8.38,88.79,-7.49;
15.05,90.50,-7.05;
19.53,90.79,-6.65;
18.44,88.46,-8.54;
15.07,87.66,-11.32;
12.90,88.55,-13.67;
14.02,86.06,-14.62;
15.63,84.66,-14.38;
17.25,84.87,-14.96;
18.31,81.77,-16.30;
16.23,82.50,-16.67;
17.98,82.73,-14.41;
19.28,83.22,-13.34;
17.01,79.74,-13.93;
18.95,77.24,-12.48;
20.92,77.69,-13.11;
21.66,74.87,-11.32;
21.05,71.10,-7.96;
17.04,67.08,-5.63;
17.33,66.62,-4.70;
16.57,64.90,-4.51;
17.13,61.53,-2.96;
18.47,60.93,-2.38;
20.31,58.58,-2.25;
19.83,55.42,-1.70;
15.97,53.80,-1.17;
13.68,51.50,-1.19;
8.31,49.71,-1.99;
5.42,45.69,-3.00;
5.48,43.10,-3.63;
2.21,38.26,-4.76;
3.37,34.32,-5.02;
6.61,31.02,-6.21;
6.76,29.11,-3.89;
5.56,24.52,-6.82;
2.75,20.49,-6.77;
3.85,11.17,0.17;
-1.53,7.86,-2.77;
-2.23,4.00,-1.35;
-1.45,0.87,-0.48;
-2.29,-3.59,-0.32;
-5.28,-10.32,-0.44;
-4.23,-14.32,0.57;
-3.47,-16.08,1.13;
-2.20,-19.60,2.37;
-2.44,-23.45,3.94;
-1.16,-26.05,6.20;
-0.49,-30.11,8.28;
1.94,-33.21,9.46;
2.98,-36.12,11.50;
5.86,-37.53,11.43;
5.71,-38.92,10.45;
5.66,-40.73,7.10;
6.09,-43.42,4.42;
6.31,-47.02,1.53;
6.00,-50.17,0.40;
6.18,-52.55,0.07;
7.56,-57.80,-1.08;
5.15,-60.99,-1.64;
3.82,-63.25,-2.27;
1.15,-66.28,-4.94;
-3.54,-67.10,-3.86;
-4.17,-70.23,-1.92;
-2.08,-72.41,-0.42;
-6.44,-74.03,1.64;
-6.67,-75.28,5.43;
-6.24,-78.64,9.41;
-10.24,-80.09,13.82;
-8.81,-80.43,17.17;
-2.23,-80.69,17.94;
-0.41,-83.57,16.59;
-4.32,-82.79,15.46;
0.23,-82.23,13.50;
-5.89,-84.57,11.64;
-3.34,-86.55,11.75;
-4.05,-87.96,12.80;
-5.45,-87.24,13.79;
-11.18,-86.87,15.13;
-8.82,-85.56,16.65;
-5.59,-86.15,16.05;
-9.31,-84.79,16.37;
-10.03,-81.68,17.15;
-4.29,-81.05,17.87;
-0.17,-78.47,14.84;
-2.93,-73.76,12.23;
-9.48,-70.50,11.23;
-10.93,-70.90,8.05;
-6.84,-70.32,4.88;
-3.37,-68.02,3.79;
-1.71,-66.06,3.68;
4.37,-63.79,2.94;
2.96,-62.52,2.25;
-1.69,-60.73,1.97;
-1.85,-59.34,1.32;
-3.40,-59.59,0.55;
-3.65,-60.29,0.10;
-4.23,-61.79,-0.99;
-3.45,-61.34,-0.97;
5.53,-64.20,1.07;
12.15,-66.32,4.04;
10.69,-68.12,7.21;
13.44,-68.08,12.17;
26.69,-69.63,15.03;
37.44,-70.78,16.30;
21.27,-70.89,17.32;
35.68,-72.15,18.78;
28.20,-71.54,21.52;
24.14,-70.99,23.41;
39.37,-70.40,25.43;
45.37,-69.62,26.31;
32.67,-68.78,23.81;
13.56,-66.96,22.95;
15.62,-66.61,26.02;
17.19,-68.63,30.40;
20.93,-69.44,40.31;
19.25,-65.94,49.01;
13.02,-68.49,61.93;
2.08,-69.25,76.26;
-8.99,-58.37,71.58;
-4.08,-44.79,70.26;
3.54,-40.99,67.73;
-2.69,-40.92,61.82;
-12.46,-38.34,57.30;
-35.71,-35.89,48.59;
-32.60,-30.90,34.14;
-30.35,-27.97,25.76;
-21.77,-26.55,21.13;
-13.91,-24.60,19.53;
-28.72,-27.05,21.64;
-19.71,-28.55,25.70;
-15.30,-32.61,26.46;
-23.54,-30.26,21.04;
-23.13,-31.71,18.20;
-23.07,-32.47,12.54;
27.82,-27.07,5.58;
-33.07,-22.70,5.29;
-42.31,-22.52,4.75;
-42.09,-22.84,5.18;
36.03,-24.08,5.43;
-27.24,-24.76,5.09;
-18.90,-25.09,5.44;
-21.85,-30.58,4.77;
-18.03,-32.92,4.26;
-20.06,-33.07,3.64;
-16.76,-33.59,4.37;
-11.07,-34.05,2.68;
-6.75,-34.72,1.76;
-2.61,-37.45,3.00;
-6.89,-40.02,2.40;
-12.72,-43.30,1.36;
-9.69,-48.29,0.84;
-5.37,-50.03,-0.28;
-7.53,-48.49,-2.64;
-8.87,-45.67,-2.87;
-2.70,-44.18,-2.39;
2.96,-43.04,-1.99;
5.98,-37.57,-1.57;
8.46,-29.73,-1.17;
6.08,-23.21,-0.79;
5.47,-15.36,0.55;
2.61,-6.41,1.35;
-1.69,0.26,0.65;
-9.88,7.11,0.49;
-14.93,11.46,0.86;
-16.50,11.45,-0.06;
-16.03,8.15,-1.08;
-14.49,4.17,-1.80;
-12.43,1.33,-2.07;
-7.40,-1.68,-1.63;
-0.08,-5.09,0.34;
4.02,-7.56,1.41;
4.81,-8.46,2.05;
4.20,-7.21,2.46;
4.52,-6.73,2.68;
5.19,-5.38,2.14;
4.15,-3.18,1.97;
1.10,-1.42,1.68;
-1.72,0.04,0.52;
-5.01,1.68,-0.97;
-8.38,3.60,-1.14;
-10.78,5.14,-0.71;
-9.74,5.21,-0.18;
-9.22,4.66,-0.04;
-11.36,5.14,-0.51;
-9.95,6.12,0.07;
-4.82,5.51,0.37;
2.09,2.81,0.02;
3.92,0.40,-0.42;
4.99,-0.50,-0.87;
4.29,-1.24,-0.61;
3.48,-2.38,0.81;
4.21,-3.22,1.33;
3.11,-3.38,1.09;
-0.61,-2.43,0.22;
-2.76,0.87,0.26;
-3.30,0.91,-1.37;
-4.26,1.83,-1.67;
-5.45,2.81,-1.02;
-4.72,3.14,-0.12;
-3.31,1.53,0.25;
-1.82,0.30,0.07;
0.81,-0.70,-0.16;
2.28,-2.03,0.05;
3.30,-1.60,1.01;
1.76,-0.73,0.39;
0.92,0.09,-0.10;
0.06,-0.26,-0.06;
-1.14,-1.41,-0.25;
-1.40,-2.05,0.05;
-2.58,-2.90,-0.35;
-3.30,-3.48,-0.65;
-3.39,-2.81,-0.41;
-3.85,-2.05,-0.51;
-2.64,-2.20,-0.65;
-1.40,-1.28,-0.67;
-1.30,-2.06,-0.33;
0.32,-4.12,0.17;
2.00,-4.75,-0.18;
1.88,-5.12,-0.18;
1.88,-4.55,-0.27;
2.72,-3.79,0.11;
2.17,-3.88,0.04;
-1.54,-3.85,0.13;
-4.81,-3.92,0.14;
-5.65,-4.44,-0.13;
-5.66,-4.78,-0.51;
-6.18,-4.40,-0.76;
-6.34,-2.92,-0.91;
-4.98,-1.33,-0.99;
-3.22,-0.43,-0.53;
-0.67,1.10,0.10;
-0.67,0.99,0.16;
-0.64,-0.20,0.14;
0.35,-1.10,0.45;
-0.12,-1.54,0.25;
0.58,-2.06,0.30;
1.54,-1.36,0.78;
2.02,-0.75,0.75;
1.05,-0.34,0.83;
0.63,-0.40,0.51;
-0.37,-0.38,0.20;
-1.60,-1.15,0.08;
-1.56,-1.15,-0.18;
-0.31,-1.42,0.07;
-0.44,-1.62,-0.18;
-1.65,-0.54,0.04;
-1.18,0.17,0.59;
-0.66,-0.06,0.59;
-1.86,0.29,0.37;
-1.10,-0.44,0.31;
0.79,-1.56,-0.16;
0.09,-2.32,-0.67;
-0.84,-3.67,-0.53;
-1.05,-2.93,-0.07;
-0.29,-2.32,0.28;
-0.72,-0.63,0.20;
0.60,-0.37,0.10;
2.08,-1.12,0.33;
1.19,-1.39,0.25;
-0.17,-2.17,0.04;
-0.12,-1.94,-0.13;
0.09,-2.15,-0.07;
-0.81,-0.89,0.04;
0.41,-0.73,0.19;
1.15,-0.79,0.31;
1.59,-1.13,0.26;
0.55,-1.22,0.04;
0.09,-0.98,0.39;
1.18,-2.00,0.48;
0.44,-1.74,0.55;
-0.78,-1.10,0.07;
-1.02,-0.60,-0.28;
-0.60,-0.28,-0.32;
0.09,0.04,-0.04;
1.27,-0.70,0.68;
0.99,-0.52,0.72;
0.87,0.11,0.49;
1.65,-0.47,0.31;
-0.26,-0.57,0.01;
-0.24,0.35,0.11;
-0.79,-0.26,0.23;
-1.80,-0.57,0.31;
-1.16,0.38,0.04;
0.24,0.59,0.01;
0.76,0.21,0.25;
1.28,-0.49,0.33;
1.04,-0.55,0.48;
0.34,-0.44,0.07;
-0.47,0.56,-0.10;
0.40,0.20,0.36;
1.21,-0.28,0.52;
0.46,-0.52,0.46;
-0.53,-1.39,0.10;
-2.06,-1.47,-0.42;
-1.85,-0.23,-0.35;
-0.50,-0.21,-0.21;
0.78,0.03,0.20;
0.84,0.41,0.75;
0.03,0.17,0.39;
-0.98,-0.90,-0.06;
-1.68,-1.60,-0.21;
-1.25,-1.44,-0.12;
0.53,-2.14,-0.21;
1.57,-1.80,0.23;
1.42,0.14,0.49;
0.86,0.52,0.42;
-0.18,1.01,0.14;
-1.39,0.09,0.11;
-0.56,-1.89,0.40;
-0.78,-3.21,0.16;
-0.87,-1.73,-0.03;
-0.66,0.15,-0.25;
-0.84,0.82,0.01;
-0.49,0.75,0.39;
0.24,0.14,0.51;
-0.60,-0.18,0.20;
-0.70,-0.44,-0.39;
0.78,-1.18,-0.24;
0.34,-0.66,-0.06;
1.02,-0.66,0.37;
0.05,-0.44,0.31;
-1.39,0.11,0.45;
-1.51,-0.00,0.05;
-0.41,-0.67,0.11;
0.46,-0.21,0.26;
0.09,-0.38,-0.01;
0.06,-0.58,-0.07;
0.17,-0.66,0.40;
-0.78,-0.60,0.69;
-1.08,-0.57,0.49;
-0.31,0.33,0.31;
-1.13,1.07,-0.07;
-1.14,0.67,-0.22;
-0.24,0.04,0.14;
0.32,-0.50,0.45;
-0.06,-0.67,0.23;
-0.27,-0.06,-0.01;
1.34,-0.31,0.74;
0.92,-0.00,0.45;
0.34,0.64,0.63;
-0.43,-0.32,0.13;
-0.84,0.20,-0.13;
-1.19,0.98,-0.25;
-0.81,0.82,-0.24;
0.47,0.18,0.05;
1.11,-0.44,0.39;
0.79,-0.79,0.39;
-0.14,-0.90,0.11;
0.44,-0.06,0.17;
1.88,0.67,0.40;
1.86,0.99,0.22;
0.92,0.72,0.28;
-0.56,0.12,0.16;
-0.99,0.21,-0.04;
-0.95,-0.28,-0.03;
-0.49,-1.05,0.01;
-0.14,0.06,0.17;
-0.12,-0.06,0.23;
0.15,-0.28,0.19;
1.28,0.03,0.40;
1.98,-0.75,-0.03;
3.05,-1.02,0.57;
2.92,-1.50,0.66;
-0.24,-0.58,0.30;
-1.62,-0.05,0.16;
-1.71,-0.02,-0.16;
-0.99,0.44,0.10;
-0.18,0.26,0.17;
0.05,-0.14,0.13;
-0.81,-0.06,0.19;
-0.85,-0.08,0.43;
-0.49,-1.31,0.17;
0.72,-1.92,0.25;
1.05,-1.73,0.01;
0.99,-0.75,0.28;
0.20,0.15,-0.01;
-0.87,0.23,0.04;
-0.70,0.59,0.08;
-0.26,0.06,0.05;
0.70,-1.70,-0.27;
0.58,-1.79,-0.15;
-0.24,-1.71,0.07;
0.44,-1.18,0.25;
0.47,-0.50,0.23;
-0.73,0.35,0.05;
0.28,-0.03,0.16;
1.56,-1.07,0.04;
1.48,-0.69,0.28;
-0.18,-1.02,0.16;
-1.47,-0.81,0.20;
-1.18,-0.12,0.23;
-2.35,0.66,-0.24;
-2.46,1.16,-0.65;
-0.58,0.62,-0.22;
-0.43,0.33,-0.27;
-0.55,-0.43,-0.12;
-0.34,-1.38,0.07;
-0.20,-1.19,0.17;
0.44,-0.32,0.10;
1.05,-0.43,0.26;
-0.12,-0.32,-0.21;
-0.67,-0.05,-0.87;
-0.20,-0.06,-0.42;
0.23,-1.41,0.30;
0.20,-1.76,0.62;
0.89,-0.84,0.59;
0.23,-0.43,0.16;
-0.52,-0.05,-0.42;
-0.93,0.56,-0.65;
-1.50,0.30,-0.12;
-0.70,-0.55,0.31;
1.02,-1.25,0.55;
0.87,-1.30,0.39;
0.70,-0.86,-0.21;
1.15,-1.42,0.05;
0.06,-0.72,-0.06;
-1.79,-0.00,-0.25;
-1.98,-0.49,-0.18;
0.31,-1.27,0.26;
1.47,-1.25,0.26;
1.56,-0.81,0.07;
0.63,-0.26,-0.25;
0.26,-0.46,-0.32;
-0.21,-0.28,-0.01;
-0.61,-0.08,-0.06;
-0.43,-0.96,0.14;
1.25,-1.74,0.10;
1.33,-0.98,-0.01;
0.72,-1.16,0.11;
0.92,-0.73,0.26;
0.67,0.79,0.10;
0.98,1.01,-0.07;
2.31,-0.12,0.42;
2.18,-0.98,0.28;
2.21,-1.42,0.04;
2.09,-0.99,-0.07;
1.40,0.46,-0.39;
2.72,0.93,0.08;
4.57,0.91,0.46;
2.09,2.32,0.40;
-5.88,6.87,-1.69;
-7.36,13.91,-3.49;
0.31,11.65,-1.80;
12.67,14.64,1.27;
17.82,18.64,2.54;
18.21,13.04,1.61;
22.61,14.09,0.71;
27.02,16.96,1.62;
28.44,12.62,2.63;
32.52,10.84,2.72;
33.76,14.73,2.08;
30.12,15.94,0.83;
23.15,14.49,-0.28;
19.22,15.30,-1.57;
17.33,16.62,-1.67;
15.02,16.99,-1.45;
10.84,18.53,-1.26;
9.25,20.96,-1.69;
8.64,23.02,-2.36;
9.31,25.80,-3.12;
4.66,28.11,-3.67;
-2.75,29.19,-4.57;
-6.26,29.92,-5.31;
-5.42,32.46,-4.53;
-6.15,33.88,-3.78;
-8.52,34.37,-3.02;
-6.49,33.80,-4.19;
-3.98,32.33,-4.44;
-2.53,30.52,-4.01;
1.22,29.98,-3.08;
4.41,31.71,-1.23;
6.67,33.62,1.10;
12.53,32.33,2.49;
12.05,30.40,2.89;
9.63,32.79,2.49;
6.55,41.13,0.72;
2.92,46.38,-2.27;
-13.42,49.14,-8.27;
-44.92,55.74,-17.49;
-43.83,63.53,-27.98;
-25.85,65.56,-38.68;
-6.26,65.82,-47.38;
11.28,64.84,-60.13;
24.05,58.76,-64.47;
42.32,47.22,-66.25;
50.55,38.58,-68.16;
45.53,41.33,-58.64;
41.76,41.50,-58.62;
21.10,43.75,-47.75;
7.36,45.97,-39.51;
5.57,49.48,-31.57;
-0.40,56.30,-26.74;
-10.55,64.04,-20.82;
-14.67,73.10,-17.29;
-30.79,82.30,-17.08;
-55.07,84.50,-17.00;
-37.18,85.92,-20.65;
-30.00,87.02,-15.11;
-25.14,90.09,-11.87;
-8.40,92.11,-8.28;
-31.60,86.82,-6.99;
-27.42,86.03,-6.68;
-15.31,88.88,-10.27;
-26.90,92.15,-12.57;
-27.01,94.11,-12.54;
-21.92,93.85,-14.48;
-24.69,90.21,-17.69;
-32.81,92.88,-19.67;
-24.37,101.66,-21.80;
-18.34,102.44,-20.90;
-0.11,96.44,-16.80;
8.79,95.48,-12.80;
10.38,96.04,-10.62;
3.47,99.75,-7.31;
1.76,101.79,-5.31;
-3.86,97.39,-8.74;
-10.35,96.69,-10.47;
-8.58,99.89,-10.96;
-3.27,95.75,-12.01;
-2.89,92.06,-8.97;
0.90,96.41,-7.09;
2.03,95.63,-4.97;
6.64,95.46,-1.87;
12.15,97.07,-2.10;
9.86,97.86,-2.33;
10.75,95.83,-5.12;
16.28,92.95,-9.70;
17.18,93.88,-9.84;
16.87,91.77,-10.36;
19.92,89.16,-9.22;
22.37,87.60,-8.21;
24.98,88.46,-4.93;
26.31,88.78,-2.71;
25.73,88.52,-1.32;
24.52,88.46,-1.35;
21.56,86.70,-1.19;
22.67,86.09,-1.25;
19.95,84.46,-1.49;
22.17,80.61,-0.16;
18.00,75.54,-0.06;
16.41,71.53,0.98;
15.50,71.80,4.10;
10.28,69.22,4.68;
12.40,65.56,4.33;
10.55,64.17,1.87;
10.84,60.72,0.26;
3.31,63.91,8.39;
10.41,56.30,-1.77;
7.56,51.80,-4.06;
4.06,48.46,-5.46;
4.09,38.04,-4.07;
3.28,28.69,-1.31;
0.12,28.06,-3.45;
1.01,25.74,-4.06;
1.89,20.18,-4.07;
1.74,18.59,-2.85;
0.14,12.84,-2.51;
0.53,8.53,-2.22;
-1.36,3.63,-2.61;
-3.07,0.30,-1.17;
-2.50,-4.84,-0.70;
-4.53,-9.97,0.16;
-3.30,-15.12,0.48;
-4.75,-17.21,1.50;
-3.01,-21.15,2.81;
-0.44,-25.73,3.81;
2.78,-29.79,3.58;
4.93,-33.10,4.17;
7.63,-35.60,4.62;
7.02,-39.28,5.49;
9.59,-43.30,4.66;
10.93,-46.06,3.88;
12.87,-49.07,2.30;
10.00,-52.23,-0.07;
6.49,-55.88,-1.81;
0.82,-59.76,-4.68;
-2.35,-62.87,-6.01;
-4.84,-64.72,-6.35;
-5.97,-67.71,-4.85;
-6.96,-69.85,-4.21;
-5.37,-73.22,-3.74;
-5.60,-74.31,-2.10;
-6.40,-73.54,0.34;
-1.91,-73.21,0.22;
0.76,-75.54,0.37;
-4.85,-74.44,2.68;
-6.81,-74.58,3.68;
-4.50,-76.06,4.13;
-6.15,-76.93,7.35;
-7.71,-76.26,10.68;
-9.63,-76.89,12.46;
-10.95,-78.43,12.71;
-10.20,-80.21,12.40;
-13.21,-80.66,12.39;
-14.05,-80.69,12.77;
-8.05,-82.15,12.78;
-9.62,-83.74,13.56;
-8.40,-85.82,14.60;
-5.92,-86.72,15.59;
-4.73,-84.20,16.71;
-4.67,-84.35,15.91;
-5.77,-84.61,16.30;
-6.29,-85.74,16.26;
-4.08,-84.75,16.05;
-3.91,-82.79,16.25;
-5.30,-79.63,15.46;
-5.36,-77.42,15.73;
-5.43,-76.12,15.10;
-11.39,-73.34,14.02;
-8.93,-69.70,14.13;
-4.03,-69.59,13.78;
2.18,-68.40,13.65;
4.61,-65.86,13.39;
12.87,-63.22,11.53;
11.56,-58.99,8.11;
6.86,-57.76,5.96;
10.02,-59.79,5.29;
20.29,-59.36,4.97;
21.28,-59.22,4.98;
26.41,-61.15,7.07;
26.98,-63.86,8.26;
24.06,-67.99,11.00;
27.86,-70.38,13.52;
32.63,-68.90,15.52;
37.56,-68.49,19.36;
39.40,-70.08,19.21;
38.05,-71.56,20.10;
48.87,-70.67,20.84;
43.31,-68.99,22.07;
37.79,-68.93,21.21;
36.69,-69.21,18.75;
30.47,-68.03,17.20;
19.77,-69.39,18.55;
18.61,-71.77,19.33;
15.22,-67.25,23.39;
18.40,-62.14,28.94;
20.57,-66.90,36.30;
-5.05,-71.71,48.30;
-15.47,-67.47,57.99;
-26.37,-58.46,64.81;
-22.63,-50.21,63.13;
-8.31,-44.78,60.95;
-9.45,-40.43,59.94;
-17.88,-36.23,54.69;
-24.32,-36.47,53.79;
-46.90,-41.38,47.20;
-47.28,-37.73,34.72;
-27.53,-37.01,28.08;
-11.74,-39.22,27.12;
-4.00,-43.09,26.89;
-11.19,-42.00,22.49;
-27.21,-40.47,21.24;
-23.22,-40.73,16.66;
-22.26,-41.44,17.15;
-17.60,-39.71,15.81;
-19.59,-37.92,14.98;
-27.04,-34.25,15.70;
-31.91,-33.41,12.31;
-37.71,-30.64,9.07;
-41.51,-26.81,6.88;
-39.37,-27.27,5.55;
-32.90,-28.03,3.75;
-25.63,-26.72,2.34;
-21.22,-28.50,1.46;
-26.92,-25.79,0.23;
-32.34,-21.96,0.39;
-27.05,-20.46,0.08;
-17.62,-20.49,-0.77;
-8.46,-22.26,2.17;
0.32,-27.34,3.70;
2.35,-31.45,3.76;
-1.54,-31.42,3.47;
-9.53,-29.73,1.91;
-9.77,-30.87,0.45;
-7.22,-32.26,-0.93;
-8.23,-34.34,-2.39;
-6.99,-36.95,-1.95;
-4.93,-39.44,-1.83;
-3.88,-37.60,-2.18;
-4.44,-36.37,-2.99;
-1.62,-35.07,-2.82;
1.98,-32.99,-2.39;
1.39,-28.84,-2.38;
0.03,-21.05,-1.96;
5.86,-17.71,-0.76;
6.09,-15.54,0.92;
-2.15,-9.30,0.94;
-9.62,-3.76,1.18;
-10.70,-0.46,2.05;
-12.99,4.98,2.20;
-13.31,6.91,0.75;
-12.44,6.99,-0.96;
-14.35,7.94,-2.27;
-13.97,7.39,-2.87;
-11.25,5.66,-2.36;
-6.02,1.48,-1.20;
2.21,-3.54,0.84;
4.23,-3.50,1.73;
3.22,-1.50,1.68;
4.72,-1.56,1.75;
6.75,-1.80,1.18;
5.39,-0.75,0.86;
1.76,0.29,0.34;
-3.31,0.66,0.25;
-3.56,1.21,0.54;
-4.17,2.76,0.95;
-7.37,4.78,0.81;
-10.82,5.27,-0.28;
-10.78,5.42,-0.88;
-8.32,5.24,-1.00;
-5.43,3.79,-1.31;
-2.96,2.29,-1.19;
-1.16,1.34,-0.56;
0.67,-0.54,0.22;
1.39,-0.98,0.91;
1.80,-1.63,0.88;
2.92,-2.64,0.31;
2.14,-0.93,0.20;
0.78,-0.35,-0.09;
1.54,-1.16,0.40;
0.38,-2.11,0.62;
-3.71,-0.57,0.26;
-5.05,0.47,-0.48;
-5.98,1.89,-0.99;
-2.96,1.56,-0.51;
-0.44,0.81,-0.22;
1.02,-0.84,-0.10;
0.37,-2.15,-0.35;
1.08,-2.89,0.04;
3.79,-2.89,0.62;
4.43,-3.22,0.36;
4.79,-3.04,0.94;
3.94,-3.27,0.86;
3.97,-2.90,0.80;
2.11,-1.33,0.31;
-1.21,0.32,-0.32;
-1.14,1.08,-0.51;
0.12,0.91,-0.10;
-0.75,-0.12,0.22;
-1.48,-1.44,-0.01;
-2.02,-1.36,-0.30;
-2.55,-0.63,-0.24;
-0.78,-1.21,-0.01;
1.36,-1.57,0.54;
2.73,-1.47,0.75;
2.29,-2.18,0.25;
1.73,-2.21,-0.56;
4.17,-2.28,-0.38;
6.09,-3.30,0.25;
4.81,-2.58,0.97;
1.33,-1.76,0.84;
-2.67,-0.06,0.08;
-4.40,0.26,-0.56;
-4.40,1.28,-0.65;
-4.15,2.24,-0.79;
-2.73,2.43,-0.70;
-0.40,0.70,0.52;
0.79,-0.37,0.77;
0.12,-1.62,0.63;
-1.25,-1.96,0.16;
-0.96,-0.72,-0.50;
-1.01,0.72,-0.71;
1.47,1.22,0.52;
0.67,0.52,0.75;
-0.55,0.18,0.25;
-2.29,-0.41,0.04;
-3.10,-0.12,-0.32;
-1.89,-0.05,-0.24;
-0.26,-1.96,0.02;
0.11,-1.12,-0.09;
-0.53,0.29,0.07;
-0.64,0.18,0.22;
0.73,-0.37,0.17;
1.42,-1.10,-0.03;
1.66,-0.58,0.08;
1.05,-0.92,-0.09;
-0.11,-1.05,-0.12;
-1.07,-1.02,0.10;
-2.41,-0.38,-0.01;
-2.18,-1.01,-0.12;
0.95,-1.07,-0.15;
3.28,-0.95,-0.12;
2.14,-1.36,-0.30;
0.35,-1.33,-0.03;
1.89,-0.29,0.51;
0.32,0.23,0.46;
-0.17,-0.21,0.25;
1.40,-1.33,0.49;
2.14,-1.88,0.30;
1.33,-2.23,0.05;
-0.72,-1.94,-0.21;
1.07,-0.67,-0.10;
2.14,0.20,0.57;
3.27,0.47,0.97;
1.91,-0.41,0.51;
1.10,-1.15,0.42;
0.82,-1.85,0.45;
-1.21,-0.76,-0.16;
-1.28,1.42,-0.59;
-0.03,1.77,-0.28;
0.15,1.86,0.02;
-1.07,0.96,0.40;
-0.52,-1.10,0.48;
0.49,-2.02,0.36;
0.89,-0.72,-0.25;
2.14,-0.41,-0.36;
3.40,-0.55,0.46;
0.82,0.61,0.81;
-1.07,0.84,0.28;
-1.47,0.03,-0.01;
0.00,-1.60,-0.65;
1.89,-1.59,-0.54;
2.15,-1.86,-0.35;
1.27,-1.30,-0.42;
0.47,0.84,0.07;
1.04,1.19,0.42;
2.21,0.72,0.43;
3.39,-0.08,0.28;
2.86,-1.77,-0.45;
2.17,-2.63,-0.21;
-0.53,-1.34,-0.35;
-1.48,0.11,0.31;
1.13,-0.02,0.66;
2.64,-0.18,0.59;
2.69,-0.23,0.19;
-0.29,0.27,-0.24;
-2.37,0.14,-0.99;
-2.63,-0.40,-0.88;
-2.12,-0.20,-0.19;
-0.96,-0.25,0.48;
0.18,-0.55,-0.06;
-0.17,-0.41,-0.70;
0.41,-0.95,-0.94;
2.86,-2.20,-0.27;
4.29,-3.53,0.23;
2.81,-3.60,0.28;
1.63,-3.25,0.28;
1.21,-2.72,0.05;
1.45,-0.58,-0.38;
0.38,0.35,-0.65;
1.47,-0.46,-0.22;
2.99,-1.38,0.28;
2.29,-2.76,-0.04;
0.37,-3.07,-0.03;
0.00,-2.89,-0.19;
1.73,-2.73,-0.51;
2.09,-2.18,-0.35;
2.52,-2.09,-0.30;
2.98,-2.28,-0.30;
2.38,-1.96,0.02;
0.81,-2.14,0.26;
0.11,-2.06,0.13;
0.49,-0.67,0.08;
-0.93,0.75,-0.64;
-2.40,0.99,-0.70;
-1.71,0.85,-0.64;
-3.37,1.72,-0.77;
-4.89,1.63,-0.82;
-1.85,0.17,-0.30;
1.07,-0.70,0.33;
2.24,-0.70,0.26;
2.12,0.27,0.17;
1.45,-0.25,-0.09;
-0.58,0.58,-0.24;
-2.67,1.95,-0.50;
-1.94,1.11,-0.39;
-0.40,-0.08,0.17;
-0.58,0.12,0.30;
-1.74,-0.21,-0.03;
-2.34,0.01,-0.13;
-1.42,1.21,-0.10;
-0.50,2.44,-0.16;
-0.52,3.30,-0.42;
-0.75,2.67,0.14;
-1.05,1.59,0.40;
-3.31,1.65,0.14;
-3.60,0.87,-0.39;
-1.60,0.29,-0.74;
-0.31,1.59,-0.76;
-0.61,2.55,-0.15;
0.40,1.59,0.34;
1.34,1.60,0.42;
0.92,0.84,-0.41;
0.17,-0.35,-0.56;
-0.40,-0.12,-0.38;
-0.34,0.53,0.11;
-0.18,0.82,0.36;
-0.31,0.98,0.46;
-1.36,1.24,0.02;
-2.29,0.95,-0.36;
-0.87,0.11,-0.19;
0.41,0.04,0.10;
-0.02,0.11,-0.04;
-0.64,-0.93,-0.22;
1.02,-0.95,0.20;
2.57,-0.40,0.66;
1.47,-0.76,-0.09;
0.95,0.03,-0.41;
1.27,0.50,-0.12;
0.50,-0.25,0.31;
-0.24,0.09,-0.03;
-1.02,-0.06,-0.12;
-0.63,0.72,0.13;
1.18,0.98,0.34;
1.10,1.13,0.17;
-0.78,1.71,-0.32;
-1.53,1.36,-0.51;
0.26,0.95,-0.06;
1.47,0.98,-0.18;
-0.60,0.55,-0.21;
0.53,1.14,0.19;
1.02,0.96,0.66;
1.18,1.34,0.75;
1.15,0.95,0.25;
1.15,0.56,-0.10;
-0.49,1.50,-0.27;
-1.51,1.65,-0.13;
-1.24,0.67,0.04;
-1.56,0.93,-0.15;
-0.40,0.35,0.11;
1.79,-0.52,0.22;
2.44,-0.11,0.26;
3.15,-0.32,0.28;
1.40,0.20,0.11;
-0.02,0.62,0.08;
-0.87,0.15,0.05;
-0.60,0.03,0.13;
-1.24,0.82,-0.21;
-1.21,0.59,-0.67;
0.99,0.61,-0.03;
1.51,0.58,-0.03;
1.69,0.35,-0.27;
2.43,0.27,0.26;
2.87,0.30,-0.03;
4.11,0.70,-0.28;
5.62,1.66,-0.18;
4.96,2.75,-0.73;
4.98,5.33,-0.67;
4.11,7.83,-1.57;
4.87,6.79,-0.64;
9.98,6.72,0.39;
11.05,8.56,0.16;
8.58,12.46,-1.90;
12.12,17.69,-2.18;
18.95,19.04,-1.61;
22.11,17.34,0.05;
23.68,19.10,0.02;
22.00,18.73,-0.79;
18.98,16.53,-1.75;
16.87,14.35,-2.47;
17.11,15.21,-2.93;
17.02,15.72,-2.67;
16.99,15.66,-2.91;
14.79,18.66,-3.02;
9.39,22.59,-3.48;
4.84,25.04,-3.46;
3.10,26.26,-3.35;
3.16,27.86,-3.49;
1.95,30.38,-3.66;
1.74,32.53,-3.60;
3.68,34.11,-3.25;
2.58,35.30,-3.60;
4.67,40.40,-2.16;
10.89,43.34,0.13;
18.95,45.05,1.62;
24.84,45.68,1.17;
24.05,47.79,-0.82;
10.47,49.80,-3.17;
2.12,53.94,-6.77;
-11.31,56.23,-14.12;
-17.22,57.59,-23.00;
-5.59,60.33,-35.45;
17.76,63.16,-47.98;
19.91,62.59,-60.25;
14.93,59.07,-63.55;
19.95,57.75,-66.62;
41.10,54.03,-68.91;
36.76,50.90,-65.46;
44.78,47.86,-58.61;
26.63,53.45,-49.86;
12.23,57.77,-36.24;
7.69,54.15,-28.85;
-7.47,64.04,-22.35;
-23.92,79.79,-18.97;
-23.50,94.30,-19.58;
-67.91,93.36,-26.87;
-78.85,93.43,-25.69;
-55.36,90.76,-18.42;
-42.35,90.99,-15.20;
-37.08,93.95,-14.57;
-43.22,93.11,-15.02;
-39.01,87.56,-14.51;
-57.77,75.92,-17.48;
-42.99,82.56,-21.48;
-37.63,89.62,-23.89;
-50.67,90.91,-19.92;
-47.36,92.01,-18.32;
-24.37,90.62,-19.12;
-10.35,92.20,-20.79;
-7.43,95.10,-19.87;
0.90,98.43,-16.35;
19.22,99.71,-9.45;
27.21,97.91,-7.70;
17.21,100.30,-6.93;
3.42,102.26,-8.83;
-7.57,106.11,-9.11;
-14.82,109.25,-9.31;
-15.22,102.95,-11.23;
-16.49,96.01,-11.58;
-11.53,98.11,-7.78;
-6.44,101.22,-4.67;
1.11,103.22,-5.14;
6.34,106.01,-5.11;
9.24,105.97,-5.34;
12.40,104.56,-5.86;
23.60,104.96,-8.70;
12.63,102.24,-9.90;
20.63,103.07,-11.60;
13.08,103.14,-12.24;
11.91,99.51,-12.77;
18.34,96.64,-12.74;
23.21,96.59,-11.58;
27.68,95.63,-9.75;
24.63,92.06,-7.28;
29.25,91.72,-4.97;
24.37,89.86,-3.61;
20.06,87.19,-1.03;
18.32,84.11,-1.16;
21.69,83.94,-0.19;
27.76,83.46,0.72;
23.57,77.69,0.02;
19.82,73.07,-4.56;
16.60,70.09,-4.79;
11.97,63.01,-5.41;
10.34,60.79,-4.54;
13.89,58.70,-3.43;
17.54,57.65,1.23;
16.63,51.72,3.43;
13.79,47.85,3.78;
9.11,42.69,4.80;
6.92,39.48,5.06;
6.00,36.32,4.92;
5.01,30.17,3.78;
8.38,27.28,2.62;
11.45,25.57,3.04;
13.54,21.48,5.50;
11.44,17.28,7.97;
5.37,11.62,10.77;
2.84,7.65,13.24;
-1.18,4.26,14.31;
-3.39,1.75,14.63;
-3.42,0.52,14.17;
-0.50,-3.10,13.04;
1.66,-6.02,10.75;
3.65,-9.57,8.89;
1.60,-11.54,8.37;
-2.06,-14.03,8.20;
-3.63,-17.21,7.93;
-1.98,-20.99,8.01;
-3.18,-21.73,8.46;
-4.76,-24.47,8.97;
-6.12,-26.43,8.62;
-3.05,-29.12,7.91;
1.42,-32.06,8.23;
2.75,-35.02,8.01;
3.56,-38.15,7.52;
6.32,-41.38,6.55;
7.42,-43.67,6.81;
8.06,-46.61,5.76;
8.03,-49.13,4.91;
4.23,-52.49,3.03;
1.56,-54.23,1.23;
-1.16,-58.17,-0.87;
-0.46,-61.67,-2.41;
0.21,-65.73,-2.83;
-0.17,-67.16,-4.12;
-0.38,-70.50,-4.54;
1.73,-75.67,-4.44;
3.66,-80.28,-2.85;
2.87,-82.23,-1.06;
-1.18,-83.34,2.11;
-0.73,-85.56,4.25;
1.45,-87.45,6.95;
-0.15,-88.54,9.29;
-0.73,-89.24,10.72;
-1.72,-91.56,12.33;
-3.24,-93.56,13.91;
-4.70,-95.21,15.79;
-5.05,-94.11,17.44;
-1.57,-96.35,17.78;
-4.09,-99.33,17.07;
-4.32,-100.52,16.92;
-4.85,-100.17,16.25;
-5.40,-99.04,14.83;
-3.62,-98.23,15.29;
-5.34,-97.12,16.14;
-5.54,-96.29,15.94;
-1.79,-94.73,14.45;
-5.30,-93.07,13.44;
-5.19,-90.92,12.49;
-5.92,-88.76,9.55;
-14.64,-84.15,6.08;
-13.40,-78.79,5.43;
-13.36,-74.23,4.75;
-5.25,-72.00,6.25;
1.13,-69.60,8.23;
-1.77,-66.09,8.77;
-2.02,-64.64,9.17;
-3.47,-62.89,8.65;
4.49,-65.15,9.70;
14.15,-68.14,9.59;
17.36,-69.24,10.54;
23.68,-69.77,12.72;
27.68,-72.05,18.97;
43.57,-75.44,21.94;
51.01,-82.03,28.34;
69.56,-84.96,30.54;
39.60,-89.86,28.49;
26.47,-90.93,27.33;
20.78,-88.90,27.41;
17.15,-89.15,26.48;
21.47,-96.46,23.33;
20.03,-95.48,22.69;
16.46,-89.09,20.81;
19.91,-85.54,24.84;
31.50,-83.77,33.59;
7.77,-78.81,46.07;
1.71,-72.90,54.75;
4.67,-69.36,65.67;
-9.04,-63.83,72.05;
-20.95,-53.42,65.97;
-18.73,-39.45,57.21;
-15.47,-34.05,56.59;
-15.11,-32.46,56.33;
-21.88,-34.05,50.78;
-28.81,-33.27,40.45;
-34.21,-31.27,31.68;
-36.92,-28.87,24.65;
-28.92,-24.06,21.72;
-27.91,-16.99,16.71;
-27.72,-14.89,17.79;
-27.10,-16.17,23.55;
-29.71,-19.53,26.31;
-22.98,-25.45,29.93;
-9.74,-31.39,25.21;
-18.12,-36.06,18.88;
-27.77,-35.42,17.87;
-29.36,-36.47,10.49;
-29.83,-36.00,6.81;
-34.58,-33.99,3.43;
-39.92,-30.63,2.65;
-39.83,-31.54,0.40;
-36.12,-34.58,1.52;
-19.43,-37.09,4.51;
-14.52,-40.37,4.84;
-7.31,-43.56,2.55;
1.45,-44.78,2.43;
9.18,-45.89,1.41;
8.35,-43.28,-0.18;
6.40,-40.61,-1.34;
13.51,-39.53,0.07;
24.89,-43.65,4.20;
27.50,-46.21,6.97;
30.47,-45.76,7.26;
32.40,-41.34,6.63;
25.51,-33.80,5.84;
15.08,-27.59,4.97;
6.43,-16.55,2.68;
-9.68,-0.17,1.85;
-17.83,9.91,0.20;
-23.83,17.36,-1.41;
-29.27,24.98,-3.00;
-36.53,22.38,-1.87;
-36.03,16.37,-2.07;
-33.92,12.24,-3.26;
-29.43,6.33,-2.90;
-19.98,0.04,-1.22;
-12.49,-2.49,-0.10;
-3.45,-3.47,1.58;
3.40,-3.60,2.45;
5.92,-3.38,3.12;
7.48,-3.97,2.68;
8.12,-4.58,1.94;
4.75,-3.57,2.45;
0.26,-3.48,2.49;
-4.21,-2.28,1.47;
-8.35,-0.66,0.10;
-10.34,1.94,-0.13;
-13.04,5.56,-0.24;
-15.59,7.27,-1.43;
-14.43,6.21,-2.10;
-15.18,4.38,-2.16;
-11.92,2.69,-0.35;
-9.66,0.40,0.22;
-5.31,-1.83,-0.10;
-1.57,-3.02,-0.45;
1.73,-4.34,0.37;
5.30,-5.21,1.55;
6.64,-4.89,0.74;
4.35,-5.27,-0.91;
1.82,-5.60,-0.83;
0.06,-4.23,0.52;
-0.58,-3.15,0.55;
-1.60,-1.59,0.13;
-2.46,0.90,0.55;
-4.58,2.41,1.30;
-5.43,3.04,0.89;
-7.76,3.79,-0.85;
-8.60,2.61,-2.04;
-7.82,1.88,-1.49;
-5.42,1.48,-0.16;
-1.28,0.32,0.37;
3.74,-0.28,0.60;
2.49,-1.30,0.34;
2.21,-2.35,1.04;
3.57,-3.53,1.65;
2.17,-4.00,0.55;
0.50,-2.73,-0.19;
0.47,-2.35,-0.21;
0.72,-1.19,0.04;
-0.11,-0.00,-0.18;
-0.72,0.38,-0.74;
-1.85,-0.29,-0.50;
-1.30,0.08,-0.16;
-0.78,-1.16,0.34;
-0.66,-1.56,-0.33;
-0.03,-1.22,-0.27;
0.72,-1.53,-0.13;
3.30,-2.18,-0.39;
4.09,-2.06,-0.59;
2.70,-2.47,0.28;
2.53,-2.21,1.18;
2.86,-1.45,1.41;
1.40,-0.69,0.66;
-0.78,0.11,-0.38;
-3.92,0.46,-1.11;
-3.86,1.14,-0.88;
-2.93,1.92,-0.53;
-2.24,0.79,-0.45;
-1.69,0.35,-0.10;
-0.26,0.21,1.38;
-0.23,0.14,1.62;
-1.82,0.23,0.25;
-0.95,0.38,-0.79;
0.24,0.41,-0.65;
2.66,0.06,0.65;
3.89,0.17,1.32;
2.93,-0.75,0.68;
2.87,-1.63,0.39;
1.56,-2.18,0.98;
-0.11,-2.72,0.74;
-3.54,-1.38,-0.03;
-4.78,0.35,-0.64;
-4.41,1.80,-0.22;
-2.09,1.39,-0.10;
-1.51,0.23,-0.38;
-1.62,-0.93,-0.24;
-0.53,-1.83,-0.22;
1.60,-2.86,0.54;
2.49,-2.61,0.62;
2.99,-1.76,0.30;
4.02,-0.50,0.26;
2.40,-0.69,0.34;
0.84,-1.51,0.02;
0.23,-1.51,0.13;
-0.89,-1.86,-0.28;
-1.62,-1.30,-0.12;
-2.20,-1.18,0.37;
-2.21,-0.20,0.39;
-2.90,0.08,-0.13;
-2.06,0.29,-0.85;
-0.35,0.09,-0.87;
2.37,-1.56,-0.03;
3.91,-1.97,0.59;
3.08,-1.77,1.03;
1.56,-1.53,0.97;
0.49,-1.27,0.60;
-0.96,-1.38,-0.03;
-2.69,-0.67,-0.67;
-2.08,-0.87,-0.71;
-1.60,-1.02,-0.09;
-1.92,-1.45,0.01;
-1.85,-0.90,0.11;
0.26,-0.47,0.49;
1.51,-1.09,0.39;
1.04,-1.28,-0.25;
0.24,-0.99,0.23;
0.47,-1.31,0.11;
1.25,-1.51,-0.04;
2.12,-0.84,0.69;
0.93,-1.54,0.43;
-0.31,-1.67,0.31;
-0.34,-1.28,0.02;
-1.56,-0.75,-0.04;
-2.70,0.55,-0.01;
-2.66,0.41,-0.19;
-1.69,0.90,-0.41;
-0.44,0.55,0.13;
1.63,-0.49,0.65;
1.69,-1.38,1.07;
0.50,-1.22,0.43;
-1.19,-0.69,-0.13;
-1.72,-0.08,-0.18;
0.28,0.43,0.02;
0.64,0.62,0.08;
-0.05,0.73,-0.10;
-0.24,0.33,0.31;
0.03,-0.43,0.34;
-0.79,-0.49,0.10;
-1.86,-0.35,-0.47;
-1.11,0.23,-0.30;
-0.02,0.09,0.42;
1.08,-0.25,0.16;
0.52,0.03,0.20;
0.37,-0.29,0.08;
0.57,-0.18,-0.12;
0.43,-0.69,-0.12;
1.16,-0.58,0.19;
0.35,0.08,0.07;
-1.08,0.56,-0.19;
-0.63,0.88,-0.13;
-0.55,1.11,-0.22;
-0.85,0.40,-0.54;
-0.50,-0.40,-0.19;
0.08,-0.32,0.22;
0.08,-0.32,0.40;
-0.06,-0.31,0.13;
-0.95,-0.41,0.02;
-0.18,0.44,0.07;
0.98,-0.11,0.02;
1.19,-0.25,0.11;
0.98,0.11,0.19;
0.78,-0.14,-0.12;
0.38,-0.31,-0.25;
0.76,-0.29,-0.09;
0.60,-0.18,0.07;
-0.41,0.33,-0.25;
-0.09,0.38,0.08;
-0.27,0.37,0.54;
-0.49,0.62,0.42;
0.05,0.50,0.08;
-0.66,-0.37,-0.09;
-0.87,-0.21,-0.04;
-0.67,0.03,-0.01;
-1.14,0.15,0.11;
-0.79,0.62,0.07;
0.11,0.46,0.01;
0.75,0.24,0.14;
2.06,-0.96,0.46;
1.71,-1.60,0.43;
0.87,-1.82,0.66;
0.78,-1.30,0.07;
1.11,-0.26,-0.13;
-0.37,-0.12,0.05;
-0.58,0.52,0.07;
-1.33,0.47,0.14;
-1.28,0.43,0.17;
-0.06,0.08,0.14;
0.31,-0.18,0.04;
0.38,0.17,-0.15;
0.87,-0.12,-0.25;
2.31,-0.99,0.30;
2.95,-1.34,0.22;
1.45,-0.93,0.55;
1.07,-1.19,0.86;
1.33,-1.15,0.71;
0.61,-0.14,0.59;
-1.13,-0.05,0.05;
-0.98,0.06,0.13;
-1.16,0.40,0.33;
-2.99,0.12,-0.15;
-2.81,-0.17,-0.48;
-0.52,-0.41,-0.28;
0.99,-0.37,0.36;
1.76,-0.69,0.31;
1.40,-1.24,0.17;
1.36,-1.42,0.11;
1.13,-1.88,0.31;
0.98,-1.44,0.43;
0.40,-0.69,0.17;
-0.60,0.15,-0.41;
-0.61,0.59,-0.16;
-0.75,-0.14,0.11;
-1.54,-0.47,0.10;
-1.91,-0.89,-0.07;
-0.72,-0.98,0.04;
-0.50,-1.05,0.25;
-1.10,-0.40,0.30;
0.03,-0.75,-0.13;
1.33,-1.07,-0.13;
2.24,-0.92,0.39;
3.11,-1.25,0.62;
2.12,-1.67,0.31;
-0.41,-0.98,0.01;
-1.98,-1.07,0.02;
-2.00,-0.70,-0.65;
-2.37,-0.49,-0.67;
-1.82,0.06,-0.54;
-1.34,0.23,0.10;
-1.01,0.12,0.04;
-0.64,0.23,-0.24;
0.86,-0.66,-0.16;
0.75,-1.05,0.34;
0.49,-1.18,0.46;
0.76,-1.41,-0.32;
0.37,-0.87,-0.56;
1.51,0.14,0.28;
0.98,-0.12,0.37;
-0.75,-0.31,-0.09;
-1.97,-0.00,-0.35;
-1.80,0.12,-0.30;
-1.40,-0.00,-0.76;
-1.02,-0.37,-0.13;
-0.41,-0.32,0.55;
-0.70,-0.21,0.17;
-0.73,-0.15,-0.25;
0.32,-0.76,-0.54;
1.42,-0.73,-0.15;
1.22,-0.79,0.54;
1.02,-1.33,0.31;
2.47,-1.59,0.36;
1.07,-1.05,0.49;
-0.56,-0.12,0.20;
-1.22,0.69,-0.30;
-1.04,1.60,-0.71;
-0.41,2.35,-0.56;
0.76,2.37,0.07;
0.15,1.43,0.48;
0.57,0.76,0.37;
0.61,1.14,0.14;
0.15,0.78,-0.06;
0.84,1.43,-0.41;
1.83,2.24,-0.28;
1.88,2.01,-0.03;
2.29,1.95,0.49;
2.61,1.50,0.88;
2.93,1.57,0.83;
2.41,1.66,0.31;
1.31,1.91,-0.22;
0.81,2.79,-0.99;
1.47,3.27,-0.91;
2.52,3.54,-0.27;
3.53,3.63,0.19;
4.72,3.62,0.10;
5.97,3.19,-0.09;
8.18,3.07,0.28;
9.60,2.90,0.28;
10.72,2.58,-0.10;
11.56,2.91,-0.15;
13.37,3.97,-0.07;
14.28,4.20,-0.07;
14.21,4.29,0.49;
13.91,5.08,-0.01;
13.44,5.63,-0.18;
12.87,5.53,-0.41;
12.86,6.84,-0.80;
12.81,8.84,-0.64;
12.81,10.43,-0.71;
10.52,13.43,-1.41;
7.88,15.36,-1.84;
9.36,15.34,-1.35;
12.90,15.27,-0.64;
14.17,15.40,-0.09;
13.44,15.50,-0.41;
12.14,16.88,-0.57;
6.28,18.18,-1.83;
2.72,19.13,-2.65;
3.31,20.96,-2.97;
5.25,23.30,-2.56;
5.30,25.13,-1.02;
6.64,26.98,-0.51;
7.48,27.62,-1.64;
6.66,26.98,-3.19;
4.50,26.50,-4.56;
5.62,28.15,-4.35;
9.73,31.05,-4.62;
13.42,33.51,-5.26;
12.47,34.15,-7.31;
11.15,35.04,-11.14;
15.48,35.92,-14.01;
15.66,38.70,-15.40;
3.88,43.14,-22.28;
-8.69,50.21,-32.65;
-13.89,60.37,-39.89;
-24.26,70.62,-45.34;
-26.72,72.11,-55.52;
-0.64,72.53,-63.87;
16.44,68.12,-66.61;
27.73,59.74,-67.11;
30.50,49.89,-58.44;
33.83,40.21,-50.59;
38.32,32.29,-42.24;
48.08,32.00,-36.59;
42.15,37.34,-29.14;
13.94,45.51,-19.58;
-0.38,57.54,-13.66;
-1.40,68.21,-11.06;
-20.17,73.86,-14.32;
-35.36,82.58,-18.94;
-30.90,77.17,-17.75;
-32.81,71.01,-17.22;
-40.08,70.23,-13.26;
-49.53,73.54,-9.87;
-47.33,75.11,-6.22;
-33.54,77.51,-2.50;
-11.85,81.60,-5.83;
-26.44,75.37,-7.43;
-24.96,74.24,-11.40;
-13.88,70.52,-16.99;
-40.58,74.59,-19.90;
-49.47,83.17,-23.03;
-56.17,90.30,-26.68;
-63.21,88.12,-24.07;
-49.18,85.30,-19.38;
-15.19,89.30,-16.24;
-9.86,86.46,-13.14;
6.08,88.91,-9.75;
16.09,92.27,-3.99;
15.74,92.26,-4.74;
6.17,93.07,-1.49;
0.52,94.49,-4.42;
-3.72,93.36,-7.37;
-13.88,93.86,-11.86;
-19.24,95.43,-13.31;
-16.84,95.89,-14.80;
-14.84,93.86,-13.57;
-7.24,96.08,-12.90;
-5.07,95.80,-12.22;
-2.14,97.57,-10.57;
3.36,102.75,-10.79;
7.21,101.30,-9.43;
10.72,100.32,-9.46;
14.41,98.81,-10.67;
11.68,98.47,-11.11;
16.23,97.30,-11.52;
17.57,96.79,-9.83;
19.07,94.41,-9.67;
20.28,91.33,-9.87;
16.24,89.82,-10.06;
20.02,88.29,-10.22;
18.70,88.29,-10.13;
17.86,86.91,-10.12;
14.26,83.82,-10.19;
13.30,81.46,-11.29;
16.40,79.74,-9.61;
15.51,77.75,-14.44;
13.69,75.62,-18.07;
17.45,72.82,-20.04;
18.38,70.56,-20.06;
18.12,66.81,-17.93;
15.51,64.04,-16.61;
12.72,62.18,-13.55;
7.86,57.27,-10.50;
5.92,52.01,-8.65;
4.06,48.33,-6.32;
2.08,44.46,-5.08;
7.63,18.53,5.79;
6.05,37.98,-4.04;
5.36,28.56,-5.08;
4.96,19.34,-7.69;
6.79,20.62,-6.25;
4.09,18.49,-5.86;
2.37,15.17,-5.72;
0.17,10.73,-4.28;
-0.47,7.33,-4.12;
-0.81,2.78,-3.93;
-0.82,-0.18,-3.69;
-0.40,-0.37,-3.23;
0.23,-3.82,-2.21;
0.89,-8.25,-0.97;
0.43,-9.76,1.10;
-0.50,-13.42,3.70;
-0.15,-16.29,5.15;
-3.18,-18.17,5.23;
-0.50,-18.20,5.73;
0.86,-20.92,5.96;
2.92,-23.54,6.34;
5.98,-25.88,7.41;
6.02,-27.42,8.59;
6.58,-29.82,9.47;
7.86,-34.26,9.47;
9.54,-37.41,8.37;
5.27,-39.16,6.17;
7.24,-43.33,4.74;
8.96,-47.13,3.62;
8.89,-50.34,2.45;
3.10,-54.34,0.33;
-1.40,-60.11,-0.35;
-2.41,-63.94,-1.31;
-0.41,-65.82,-0.79;
4.11,-68.03,0.46;
3.62,-69.63,2.36;
2.69,-70.02,4.49;
2.18,-70.17,6.26;
-2.75,-72.89,8.36;
-4.41,-74.81,10.46;
-6.27,-75.28,9.44;
-8.61,-75.18,8.89;
-8.06,-76.75,8.81;
-7.51,-78.73,7.99;
-6.02,-78.98,7.36;
-6.26,-80.46,7.90;
-6.70,-82.06,9.04;
-3.13,-85.28,9.01;
-8.72,-85.22,9.13;
-13.02,-83.94,10.13;
-12.21,-86.18,11.32;
-14.55,-87.53,12.14;
-14.35,-87.42,12.26;
-14.49,-84.40,11.79;
-10.44,-84.38,10.92;
-10.12,-85.33,9.72;
-7.56,-84.28,7.75;
-4.55,-80.86,6.10;
0.84,-78.23,4.66;
8.24,-75.38,5.24;
12.50,-71.24,6.95;
17.22,-67.04,10.19;
21.11,-64.21,12.54;
17.97,-62.79,13.04;
7.08,-63.21,14.02;
4.61,-65.73,13.85;
-0.67,-67.73,12.33;
-6.24,-68.61,11.70;
2.17,-68.66,11.56;
12.58,-69.04,13.01;
16.18,-68.93,13.52;
17.36,-69.88,16.57;
23.18,-73.68,21.88;
21.60,-74.70,23.65;
27.01,-75.47,24.16;
29.83,-76.64,27.24;
35.25,-78.08,27.99;
52.79,-77.25,30.83;
52.23,-78.00,30.45;
46.66,-77.36,28.68;
19.69,-78.86,26.75;
16.79,-78.11,26.75;
24.82,-75.41,26.98;
24.99,-76.09,30.42;
16.69,-77.68,29.01;
9.74,-73.56,26.48;
5.51,-70.37,27.70;
4.60,-70.95,29.79;
7.88,-71.31,39.62;
9.10,-70.50,49.93;
-2.38,-73.96,61.76;
-20.96,-72.72,73.21;
-35.48,-58.60,71.97;
-41.14,-47.04,63.36;
-17.69,-40.09,60.74;
-22.20,-38.14,57.67;
-25.11,-34.73,53.04;
-42.63,-28.29,42.28;
-35.82,-22.25,30.30;
-38.37,-19.31,26.78;
-28.90,-21.65,23.41;
-16.08,-24.20,23.04;
-23.92,-29.48,23.06;
-32.61,-34.15,22.34;
-27.14,-34.61,18.07;
-37.71,-32.76,16.78;
-28.75,-32.34,13.81;
-26.53,-34.92,9.33;
-31.88,-30.93,7.78;
-34.76,-28.67,3.81;
-29.14,-35.30,1.29;
-27.16,-33.50,-0.88;
-15.45,-32.61,0.51;
-12.20,-37.07,2.42;
-9.21,-43.83,2.68;
2.32,-45.41,3.76;
10.37,-43.74,5.15;
9.83,-40.09,6.92;
11.89,-37.51,4.84;
9.19,-33.36,2.19;
1.95,-26.26,-0.80;
-9.19,-21.60,-3.46;
-18.08,-17.86,-4.94;
-18.40,-18.35,-4.16;
-17.83,-23.33,-2.90;
-9.53,-27.70,-2.18;
-1.62,-27.79,-1.22;
-0.63,-26.03,-0.73;
0.58,-25.83,0.02;
0.15,-25.24,-1.00;
2.31,-22.76,-2.07;
7.39,-20.54,-3.06;
11.31,-18.99,-1.58;
11.04,-20.79,0.57;
8.98,-21.83,0.95;
6.75,-19.05,1.27;
2.90,-15.86,0.92;
-3.43,-12.75,0.68;
-4.23,-10.78,0.45;
-4.60,-9.22,0.91;
-8.44,-7.10,0.98;
-14.18,-3.91,-0.04;
-18.70,-0.84,-1.40;
-15.43,-0.60,-2.62;
-8.70,0.66,-2.22;
-3.39,1.36,-1.20;
-0.08,0.49,-0.33;
2.70,-1.70,0.02;
3.56,-4.02,1.10;
2.89,-3.77,2.02;
-0.12,-3.38,2.51;
-2.89,-2.66,1.39;
-3.25,-0.43,0.45;
-2.20,1.14,-0.53;
-2.56,1.08,-0.70;
-4.08,0.35,-1.48;
-5.89,1.13,-1.43;
-3.48,-1.04,-1.37;
-1.04,-1.38,-0.64;
-1.21,-0.92,-0.07;
-1.57,-0.11,0.07;
0.49,0.08,0.30;
1.02,-0.35,0.89;
-0.70,-0.89,0.46;
-1.30,-0.70,0.04;
-2.35,-0.60,0.01;
-4.95,-0.58,-0.06;
-3.83,-0.58,-0.42;
-1.82,0.40,-0.24;
-2.17,0.27,-0.54;
-3.51,0.59,-0.04;
-3.24,0.12,-0.42;
-1.19,-0.11,0.26;
-0.69,-0.05,0.86;
-3.11,0.21,0.75;
-3.01,-0.28,0.42;
0.46,0.06,0.16;
1.40,0.41,-0.04;
-0.09,1.02,-0.13;
0.41,-0.63,0.37;
2.40,-2.55,0.49;
2.82,-1.86,0.33;
2.38,-1.59,0.45;
1.77,-1.79,0.34;
0.84,-0.72,0.04;
0.21,0.21,-0.33;
0.35,-0.47,0.05;
1.80,-1.62,0.28;
0.12,-1.60,0.55;
-1.10,-1.48,0.43;
-2.05,-1.76,-0.13;
-1.79,-0.31,-0.22;
-1.10,0.49,-0.24;
0.08,0.41,0.25;
-0.09,0.58,-0.53;
-0.35,-0.09,-0.53;
0.50,-2.12,0.31;
1.82,-3.09,1.23;
0.87,-3.10,0.97;
-1.08,-2.50,0.08;
-3.57,-0.52,-0.88;
-2.06,1.62,-0.91;
-0.76,1.98,-0.45;
0.57,1.94,0.74;
-0.41,0.93,1.03;
-1.74,-0.12,0.83;
-1.68,-0.20,0.01;
-0.53,0.88,-0.68;
0.61,-0.17,-0.82;
2.00,-0.20,-0.35;
1.92,0.37,0.37;
0.12,0.06,0.92;
1.53,-0.40,0.94;
0.81,-0.26,0.19;
-1.62,0.03,-0.67;
-1.97,0.40,-0.83;
-1.54,0.72,-0.94;
-0.32,0.12,-0.12;
0.73,-0.66,0.48;
0.89,-0.28,0.83;
1.21,-1.44,0.78;
1.54,-1.71,0.11;
1.01,-0.76,-0.53;
0.52,-0.02,-0.39;
1.48,0.53,-0.36;
2.17,0.58,-0.30;
1.53,-0.43,0.62;
0.06,-1.80,0.94;
-1.89,-1.39,-0.03;
-1.95,0.04,-0.18;
-2.61,0.90,-0.51;
-1.37,1.46,-0.25;
1.05,1.34,0.45;
2.00,0.72,0.95;
1.63,-0.84,0.83;
0.89,-2.00,0.23;
0.14,-1.85,-0.56;
-0.20,-0.44,-0.61;
0.73,0.29,0.08;
1.77,0.47,0.31;
1.27,1.13,1.03;
-0.96,0.84,0.51;
-1.94,-0.21,-0.12;
-0.96,-0.87,-0.13;
-1.47,-0.58,0.07;
-2.05,-0.34,-0.06;
-0.67,-0.35,-0.15;
0.12,0.06,0.16;
2.69,-0.73,0.31;
3.36,-2.17,0.86;
1.25,-1.94,0.80;
-0.12,-2.05,0.17;
0.03,-1.53,0.04;
-0.56,0.14,-0.03;
-1.21,-0.15,-0.18;
-0.29,-0.50,-0.04;
0.57,-1.24,0.59;
-0.87,-1.28,0.39;
-1.10,-1.09,0.11;
-0.32,-0.18,-0.35;
1.56,0.23,0.17;
2.29,-0.49,0.45;
1.77,-0.21,0.49;
-0.27,-0.35,0.43;
-0.35,-1.19,0.36;
0.78,-1.62,0.37;
0.61,-1.02,0.08;
-0.66,0.33,0.26;
-1.08,0.26,0.10;
-1.74,0.55,-0.18;
-3.95,1.27,-0.21;
-3.40,0.91,0.13;
-1.08,-0.14,0.45;
0.44,-0.14,0.16;
-0.79,0.52,-0.10;
-1.13,0.62,-0.42;
0.34,-0.03,-0.15;
-0.18,0.62,0.28;
-1.77,0.50,0.19;
-0.38,0.41,0.39;
1.25,0.09,0.34;
0.02,-0.40,-0.22;
-1.57,0.11,-0.32;
-1.02,0.09,-0.16;
0.46,0.46,0.17;
1.04,0.17,0.52;
0.09,0.29,0.40;
-1.28,0.18,-0.06;
-2.50,0.33,-0.68;
-1.37,-0.86,0.02;
0.32,-0.55,0.81;
-0.40,0.27,0.71;
-0.29,0.29,0.11;
1.05,1.02,0.20;
-0.08,1.54,-0.19;
-1.53,-0.11,-0.45;
-0.35,-1.07,0.20;
0.29,-1.67,0.08;
-0.56,-2.18,0.17;
0.46,-1.54,-0.12;
2.17,-1.53,0.01;
2.46,-0.52,0.10;
2.57,-0.49,0.17;
0.63,0.12,0.19;
-1.65,0.99,-0.03;
-2.53,0.98,-0.30;
-1.51,0.44,-0.28;
1.01,-0.05,0.08;
0.61,-0.90,0.11;
0.78,-1.16,0.46;
2.24,-1.62,0.62;
1.25,-1.33,0.28;
-0.31,0.21,0.11;
0.28,0.04,-0.10;
0.98,-0.20,-0.25;
1.30,-0.98,0.40;
1.13,-1.85,1.09;
0.87,-1.01,0.98;
-1.92,-0.35,-0.24;
-2.90,0.06,-0.67;
-1.24,1.14,-0.62;
0.08,0.64,0.05;
-0.40,-0.15,0.13;
0.05,-0.99,0.37;
0.90,-1.15,0.62;
1.94,-1.96,0.69;
1.59,-1.30,0.46;
1.42,-0.20,-0.30;
2.69,0.27,-0.10;
3.24,0.12,-0.12;
2.17,-1.38,0.46;
-0.11,-0.70,0.74;
-1.25,-0.08,0.84;
-2.15,-0.32,0.31;
-1.47,0.32,-0.12;
0.18,0.73,-0.25;
0.14,-0.06,0.11;
-0.17,-0.41,0.31;
0.03,-0.52,0.19;
-0.76,-1.18,0.05;
-1.39,-1.68,-0.33;
1.39,-1.21,0.30;
2.78,-1.41,0.55;
2.49,-0.63,0.63;
0.43,0.15,0.42;
-0.06,0.59,0.01;
-0.85,0.11,-0.24;
-0.99,-1.25,0.22;
-0.76,-2.29,0.01;
-2.41,-1.28,-0.51;
-2.75,-0.09,-0.71;
-1.51,1.27,0.08;
1.30,1.72,0.43;
2.20,0.84,0.25;
2.28,-0.15,0.28;
1.10,-1.24,0.20;
-0.02,-2.02,0.20;
0.26,-1.31,0.04;
-0.40,0.15,0.11;
0.00,0.37,0.08;
0.34,0.52,0.19;
-0.21,0.75,-0.21;
-0.64,0.23,-0.36;
-0.12,-0.31,-0.48;
-0.29,-0.21,0.07;
0.58,0.62,0.08;
0.79,1.34,0.14;
1.57,1.27,0.33;
0.96,0.81,-0.27;
0.31,0.41,-0.50;
0.34,-0.32,-0.18;
1.50,-1.09,0.34;
1.80,-1.02,0.77;
0.75,0.29,0.36;
-0.96,1.68,-0.45;
-0.92,1.59,-0.85;
0.57,1.33,-0.18;
-0.08,0.88,0.17;
-0.55,0.52,0.33;
0.12,0.56,0.71;
-0.27,0.58,0.25;
-0.60,1.21,-0.03;
1.22,1.10,-0.10;
0.76,0.47,-0.18;
0.09,0.61,0.37;
-0.90,0.59,0.07;
-0.50,-0.49,0.01;
1.25,-0.72,-0.09;
1.07,-0.31,-0.15;
0.69,-0.55,-0.18;
0.99,-0.57,0.43;
1.37,0.62,0.78;
-0.03,0.72,0.60;
-0.92,0.38,-0.01;
-1.04,-0.15,-0.80;
0.14,-0.72,-0.80;
1.37,-0.29,-0.07;
2.64,0.59,0.49;
2.15,0.15,0.46;
1.80,0.40,1.13;
1.66,0.47,0.75;
0.57,-0.20,0.07;
0.20,-1.09,-0.35;
0.20,-1.21,-0.10;
0.49,0.11,0.37;
-0.63,2.47,-0.27;
-2.02,2.53,-0.51;
-0.24,1.60,-0.06;
2.09,0.56,0.16;
0.82,0.15,-0.33;
0.95,-0.11,-0.82;
2.50,-0.21,-0.12;
2.87,-0.32,0.40;
2.34,0.84,0.48;
1.39,1.83,-0.27;
0.69,2.00,-1.11;
3.11,1.17,-0.57;
4.00,0.76,0.37;
1.48,1.13,0.30;
0.15,2.00,0.01;
-1.24,2.98,-0.44;
-2.17,3.75,-0.12;
-1.83,3.21,-0.01;
-0.38,3.11,0.57;
-1.19,4.27,-0.13;
-4.11,4.93,-1.03;
-0.96,4.87,-1.05;
2.58,4.06,-0.27;
3.88,2.75,0.26;
4.20,1.46,0.48;
4.92,1.13,0.19;
5.83,2.27,-0.12;
5.74,3.25,-0.15;
3.83,7.31,-0.82;
-0.09,16.01,-2.80;
7.57,27.48,-5.49;
20.50,26.01,-3.11;
28.24,23.54,0.83;
30.50,24.49,2.46;
24.34,29.21,-0.22;
21.60,27.21,-1.34;
23.36,22.14,-0.96;
20.03,22.12,-1.78;
15.44,22.52,-3.34;
12.75,20.27,-3.95;
10.15,18.87,-3.35;
9.98,18.85,-2.54;
9.68,20.29,-2.30;
6.52,21.02,-1.80;
4.73,21.66,-1.98;
3.15,22.85,-1.72;
0.15,25.30,-1.66;
-2.63,27.97,-1.83;
-3.28,30.61,-2.28;
-0.98,32.53,-2.57;
0.89,32.95,-2.18;
4.15,32.04,-1.89;
6.00,33.75,-0.87;
2.17,38.23,0.71;
-1.11,41.91,0.71;
-1.79,43.01,-0.87;
2.14,44.12,-3.75;
-3.31,47.34,-7.64;
-5.30,48.37,-14.21;
0.09,52.61,-25.40;
-3.22,54.01,-32.61;
-2.32,54.49,-42.01;
7.34,55.59,-50.07;
20.82,54.99,-57.17;
46.21,49.04,-57.45;
58.47,41.53,-60.48;
53.53,36.18,-57.25;
39.19,38.91,-45.75;
22.15,39.80,-34.93;
12.53,42.32,-28.65;
22.08,49.10,-20.77;
26.58,57.51,-17.41;
18.26,62.37,-13.99;
0.64,66.35,-14.65;
-25.27,70.14,-21.40;
-6.70,71.46,-24.03;
-17.39,70.67,-18.48;
-9.74,68.26,-9.96;
-29.66,68.32,-6.07;
-36.43,66.27,-6.70;
-32.24,64.82,-5.78;
-42.60,62.23,-7.98;
-43.08,62.03,-7.02;
-27.48,68.23,-10.12;
-2.08,71.77,-13.41;
-1.65,69.89,-14.68;
-12.05,68.52,-18.24;
-20.20,70.55,-23.81;
-26.92,71.14,-23.51;
-36.63,75.95,-21.74;
-36.96,78.01,-20.88;
-29.40,77.04,-15.06;
-22.03,79.60,-10.10;
-15.02,80.67,-7.99;
-10.67,78.50,-5.35;
-3.60,79.72,-4.36;
-0.79,78.55,-4.53;
-9.39,79.45,-7.14;
-10.58,79.34,-10.68;
-17.72,81.43,-10.77;
-15.10,81.74,-10.65;
-12.69,79.50,-11.46;
-14.98,78.85,-12.30;
-12.47,82.18,-12.12;
-3.40,85.02,-11.09;
2.67,82.81,-11.90;
7.02,84.55,-11.93;
8.87,84.32,-12.28;
8.64,83.22,-10.59;
9.79,81.63,-8.18;
6.69,81.08,-7.46;
6.69,80.32,-6.57;
5.45,79.43,-6.35;
6.95,77.13,-6.74;
11.42,76.96,-8.41;
15.94,79.54,-9.00;
18.60,76.87,-6.93;
21.54,74.75,-7.69;
25.44,72.12,-8.04;
23.04,70.81,-8.82;
23.33,69.59,-10.07;
23.33,69.31,-10.87;
24.11,68.52,-11.69;
20.03,67.40,-10.36;
15.89,64.20,-9.92;
15.31,63.25,-9.58;
15.40,61.40,-8.24;
14.95,59.04,-8.03;
13.74,57.97,-5.92;
15.59,57.42,-3.64;
13.71,55.24,-6.19;
12.02,53.13,-7.38;
10.61,51.22,-7.80;
11.40,48.55,-6.85;
8.67,47.13,-7.19;
7.94,46.18,-7.08;
6.87,42.85,-7.64;
7.10,39.33,-8.07;
6.89,36.06,-8.35;
5.07,34.43,-8.79;
3.01,31.59,-7.92;
1.31,30.66,-7.77;
1.76,28.70,-6.61;
2.55,27.14,-5.34;
3.33,24.96,-4.38;
3.40,22.96,-3.70;
5.18,20.87,-2.53;
7.19,19.65,-2.07;
6.37,16.69,-2.91;
7.60,13.53,-3.00;
6.66,11.88,-3.28;
5.60,11.48,-2.59;
5.54,9.85,-1.23;
1.89,7.34,-0.44;
-0.53,5.43,0.75;
-1.37,0.88,1.43;
-2.14,0.32,1.49;
-0.15,-2.50,1.38;
1.42,-3.34,1.21;
2.57,-3.12,1.41;
2.37,-3.99,2.19;
1.98,-5.10,2.81;
2.24,-6.76,3.41;
0.84,-8.93,4.30;
1.07,-9.48,4.31;
2.98,-10.72,4.77;
2.28,-11.44,4.83;
-1.30,-11.82,4.84;
-1.39,-12.81,4.94;
-2.76,-14.66,5.39;
-3.07,-16.32,5.84;
-4.46,-17.22,5.24;
-3.79,-18.79,2.66;
-3.13,-19.53,-0.09;
-0.92,-21.13,-1.37;
3.77,-24.00,-2.90;
3.98,-27.09,-4.03;
6.37,-29.77,-4.90;
8.63,-31.12,-5.19;
7.48,-33.27,-4.59;
9.18,-36.57,-2.22;
8.70,-40.90,-1.03;
7.42,-43.13,0.22;
6.90,-44.69,0.98;
4.84,-48.83,1.35;
1.01,-52.52,1.75;
-2.63,-55.12,-0.38;
-4.50,-59.41,-0.03;
-4.50,-60.40,-0.47;
-0.76,-61.21,-0.70;
0.99,-61.04,-0.80;
0.60,-61.63,0.16;
-1.79,-63.80,0.86;
-2.47,-67.63,0.89;
-3.51,-70.18,1.38;
-1.85,-72.06,2.86;
-4.61,-73.25,5.47;
-8.67,-73.31,9.17;
-7.30,-75.27,13.23;
-4.08,-76.67,16.20;
-5.48,-77.12,17.82;
-5.74,-78.70,19.73;
-3.02,-81.79,19.35;
-1.83,-82.02,20.14;
-1.56,-81.94,19.93;
-1.57,-83.12,19.12;
-0.11,-82.00,19.18;
-0.69,-81.83,17.87;
3.08,-81.60,17.30;
1.37,-80.49,16.54;
-1.59,-78.96,17.82;
-1.72,-78.29,18.13;
-2.78,-76.86,15.75;
0.29,-75.76,12.86;
-4.29,-74.99,9.70;
-6.43,-73.33,7.00;
2.14,-72.55,8.60;
9.65,-69.62,10.69;
15.50,-66.58,11.20;
8.67,-65.50,11.56;
8.31,-63.38,11.56;
17.07,-61.15,9.55;
17.11,-61.62,6.59;
15.33,-63.56,4.62;
6.61,-64.09,3.35;
-6.24,-63.44,1.64;
-4.06,-66.98,3.30;
1.79,-68.96,5.27;
9.40,-69.34,7.64;
29.45,-71.51,12.39;
37.50,-74.44,19.04;
38.96,-75.38,25.82;
39.40,-76.28,32.89;
38.32,-76.99,34.60;
46.90,-77.10,37.61;
50.31,-75.65,39.33;
46.76,-76.20,39.88;
40.40,-73.44,36.66;
25.59,-72.21,31.70;
21.31,-72.17,29.67;
11.04,-76.17,32.75;
2.47,-78.61,35.43;
-12.73,-74.44,39.65;
-22.47,-67.05,53.84;
-33.33,-60.78,64.07;
-31.54,-59.77,69.23;
-26.26,-55.12,73.55;
-21.80,-49.21,73.70;
-29.33,-45.54,71.50;
-12.53,-44.17,65.15;
-20.14,-39.48,53.21;
-25.07,-36.54,38.80;
-10.46,-35.57,26.25;
-11.22,-35.99,19.96;
-16.40,-32.21,13.38;
-25.92,-29.19,12.65;
-33.02,-32.93,14.02;
-35.56,-30.47,15.81;
-43.24,-22.95,21.18;
-42.50,-27.60,20.94;
-35.16,-28.03,17.81;
-26.26,-24.34,12.54;
-23.63,-22.76,10.57;
-18.32,-27.28,8.98;
-9.91,-31.91,7.79;
-5.19,-37.92,5.75;
-2.27,-40.41,5.84;
-2.34,-40.38,9.53;
7.94,-45.97,12.45;
12.34,-42.38,12.43;
-3.91,-33.50,10.66;
-16.40,-28.58,6.54;
-24.49,-20.38,5.82;
-29.05,-15.65,4.92;
-33.59,-14.50,3.04;
-37.11,-14.96,2.25;
-29.74,-15.89,1.70;
-20.41,-18.26,1.03;
-18.53,-19.22,0.34;
-25.31,-19.68,-1.03;
-24.85,-20.75,-1.77;
-21.72,-24.35,-0.32;
-10.61,-24.89,2.95;
-1.01,-24.92,3.53;
-2.44,-20.47,1.90;
-3.47,-18.09,0.66;
-2.09,-20.44,-0.42;
-4.96,-25.21,-0.21;
-3.11,-24.12,1.46;
0.20,-20.54,2.66;
3.57,-17.96,2.91;
5.73,-14.43,1.06;
2.21,-10.54,-0.94;
-1.57,-8.54,-1.00;
-4.92,-7.71,-0.83;
-5.25,-8.25,0.88;
-4.56,-8.26,2.05;
-4.24,-9.22,1.49;
-3.74,-9.30,1.47;
-1.89,-7.44,1.65;
-2.09,-5.89,2.02;
-1.05,-3.13,0.68;
-1.60,-0.78,-0.71;
-4.78,-0.78,-2.12;
-7.94,-1.70,-2.80;
-7.85,-2.90,-1.31;
-5.95,-5.48,-1.29;
-2.26,-2.11,-1.02;
-0.17,-1.04,-0.82;
2.84,-2.73,0.45;
3.77,-1.88,0.88;
1.39,-2.50,0.42;
-2.61,-3.70,-0.27;
-1.05,-4.92,0.39;
-0.03,-5.83,0.78;
-1.63,-7.10,-0.06;
-5.31,-5.89,-0.41;
-7.27,-2.02,-0.65;
-5.08,-1.56,-1.08;
-3.10,-1.68,-2.12;
-1.60,-1.57,-1.99;
2.37,-2.02,-1.12;
4.40,-3.50,-0.35;
4.72,-6.49,0.31;
5.04,-7.27,0.40;
6.41,-8.31,0.62;
6.73,-8.49,1.06;
5.77,-7.45,1.04;
6.21,-5.88,0.48;
5.71,-5.30,0.05;
6.89,-4.79,0.68;
6.47,-5.56,0.81;
3.11,-6.20,-0.18;
0.18,-4.54,-1.46;
-0.46,-2.66,-0.88;
0.24,-1.33,-0.04;
-1.43,-0.20,-0.09;
-1.43,0.08,0.05;
-0.98,-0.89,-0.25;
-0.21,-2.52,-0.21;
0.08,-2.37,-0.30;
-0.93,-1.99,-0.33;
-0.63,-2.03,-0.36;
0.92,-1.54,-0.19;
2.66,-1.89,0.48;
3.36,-2.05,0.30;
2.81,-2.49,0.26;
2.17,-3.34,-0.32;
1.77,-2.55,-1.03;
1.85,0.21,-0.18;
1.13,0.27,0.31;
2.21,-0.46,0.65;
3.42,-0.23,0.91;
1.44,-1.45,-0.03;
1.83,-1.67,-0.68;
2.61,-0.26,-0.68;
2.64,0.33,-0.15;
3.04,-0.55,0.63;
3.15,0.64,2.10;
2.15,1.10,1.59;
1.45,-0.67,0.31;
0.82,-0.41,-0.07;
-0.17,-0.11,-0.76;
-1.21,0.29,-1.22;
-0.06,2.37,-0.70;
0.52,3.98,0.08;
0.15,3.14,1.26;
1.21,1.71,1.43;
1.25,1.16,1.33;
0.37,0.12,0.89;
0.05,-0.89,-0.45;
1.36,-0.17,-0.96;
0.81,0.41,-0.42;
0.78,0.35,0.05;
3.21,-0.37,1.33;
2.92,-0.98,1.21;
1.94,-1.53,1.21;
1.54,-2.29,0.07;
1.40,-1.70,-0.09;
0.92,-0.63,-0.38;
-0.46,0.62,0.08;
-0.78,1.63,0.07;
-1.13,1.72,0.20;
-0.52,0.67,0.19;
-0.09,-0.50,-0.30;
0.43,-0.83,-0.68;
1.24,-1.27,-0.24;
2.93,-1.36,0.68;
1.10,0.32,0.81;
-1.08,0.46,0.08;
-0.61,0.40,-0.18;
1.71,0.20,0.28;
3.68,-0.90,0.40;
2.60,-1.15,0.46;
0.05,-0.49,0.36;
-0.99,0.12,0.22;
-0.72,0.50,0.25;
-1.34,1.37,0.08;
-2.05,2.01,-0.10;
-0.20,0.78,-0.35;
1.47,1.02,0.05;
1.24,1.27,0.74;
0.96,0.03,0.91;
0.18,-0.40,0.55;
-0.02,-0.26,0.10;
0.14,-0.54,0.08;
1.68,-0.21,0.46;
0.78,0.85,0.43;
-1.04,1.17,0.51;
-0.95,1.74,-0.06;
-0.23,1.72,0.22;
0.34,1.39,0.42;
0.37,0.17,0.46;
-1.19,-0.15,0.16;
-2.85,0.32,0.20;
-2.58,0.64,0.04;
-1.30,0.76,0.13;
0.58,0.98,0.74;
0.31,0.21,0.88;
-0.89,-0.25,0.37;
-1.95,0.62,0.26;
-2.67,0.59,-0.38;
-2.15,1.08,-0.44;
-0.99,1.05,0.16;
-0.31,0.03,0.52;
-1.31,-0.63,0.04;
-1.36,-0.84,-0.12;
-0.64,-1.62,-0.10;
1.74,-0.35,0.22;
2.32,-0.05,0.30;
1.31,0.03,0.07;
0.99,-0.55,0.22;
1.24,-1.10,0.48;
0.43,-0.83,0.59;
-1.10,-1.13,0.33;
-1.39,-0.61,-0.04;
-0.89,-0.12,-0.27;
-1.13,0.70,-0.16;
-1.79,1.22,-0.04;
-1.33,0.44,0.02;
1.05,-1.02,0.60;
1.95,-0.70,0.46;
1.77,-0.21,0.46;
0.53,-0.35,-0.15;
-0.15,-0.35,-0.09;
-0.50,0.30,0.19;
-1.04,0.40,0.52;
-0.67,-0.11,0.54;
0.37,-0.35,0.01;
0.03,-0.67,-0.30;
-0.14,-0.72,0.01;
0.44,0.47,0.20;
-0.67,0.95,-0.07;
-1.01,1.07,0.11;
0.78,0.81,0.28;
2.37,-0.28,0.45;
2.37,-1.85,-0.01;
1.71,-1.16,-0.07;
1.50,-0.34,0.10;
1.74,0.67,0.60;
2.49,0.93,0.75;
1.69,0.64,0.39;
1.24,-0.29,0.10;
1.31,-0.84,0.04;
-1.22,-0.06,0.07;
-1.51,-0.70,-0.15;
-0.40,-0.93,0.11;
0.20,-0.28,0.26;
0.57,-0.38,0.34;
-0.14,0.03,0.19;
-0.75,0.32,-0.24;
-0.93,-0.61,-0.03;
-0.50,-0.66,0.31;
-1.18,-0.03,-0.01;
-1.69,-0.02,0.11;
-0.93,0.41,0.30;
-0.02,0.17,0.28;
-1.31,0.15,0.02;
-1.98,0.21,-0.09;
0.38,-0.86,0.02;
0.05,-1.31,0.14;
-1.79,-0.95,-0.22;
-0.23,-0.43,0.55;
0.81,-1.28,0.68;
0.57,-0.18,0.20;
0.15,1.22,-0.33;
-1.82,0.40,-0.54;
-1.53,-0.92,-0.06;
-0.23,-0.35,0.23;
-1.50,-0.63,0.04;
-1.27,-1.73,-0.10;
0.29,-0.75,0.31;
0.23,-0.28,-0.04;
-1.18,-0.23,-0.10;
-1.28,0.49,-0.01;
-1.22,0.11,-0.18;
0.14,-0.79,0.11;
1.16,-1.12,0.30;
1.08,-1.60,0.54;
0.03,-1.39,-0.04;
-0.98,-0.37,-0.30;
-0.90,0.12,0.13;
-1.69,-0.05,-0.01;
-1.14,0.67,-0.13;
0.20,0.46,0.10;
1.59,-1.25,0.11;
0.82,-1.30,0.16;
-0.50,-0.61,0.02;
-0.84,-0.54,-0.44;
0.05,-0.06,-0.16;
1.07,-0.09,0.28;
1.10,-0.90,0.91;
0.06,-1.39,0.40;
-0.67,-0.83,-0.28;
0.29,-1.16,-0.45;
0.60,-0.83,-0.32;
0.61,-0.26,0.14;
0.47,-0.31,-0.35;
1.24,-0.50,0.17;
1.95,-1.22,0.57;
1.56,-1.60,0.57;
0.00,-0.73,0.28;
-1.71,-0.05,-0.56;
-1.97,-0.00,-0.82;
-0.58,0.18,-0.15;
0.69,0.01,0.04;
0.86,-1.05,0.17;
0.55,-1.02,0.17;
0.23,-1.09,0.22;
-0.38,-1.65,-0.01;
-1.13,-0.89,-0.06;
-0.41,-0.29,-0.48;
0.43,-0.18,-0.18;
0.17,-0.21,-0.25;
0.15,0.17,0.40;
0.32,-0.79,0.57;
0.08,-1.34,0.52;
0.29,-0.76,0.11;
0.82,-0.31,-0.13;
0.31,-0.57,-0.12;
-0.31,-0.28,-0.18;
-0.21,-0.26,-0.19;
-0.96,-0.58,-0.06;
-0.61,-0.72,0.01;
1.42,-0.31,0.52;
1.56,-0.40,0.77;
1.02,-0.79,0.23;
-0.21,-0.61,-0.03;
-1.91,0.88,-0.47;
-2.49,0.79,-0.76;
-1.37,0.95,-0.54;
0.87,0.40,0.23;
1.57,0.38,0.43;
0.49,0.30,0.59;
-0.06,-0.55,0.39;
0.15,-0.26,0.22;
-0.46,-0.12,0.22;
-0.55,-0.26,-0.25;
0.11,-0.03,-0.24;
0.89,0.17,-0.13;
0.69,-0.32,0.20;
0.87,-0.29,0.30;
0.34,-0.25,0.40;
0.49,-1.01,0.08;
0.08,-1.28,-0.04;
-0.32,-0.64,-0.50;
-0.66,-0.21,-0.48;
0.11,0.41,-0.35;
1.15,0.59,-0.10;
1.39,0.29,0.46;
0.96,-0.58,0.36;
0.43,-1.41,0.04;
-0.06,-1.92,-0.01;
-0.23,-1.42,-0.56;
-0.40,-0.25,-0.07;
-0.69,1.24,-0.27;
-0.14,1.36,0.11;
0.26,1.16,-0.01;
1.02,0.78,0.14;
1.34,-0.34,-0.16;
1.60,-1.83,0.36;
1.89,-1.82,0.46;
0.52,-0.98,0.08;
0.09,0.29,-0.07;
-0.70,1.72,-0.56;
1.25,1.72,-0.65;
5.28,-0.06,-0.03;
6.49,-1.38,0.54;
6.55,-2.57,0.42;
6.38,-2.35,-0.07;
4.81,0.29,-0.59;
0.95,4.15,-1.90;
-3.42,11.48,-3.32;
3.15,16.64,-2.74;
10.41,15.13,-0.57;
16.55,14.44,1.30;
19.94,14.14,1.67;
18.72,10.84,1.07;
17.04,9.53,0.72;
15.88,12.44,-0.53;
15.02,14.30,-0.97;
16.17,14.00,-2.10;
18.60,15.39,-2.30;
18.17,16.76,-2.09;
15.82,15.30,-1.57;
13.74,13.77,-1.12;
13.22,12.88,-0.68;
12.28,13.34,-0.42;
11.65,15.98,-0.61;
8.93,18.85,-1.45;
4.14,21.83,-2.93;
2.26,26.55,-3.55;
1.45,28.69,-3.72;
-1.27,28.90,-3.40;
-1.30,29.33,-3.32;
2.12,29.83,-3.06;
1.54,28.49,-3.32;
0.58,27.60,-3.35;
-0.05,28.01,-3.75;
1.56,29.37,-3.11;
3.47,29.39,-1.48;
