2.82,-0.50,-0.71;
1.22,-0.73,-0.49;
1.22,-0.59,-0.86;
1.17,0.49,-1.18;
1.23,0.40,-1.78;
-0.05,0.26,-1.15;
-1.27,-0.36,-0.84;
-1.32,-1.05,-1.35;
0.50,-0.70,-1.65;
2.53,-0.41,-2.89;
2.55,-0.42,-3.27;
0.20,-0.29,-2.52;
1.51,-0.65,-3.55;
1.07,0.57,-5.93;
5.97,1.10,-7.64;
9.83,0.55,-10.10;
12.13,0.16,-12.97;
16.49,-2.41,-13.67;
18.58,-2.21,-13.18;
16.97,-3.00,-11.21;
17.55,-3.92,-10.08;
17.63,-4.59,-7.53;
13.00,-3.95,-6.39;
2.96,-1.80,-4.34;
-2.41,1.01,-1.12;
-0.69,3.04,1.52;
-2.90,2.77,0.85;
-7.29,0.75,-0.40;
-13.29,0.09,0.51;
-7.82,-0.76,2.13;
1.66,1.62,2.94;
8.13,0.41,0.68;
4.82,-1.72,0.33;
-3.44,-0.49,0.96;
-4.08,0.60,1.31;
-3.58,1.47,0.76;
-3.10,-0.79,-0.16;
-2.58,0.14,-0.19;
0.68,-0.61,0.79;
1.65,-0.73,0.51;
1.19,0.51,-0.00;
3.14,1.13,-0.72;
5.86,1.13,-1.84;
3.81,1.00,-1.56;
1.11,0.67,-0.60;
-1.61,0.34,-0.04;
-2.40,1.13,0.04;
-2.02,2.29,0.54;
-1.41,1.45,-0.26;
-0.16,0.70,-2.02;
4.01,-0.36,-3.26;
7.22,1.80,-2.54;
11.59,2.23,-2.83;
12.65,2.38,-5.18;
12.58,0.83,-7.35;
8.46,-1.30,-5.88;
5.98,-1.84,-2.91;
5.81,0.58,-1.46;
6.82,2.89,-0.84;
3.69,3.76,-1.03;
-1.12,1.09,-1.46;
-4.38,-0.73,-0.05;
-3.32,0.64,1.00;
2.39,1.90,0.16;
7.19,4.03,0.30;
8.50,4.63,-0.28;
8.18,2.67,-0.13;
6.04,-0.46,0.96;
-0.54,-0.58,5.51;
-1.12,1.38,7.48;
1.71,4.08,6.73;
7.16,2.03,4.59;
4.21,2.52,5.52;
-0.48,0.96,8.19;
-3.85,0.61,9.26;
-9.74,0.23,6.51;
-12.83,-0.24,4.71;
-11.09,-0.10,5.90;
-7.01,1.19,8.73;
-1.90,-0.85,7.81;
-0.23,-0.82,6.48;
4.53,-1.68,4.73;
5.10,-1.00,3.89;
4.49,-0.07,4.85;
4.85,0.23,5.45;
6.23,0.12,4.54;
9.30,0.51,2.19;
10.01,0.32,-0.07;
11.14,-1.59,-1.55;
10.94,-2.79,-2.59;
9.08,-2.71,-3.30;
12.07,-3.43,-3.01;
12.29,-3.40,-2.86;
10.64,-3.10,-2.88;
12.39,-3.11,-4.31;
13.11,-4.50,-7.07;
7.26,-4.55,-6.80;
5.60,-4.10,-5.03;
9.92,-0.85,-3.20;
16.52,-0.41,-4.69;
16.42,-1.43,-7.65;
14.91,-2.29,-8.78;
14.26,-3.11,-7.38;
15.19,-4.27,-5.17;
13.88,-3.45,-3.85;
12.52,1.25,-3.30;
12.09,2.26,-4.52;
8.01,1.97,-4.97;
-1.44,1.85,-4.28;
-7.96,2.09,-4.62;
-16.32,2.64,-7.27;
-23.24,4.16,-5.46;
-19.44,1.96,-3.32;
-6.29,2.60,-5.68;
6.91,5.53,-11.07;
11.40,9.65,-10.63;
7.52,7.93,-6.91;
1.60,6.43,-3.88;
-7.76,6.81,-2.59;
-11.32,6.05,-3.06;
-10.11,5.68,-2.00;
-10.60,5.47,0.30;
-13.85,7.48,1.95;
-13.68,9.91,1.35;
-8.49,8.05,-0.57;
-12.92,5.90,0.44;
-23.53,4.57,6.09;
-27.13,2.52,8.36;
-27.03,0.98,3.19;
-29.07,-0.15,-1.68;
-24.57,-0.61,-0.66;
-10.49,2.98,3.23;
-3.10,5.44,3.67;
-5.83,6.67,2.13;
-8.37,4.03,3.55;
-11.73,2.09,5.34;
-16.72,-2.38,2.59;
-19.45,-5.83,1.31;
-19.19,-4.84,3.12;
-8.26,-0.33,5.63;
3.54,2.72,3.17;
8.73,2.51,-0.65;
4.99,0.61,-1.27;
-2.02,-0.99,-0.62;
-4.72,-1.72,-0.51;
-8.87,-1.49,-1.58;
-11.79,-1.22,-2.16;
-8.67,0.06,-1.26;
2.90,-0.07,-0.14;
12.36,-2.78,-0.31;
11.91,-2.29,-0.59;
7.10,-0.27,0.91;
3.52,0.90,0.93;
3.89,2.19,-0.46;
3.26,-0.13,-0.68;
-0.20,-1.42,0.90;
-2.75,-2.76,1.35;
-3.51,-6.03,0.18;
1.05,-9.33,-0.65;
9.62,-7.91,-1.93;
17.55,-3.69,-4.13;
23.40,0.93,-5.97;
23.07,0.80,-3.23;
19.54,-1.95,-0.94;
11.54,-0.78,1.43;
5.83,1.76,-0.05;
2.70,1.82,-1.88;
-6.23,2.12,-0.66;
-6.34,0.20,4.33;
7.23,0.69,7.32;
18.85,3.42,4.09;
19.63,4.29,-0.65;
11.10,3.82,2.33;
5.07,-1.57,4.74;
-2.09,-6.04,7.41;
-7.39,-1.00,7.14;
-1.48,0.02,4.73;
4.27,3.24,6.07;
6.88,-1.39,11.86;
5.28,-3.25,18.44;
6.62,-5.98,25.93;
9.07,-3.19,32.07;
11.89,5.53,34.04;
16.00,7.24,28.16;
17.74,3.94,21.61;
19.34,-3.97,28.25;
18.90,-2.32,40.19;
34.03,1.41,49.93;
53.65,5.06,44.00;
42.39,1.88,39.87;
15.02,-6.21,48.70;
6.82,-6.71,64.58;
25.83,10.43,62.54;
30.55,19.71,43.66;
10.79,12.72,20.88;
-21.88,3.79,31.03;
-36.00,-10.88,57.32;
-18.95,-11.74,76.56;
-0.28,2.77,69.64;
1.42,4.34,42.45;
-11.09,-6.79,27.31;
-15.07,-20.59,49.90;
15.68,-6.82,81.52;
41.43,9.97,87.34;
40.99,13.18,52.47;
12.59,6.90,26.85;
-6.83,-1.77,47.72;
9.40,-2.62,88.83;
27.30,6.12,96.13;
23.83,5.94,67.34;
-9.32,8.06,38.47;
-34.89,19.82,44.77;
-17.61,20.35,69.25;
-9.07,9.36,71.05;
-14.61,2.49,58.21;
-6.03,7.77,52.85;
0.38,12.34,43.46;
-12.05,17.33,35.32;
-9.87,24.43,44.09;
19.45,20.12,60.22;
26.23,12.87,75.25;
8.90,-0.71,68.62;
-19.21,1.83,48.15;
-14.32,11.80,31.46;
28.70,23.56,36.01;
44.52,13.71,47.03;
17.45,3.01,56.99;
11.13,7.41,62.93;
15.75,12.98,53.32;
9.65,13.96,37.43;
5.45,18.31,28.51;
-1.38,21.70,36.35;
15.63,18.06,49.69;
28.87,18.37,53.16;
25.49,4.98,40.53;
14.84,3.47,33.00;
0.44,9.80,36.76;
-1.36,8.63,32.53;
1.40,8.84,18.16;
31.51,10.02,11.67;
45.71,15.04,12.16;
32.38,22.38,19.80;
12.39,23.19,28.38;
-8.34,12.00,32.77;
-16.67,-1.04,20.03;
1.43,-1.72,7.90;
27.40,5.96,5.46;
38.64,6.34,9.72;
18.84,-4.94,10.97;
1.63,-8.24,13.66;
-2.93,-5.92,14.22;
0.59,-4.97,1.31;
6.35,-6.65,-9.27;
21.36,-3.75,-7.75;
22.04,2.96,7.03;
18.68,7.21,12.74;
0.01,-0.17,4.94;
-8.52,-7.42,-8.54;
-7.09,-2.76,-7.18;
-1.15,2.14,-2.49;
2.64,-2.10,-8.51;
4.13,-6.04,-12.04;
4.21,-5.62,-8.75;
-2.93,-1.97,-9.81;
-10.22,-2.15,-13.76;
-10.80,-4.09,-15.88;
-6.64,-7.72,-19.62;
-3.48,-4.00,-20.42;
-0.60,-1.08,-20.62;
4.87,0.93,-22.23;
0.75,-2.00,-26.37;
-5.90,-11.25,-34.63;
-3.53,-8.49,-31.76;
1.39,-3.43,-21.94;
8.30,-5.68,-23.68;
7.77,-7.83,-33.00;
1.66,-8.84,-43.26;
-15.12,-9.66,-44.26;
-26.48,-18.68,-48.34;
-7.45,-13.78,-47.44;
9.13,-7.37,-46.14;
17.16,-3.17,-49.53;
11.13,-3.10,-51.06;
-13.30,-13.63,-48.25;
-34.70,-24.53,-51.79;
-18.23,-22.82,-54.78;
6.71,-14.79,-60.84;
24.84,-10.27,-75.70;
29.04,-8.82,-82.11;
10.06,-9.22,-76.02;
-27.50,-15.37,-67.01;
-48.25,-18.24,-61.06;
-40.17,-13.68,-54.20;
-25.18,-15.95,-61.24;
-13.16,-12.04,-84.65;
3.91,-6.13,-98.89;
11.71,0.25,-100.59;
-4.95,-0.30,-90.23;
-24.49,-12.27,-83.79;
-51.83,-23.20,-74.92;
-54.45,-20.58,-70.51;
-32.89,-12.23,-70.66;
-0.11,-5.40,-77.21;
11.60,-7.40,-96.42;
-7.21,-17.11,-101.59;
-24.16,-23.55,-89.49;
-27.18,-24.27,-69.85;
-4.63,-20.49,-60.59;
11.66,-9.49,-67.23;
6.96,-10.41,-85.36;
-17.82,-21.52,-86.16;
-32.67,-26.91,-62.28;
-14.37,-22.97,-41.97;
4.36,-6.81,-44.88;
28.38,-0.81,-71.91;
17.68,-6.88,-81.97;
14.65,-25.13,-67.56;
-4.32,-18.76,-44.00;
5.49,-18.12,-38.75;
34.97,-12.36,-52.05;
39.19,-15.08,-64.07;
26.62,-23.39,-51.85;
14.27,-20.52,-25.36;
18.53,-9.42,-15.44;
18.50,-6.24,-19.09;
6.75,3.58,-10.84;
11.45,-1.23,-0.46;
25.62,-3.63,-1.10;
22.73,-2.07,-5.73;
2.01,3.36,-10.42;
-16.41,2.92,-4.69;
-21.91,2.20,5.25;
-6.98,-0.44,13.32;
2.33,0.96,3.20;
5.55,4.38,-8.55;
-6.87,6.17,-7.68;
-19.88,1.42,1.60;
-20.77,-9.25,11.74;
-10.12,-10.96,9.93;
1.80,-0.39,-4.11;
1.94,5.65,-10.51;
-1.15,3.44,-5.78;
0.88,-5.26,4.59;
3.25,-9.02,11.23;
0.15,-8.59,9.19;
-7.32,2.05,0.36;
-12.87,5.74,-5.90;
-11.00,-0.85,-5.50;
-2.92,-9.16,2.36;
6.70,-4.88,7.09;
10.62,0.37,2.83;
7.83,5.41,-1.46;
2.85,-0.04,0.71;
-6.98,-3.75,4.48;
-14.19,-4.52,3.86;
-19.35,-3.04,0.32;
-11.54,1.00,0.36;
2.96,0.49,1.78;
15.04,-1.78,1.28;
10.64,-1.69,-1.30;
-5.39,-0.36,-1.32;
-9.94,1.09,3.70;
-1.93,-1.04,6.42;
7.49,-0.10,3.05;
9.14,0.66,-2.17;
1.81,1.64,-3.13;
-4.49,0.87,-0.11;
0.94,-1.39,2.77;
6.23,-3.49,4.54;
3.71,-1.91,3.49;
-2.32,6.52,2.82;
-5.94,6.49,0.68;
-2.40,0.22,0.99;
0.87,-5.75,3.45;
1.49,-1.60,4.27;
-3.41,3.44,4.16;
-4.95,8.11,2.64;
-1.93,3.10,0.99;
0.76,-2.91,1.40;
-3.82,-2.73,2.07;
-2.63,-0.46,5.29;
-1.48,4.41,9.17;
6.06,4.00,9.34;
10.35,-0.46,5.84;
6.33,-4.52,5.66;
-1.24,-3.37,17.70;
3.88,4.31,32.03;
23.13,6.60,35.11;
39.65,1.99,30.65;
38.15,-0.73,32.80;
33.34,7.33,41.89;
48.09,3.50,44.80;
50.53,0.74,38.91;
43.46,-8.58,31.75;
31.66,-13.97,33.25;
30.23,-13.54,41.46;
32.70,-12.59,50.87;
40.29,-6.50,54.59;
40.61,2.16,46.48;
33.23,1.06,34.58;
13.86,-0.91,30.64;
-6.87,-4.53,39.23;
-21.44,-1.77,51.75;
-16.57,0.61,59.23;
-7.16,4.22,52.24;
-0.41,3.35,45.02;
4.30,-4.84,52.76;
-0.09,0.06,66.61;
20.06,13.59,73.12;
27.20,22.20,59.46;
16.35,19.76,37.25;
-12.83,13.83,30.71;
-37.93,6.95,47.86;
-42.80,1.48,79.81;
-8.11,3.83,97.34;
0.21,24.63,84.94;
-6.95,22.20,31.81;
-25.73,26.00,9.54;
-2.48,18.46,31.43;
7.43,15.22,74.59;
21.54,11.35,97.93;
6.88,15.03,78.38;
-5.21,22.11,45.43;
15.13,30.45,32.42;
11.39,24.29,37.20;
-11.61,6.98,46.53;
-24.87,21.09,57.11;
-7.35,26.41,56.13;
6.59,26.75,42.87;
18.07,32.05,43.52;
13.74,31.47,50.73;
3.07,16.03,59.61;
-14.90,17.38,56.80;
-14.80,17.39,44.70;
1.16,21.64,33.35;
28.20,23.68,44.65;
30.84,13.30,58.82;
4.73,2.52,58.88;
-8.51,10.54,50.21;
11.94,17.00,41.83;
24.49,18.41,37.60;
19.04,14.51,45.86;
-6.98,6.48,49.25;
-15.90,9.58,46.88;
22.87,10.48,45.38;
33.42,9.38,40.38;
21.94,11.94,40.77;
12.41,14.22,44.07;
14.55,14.75,36.67;
29.69,15.00,23.08;
23.30,17.48,22.09;
-3.44,23.16,33.95;
-8.46,22.81,44.15;
6.29,18.17,41.16;
33.04,9.53,32.36;
36.18,11.90,31.69;
22.94,16.51,28.16;
17.59,13.64,17.41;
25.05,5.59,10.29;
26.97,4.74,16.29;
12.23,8.60,25.08;
-5.39,9.04,26.09;
0.97,6.54,18.47;
19.60,7.13,12.87;
27.14,9.87,14.94;
21.83,13.88,13.43;
10.47,13.82,11.38;
8.04,11.51,10.36;
4.09,8.57,4.83;
-5.09,7.74,-1.01;
-8.45,8.58,0.87;
-5.80,6.80,7.00;
-1.47,1.87,5.23;
1.43,-0.39,-0.07;
6.47,-0.06,-9.58;
9.39,2.98,-15.94;
6.13,3.82,-12.65;
-3.36,-0.84,-6.39;
-14.09,-4.07,-3.00;
-16.92,-2.26,-7.17;
-10.23,0.09,-16.26;
4.87,5.00,-24.42;
7.25,5.06,-19.65;
-3.36,0.38,-14.10;
-15.44,-7.20,-8.72;
-16.17,-11.86,-10.37;
-4.80,-9.25,-17.29;
-0.19,-6.44,-24.86;
4.78,-4.52,-31.32;
-0.38,-7.28,-32.60;
-9.33,-8.53,-27.56;
-22.19,-9.68,-19.96;
-23.73,-9.81,-19.06;
-12.87,-11.65,-26.88;
0.20,-11.28,-37.35;
11.10,-8.41,-38.48;
10.06,-9.33,-38.80;
6.79,-11.23,-39.36;
-6.81,-13.55,-38.19;
-20.67,-17.14,-36.43;
-25.00,-18.32,-37.68;
-17.76,-12.87,-39.24;
-9.00,-10.58,-44.11;
-5.19,-13.14,-49.21;
-15.01,-17.72,-51.33;
-20.45,-18.93,-48.22;
-14.92,-16.47,-49.33;
-2.55,-12.18,-54.89;
12.33,-9.23,-60.55;
1.54,-11.45,-61.01;
-20.52,-16.84,-59.36;
-40.25,-21.16,-55.30;
-31.74,-14.39,-53.03;
-19.47,-11.81,-63.55;
-8.87,-12.68,-77.06;
-13.53,-14.23,-80.23;
-23.32,-13.40,-72.25;
-31.48,-13.78,-63.90;
-33.50,-16.26,-65.17;
-31.99,-15.02,-71.30;
-34.92,-18.39,-82.78;
-31.45,-18.46,-89.26;
-17.13,-13.81,-85.71;
-15.71,-12.27,-83.58;
-4.60,-13.46,-86.45;
-0.25,-12.41,-91.56;
-13.07,-10.29,-93.00;
-32.96,-17.46,-90.34;
-38.69,-18.64,-80.40;
-28.32,-21.66,-78.46;
-23.39,-29.26,-85.75;
-16.22,-25.08,-92.08;
-5.96,-21.83,-86.20;
-1.51,-19.39,-77.58;
-1.97,-19.04,-75.12;
3.95,-28.30,-83.32;
2.97,-27.92,-89.75;
2.39,-25.52,-89.81;
5.54,-26.33,-80.86;
29.33,-25.34,-70.97;
47.60,-19.25,-66.39;
42.62,-19.36,-62.28;
23.74,-15.46,-50.16;
3.51,-11.95,-30.30;
-11.87,-1.89,0.79;
-4.28,10.17,16.58;
8.24,12.49,8.18;
11.46,11.83,-9.68;
-3.80,7.59,-25.81;
-30.58,6.12,-11.55;
-34.77,12.58,12.35;
-3.97,7.42,26.47;
25.28,1.07,6.73;
14.26,-6.81,-13.04;
-14.54,-6.17,-19.38;
-26.55,4.25,-5.75;
-7.18,8.29,7.29;
6.82,3.48,6.06;
9.28,-2.62,-5.87;
1.72,-1.84,-12.20;
-0.29,-1.74,-6.86;
-0.54,8.75,3.90;
3.69,11.16,9.02;
6.50,0.80,6.06;
-3.94,-9.02,-2.49;
-13.29,-3.86,-4.94;
-11.18,1.04,-1.61;
-1.48,6.52,6.85;
10.79,5.82,12.22;
16.71,0.51,5.75;
12.09,-4.01,-1.21;
-0.90,-5.55,-5.03;
-11.96,-3.94,-1.88;
-12.52,-0.23,3.95;
-3.16,0.75,5.84;
5.66,-0.68,4.03;
5.72,-0.67,1.72;
2.26,-2.07,-0.51;
-2.89,-0.44,3.28;
-6.66,4.29,8.79;
-0.96,7.29,6.76;
7.17,3.54,0.82;
0.03,-1.89,-2.26;
-10.87,-3.23,0.64;
-12.05,-2.27,5.86;
-2.78,3.27,4.51;
12.93,1.61,-0.49;
15.49,2.31,-1.61;
8.81,-0.01,-1.59;
-4.00,-0.90,1.34;
-10.74,-0.36,3.72;
-4.58,-0.90,3.05;
3.49,0.57,-2.45;
5.48,1.29,-6.14;
1.25,2.32,-2.77;
0.55,-0.04,5.12;
6.12,-0.18,8.27;
7.97,2.28,4.82;
5.69,2.83,-3.76;
-1.59,0.38,-9.65;
-6.12,-0.94,-10.04;
-2.70,-4.29,-3.29;
3.16,-5.19,4.64;
11.36,0.05,6.79;
16.55,0.86,0.73;
7.92,2.75,-6.34;
-2.43,3.16,-5.73;
-8.31,1.06,2.01;
-8.80,-0.58,9.05;
-7.71,-1.94,6.48;
-6.67,1.45,-0.19;
-2.17,-0.84,-5.58;
-0.80,1.04,-1.17;
1.88,1.80,4.74;
9.52,2.46,4.82;
12.71,1.82,-1.03;
5.46,1.22,-3.99;
-1.91,-1.02,-2.69;
-7.54,-4.76,1.05;
-11.85,-4.04,6.12;
-10.52,1.12,6.59;
1.94,1.80,0.93;
7.25,3.01,-3.30;
7.49,3.10,-3.47;
3.89,3.42,2.44;
-0.32,5.53,6.76;
0.76,2.63,3.75;
-2.25,-0.29,1.14;
-10.09,-2.62,-0.10;
-9.94,-2.44,-0.62;
-3.45,0.09,-0.74;
2.73,1.48,-0.92;
8.03,-0.46,0.53;
11.42,-0.44,1.17;
11.94,-0.99,-0.14;
2.35,1.62,2.33;
-6.46,2.70,5.35;
-5.19,2.16,4.64;
-5.91,-0.64,-0.13;
-10.86,-2.93,-3.88;
-11.41,-2.42,-1.29;
-2.58,0.45,2.19;
8.78,1.22,2.73;
12.55,0.57,2.41;
11.75,0.72,0.36;
5.48,0.66,-0.98;
-4.64,0.89,0.56;
-11.51,0.37,3.55;
-8.54,-0.67,6.47;
-4.43,0.78,4.74;
-0.52,0.29,1.45;
-0.93,0.28,1.80;
-5.12,-1.16,2.48;
-0.89,-2.55,2.68;
5.94,-2.56,2.56;
11.63,-0.32,3.00;
10.76,2.14,2.77;
4.13,1.19,2.39;
-4.81,-0.99,4.71;
-10.37,-2.42,6.45;
-9.19,-2.65,4.62;
-7.65,-2.00,1.02;
-7.36,-0.21,1.51;
-0.25,0.57,4.07;
9.84,2.51,5.61;
13.00,1.44,5.35;
5.22,0.52,3.93;
-0.78,-1.34,4.24;
-5.59,-1.48,5.37;
-7.39,-0.12,2.13;
-5.94,-0.42,-1.03;
-4.52,-2.23,-1.61;
-1.83,-1.54,1.78;
4.13,-0.76,3.19;
9.34,-1.31,1.75;
7.45,-0.24,0.59;
5.40,-0.18,0.25;
1.81,-0.10,-0.62;
-3.71,-0.97,-0.77;
-7.67,-0.84,1.09;
-5.67,-0.70,3.26;
-1.04,0.67,2.56;
4.64,1.29,-0.25;
2.13,0.80,-2.20;
-3.25,-0.46,-1.65;
-1.45,-2.49,1.84;
1.80,-1.71,5.46;
2.44,-0.35,5.31;
-0.54,2.87,1.26;
0.73,3.70,-3.26;
1.49,2.95,-3.67;
-1.65,-0.56,-0.07;
-5.06,-1.62,4.01;
-6.05,-0.76,3.34;
-1.68,-0.49,-0.77;
5.22,-0.42,-2.95;
8.38,-1.89,-1.88;
8.59,-0.90,1.08;
8.64,0.40,3.26;
5.23,1.29,1.86;
3.86,1.44,1.61;
2.88,0.64,3.12;
-0.92,1.94,6.22;
0.15,0.84,9.05;
-0.17,2.03,8.41;
1.88,-0.97,6.15;
3.08,-4.17,8.09;
5.11,-3.13,13.29;
15.00,-0.70,19.87;
25.02,3.32,19.64;
22.13,2.77,17.58;
10.84,-0.10,19.89;
4.97,-2.70,31.02;
17.55,3.62,38.93;
32.91,6.64,35.87;
31.23,3.68,29.96;
19.60,-4.49,33.93;
16.38,0.78,48.44;
25.02,2.02,49.03;
19.34,3.32,37.40;
-0.08,-1.14,31.00;
-22.40,-3.92,38.88;
-19.94,-0.04,57.80;
2.64,2.67,66.21;
25.51,4.29,66.30;
21.14,0.60,59.37;
18.88,0.96,58.01;
9.60,12.17,62.36;
32.36,18.35,51.78;
25.48,21.09,36.38;
3.36,19.16,41.40;
-14.92,13.01,68.39;
-27.58,12.49,98.74;
-18.63,6.46,101.78;
-9.70,4.09,70.76;
7.26,3.58,28.00;
22.76,13.42,15.55;
47.19,17.61,38.29;
50.39,11.45,76.29;
24.17,13.53,97.49;
5.69,3.30,79.26;
-33.47,12.52,44.15;
3.49,37.06,37.63;
36.94,43.67,49.84;
27.25,22.86,65.67;
-9.80,4.06,74.24;
-42.80,-0.20,63.57;
-24.80,19.24,44.74;
42.47,44.63,41.75;
63.16,44.02,43.66;
40.64,21.19,54.33;
10.00,10.49,69.83;
-12.38,12.49,71.11;
10.07,21.22,55.64;
16.59,33.36,44.47;
6.12,27.39,42.77;
-1.29,22.58,46.21;
6.06,20.11,43.00;
29.10,28.51,32.16;
31.13,34.12,30.70;
28.35,32.90,44.74;
10.73,23.90,51.51;
15.14,11.70,46.24;
32.30,10.06,32.68;
48.18,19.06,29.00;
40.18,25.51,30.51;
18.29,18.37,29.69;
-1.68,5.90,24.87;
-1.71,3.64,23.46;
7.68,12.16,24.82;
18.06,19.35,24.94;
25.33,15.25,22.76;
29.63,9.29,18.58;
20.42,7.04,11.28;
6.65,6.06,8.80;
2.90,5.91,9.74;
2.13,2.75,5.61;
8.42,3.13,-3.13;
12.04,3.70,-4.52;
3.37,5.91,-1.97;
-9.29,4.87,0.35;
-8.63,-2.06,-1.49;
1.78,-8.17,-4.51;
8.20,-8.36,-3.12;
10.24,-4.42,-3.73;
4.70,-3.39,-14.04;
-1.13,-4.96,-22.04;
-7.15,-6.55,-22.65;
-16.74,-3.55,-13.53;
-26.63,-2.03,-7.41;
-18.61,-2.09,-6.94;
3.57,0.67,-15.32;
12.01,-0.76,-22.05;
6.49,-2.47,-24.20;
-10.02,-3.65,-20.55;
-14.78,-7.43,-18.33;
-11.22,-11.81,-19.18;
-5.83,-9.30,-23.88;
-11.48,-6.49,-28.91;
-11.97,-6.68,-33.85;
-10.64,-7.46,-36.07;
-11.21,-6.41,-32.60;
-8.25,-3.40,-28.66;
-10.67,-3.55,-30.42;
-17.21,-7.14,-34.00;
-28.77,-11.75,-36.52;
-27.87,-15.08,-40.37;
-15.71,-14.56,-46.08;
1.66,-10.06,-48.40;
7.33,-10.64,-55.42;
5.31,-12.76,-64.46;
-3.54,-11.97,-61.87;
-21.64,-12.94,-56.04;
-31.85,-17.07,-53.23;
-28.09,-19.88,-55.53;
-9.88,-14.61,-60.77;
-6.28,-11.54,-68.80;
-12.75,-12.21,-77.91;
-32.90,-18.88,-78.42;
-42.43,-19.88,-71.97;
-49.06,-16.17,-62.25;
-48.23,-12.36,-62.69;
-39.76,-10.99,-76.60;
-36.72,-16.96,-94.04;
-18.03,-15.54,-96.04;
-7.71,-13.72,-87.96;
-7.85,-15.26,-82.77;
7.33,-18.75,-86.45;
1.36,-19.04,-92.75;
-24.31,-19.57,-94.28;
-57.03,-22.49,-90.51;
-54.38,-23.92,-88.22;
-37.42,-26.24,-88.30;
-28.34,-27.45,-90.11;
1.19,-23.07,-89.12;
3.30,-19.88,-82.40;
-14.86,-17.71,-73.52;
-28.49,-28.49,-62.40;
-26.58,-33.08,-58.39;
-16.37,-27.83,-65.67;
5.31,-19.60,-73.21;
22.09,-16.50,-70.40;
23.17,-10.79,-64.17;
25.30,-23.25,-52.86;
15.88,-12.50,-32.55;
20.87,-13.48,-28.48;
21.22,-5.25,-30.04;
28.82,-6.65,-26.51;
30.73,-12.87,-19.35;
29.07,-7.28,-8.62;
24.30,-0.94,-8.59;
20.21,2.46,-10.33;
18.07,5.07,-5.68;
4.23,-0.90,4.36;
-2.95,-7.39,10.68;
1.04,-6.65,-0.57;
-2.87,-0.59,-11.68;
-16.35,6.19,-6.10;
-8.23,4.16,5.41;
16.15,-6.10,8.59;
9.86,-8.44,3.11;
-9.29,-2.55,-5.99;
-14.16,2.12,-4.80;
-8.41,7.85,5.70;
12.32,4.14,13.52;
21.00,-2.99,7.06;
2.64,-4.67,-5.78;
-14.00,-0.03,-4.10;
-18.75,5.58,6.30;
-4.26,8.26,14.13;
10.21,3.85,10.68;
-1.51,-1.46,-2.63;
-12.84,-4.75,-6.86;
-17.27,-3.60,0.56;
-11.30,0.78,8.90;
0.23,3.15,12.50;
12.23,3.51,8.83;
10.81,2.35,0.47;
1.83,1.73,-4.51;
-8.95,-0.71,0.68;
-16.31,0.61,11.95;
-4.03,1.25,15.98;
6.33,0.83,5.22;
3.13,-1.04,-6.95;
-3.32,-4.20,-8.69;
-4.43,-2.12,-1.35;
2.03,-0.82,8.79;
15.16,0.45,9.34;
19.84,-1.05,1.08;
9.26,0.77,-8.16;
-8.69,0.93,-6.04;
-17.68,0.00,1.41;
-14.20,-0.79,9.63;
-3.27,-0.01,9.32;
0.53,0.96,2.97;
-4.14,0.92,-1.01;
-10.35,1.67,1.17;
-2.98,1.51,4.90;
7.60,1.32,5.20;
14.33,0.64,0.71;
14.29,2.90,-5.26;
7.91,0.69,-7.06;
-3.91,-0.99,-3.70;
-6.20,-4.20,2.38;
-1.67,-1.84,3.28;
6.49,-2.04,-0.31;
6.82,2.02,-5.09;
2.01,2.57,-7.20;
3.37,-1.68,-3.15;
0.39,-1.72,5.96;
1.16,-0.13,8.24;
1.95,4.00,1.90;
-7.19,3.16,-3.85;
-14.69,0.06,-1.03;
-14.37,-1.19,5.78;
-4.14,-0.30,7.48;
6.93,2.02,1.75;
7.83,3.82,-4.51;
5.17,1.30,-4.33;
-0.31,-1.33,-0.16;
-1.06,-1.51,3.32;
-0.96,1.54,2.82;
-2.81,2.60,0.07;
-5.97,0.93,-1.55;
-4.86,-1.65,-0.57;
-0.02,-3.37,1.61;
3.78,-0.39,4.09;
4.38,2.80,3.89;
3.77,4.64,0.61;
4.36,0.45,-2.05;
-1.59,-0.30,0.19;
-3.24,-0.41,1.87;
1.10,2.14,0.96;
1.65,1.62,-0.98;
-3.24,-0.32,-0.02;
-3.18,-2.12,3.14;
-0.22,-0.04,3.05;
2.42,1.15,-0.74;
-3.21,2.57,-0.97;
-8.89,0.80,2.58;
-5.15,-0.79,4.15;
2.38,1.01,-0.17;
3.78,1.21,-4.17;
0.73,-0.35,-2.60;
2.49,-1.05,0.25;
5.81,-0.59,1.70;
7.19,-0.67,0.53;
2.78,0.40,-1.42;
-1.74,0.93,-2.60;
-3.67,-0.18,-1.52;
-3.33,1.87,0.13;
-1.25,1.27,1.86;
-3.12,2.26,3.72;
0.46,1.22,3.09;
4.52,2.25,-1.52;
3.98,0.93,-4.25;
1.25,1.87,-2.31;
3.16,0.26,2.16;
3.52,0.43,4.90;
-0.34,-1.23,1.93;
-0.57,-2.13,-2.30;
-1.85,0.38,-4.05;
-2.31,2.29,-2.57;
3.68,2.63,0.30;
4.81,-0.17,-0.22;
0.15,-0.97,-0.31;
-5.41,-0.73,1.77;
-7.54,0.55,5.00;
-3.33,2.43,4.85;
4.59,3.36,-1.99;
3.45,3.12,-6.11;
-5.10,-0.91,-1.73;
-9.83,-2.78,5.51;
-6.16,-3.04,9.16;
8.88,-1.23,2.39;
15.83,2.74,-5.56;
10.30,3.74,-7.00;
0.41,0.87,0.59;
-5.90,-1.71,6.68;
-2.29,-3.30,5.03;
-3.58,1.03,-2.00;
-4.87,1.56,-5.94;
-4.93,-0.03,-3.53;
-0.95,-2.71,-0.55;
4.58,-1.10,3.20;
6.56,1.90,2.13;
7.08,2.49,-2.57;
1.89,-0.32,-3.47;
-2.09,-1.14,1.09;
-0.69,-1.91,6.53;
1.17,0.78,4.88;
1.23,0.19,-1.20;
-0.02,2.69,-4.33;
1.94,1.13,-2.92;
0.10,0.16,2.01;
-2.52,1.30,5.23;
-0.41,2.38,5.34;
4.27,-0.21,0.01;
0.21,0.16,-3.00;
-7.24,-1.72,-1.78;
-10.46,-1.51,1.95;
-7.33,-0.29,4.79;
-1.51,1.30,5.95;
7.43,2.31,2.39;
5.94,1.77,-3.94;
-0.66,-1.46,-6.26;
-10.69,-2.53,-1.73;
-7.27,-0.70,4.77;
2.20,-0.39,4.42;
7.80,0.19,0.04;
7.49,0.87,-5.13;
7.11,1.56,-4.88;
1.46,2.66,-1.46;
-3.88,-0.41,3.25;
-3.48,-0.71,4.48;
-0.05,-2.33,1.09;
-1.94,-0.56,-4.63;
-5.87,0.46,-4.54;
-2.16,-0.81,-2.04;
3.23,-1.36,0.18;
7.33,0.08,-0.14;
4.03,1.79,-0.59;
0.64,2.81,-0.62;
-1.21,-0.13,-0.95;
-4.32,-0.53,2.00;
-6.78,0.20,5.08;
-2.96,3.44,4.29;
3.72,2.22,-1.79;
4.18,-0.49,-4.78;
1.46,-2.44,-1.59;
-0.26,0.37,3.37;
3.88,1.73,4.10;
4.93,3.50,-1.87;
1.16,0.67,-7.18;
-3.73,-1.57,-6.36;
-9.00,-1.23,-2.05;
-8.35,-1.02,3.41;
-5.03,-0.96,5.60;
-0.19,0.09,4.21;
7.19,4.49,-1.01;
12.15,3.96,-7.10;
4.15,0.41,-5.39;
-10.20,-2.13,4.61;
-11.58,-1.74,9.74;
-2.46,-1.36,1.03;
2.52,-1.83,-8.25;
-0.72,0.55,-10.22;
0.65,0.80,-1.47;
3.19,1.30,3.72;
6.18,-0.18,2.38;
3.60,-0.70,-2.17;
-2.37,-0.20,-3.09;
-4.55,-0.07,0.18;
-5.97,2.48,3.66;
0.93,-0.29,2.10;
2.29,1.61,-1.41;
0.81,-0.07,-4.30;
-3.64,-0.94,-0.10;
-5.16,-0.21,4.82;
0.13,1.45,6.03;
7.48,1.87,0.74;
5.51,1.58,-4.84;
-0.75,-0.71,-3.64;
-5.06,-1.83,3.17;
-3.94,0.86,7.87;
2.88,0.28,4.00;
6.27,1.45,-1.59;
4.15,1.24,-3.39;
4.53,0.34,0.29;
3.65,0.96,7.06;
1.13,0.69,7.03;
4.35,-2.58,2.59;
0.41,-2.50,-1.38;
-2.96,-4.12,0.35;
0.13,-2.62,7.32;
8.41,0.17,13.22;
17.28,3.85,13.78;
23.91,0.45,7.98;
13.74,-1.48,7.69;
-3.03,-4.03,14.39;
-10.86,-0.30,24.09;
-6.67,1.83,27.05;
0.52,1.24,25.63;
-0.25,-1.72,27.16;
0.42,-5.00,37.57;
11.05,-3.71,46.54;
28.07,4.17,49.95;
37.04,5.59,40.82;
41.05,3.47,33.38;
39.46,-6.64,30.82;
31.08,-13.88,41.17;
19.88,-17.59,62.97;
15.39,-12.13,78.53;
40.01,-4.35,74.64;
53.31,10.16,46.88;
35.92,9.71,26.18;
-3.13,6.52,36.15;
-25.25,2.70,64.82;
-1.00,8.02,90.09;
21.89,7.67,90.41;
13.43,-2.67,67.78;
-12.93,-6.68,57.75;
-11.96,-12.44,70.07;
43.49,4.66,82.67;
66.81,16.22,69.02;
83.42,11.59,53.11;
46.00,3.64,54.51;
24.44,-3.84,74.25;
19.91,9.68,91.45;
8.87,11.12,79.74;
12.81,16.32,43.87;
22.75,25.16,26.91;
22.59,32.02,32.99;
13.48,37.32,54.62;
-5.33,24.90,77.02;
-11.38,16.25,69.81;
-15.29,20.72,51.23;
6.18,32.00,46.09;
31.95,31.39,42.01;
35.55,32.25,42.64;
9.16,27.74,44.73;
-17.38,24.35,55.09;
-8.46,26.72,67.34;
-5.76,27.41,70.35;
-2.52,22.43,55.86;
19.60,24.81,38.47;
49.75,33.41,30.54;
43.72,32.80,30.54;
7.34,24.78,37.81;
-15.41,19.67,49.41;
4.87,23.13,55.69;
31.40,22.51,44.96;
34.49,17.62,31.19;
15.68,16.55,28.91;
13.00,17.07,33.96;
24.75,13.22,35.70;
22.67,10.48,25.19;
20.27,7.73,20.32;
16.93,10.61,17.00;
17.84,15.96,13.86;
18.88,16.67,13.80;
15.20,16.57,12.54;
0.93,11.68,13.63;
-13.16,6.63,13.58;
-9.41,6.64,13.38;
0.13,5.90,8.19;
9.43,2.83,-7.55;
14.99,0.77,-13.93;
13.11,1.67,-8.80;
-1.76,-0.53,-1.32;
-10.60,-3.59,-1.53;
-4.46,-7.45,-8.23;
6.38,-4.79,-12.46;
6.07,-0.99,-11.84;
-1.42,0.38,-8.13;
-13.54,-0.52,-8.66;
-19.06,-1.45,-9.62;
-18.23,-2.87,-10.16;
-15.19,-5.30,-9.67;
-6.95,-4.70,-14.80;
6.46,1.68,-20.91;
9.40,2.69,-23.91;
-2.77,-2.12,-23.12;
-29.10,-5.46,-16.22;
-42.64,-4.64,-12.55;
-32.32,-2.87,-17.38;
-10.81,-2.23,-28.40;
3.91,-4.01,-34.92;
7.66,-3.80,-34.11;
3.71,-3.33,-29.41;
-5.41,-6.01,-28.40;
-15.29,-6.75,-34.74;
-23.67,-6.76,-38.43;
-28.46,-8.15,-37.78;
-29.83,-6.64,-37.76;
-27.24,-9.60,-40.62;
-13.16,-10.20,-46.55;
0.91,-4.99,-45.53;
-0.25,-2.58,-47.88;
-10.89,-7.54,-55.73;
-18.89,-14.13,-58.72;
-22.31,-12.76,-53.75;
-31.93,-9.43,-51.01;
-29.48,-7.11,-61.70;
-9.32,-8.29,-74.80;
8.26,-5.23,-85.64;
-0.84,-2.46,-84.39;
-15.94,-5.07,-81.29;
-30.74,-11.40,-77.50;
-33.41,-12.10,-77.55;
-39.99,-6.00,-80.19;
-48.75,-10.76,-85.99;
-61.13,-15.59,-96.89;
-53.13,-18.20,-100.11;
-46.02,-17.39,-99.04;
-48.61,-15.98,-98.05;
-37.07,-23.31,-103.73;
-21.82,-24.68,-109.97;
-12.02,-26.06,-116.75;
-19.30,-28.27,-112.11;
-28.20,-36.93,-100.81;
-33.18,-39.02,-89.46;
-37.97,-45.16,-80.51;
-30.35,-45.78,-82.81;
-9.33,-39.63,-91.17;
4.13,-40.10,-102.63;
0.47,-26.27,-98.81;
15.39,-20.29,-83.93;
42.35,-21.36,-61.30;
40.58,-23.19,-45.93;
38.39,-11.43,-30.02;
35.72,-0.24,-20.20;
37.05,9.97,-11.09;
42.52,1.77,-6.83;
35.05,-5.43,-8.69;
12.30,-9.51,-27.61;
-3.56,-8.49,-37.91;
-12.77,-4.84,-25.94;
-9.01,-3.62,-4.94;
18.09,-12.81,6.87;
44.94,-21.31,-7.17;
46.81,-5.36,-23.49;
40.73,0.60,-22.78;
22.07,6.72,-5.87;
16.15,0.86,4.42;
4.87,-1.66,1.58;
-3.90,-2.29,-4.26;
-12.95,1.62,-3.04;
-12.70,-0.46,4.45;
-13.24,1.58,9.66;
-2.08,0.03,6.41;
5.91,0.26,-3.07;
2.56,2.55,-11.44;
-4.16,5.15,-3.68;
-13.61,3.58,7.70;
-16.98,-0.09,16.33;
-6.69,-2.88,11.11;
-1.67,0.66,-2.40;
-11.01,-0.17,-6.65;
-13.16,-1.36,2.71;
1.83,0.57,13.55;
18.91,-1.68,14.09;
24.26,1.74,3.60;
11.34,3.96,-4.62;
-3.80,2.55,-1.88;
-22.98,-0.36,8.18;
-20.80,-4.21,15.52;
-10.78,-0.23,9.66;
2.73,5.19,-5.73;
5.54,3.04,-8.91;
-3.59,1.19,4.35;
0.46,-0.44,12.56;
8.82,-1.72,10.47;
5.98,-1.71,-0.88;
-2.00,0.89,-6.81;
-10.12,-0.59,-3.90;
-10.26,-3.60,3.60;
-7.21,-1.30,8.53;
-1.59,0.19,6.99;
-1.36,0.34,0.45;
-6.06,0.16,-1.75;
-5.21,-1.17,0.03;
0.18,4.51,3.86;
14.59,3.07,4.33;
10.81,5.04,-0.10;
-3.30,0.11,-4.05;
-10.48,-3.55,-1.33;
-5.96,-3.04,2.48;
-0.96,0.11,2.65;
1.14,1.07,3.00;
1.33,4.02,2.45;
9.72,-0.85,-1.12;
9.51,-1.31,-3.01;
-3.50,-1.10,0.58;
-9.76,0.34,3.77;
-5.61,3.82,4.24;
2.23,3.73,0.47;
2.04,1.32,-3.61;
-2.74,0.09,-1.44;
-2.86,-1.20,1.70;
0.41,0.40,3.51;
5.16,1.47,1.58;
10.65,0.95,-4.31;
9.92,-1.26,-5.15;
-3.39,-1.22,1.75;
-12.03,-0.73,6.90;
-3.62,3.35,5.11;
8.12,3.18,-3.71;
11.65,2.52,-8.72;
5.04,-1.60,-5.97;
-3.65,-3.20,3.34;
-6.45,-4.07,9.38;
-5.97,-1.10,7.72;
-1.33,1.01,-2.69;
1.00,3.83,-9.13;
0.07,4.06,-6.00;
-1.24,1.04,4.18;
-0.09,-1.66,10.35;
5.72,-1.20,6.33;
4.71,2.49,-2.33;
-2.92,3.18,-5.99;
-10.11,0.63,-3.09;
-12.77,-1.43,2.83;
-6.25,-2.61,6.39;
-1.13,-0.35,3.81;
2.91,2.25,-2.40;
6.53,2.54,-6.00;
5.68,4.02,-1.18;
2.67,0.87,3.72;
0.49,-0.17,4.36;
-1.10,-2.12,-0.84;
-1.00,-2.59,-3.94;
0.64,-2.81,-3.84;
2.94,-0.24,1.31;
4.99,1.38,5.40;
11.22,0.86,3.17;
9.59,1.96,-3.55;
-0.90,-1.07,-7.27;
-11.53,-1.91,-0.45;
-13.19,0.95,8.68;
-2.34,1.50,9.32;
2.91,2.52,1.03;
0.73,2.22,-4.95;
-1.16,0.89,-1.44;
-2.60,0.93,4.80;
0.65,1.74,8.41;
3.23,2.55,3.46;
1.20,-1.26,-2.88;
-6.05,-3.65,-3.41;
-10.80,-0.61,1.51;
-2.55,0.31,3.52;
4.62,0.67,-0.84;
3.92,0.75,-3.23;
4.70,-0.29,-2.49;
4.96,2.03,-1.84;
2.32,0.93,-0.55;
-5.62,-1.23,1.11;
-8.86,-1.74,2.27;
-3.19,0.29,0.80;
2.99,2.34,-0.34;
0.90,2.83,0.18;
-1.33,0.81,2.12;
-0.17,-0.44,2.54;
1.05,0.57,-0.28;
2.38,1.67,-2.25;
-0.28,1.54,-0.72;
-2.70,0.19,2.39;
-3.39,-1.17,3.12;
-4.14,-1.81,-1.23;
-5.15,-0.15,-3.78;
-3.03,2.12,-0.65;
0.70,2.74,1.37;
6.20,1.25,2.27;
5.26,0.60,1.58;
3.19,-1.04,-0.14;
-0.37,-0.35,-0.22;
-8.09,1.32,3.17;
-10.19,-0.29,4.79;
-3.99,-0.17,4.54;
1.30,0.67,2.22;
3.33,1.68,0.74;
3.11,3.91,1.31;
-0.81,2.16,0.99;
-6.08,-1.17,1.98;
-7.21,-1.65,2.67;
-4.16,-1.74,1.28;
-1.59,0.11,-0.16;
0.67,-0.15,-1.41;
3.63,0.83,-2.52;
9.77,0.57,-2.39;
10.59,1.82,-2.57;
5.54,1.35,-0.88;
-4.66,-1.72,1.98;
-8.11,-1.51,2.65;
-4.28,-0.75,0.09;
-0.34,0.20,-4.31;
-0.61,0.35,-3.13;
-0.57,0.67,1.69;
2.96,1.07,6.85;
6.85,1.74,4.61;
4.55,1.53,0.04;
-7.00,-0.68,-2.42;
-12.29,-0.23,2.12;
-7.18,1.10,6.91;
0.55,1.65,5.70;
5.17,2.66,-0.59;
2.55,-1.46,-4.05;
-2.46,-2.44,-1.99;
-6.61,-0.24,2.47;
-0.26,0.66,2.51;
6.15,1.93,-1.94;
6.39,-0.21,-4.71;
1.33,-1.33,-1.42;
-2.46,0.06,3.00;
-0.45,0.55,1.20;
0.85,-1.62,-4.63;
-4.31,-4.10,-6.49;
-5.10,-2.70,-1.29;
-1.13,2.06,3.90;
5.40,2.69,3.72;
7.19,1.24,-0.42;
8.04,0.25,-4.59;
2.61,0.17,-4.13;
-4.69,0.75,1.45;
-6.28,-0.17,4.88;
-4.32,-0.46,3.38;
-1.68,-1.42,-0.91;
-5.74,-0.56,-2.08;
-10.20,-0.58,-0.23;
-4.96,0.38,0.47;
2.99,1.77,-0.13;
9.36,1.22,-2.39;
9.26,-1.55,-2.95;
3.33,-5.95,-0.69;
-0.72,-4.35,2.83;
-0.64,0.60,5.19;
2.85,4.55,4.04;
0.01,3.90,0.74;
-10.16,1.18,-2.75;
-14.78,-3.65,-4.22;
-13.41,-4.65,-1.70;
-2.60,-2.97,1.74;
13.98,2.25,1.32;
25.43,4.05,-2.80;
22.93,3.44,-5.91;
12.12,0.98,-4.17;
-0.87,0.26,1.22;
-13.90,1.59,5.51;
-15.88,-0.27,4.64;
-9.41,-0.17,0.64;
-2.61,-0.97,-3.06;
2.81,1.39,-4.05;
4.46,1.85,-1.46;
4.68,0.58,1.09;
5.25,0.70,3.58;
8.03,1.41,3.03;
3.97,1.88,-0.16;
-7.48,0.34,-1.56;
-16.92,-3.48,-0.45;
-14.46,-3.26,3.35;
-3.83,-0.39,4.87;
12.32,4.63,3.80;
17.75,4.77,0.64;
10.32,3.07,-1.96;
-4.37,-1.57,-0.68;
-10.23,-3.36,2.32;
-8.78,-2.24,3.14;
-3.61,0.02,3.06;
0.52,1.15,1.70;
2.68,1.71,0.24;
2.35,0.63,-0.20;
1.31,-0.32,0.74;
2.39,0.41,3.11;
9.04,1.80,3.89;
13.66,2.55,-0.48;
8.10,0.95,-4.51;
0.15,-0.53,-1.17;
-2.81,-1.40,3.72;
-1.70,0.32,6.44;
1.10,1.36,2.35;
1.55,1.62,-1.58;
1.89,0.40,-0.02;
3.43,-0.32,6.15;
6.58,0.34,10.59;
8.15,2.11,12.24;
8.06,1.06,10.83;
7.51,-1.52,10.13;
3.28,-4.99,14.58;
1.89,-2.90,20.22;
13.88,-1.52,22.79;
20.20,0.29,22.29;
23.10,-0.70,23.46;
19.11,-1.62,30.21;
22.01,-3.78,39.58;
25.30,-0.44,44.06;
18.76,-1.52,40.97;
9.92,-5.25,41.03;
8.97,-3.43,54.96;
25.60,7.56,72.27;
53.49,4.90,69.67;
49.59,3.29,56.45;
20.82,-5.46,45.86;
3.16,-2.93,58.47;
0.13,5.07,72.73;
36.21,12.48,81.25;
50.04,10.83,71.17;
34.06,4.84,55.67;
-16.02,1.35,61.14;
-31.35,4.31,65.95;
-0.54,12.66,59.28;
51.98,14.78,55.46;
67.92,16.48,60.45;
36.41,11.12,61.16;
4.23,9.61,67.61;
-8.23,13.58,73.69;
23.77,8.22,72.32;
45.04,13.93,65.84;
47.95,11.51,45.75;
24.71,18.55,40.16;
13.98,25.38,57.80;
5.11,36.08,73.20;
8.73,20.63,85.48;
5.04,7.07,88.30;
-1.73,13.80,60.12;
29.11,36.90,32.00;
66.71,52.48,23.12;
48.65,40.16,34.58;
4.53,36.95,70.67;
-41.13,14.90,86.39;
-31.25,11.85,71.17;
19.60,26.60,50.13;
57.94,38.52,38.47;
40.96,29.30,36.32;
11.75,20.23,36.65;
-8.69,17.88,44.54;
-3.93,16.23,45.09;
7.48,18.83,44.54;
14.39,22.74,46.00;
26.70,22.40,40.77;
49.91,21.61,30.93;
49.81,19.19,28.01;
22.47,19.47,36.27;
6.79,18.32,43.64;
9.31,13.48,40.29;
15.10,7.99,27.72;
15.88,10.03,21.45;
11.75,17.45,24.39;
13.55,23.27,24.00;
14.55,19.90,13.89;
20.42,18.41,12.56;
6.61,17.61,22.47;
-8.89,12.05,26.25;
-2.93,8.35,15.38;
18.85,8.72,4.68;
32.15,8.67,-4.45;
18.73,11.65,-9.12;
-4.06,13.82,-6.51;
-22.93,11.71,-1.90;
-20.54,6.38,-3.52;
-10.57,4.05,-5.53;
-3.80,4.03,-6.10;
6.42,7.12,-7.04;
13.14,4.00,-13.82;
17.17,-1.42,-20.97;
9.88,-0.81,-19.01;
-9.62,-0.39,-11.17;
-27.03,-2.41,-7.84;
-33.09,-6.39,-11.35;
-21.35,-4.67,-15.53;
1.80,0.52,-18.20;
14.75,3.39,-21.56;
7.11,-1.62,-21.24;
-1.36,-7.89,-15.81;
-6.02,-9.42,-10.60;
-8.43,-9.60,-11.32;
-5.99,-8.59,-21.35;
-5.36,-10.58,-25.68;
-11.04,-9.07,-24.63;
-16.67,-6.62,-20.49;
-15.25,-9.23,-23.58;
-7.85,-9.42,-28.97;
1.71,-8.62,-23.65;
0.01,-7.88,-17.33;
-11.62,-7.72,-21.42;
-12.72,-9.04,-33.23;
-11.56,-9.33,-41.50;
-9.13,-8.79,-39.52;
-12.16,-7.19,-30.43;
-15.59,-6.79,-29.79;
-15.96,-8.04,-34.98;
-8.46,-7.42,-43.76;
-11.10,-10.62,-44.89;
-16.87,-11.60,-40.46;
-19.97,-11.98,-37.17;
-14.23,-11.07,-44.20;
-8.81,-11.98,-54.40;
-6.69,-8.67,-57.33;
-19.33,-10.68,-52.00;
-25.48,-14.73,-50.13;
-25.16,-15.42,-56.23;
-12.69,-12.56,-64.62;
-9.25,-10.13,-71.03;
-11.94,-9.34,-71.46;
-16.60,-13.11,-68.13;
-21.79,-15.26,-70.95;
-21.73,-14.53,-79.17;
-19.35,-15.23,-84.72;
-30.95,-18.75,-84.00;
-42.40,-18.70,-83.36;
-47.51,-16.46,-86.23;
-49.03,-17.78,-92.31;
-48.63,-23.20,-98.00;
-43.61,-25.77,-99.82;
-38.61,-26.61,-99.58;
-28.43,-28.50,-97.00;
-18.00,-34.07,-99.17;
-10.14,-35.65,-105.35;
-17.13,-29.62,-110.69;
-36.31,-28.53,-110.48;
-46.46,-37.42,-108.45;
-41.56,-46.78,-105.13;
-42.86,-51.72,-99.53;
-43.18,-50.12,-90.69;
-28.17,-51.92,-84.84;
-0.35,-43.71,-89.56;
43.86,-32.97,-96.51;
72.10,-21.97,-91.09;
88.96,-23.78,-73.29;
76.65,-26.23,-48.37;
72.06,-14.88,-19.20;
69.31,-5.46,-5.04;
41.37,-5.48,-7.10;
9.43,-9.34,-14.72;
-28.23,1.51,-18.07;
-42.03,7.74,-13.82;
-23.54,9.19,-3.90;
13.81,-2.15,1.35;
17.49,-9.48,-1.59;
11.52,4.74,-11.39;
4.01,6.63,-16.89;
-10.26,5.59,-4.52;
-20.74,7.10,12.42;
-5.71,-6.18,16.59;
3.17,-5.98,4.04;
-2.61,2.46,-13.64;
-0.86,5.90,-17.32;
-1.90,2.46,-3.75;
4.01,-6.55,15.41;
12.38,-7.77,20.13;
-0.66,2.11,2.53;
-19.94,7.74,-12.26;
-36.96,9.41,-7.44;
-30.83,1.56,4.88;
-15.32,-4.75,13.54;
2.21,-10.53,10.18;
2.88,-3.20,2.27;
6.55,2.43,-7.13;
8.26,5.82,-6.10;
9.16,0.08,0.74;
10.82,-3.34,3.90;
7.83,-5.60,1.29;
-8.92,1.97,-2.77;
-18.77,8.16,-5.20;
-14.89,8.55,-3.76;
-8.87,5.21,-1.00;
-7.48,0.23,1.37;
-12.69,1.85,2.51;
-15.09,5.24,-2.19;
-10.20,3.38,-6.16;
-2.75,4.95,-3.24;
9.17,3.85,-0.63;
11.89,1.90,-1.33;
-3.90,-0.07,-1.39;
-12.89,-0.94,2.07;
-7.13,1.09,4.09;
1.60,4.49,1.64;
-3.29,4.93,-0.60;
-5.83,3.65,1.23;
0.93,0.37,1.45;
3.10,1.65,1.75;
-4.16,2.51,1.67;
-11.12,1.30,1.12;
-7.45,-1.59,0.56;
-5.24,-2.21,0.85;
-7.48,-2.32,0.47;
-5.68,1.03,-0.86;
9.69,3.74,-4.42;
14.55,4.72,-4.92;
11.39,3.24,-2.36;
8.20,1.68,1.48;
6.39,-1.11,0.96;
-0.46,1.74,-2.34;
-7.42,0.67,-5.30;
-11.09,0.26,-4.30;
-7.29,0.75,-1.93;
4.21,2.70,-4.37;
10.29,2.29,-8.57;
3.22,-1.45,-8.14;
-5.70,-2.01,-3.30;
-5.36,-3.69,-0.66;
2.64,-0.84,-5.44;
7.11,-2.01,-14.05;
3.60,-4.10,-14.60;
5.05,-3.28,-5.94;
17.60,-1.22,0.67;
29.34,4.16,2.07;
34.07,6.64,-3.64;
21.49,3.77,-7.67;
5.05,0.43,-4.95;
-12.29,-2.35,3.66;
-25.09,-1.69,9.43;
-17.09,-1.46,5.63;
-4.45,-2.30,-2.48;
1.07,-3.22,-3.55;
11.28,-1.48,3.87;
16.18,-0.84,9.12;
19.45,1.27,6.59;
14.36,0.70,1.92;
8.61,0.08,1.78;
-1.39,-3.17,0.74;
-8.41,-6.10,-3.13;
-3.67,-5.49,-3.36;
11.59,-1.37,-1.01;
22.58,1.01,0.42;
27.34,1.91,-0.80;
24.21,0.72,-2.60;
12.62,0.46,-2.54;
8.96,2.22,-2.75;
6.56,3.50,-3.32;
2.52,4.00,-2.11;
0.53,3.99,2.12;
3.39,2.09,3.31;
9.36,0.12,1.49;
10.26,-0.53,-1.23;
8.13,0.92,-1.18;
4.79,3.58,0.68;
2.49,4.46,4.21;
-3.00,2.87,4.85;
-6.34,1.32,4.47;
-8.11,1.54,4.85;
-8.64,3.51,3.87;
-3.30,5.03,2.87;
1.39,4.38,3.17;
2.42,3.87,4.77;
3.25,-0.36,4.87;
0.79,-0.64,5.19;
-0.84,-1.60,4.50;
-1.61,-0.47,2.54;
1.25,2.67,1.77;
2.97,2.61,0.64;
-0.48,1.56,1.02;
-1.83,0.86,3.20;
-2.37,0.43,3.93;
-2.03,0.08,2.21;
-2.64,1.01,-0.42;
-1.10,0.51,-2.26;
0.97,0.12,-2.52;
4.64,-0.41,-2.26;
8.04,-0.15,-2.39;
11.37,0.43,-2.55;
10.85,1.83,-2.78;
11.49,0.51,-3.30;
8.12,0.06,-3.99;
3.39,-1.34,-3.58;
2.29,-1.78,-2.39;
1.69,-1.37,-1.85;
2.85,-0.67,-2.05;
6.30,0.69,-2.04;
5.00,0.19,-2.59;
2.96,0.34,-1.97;
-0.31,0.64,-0.45;
-4.03,0.09,-0.05;
-6.17,0.86,0.24;
-6.98,0.86,1.45;
-5.77,0.66,1.43;
-2.72,-0.01,0.41;
2.00,-1.23,-0.40;
4.67,-1.68,0.04;
4.26,-1.91,0.94;
1.52,-1.75,1.89;
-4.16,-0.56,1.89;
-6.75,-1.02,1.93;
-5.73,-1.88,2.61;
-5.24,-1.59,2.38;
-0.41,0.55,3.25;
2.01,0.66,2.64;
0.33,-0.35,2.91;
-3.06,-1.34,4.68;
-5.45,-1.45,4.91;
-6.06,-1.22,2.99;
-5.54,-0.20,2.22;
-5.06,0.08,1.98;
-2.89,-0.03,2.74;
1.52,-0.61,3.16;
1.34,-2.46,2.01;
-0.67,-3.51,0.67;
0.67,-2.39,1.45;
2.82,-1.66,1.96;
0.88,-0.91,2.30;
-1.68,-0.17,1.89;
-4.05,0.22,1.49;
-4.83,0.77,1.45;
-4.17,-0.94,0.62;
-4.32,-1.20,0.36;
-4.66,-1.71,1.31;
-6.35,-1.26,2.54;
-8.25,-1.17,2.85;
-7.74,-0.23,2.51;
-8.23,-0.23,0.83;
-6.02,-1.17,-0.66;
-6.14,-1.08,0.56;
-5.48,-2.35,2.24;
-2.81,-1.40,3.26;
-0.61,-1.66,2.06;
-0.00,-1.60,1.49;
-1.03,-1.62,1.25;
-6.25,0.51,2.10;
-9.90,0.11,2.41;
-12.93,-0.24,2.51;
-13.77,-1.33,3.14;
-13.41,-1.40,2.97;
-11.30,-1.19,2.32;
-8.14,-0.23,1.20;
-3.77,-0.13,1.48;
-3.22,-0.17,2.25;
-3.54,0.34,2.39;
-2.89,0.12,1.67;
-5.45,0.63,0.42;
-8.58,0.46,-0.22;
-6.16,-0.78,0.04;
-2.09,-1.22,-0.05;
-0.17,-1.04,0.24;
-0.29,-1.91,0.10;
-2.17,-3.25,0.38;
-5.36,-3.02,0.04;
-2.43,-1.57,-0.34;
0.94,0.48,-1.44;
3.30,0.92,-2.17;
3.10,-0.20,-1.73;
1.94,-1.31,-1.61;
1.95,-0.64,-3.58;
2.00,-0.04,-5.33;
4.61,-1.00,-5.50;
11.02,-1.81,-4.19;
15.63,-2.21,-2.89;
16.42,-1.72,-2.54;
8.52,-0.68,-2.49;
-1.97,1.53,-2.11;
-6.95,1.87,-1.24;
-5.03,1.30,-0.65;
-0.46,-0.27,-0.22;
2.73,0.49,-0.34;
8.29,0.02,-1.04;
6.20,0.69,-1.04;
2.21,0.49,-0.05;
-1.42,0.08,1.11;
-2.45,0.92,0.79;
1.11,0.55,-1.62;
4.01,0.31,-2.59;
3.62,-0.87,-1.85;
5.10,-2.04,-0.07;
8.75,-1.74,0.44;
11.63,-0.84,-1.24;
11.43,-1.43,-3.42;
9.77,-1.20,-3.03;
6.90,-0.94,-1.56;
3.26,-0.88,0.32;
1.05,-1.30,1.80;
0.36,-0.93,1.48;
1.39,-0.64,-0.02;
1.49,0.92,-0.62;
1.84,0.57,-0.84;
3.49,-0.23,0.74;
2.90,0.69,2.59;
1.45,0.38,2.62;
-0.54,0.28,1.93;
-2.84,0.87,1.95;
-4.70,1.62,2.01;
-3.15,2.02,2.48;
1.52,2.34,2.16;
4.49,2.20,1.14;
4.71,0.54,0.79;
0.58,0.40,0.64;
-3.24,-0.15,1.46;
-6.43,0.22,2.12;
-8.19,0.63,2.96;
-4.06,1.73,2.29;
1.48,0.48,1.12;
0.78,-0.75,0.48;
-4.02,-1.00,1.28;
-8.54,0.22,1.98;
-6.84,0.60,1.35;
-0.81,0.96,1.26;
2.97,0.63,1.64;
5.88,-0.17,1.35;
4.61,0.02,0.87;
1.05,1.24,1.02;
-3.88,1.87,2.07;
-5.99,2.11,2.87;
-3.62,-0.07,2.44;
-2.70,-0.30,2.54;
-5.35,0.66,2.51;
-7.51,1.45,3.26;
-8.29,2.70,3.78;
-4.29,1.39,3.29;
-1.24,0.57,2.50;
-3.13,-0.07,1.80;
-1.04,-0.91,1.96;
0.41,-0.38,3.06;
0.64,0.41,4.12;
-2.35,0.26,4.25;
-4.63,-0.23,3.70;
-8.34,0.28,3.28;
-9.00,0.54,3.12;
-6.75,-0.06,3.92;
-2.17,0.31,5.25;
0.76,-0.21,5.11;
-0.52,-0.04,3.92;
-2.38,-0.59,2.00;
-3.22,0.55,0.04;
-3.25,1.35,0.85;
-2.81,1.04,2.18;
-2.84,-0.76,3.58;
-6.43,-1.54,3.67;
-9.39,-0.91,3.32;
-11.09,-0.20,2.64;
-7.70,0.72,1.45;
-2.90,0.22,0.94;
-2.14,-0.64,2.09;
-4.19,-0.53,4.03;
-5.06,-0.39,4.03;
-4.08,-0.06,2.56;
-2.67,-1.46,1.08;
-2.55,-1.31,1.52;
-3.21,-0.99,1.81;
-0.67,-0.81,-0.19;
0.29,-0.67,-1.06;
-0.96,-1.34,0.32;
-1.68,-0.21,2.32;
-0.75,-0.24,1.12;
-0.26,-0.41,-0.22;
-2.72,-0.50,-0.14;
-4.96,-0.53,0.93;
-3.38,-0.84,1.11;
-0.63,-0.53,0.42;
1.48,-0.67,-1.09;
3.28,0.11,-1.99;
8.03,0.09,-2.45;
12.10,-0.50,-2.74;
10.32,-1.05,-1.68;
4.26,-0.38,0.39;
1.72,0.06,1.28;
-0.41,0.41,0.91;
-2.72,0.19,0.06;
-5.22,0.16,0.74;
-4.64,1.07,1.63;
-0.70,1.12,0.45;
1.77,0.12,-1.15;
3.20,-0.79,-2.72;
5.28,-0.29,-2.14;
7.39,-1.14,-0.97;
5.49,-1.63,-0.34;
1.17,-0.44,-0.13;
-3.12,0.35,-0.17;
-4.20,1.07,-0.11;
-1.64,0.60,0.48;
-0.38,1.15,0.44;
3.13,-0.47,-0.72;
0.56,-0.27,-0.45;
-3.32,-0.30,-0.05;
-1.15,0.67,-0.26;
2.94,-0.49,-0.84;
3.59,-0.55,-1.26;
0.38,-0.93,-1.46;
1.20,-0.58,-1.68;
6.35,0.45,-2.40;
8.41,0.41,-1.97;
6.00,-0.67,-0.69;
3.68,-0.53,0.91;
1.89,0.60,0.80;
0.24,0.72,-0.80;
-2.00,-0.23,-2.20;
-3.16,-0.24,-2.16;
-1.16,-0.03,-1.36;
1.33,0.16,-0.46;
4.44,0.38,0.33;
5.91,0.66,0.03;
6.49,0.19,-1.20;
6.07,0.19,-1.42;
4.79,0.00,-1.49;
0.46,0.23,-1.47;
-2.17,0.34,-1.36;
-1.91,0.51,-1.26;
0.90,0.86,-0.98;
4.13,0.11,-0.86;
5.31,-0.39,-1.01;
3.39,-0.20,-2.28;
1.39,-0.18,-3.39;
-1.25,0.17,-3.18;
-1.00,0.11,-2.11;
4.49,0.35,-0.39;
7.55,0.93,-0.17;
6.27,0.28,-0.77;
0.93,0.03,-1.65;
-2.92,0.02,-2.00;
-3.06,0.51,-1.99;
2.76,1.12,-2.39;
9.91,0.09,-3.00;
10.70,-0.41,-2.54;
6.94,-0.58,-2.08;
2.99,0.74,-2.02;
3.46,0.98,-2.75;
4.27,0.80,-2.88;
2.38,-0.39,-2.68;
0.06,-0.29,-2.34;
-0.11,0.55,-2.52;
1.54,0.38,-3.53;
4.96,0.00,-3.56;
7.22,-0.65,-2.75;
8.06,-0.94,-2.51;
5.77,-0.49,-2.45;
5.74,0.63,-2.54;
3.42,-0.13,-3.12;
-1.03,-0.62,-2.14;
-4.52,-1.23,-0.30;
-5.13,-0.35,0.41;
-1.82,0.03,-0.19;
1.52,1.29,-1.61;
3.40,-0.10,-3.46;
1.98,-1.13,-2.48;
2.29,-1.72,-0.78;
3.16,-0.55,-0.54;
4.91,-0.85,-1.38;
3.80,-0.36,-2.66;
1.80,-0.93,-2.77;
-3.82,-1.63,-1.33;
-6.02,-1.33,-0.43;
-2.67,-0.99,-0.78;
3.94,-0.70,-2.52;
8.07,-0.87,-3.24;
4.61,-0.20,-2.07;
0.18,0.55,-1.15;
-0.64,0.80,-0.49;
-1.12,1.85,-0.39;
-0.67,1.30,-0.91;
-1.22,0.64,-1.49;
-3.51,-0.53,-0.91;
-6.11,-1.36,-0.37;
-5.87,-0.64,-0.13;
-0.45,0.69,0.10;
3.97,0.32,-1.46;
6.58,-0.79,-2.31;
5.69,-0.49,-1.56;
2.35,-0.47,-1.32;
-0.32,0.19,-1.58;
0.44,-0.47,-1.73;
1.34,-0.26,-1.17;
-1.30,-1.43,-0.59;
-1.77,-0.56,-0.08;
-0.78,0.31,-0.19;
1.13,0.46,-1.38;
1.28,-0.39,-2.19;
0.52,-0.18,-1.15;
-0.96,-0.93,-1.27;
-2.16,-0.90,-0.40;
-0.70,0.05,-0.33;
2.56,-0.58,-1.12;
2.94,-0.49,-1.71;
3.26,-0.81,-1.88;
2.59,-0.55,-1.75;
3.37,-0.33,-1.12;
2.96,0.63,-0.30;
1.84,-0.27,-0.40;
0.42,-0.24,-0.59;
-1.15,-0.07,-1.35;
-2.23,-0.15,-0.91;
-0.16,-0.06,-0.45;
2.20,-0.38,0.24;
1.33,0.26,0.35;
-1.21,0.00,-0.36;
-1.96,0.38,-0.17;
-0.31,-0.64,0.13;
-0.54,0.20,0.38;
0.06,-0.56,-0.04;
0.41,0.08,0.06;
0.96,0.00,-0.42;
1.74,0.05,-0.02;
0.71,0.48,0.48;
0.42,-0.06,0.68;
-1.39,-0.04,0.54;
-0.48,-0.18,-0.30;
0.71,-0.52,-1.15;
1.31,-0.42,-0.49;
1.10,-0.39,0.35;
0.81,-0.01,1.32;
1.19,0.41,0.99;
0.79,1.07,0.51;
1.57,-0.15,-0.78;
-1.01,-0.33,-0.08;
-3.62,-0.52,1.31;
-3.54,-0.20,0.99;
0.01,-0.39,0.73;
1.88,-0.07,0.80;
0.27,-0.04,0.36;
-0.11,0.45,-0.22;
2.18,0.25,-1.49;
3.43,-0.13,-1.90;
2.06,-0.30,-1.32;
0.36,0.55,0.64;
-1.32,-0.58,0.94;
-1.99,-0.07,0.51;
-0.51,-0.52,-0.28;
-0.12,0.05,-0.62;
1.31,0.40,-0.57;
2.07,0.22,-0.52;
2.35,0.28,-0.48;
3.26,0.70,-0.13;
5.28,0.11,-0.22;
1.59,-0.53,-0.46;
-2.95,-0.36,-0.43;
-4.09,0.29,-0.36;
-2.05,0.83,-0.31;
1.62,1.44,-0.31;
3.33,-0.82,-0.91;
1.33,-1.08,-0.43;
-1.47,-0.36,-0.28;
-1.18,0.02,-0.98;
2.12,0.58,-0.89;
3.68,0.20,-0.49;
0.73,-0.56,-0.25;
-0.52,-0.70,-0.25;
-3.64,-0.23,-0.83;
-3.06,0.80,-0.88;
-0.22,0.98,-0.69;
2.71,0.57,-0.17;
2.96,0.00,-0.14;
1.68,-0.44,-0.71;
-0.60,-0.24,-0.68;
-1.16,0.03,-0.77;
1.26,0.60,-0.49;
3.25,0.60,-0.25;
3.20,0.35,-0.08;
-0.20,-0.41,-0.10;
-4.00,-0.23,0.45;
-4.70,-0.01,0.16;
-1.41,0.26,0.30;
1.91,0.70,-0.28;
4.26,-0.26,-0.65;
3.19,0.19,-0.52;
1.42,-0.88,-0.37;
0.49,-0.52,0.03;
-0.87,-0.09,0.44;
0.49,-0.07,0.16;
0.64,-0.06,-0.81;
1.04,-0.15,-0.88;
-0.95,-0.87,-0.88;
-1.16,-0.91,-0.52;
0.78,0.45,0.25;
4.10,0.74,-0.07;
6.07,0.09,-1.03;
3.57,-1.05,-1.12;
-1.21,-0.53,-0.19;
-4.12,0.64,0.36;
-1.61,0.46,0.54;
1.30,-0.06,0.18;
3.51,-0.91,-0.62;
3.02,-0.75,-1.10;
2.04,-0.39,-0.33;
1.89,0.37,-0.16;
1.86,0.38,0.09;
1.17,0.05,0.36;
-1.35,-0.81,0.27;
-4.87,-1.31,0.42;
-5.85,-0.18,0.96;
-3.76,0.12,0.83;
0.71,1.12,1.14;
3.97,0.98,0.03;
3.63,-0.32,-0.95;
1.07,-0.94,-1.06;
-0.26,-0.99,-0.48;
0.17,-0.75,0.07;
1.05,-0.04,0.96;
1.19,0.26,0.90;
-0.70,-0.01,0.27;
-2.77,-0.56,0.06;
-4.75,-0.09,0.73;
-2.84,-0.38,1.06;
0.46,0.03,0.74;
3.17,0.11,-0.16;
4.42,0.02,-0.94;
3.55,-1.02,-0.81;
0.59,-1.10,-0.11;
-0.58,0.03,0.32;
0.68,0.32,-0.05;
-0.16,-0.21,0.06;
-1.93,-0.47,0.54;
-2.40,-0.07,1.23;
-3.70,-0.03,1.12;
-1.50,0.22,-0.19;
-0.32,0.03,-1.06;
-0.25,0.28,-0.71;
1.20,-0.59,-1.00;
2.88,-0.50,-0.34;
3.51,-0.90,0.15;
1.98,-0.21,0.13;
-0.90,-0.55,-0.55;
-2.02,-0.75,-0.57;
-1.07,-1.00,-0.28;
0.26,-0.99,-0.77;
3.19,-0.44,-1.23;
4.01,0.16,-1.94;
3.65,-0.20,-2.11;
1.89,-1.05,-1.39;
0.49,-0.67,0.41;
1.17,-0.58,0.32;
-0.06,-0.39,-0.23;
-1.58,-1.31,-0.98;
-3.12,-0.99,-0.55;
-2.61,-0.84,0.79;
1.81,-0.12,1.34;
3.51,0.52,0.39;
3.78,-0.82,-2.31;
1.63,-1.28,-2.42;
-0.28,-1.14,-1.46;
1.31,-0.65,-0.30;
1.98,-0.15,0.09;
3.14,-1.02,0.16;
1.42,-0.38,-0.78;
0.42,-0.84,-1.73;
-0.17,-0.41,-0.97;
1.55,-0.26,-1.32;
2.41,-0.75,-1.26;
0.32,-0.94,-0.37;
-0.96,0.09,-0.22;
0.88,-0.96,-1.17;
-0.37,-0.65,-1.12;
-1.15,-0.68,-1.09;
-0.08,-1.08,-1.18;
1.40,-1.19,0.09;
1.78,-0.01,0.48;
1.77,-0.13,-0.26;
2.13,-0.26,-1.23;
0.85,-0.97,-1.50;
-0.84,-0.64,-0.84;
0.61,-0.56,-0.45;
2.35,0.40,-0.20;
4.24,-0.01,-1.20;
2.20,-0.17,-1.65;
-1.99,-0.78,-1.49;
-2.22,-0.47,-0.46;
-0.96,-0.07,0.01;
1.94,0.03,0.04;
2.90,-0.42,-0.28;
1.00,-0.27,-0.42;
-0.45,-0.27,-0.71;
0.90,0.05,-1.88;
3.52,-0.46,-2.00;
4.62,-0.73,-1.10;
1.62,-0.91,-0.45;
-1.68,-1.05,-1.03;
-1.68,-0.06,-1.85;
1.98,0.61,-1.96;
4.91,-0.01,-1.52;
3.94,-0.87,-0.60;
-0.92,-1.22,0.19;
-2.89,-0.38,0.04;
-1.64,0.22,-0.63;
0.96,0.46,-1.59;
0.27,-0.52,-1.64;
-2.00,-0.65,-0.36;
-2.06,-0.85,0.03;
-0.14,-0.33,-0.40;
2.82,0.57,-1.18;
5.65,0.43,-1.76;
4.38,-0.36,-1.26;
0.44,-0.76,-0.20;
-1.33,-1.07,0.03;
-1.64,-0.42,0.04;
-0.51,0.40,-0.11;
0.01,-0.07,-0.97;
-0.55,-0.68,-1.18;
-1.27,-0.75,0.10;
0.09,-0.07,0.70;
3.75,0.20,-0.16;
4.79,0.03,-1.46;
1.26,-1.17,-2.30;
-1.01,-1.02,-0.86;
-1.16,-0.42,-0.17;
0.94,0.08,0.93;
1.00,0.41,0.59;
0.21,-0.62,-0.08;
-2.22,-0.03,-0.23;
-1.45,-0.68,-0.34;
-0.31,0.20,-0.75;
2.35,-0.15,-1.61;
3.74,-0.23,-1.29;
3.42,-0.03,-0.51;
4.33,-0.12,0.15;
3.05,0.00,0.06;
-0.40,-0.82,0.03;
-3.15,-0.03,0.24;
-3.39,0.49,-0.34;
-1.27,0.12,-1.13;
0.29,-0.61,-1.21;
2.06,-0.70,0.18;
4.26,0.49,0.87;
4.90,0.09,-0.55;
2.99,-0.35,-1.26;
-1.91,-0.85,-1.82;
-4.11,-0.75,-0.68;
-2.03,0.19,-0.42;
1.89,0.81,-0.77;
3.55,0.77,-0.95;
1.77,-0.18,-1.07;
0.56,0.09,-0.30;
0.29,-1.05,-0.59;
1.11,-1.14,-1.52;
2.39,-0.35,-2.02;
2.49,-0.20,-1.17;
1.66,1.30,0.24;
3.33,0.55,0.06;
1.23,0.09,0.09;
-2.00,-0.61,0.06;
-2.38,-0.32,-0.42;
-1.67,0.31,-0.37;
1.22,0.12,-0.60;
2.97,0.22,-0.60;
3.86,-0.53,-0.30;
3.37,0.54,0.59;
3.26,0.19,0.53;
0.70,0.93,0.16;
-1.68,0.90,-0.40;
-2.58,0.20,-0.92;
-2.95,-0.13,-0.45;
-2.55,-0.49,0.12;
-0.35,-0.17,0.06;
4.20,0.23,-0.26;
5.26,-0.33,-1.09;
3.71,0.17,-0.83;
1.48,-0.32,-0.39;
-0.22,0.40,-0.08;
1.16,-0.04,-0.42;
-0.17,0.32,-0.62;
-1.16,-0.97,-0.26;
-1.96,0.00,0.12;
0.62,0.37,0.03;
2.56,-0.21,-0.89;
2.44,-0.64,-1.10;
0.04,-0.53,-0.57;
0.01,-0.20,-0.36;
1.52,0.31,-0.14;
2.87,0.17,0.30;
0.81,0.95,0.12;
0.49,-0.24,-0.16;
-1.30,0.14,-0.26;
-0.69,-0.13,-0.65;
0.38,-0.46,-0.45;
-0.51,-1.16,0.58;
-1.67,0.02,0.76;
0.24,0.03,0.09;
0.17,0.22,-0.69;
0.35,-0.04,-0.45;
1.02,0.14,0.64;
1.72,0.46,0.56;
1.11,-0.26,-0.84;
-0.14,-0.70,-0.74;
-1.15,-0.84,-0.00;
-1.36,0.17,-0.13;
2.39,-0.01,-0.62;
2.99,-0.26,-1.21;
1.28,-0.44,-1.20;
-2.17,-0.46,-0.48;
-1.79,0.09,-0.11;
1.31,-0.01,-0.54;
3.11,0.43,-0.74;
1.04,-0.47,-0.81;
-1.48,-0.29,-0.72;
-0.96,0.03,-0.74;
0.49,0.11,-0.84;
2.09,0.17,-0.72;
3.10,0.38,-0.65;
1.94,-0.71,-0.84;
0.36,-0.09,-0.22;
-2.08,0.58,-0.83;
-1.97,0.19,-0.94;
0.41,0.22,0.07;
1.94,0.32,0.22;
2.84,0.37,-0.11;
2.17,0.72,0.07;
0.09,0.63,-0.30;
-0.98,0.87,-0.26;
-1.33,0.00,-0.63;
-0.96,-0.46,-0.74;
0.35,-1.00,-1.18;
-0.14,-0.07,-0.94;
1.36,-0.55,-0.25;
1.37,-0.03,0.16;
2.47,0.41,-0.45;
2.88,0.12,-1.00;
0.91,-0.01,-0.88;
-1.94,0.12,-0.25;
-3.76,-0.42,0.12;
-1.53,0.26,0.13;
0.59,0.57,-0.78;
3.75,-0.15,-0.78;
2.55,-0.44,-0.20;
-0.02,0.08,0.53;
-0.55,0.67,1.28;
-0.08,0.29,0.70;
2.32,1.19,-0.25;
2.39,0.41,-1.79;
1.66,0.49,-2.20;
1.95,-0.36,-1.64;
1.62,-0.39,-0.84;
2.33,-0.12,-0.11;
2.09,0.05,0.50;
-0.49,0.25,0.74;
-1.41,0.26,-0.91;
-1.93,-0.50,-1.97;
-1.41,-0.64,-1.90;
0.88,-0.68,-1.26;
3.31,0.02,-0.42;
5.34,0.05,-0.10;
5.68,0.26,-1.09;
3.91,-1.13,-1.93;
0.38,-0.04,-0.69;
-1.88,0.05,-0.26;
-2.45,-0.18,-0.51;
-1.03,-0.17,-0.42;
-1.96,-0.50,0.61;
-2.57,-0.50,0.83;
-1.00,0.29,-0.20;
1.83,0.74,-2.26;
4.49,0.52,-2.42;
4.52,-0.36,-2.07;
3.88,-0.65,-0.37;
3.05,-1.20,-0.11;
1.97,-0.30,-0.63;
2.62,-0.33,-1.67;
0.96,0.09,-1.76;
-0.54,-0.78,-1.18;
-3.87,-0.55,0.32;
-3.42,-0.52,0.13;
-0.52,0.25,-1.27;
2.67,-0.26,-2.14;
3.23,-0.75,-2.08;
2.30,-0.67,-0.54;
2.10,-1.05,0.10;
2.10,-0.30,0.33;
1.72,0.09,-0.45;
-1.00,0.84,-1.41;
-1.71,-0.07,-1.33;
-2.81,-0.39,-0.43;
-2.28,0.05,0.47;
1.33,-0.38,0.51;
2.96,-0.56,-0.59;
-0.51,-0.87,-0.83;
-2.66,-0.64,-0.71;
-1.19,-0.27,-0.10;
1.66,0.26,0.04;
3.49,0.14,0.16;
0.85,-0.32,-0.33;
-2.37,-0.49,-0.59;
-1.68,-0.13,-0.07;
0.32,0.41,-0.43;
2.99,-0.96,-0.60;
2.18,-1.14,-0.55;
-1.01,-0.81,-0.45;
-1.01,-0.65,-0.51;
1.07,0.00,-0.31;
2.64,0.00,-0.23;
2.81,-0.15,-0.43;
-0.95,-1.00,-0.59;
-3.04,-0.52,-0.54;
-0.64,-0.20,-0.55;
3.52,0.45,-0.16;
6.50,-0.55,-0.75;
2.97,-0.75,-0.31;
-0.32,-0.55,-0.68;
-2.72,-0.44,-0.54;
-1.73,-0.17,-0.68;
0.41,-0.01,-0.69;
2.06,-0.73,-0.30;
2.04,-0.97,-0.14;
-0.46,-0.32,0.01;
-2.52,-0.30,-0.10;
-0.84,0.38,-0.28;
0.68,0.34,-0.48;
2.15,0.23,-0.71;
1.66,-1.51,-1.24;
-0.90,-0.52,-0.36;
-1.83,-0.32,-0.11;
-0.35,0.72,-0.89;
2.46,-0.42,-0.68;
3.19,-0.85,-0.72;
-0.26,-1.04,-1.21;
-2.93,-0.88,-1.18;
-1.39,0.52,-2.16;
3.98,-0.33,-2.14;
5.19,0.03,-1.23;
4.35,-0.81,-0.42;
1.33,-0.29,-0.39;
-1.93,-0.04,-0.80;
-2.63,0.05,-1.41;
-1.74,0.06,-0.86;
0.15,0.22,-0.63;
2.36,-0.10,-1.13;
3.69,-0.38,-1.23;
1.49,-0.84,-1.10;
0.84,-0.50,-0.66;
0.93,-0.49,-0.83;
-0.03,0.66,-1.18;
-0.37,-0.61,-2.10;
-2.46,-0.39,-2.05;
-2.93,-0.09,-0.63;
0.18,0.40,1.16;
3.62,0.78,0.30;
4.75,0.02,-1.62;
3.94,-0.73,-2.69;
-0.29,-0.32,-1.78;
-1.00,-0.73,-0.59;
-1.12,-0.55,1.17;
-1.56,-0.18,1.23;
-3.38,0.48,0.33;
-2.84,-0.68,-0.95;
0.07,-0.52,-1.42;
2.42,-0.35,-1.73;
3.60,-0.94,-1.36;
3.95,-0.49,-0.74;
2.53,-0.59,-0.22;
-1.51,-0.76,0.13;
-2.61,-0.76,0.25;
-2.41,-0.04,-0.31;
-2.40,-0.03,-0.80;
-0.86,-0.27,-0.46;
-0.69,-0.06,-0.55;
-0.51,-0.39,-1.42;
2.30,-0.46,-1.15;
3.46,-0.35,-0.83;
3.48,0.08,-0.19;
1.88,0.22,-0.81;
-1.48,-0.03,-0.84;
-1.91,-0.52,-0.00;
-1.54,0.49,0.83;
0.03,0.48,0.39;
0.90,0.37,-0.28;
-0.03,0.12,-1.96;
0.03,-0.58,-2.19;
-0.66,-0.39,-0.40;
0.07,0.00,0.09;
5.00,0.02,-0.54;
5.02,-0.17,-1.03;
-0.25,-0.65,-1.46;
-1.16,-0.85,-0.98;
-0.75,-0.27,-1.35;
1.26,-0.10,-2.16;
1.66,-0.24,-2.22;
0.59,-0.17,-1.01;
1.00,0.31,-0.23;
2.21,-0.18,-0.42;
-0.84,-0.30,-1.12;
-3.01,-0.23,-1.99;
-3.59,0.22,-1.21;
-2.20,0.58,-0.74;
0.58,0.35,-0.80;
3.69,0.28,-0.66;
4.27,0.02,-0.72;
3.72,0.22,-1.64;
1.95,-0.03,-2.11;
-1.15,0.41,-1.73;
-1.15,0.25,-1.20;
0.03,0.40,0.27;
1.48,0.63,0.53;
1.81,-0.12,-0.39;
-0.52,0.37,-1.42;
-1.91,-0.10,-2.14;
-1.64,0.16,-1.46;
1.16,0.67,0.15;
2.75,0.60,0.03;
3.23,-0.03,-1.06;
0.32,-0.23,-1.21;
-3.09,-0.03,-1.01;
-1.87,0.11,-0.71;
0.53,0.28,-0.66;
2.24,-0.30,-0.59;
1.57,0.38,-0.86;
0.20,0.37,-1.32;
1.20,0.03,-1.26;
0.90,0.09,-1.30;
0.61,-0.39,-1.09;
0.44,-0.30,-0.81;
-0.60,0.25,-0.16;
-1.07,0.17,-0.14;
-0.98,0.03,-0.66;
0.23,-0.06,-0.74;
2.52,0.23,-0.86;
5.11,0.40,-1.75;
4.58,-0.21,-1.75;
0.75,-0.27,-0.84;
-1.50,0.03,-0.39;
0.81,-0.07,0.04;
2.55,0.16,-0.57;
1.31,-0.79,-0.94;
-0.06,-0.99,-1.38;
-2.09,0.16,-1.90;
-1.33,-0.75,-0.69;
0.36,-0.21,0.24;
3.36,-0.32,0.76;
3.45,-0.07,-0.22;
1.14,-0.23,-1.41;
1.25,-0.41,-1.84;
1.08,-0.09,-1.20;
1.94,-0.29,-0.48;
2.06,-0.38,0.03;
0.13,-0.23,0.13;
-1.73,0.20,0.29;
-2.98,0.83,-0.10;
-2.09,0.08,-0.33;
-0.23,-0.58,-0.92;
0.47,-0.42,-0.62;
0.94,-0.23,0.07;
0.90,0.25,-0.00;
1.97,0.77,-0.14;
4.03,-0.32,-1.03;
2.56,-1.28,-1.78;
-1.19,-1.00,-0.97;
-3.03,-0.46,-0.19;
-2.31,0.02,0.54;
-0.96,0.29,0.65;
1.74,0.70,-0.45;
2.42,0.02,-1.23;
0.06,-0.24,-0.78;
-0.66,0.23,-0.02;
1.54,0.61,-0.43;
3.74,-0.59,-1.29;
2.04,-0.36,-1.15;
-0.57,-0.21,-1.39;
-0.17,-0.52,-1.10;
0.27,-0.88,-0.83;
0.64,-0.39,0.07;
1.91,0.43,0.32;
3.43,-0.13,-0.42;
1.75,0.22,-1.52;
0.82,-0.97,-2.33;
-1.35,-0.39,-1.21;
-0.64,0.06,-0.11;
3.33,0.46,0.38;
2.99,0.20,0.04;
1.52,-0.50,-0.66;
1.66,-0.78,-1.79;
0.61,-0.84,-1.79;
0.12,-0.65,-1.01;
1.23,0.38,-0.10;
2.64,0.58,-0.39;
0.78,0.14,-0.94;
-0.75,-0.20,-1.41;
-0.02,0.00,-1.17;
1.10,-0.38,-0.19;
-0.75,-0.26,0.36;
-0.55,-0.42,-0.00;
1.59,0.31,-1.03;
1.72,-0.33,-1.49;
0.87,-0.52,-1.76;
-0.17,-0.20,-1.21;
-1.38,0.23,-0.51;
-2.00,0.64,0.58;
-3.88,0.08,0.71;
-6.84,0.78,0.35;
-8.57,0.49,0.12;
-8.84,0.75,0.25;
-7.13,0.19,0.24;
-4.87,-0.30,0.90;
-4.17,0.49,1.52;
-0.49,-0.09,0.91;
1.39,-0.10,-0.16;
0.27,-0.50,-1.03;
0.68,-1.13,-0.92;
1.11,-0.84,-0.17;
1.60,-0.06,1.05;
3.17,0.52,-0.37;
5.13,0.06,-1.23;
5.48,-0.90,-1.35;
1.22,-1.02,0.18;
-2.86,0.03,1.40;
-4.06,-0.24,1.34;
-5.18,0.12,1.31;
-4.83,-0.39,0.39;
-2.48,-0.88,0.22;
1.80,-0.81,-0.17;
4.68,-0.59,-0.60;
6.47,-0.27,-0.95;
3.43,-0.76,-0.25;
-1.62,-0.23,0.93;
-3.70,-0.32,1.66;
-4.49,0.28,1.67;
-2.17,-1.11,-0.04;
-3.67,-0.49,-0.84;
-5.10,-0.52,-1.23;
-4.14,-1.42,-0.51;
-0.87,-0.91,0.36;
5.37,-0.58,-0.07;
8.85,0.54,-1.33;
11.07,-0.99,-1.96;
8.32,-0.79,-1.49;
1.26,-1.28,-0.46;
-2.77,-1.57,0.71;
-3.56,-1.14,1.83;
-4.29,-0.26,2.53;
-6.57,-0.07,1.90;
-8.52,-0.79,1.77;
-7.90,-0.36,1.78;
-3.87,0.12,1.19;
3.39,0.06,0.64;
6.99,-0.62,0.39;
5.36,0.02,0.91;
0.62,-0.84,1.32;
-4.51,-0.78,0.70;
-7.53,-0.97,0.33;
-6.38,-1.65,1.14;
-4.29,-0.90,1.19;
-1.82,-0.33,1.08;
-2.41,0.14,0.32;
-3.99,-0.18,-0.26;
-4.98,-0.32,0.22;
-4.41,-1.13,0.50;
-3.27,-0.49,0.83;
-3.24,-0.62,0.73;
-7.41,-0.62,0.99;
-7.61,-0.68,1.86;
-4.38,-0.50,1.93;
0.33,-0.06,1.54;
2.01,-0.03,0.33;
0.18,-1.02,-0.13;
-3.71,-0.79,0.48;
-5.99,-0.56,0.58;
-5.59,-1.34,1.19;
-3.91,-1.19,2.01;
-0.66,-0.38,2.64;
-0.22,-0.30,1.43;
-1.06,-0.70,0.56;
-0.58,-0.52,0.12;
0.73,-0.26,0.07;
2.12,-0.42,0.93;
3.74,-1.14,0.62;
3.37,-1.14,-0.20;
-1.54,-1.25,-0.28;
-4.38,-1.68,0.01;
-5.24,-0.55,1.06;
-1.54,-0.42,1.12;
2.10,-0.49,1.02;
2.93,-0.64,0.97;
-1.18,-0.88,0.19;
-3.06,-0.35,0.35;
-1.44,-0.18,0.32;
0.29,0.77,-0.34;
3.33,-0.49,-0.16;
5.42,-1.25,-0.36;
6.00,-1.14,-0.30;
4.97,-0.41,-0.78;
4.94,0.17,-1.10;
5.46,-0.01,-1.82;
4.52,-0.61,-3.03;
6.30,-1.30,-2.80;
5.17,-1.04,-2.13;
6.41,-1.25,-0.57;
3.78,-0.90,-0.68;
4.27,-0.79,-1.90;
3.43,-0.93,-2.57;
2.00,-1.23,-1.12;
0.18,-0.29,0.83;
-3.24,0.58,1.29;
-4.29,0.95,-0.10;
-1.88,-0.09,-2.40;
1.74,-1.19,-3.82;
4.32,-1.10,-3.12;
5.20,-0.85,-2.43;
5.13,-0.90,-2.05;
5.81,-0.41,-1.73;
6.53,0.25,-1.65;
5.63,1.19,-1.85;
2.04,0.69,-1.82;
-4.46,0.14,-1.70;
-7.88,0.12,-0.84;
-3.70,0.93,-0.65;
3.94,0.35,-1.52;
8.01,0.25,-1.38;
8.65,-0.58,-1.68;
7.89,-1.42,-1.65;
6.93,-1.08,-1.04;
5.00,-1.34,-0.89;
3.84,-0.04,-0.66;
2.70,-0.23,-0.74;
-0.80,0.26,-0.84;
-4.86,0.26,-1.68;
-5.73,-0.44,-2.46;
-2.57,-0.91,-1.70;
3.51,-0.59,-0.60;
5.60,0.03,-0.11;
4.07,0.08,-0.30;
1.31,0.34,-1.55;
-0.45,-0.20,-3.10;
-0.43,-1.13,-3.59;
1.02,-1.19,-2.66;
4.61,-0.32,-1.01;
10.81,0.51,-1.06;
12.12,0.54,-1.91;
8.96,-0.04,-2.98;
2.87,-1.42,-3.58;
-1.59,-1.69,-2.10;
-3.50,-1.16,-2.51;
-1.93,-1.23,-2.60;
2.38,-0.76,-2.17;
6.13,0.35,-1.97;
7.95,-1.37,-1.29;
5.14,-1.75,-0.75;
4.00,-1.94,-0.68;
3.42,-1.02,-0.65;
2.73,-0.20,-0.88;
0.94,0.32,0.18;
-2.51,-0.09,1.51;
-7.67,-0.10,2.99;
-12.29,0.16,4.29;
-14.28,1.53,4.79;
-15.83,2.64,4.80;
-14.61,2.54,5.89;
-14.48,2.40,6.44;
-15.94,2.55,6.10;
-19.09,2.19,5.89;
-19.85,3.04,5.25;
-15.61,3.36,3.95;
-7.65,3.07,2.16;
-0.28,3.73,0.61;
2.88,3.87,-0.39;
2.10,2.95,-0.74;
1.30,1.93,-0.48;
1.86,2.55,0.44;
1.49,2.90,0.47;
0.33,3.21,-1.09;
2.01,2.03,-2.19;
1.10,3.16,-2.22;
0.13,3.48,-0.55;
-0.00,3.93,0.67;
0.65,3.76,-0.02;
1.42,2.70,0.07;
-1.74,2.61,-0.54;
-4.61,1.99,0.16;
-5.47,2.34,0.53;
-2.51,1.32,0.74;
-2.26,1.93,0.30;
-1.47,1.68,-0.05;
-1.94,1.88,0.24;
-2.14,3.24,1.02;
-1.12,2.60,0.79;
-2.77,2.14,0.01;
-1.88,1.80,-0.40;
0.79,2.03,-0.13;
3.65,2.32,0.30;
9.20,0.26,0.04;
8.64,-0.29,-0.20;
4.04,-0.29,-0.78;
0.70,0.03,-1.39;
2.78,1.06,-1.65;
9.57,0.89,-2.31;
8.71,1.62,-1.71;
4.93,0.32,-1.46;
1.02,0.46,0.82;
-1.71,1.59,1.19;
-1.80,0.23,0.27;
-4.63,0.26,0.15;
-9.82,-0.85,0.29;
-9.00,-0.59,1.20;
-4.58,-0.10,1.34;
2.13,0.93,0.83;
5.77,0.23,0.13;
3.54,-0.20,0.07;
0.90,0.09,0.12;
0.44,0.40,1.28;
0.44,0.20,1.08;
0.32,-0.32,0.03;
-0.87,-0.23,-1.32;
-1.06,0.66,-1.73;
2.58,0.08,-1.07;
4.87,0.35,-0.20;
7.62,-0.94,-0.34;
7.48,-0.07,-0.28;
6.42,-0.04,-0.36;
2.55,0.00,-0.05;
-2.55,0.32,-0.30;
-5.73,0.74,-0.05;
-7.39,-0.62,0.96;
-10.55,-0.68,2.32;
-11.03,0.12,1.70;
-8.37,-0.33,0.27;
-3.07,-1.04,-0.30;
-3.97,-0.99,-0.16;
-4.89,-1.26,0.68;
-4.05,-1.02,0.99;
-3.79,-1.75,1.67;
-6.45,-1.80,2.10;
-6.03,-0.70,1.49;
-2.87,-0.96,0.06;
-1.59,-0.38,-0.33;
2.03,-1.33,-0.51;
5.57,-1.33,0.22;
5.46,-0.88,0.88;
5.04,-1.91,0.24;
3.23,-2.13,0.33;
1.04,-2.27,0.74;
-3.47,-2.06,0.68;
-3.79,-2.26,0.64;
-2.64,-2.26,0.67;
0.73,-1.55,1.12;
5.05,-0.61,1.16;
6.59,-0.70,0.51;
8.18,-0.84,-0.36;
5.66,-1.66,-0.46;
0.82,-1.07,1.28;
-0.02,-0.55,3.28;
2.01,-0.41,3.75;
2.87,-0.38,2.67;
0.71,-0.61,1.38;
-0.66,-0.75,1.31;
1.25,-0.87,1.19;
6.58,-1.25,1.41;
8.18,-1.83,1.48;
6.59,-1.62,1.58;
3.52,-0.17,1.81;
1.84,-0.42,1.22;
-0.38,-0.91,0.35;
-2.49,-0.96,0.35;
0.03,-1.98,1.46;
1.63,-1.17,2.15;
5.20,0.16,2.39;
6.61,0.03,2.07;
2.93,-0.53,2.30;
0.58,-0.41,1.83;
2.33,0.00,0.88;
3.83,-0.53,0.18;
1.49,-0.75,0.51;
-0.61,-0.26,1.69;
1.94,0.51,2.35;
5.97,0.57,1.09;
10.47,-0.03,-0.91;
8.36,-0.38,-2.25;
3.33,-1.63,-1.53;
0.87,-1.40,-0.43;
4.04,-1.69,0.33;
7.68,-0.59,0.79;
10.32,-0.68,0.03;
7.13,-0.79,-0.05;
1.11,-0.85,0.77;
-3.06,0.29,0.76;
-2.86,-0.81,1.43;
-0.09,-0.29,1.54;
-1.15,-0.13,1.49;
-1.85,-0.09,1.49;
-2.70,0.05,1.06;
-4.00,0.34,0.82;
-3.42,-0.85,0.45;
-5.97,-0.38,1.61;
-8.57,-0.27,2.42;
-7.90,-0.52,2.35;
-7.38,-0.39,1.93;
-4.75,-0.13,1.12;
-1.09,-0.07,0.50;
-0.34,-0.32,0.07;
0.47,-0.15,-0.49;
1.94,-1.40,0.18;
0.39,-0.59,0.58;
-0.61,-0.85,1.09;
-1.97,0.19,1.29;
-3.27,-0.58,1.02;
-5.61,-0.23,0.68;
-8.95,0.86,0.59;
-6.84,1.36,0.32;
-1.91,0.22,0.03;
-1.15,0.75,0.44;
-1.30,1.22,0.21;
0.76,1.59,-0.28;
5.34,1.94,-0.86;
9.23,1.93,-2.84;
8.99,0.92,-3.90;
7.05,-0.41,-2.65;
4.81,-1.63,-0.49;
4.26,-1.83,0.50;
0.59,-1.25,0.64;
-6.12,-1.16,0.10;
-8.43,-1.40,-0.45;
-6.60,-0.88,-0.11;
1.66,0.29,-1.36;
8.49,-1.00,-2.55;
9.02,-0.93,-3.15;
6.42,-0.70,-2.94;
7.89,-1.77,-2.34;
11.83,-1.30,-2.34;
15.92,-2.81,-3.07;
12.46,-2.41,-4.31;
4.82,-1.86,-3.07;
0.67,-1.55,-1.64;
0.58,-0.56,-0.59;
4.67,0.90,-1.20;
9.95,-0.18,-2.20;
9.30,-0.79,-1.71;
6.94,-0.38,-1.58;
0.88,-0.76,-1.42;
-2.93,-0.73,-1.50;
-1.94,-0.88,-1.44;
5.59,0.25,-1.61;
9.28,-1.08,-1.42;
7.28,-1.28,-0.98;
3.83,-1.81,0.96;
-0.63,-1.51,1.46;
-2.35,0.14,1.17;
-1.51,-0.29,0.19;
-3.83,0.64,-0.72;
-4.64,-0.70,-0.78;
-4.57,-0.81,-0.23;
-1.51,-0.62,0.22;
5.66,-0.81,-0.34;
8.42,-1.23,-1.59;
