7.83,5.60,-1.75;
8.80,6.00,-1.47;
7.43,5.10,-1.40;
5.75,2.78,-2.10;
2.67,1.37,-2.45;
1.08,0.90,-2.24;
1.55,0.09,-1.90;
0.09,-0.08,-1.73;
-3.30,0.61,-0.63;
-4.13,1.34,0.82;
-4.86,2.50,1.72;
-4.31,3.39,2.88;
-5.27,2.96,3.95;
-5.88,2.84,4.12;
-6.10,2.14,3.98;
-6.80,0.84,3.00;
-5.91,-0.41,2.28;
-4.49,-0.89,1.99;
-2.63,-0.61,1.31;
-0.17,-0.49,0.88;
1.41,1.25,0.56;
3.20,3.01,0.79;
5.61,4.47,1.15;
6.34,5.05,1.50;
4.74,4.60,1.84;
1.93,2.99,2.16;
-0.53,1.44,2.33;
-2.75,-0.15,1.73;
-3.53,-0.92,1.40;
-2.13,-0.23,0.47;
-0.97,0.52,0.53;
0.70,1.15,0.57;
2.85,1.34,0.82;
3.67,1.13,0.71;
4.31,0.47,0.13;
5.08,-0.92,-0.16;
3.20,-1.01,-0.91;
1.86,-0.89,-1.33;
1.26,-0.61,-1.69;
1.67,-0.87,-1.18;
1.67,-0.98,-0.95;
1.37,-1.60,-0.34;
0.59,-2.40,-0.85;
-0.40,-2.38,-1.06;
-1.23,-1.39,-1.32;
-0.65,-0.67,-1.37;
-0.31,-0.24,-1.43;
-0.14,-0.26,-1.78;
-0.16,0.21,-1.46;
-0.02,1.01,-1.06;
0.36,1.34,-0.56;
-1.01,1.79,-0.34;
-2.02,2.18,-0.34;
-2.20,2.15,0.27;
-2.57,1.44,0.77;
-4.54,0.81,1.52;
-6.19,-0.27,1.95;
-6.63,-0.49,1.38;
-5.27,-0.15,1.26;
-3.72,1.16,1.60;
-2.98,2.69,2.01;
-1.03,3.47,2.44;
0.01,3.82,1.93;
0.38,3.37,1.21;
0.51,3.02,0.86;
0.36,2.70,0.63;
0.71,1.08,0.36;
0.73,0.18,0.12;
0.56,-0.18,0.50;
0.97,-0.52,0.34;
1.58,-0.75,0.25;
3.52,-0.41,0.22;
4.68,0.32,0.21;
4.13,0.43,-0.11;
3.54,0.26,-0.21;
4.02,0.03,-0.11;
4.54,-0.09,0.15;
5.52,-0.52,-0.27;
4.80,-1.05,-0.68;
4.70,-1.11,-1.09;
4.56,-1.18,-1.66;
4.42,-1.82,-1.78;
3.67,-1.98,-1.43;
3.38,-1.89,-1.27;
3.80,-1.92,-0.79;
2.48,-1.76,-0.36;
1.37,-2.12,-0.28;
1.54,-2.17,-0.43;
0.91,-1.98,-0.19;
0.02,-1.88,0.01;
0.16,-1.40,0.67;
0.25,-1.04,0.56;
0.41,-0.38,0.10;
0.62,-0.06,0.07;
1.18,0.11,0.25;
1.96,-0.26,0.25;
2.74,-0.31,0.16;
2.01,-0.64,-0.01;
0.71,-0.53,-0.17;
0.07,-0.75,-0.33;
-0.46,-0.75,-0.14;
-0.62,-1.02,-0.11;
-1.00,-0.95,0.22;
-1.15,-0.50,0.74;
-1.62,0.08,0.82;
-1.30,0.50,1.43;
-0.59,0.92,2.02;
-0.94,1.66,1.76;
-1.75,1.71,1.73;
-1.11,1.94,1.75;
-1.03,1.73,1.47;
-1.12,2.05,1.32;
-0.89,1.89,1.44;
-0.63,1.47,1.43;
0.57,0.90,0.91;
1.14,0.84,1.03;
0.59,1.01,0.79;
0.07,1.21,0.33;
0.24,1.36,0.16;
1.06,1.33,0.24;
0.99,0.34,-0.11;
0.77,-0.17,0.24;
0.59,-0.26,0.18;
0.25,0.03,-0.10;
-0.24,-0.03,-0.34;
0.44,0.37,-0.02;
1.25,0.41,0.15;
1.14,-0.20,-0.11;
-0.27,0.11,-0.19;
-0.83,0.14,-0.13;
-0.68,-0.34,0.16;
0.86,-0.03,0.39;
-0.17,0.35,0.48;
-0.63,0.61,0.34;
-0.04,0.24,0.22;
0.04,0.18,0.50;
-0.46,-0.15,0.19;
-0.89,-0.76,0.19;
-1.62,-0.93,0.21;
-1.88,-0.61,0.70;
-1.75,-0.29,0.80;
-1.33,-0.38,0.50;
-1.73,-0.69,0.27;
-1.91,-0.66,-0.30;
-1.04,-0.93,-0.69;
0.21,-1.18,-0.46;
-0.02,-0.92,-0.13;
0.74,-0.53,-0.13;
2.19,-0.50,-0.14;
2.85,-0.06,-0.13;
2.38,-0.41,-0.04;
1.89,-0.24,0.28;
1.14,-0.49,-0.01;
0.12,-0.95,0.08;
-1.58,-0.99,0.39;
-0.53,-0.50,0.82;
-0.17,-0.14,1.08;
-0.30,0.27,1.18;
-0.91,0.49,1.00;
-1.88,0.11,0.77;
-1.76,-0.56,0.96;
-0.33,-0.92,1.43;
-0.02,-0.64,1.46;
0.16,0.17,1.03;
0.21,0.98,1.03;
0.44,1.22,0.74;
0.67,1.44,0.77;
0.68,1.31,0.47;
0.33,1.11,0.41;
-0.16,0.98,0.19;
-0.39,0.55,0.60;
-0.10,-0.26,1.12;
-1.00,-1.07,1.31;
-2.46,-0.95,1.02;
-3.46,-0.27,0.94;
-3.61,0.11,1.34;
-2.82,0.69,1.83;
-2.69,1.36,1.86;
-2.33,1.79,1.67;
-1.14,2.09,1.55;
0.22,2.05,1.40;
-0.33,2.24,1.49;
-1.03,2.55,1.76;
-1.75,2.43,1.15;
-1.64,2.63,1.28;
-1.53,3.39,1.47;
-1.32,3.37,1.92;
-1.81,3.60,2.13;
-1.69,4.05,2.16;
-1.52,4.38,1.90;
-1.70,4.87,1.92;
-1.49,6.40,2.12;
-0.60,7.74,2.28;
-0.83,9.94,3.26;
-1.59,12.08,3.66;
-2.28,13.71,4.34;
-1.85,15.33,4.89;
-1.90,17.21,5.52;
-3.52,19.62,6.10;
-5.24,21.63,6.15;
-7.87,24.99,5.40;
-12.89,28.50,3.83;
-17.96,33.36,2.96;
-22.83,41.42,2.05;
-18.05,43.22,3.49;
-12.08,48.31,5.44;
-10.48,57.79,5.72;
-11.09,55.01,2.94;
-9.81,45.10,2.77;
-5.41,44.09,5.21;
-4.83,51.05,5.40;
-7.46,54.29,2.63;
-4.97,49.69,3.60;
-4.08,55.65,6.44;
-5.12,63.73,6.96;
-3.12,86.24,10.37;
-1.47,91.77,14.60;
4.16,83.37,16.76;
5.38,90.99,15.95;
2.94,94.75,16.42;
4.18,78.70,14.01;
10.05,54.93,10.18;
13.73,57.88,10.91;
24.15,77.79,14.70;
30.91,76.79,14.41;
31.63,72.67,7.60;
25.55,76.70,2.42;
23.02,69.59,1.46;
14.15,72.92,1.08;
11.14,77.18,0.30;
6.99,80.44,-0.22;
-7.32,87.68,-0.43;
-11.41,89.31,1.98;
-3.99,86.49,1.86;
-11.26,79.80,-0.66;
-24.62,81.86,-3.72;
-16.07,82.32,-3.50;
-1.88,81.16,0.77;
-12.65,78.67,4.15;
-18.78,80.61,5.00;
-17.85,76.43,4.94;
-11.49,69.98,2.05;
-12.85,75.56,1.02;
-8.20,77.27,-0.65;
-3.96,78.58,-1.67;
5.43,78.61,-0.37;
1.12,75.02,-2.39;
-3.01,72.46,-4.25;
-0.74,71.83,-3.58;
4.73,68.69,-2.33;
1.52,70.43,-2.07;
2.91,71.56,-1.95;
1.08,71.45,-3.52;
-1.56,71.86,-6.05;
0.71,66.98,-8.40;
6.28,67.51,-7.20;
8.02,64.55,-6.89;
13.83,63.45,-5.24;
14.34,63.16,-5.33;
6.31,62.99,-6.95;
10.56,60.89,-5.88;
10.10,59.44,-4.95;
12.57,56.44,-5.64;
13.70,57.39,-6.72;
10.74,56.84,-7.09;
10.15,55.92,-5.70;
7.63,56.06,-5.76;
7.25,55.19,-4.83;
6.83,53.21,-2.72;
7.29,53.39,-1.24;
6.88,52.11,-2.08;
7.61,48.86,1.43;
11.90,41.34,1.84;
14.36,43.89,0.94;
12.39,43.77,-0.01;
16.45,43.91,-1.06;
13.17,46.66,-2.86;
13.28,47.15,-4.28;
10.16,48.81,-7.40;
10.54,48.29,-7.47;
9.93,47.94,-8.11;
8.70,49.44,-7.66;
7.63,47.54,-5.84;
9.80,44.63,-6.97;
8.31,44.89,-9.70;
8.05,45.30,-9.21;
7.69,45.95,-6.89;
10.97,46.21,-7.21;
14.36,45.21,-6.77;
12.59,44.00,-9.88;
14.09,43.82,-9.03;
9.99,43.53,-8.65;
10.94,41.98,-8.14;
7.54,41.22,-7.06;
7.46,39.86,-5.23;
2.05,38.00,-4.60;
1.66,36.96,-5.52;
1.92,38.37,-8.75;
2.82,37.44,-7.90;
5.54,36.84,-8.39;
3.29,36.05,-8.37;
2.33,36.11,-8.82;
1.58,35.80,-8.08;
-2.28,36.11,-8.71;
1.09,35.56,-8.53;
4.67,35.57,-6.74;
5.12,34.23,-5.63;
1.35,31.94,-4.11;
-0.72,31.24,-4.02;
-3.66,29.98,-2.83;
-2.40,29.25,-1.64;
-0.11,28.08,-1.46;
-0.34,27.11,-2.07;
1.90,25.48,-3.20;
1.72,25.08,-4.08;
3.15,23.08,-4.85;
1.78,21.98,-6.16;
0.21,20.44,-6.24;
-1.32,18.57,-6.30;
-4.59,17.83,-5.41;
-5.53,16.63,-6.42;
-3.35,16.17,-6.34;
-3.27,13.85,-5.63;
2.33,11.77,-4.24;
4.36,9.91,-2.95;
3.35,8.81,-2.17;
-0.13,7.36,-0.13;
-0.83,6.12,1.00;
0.97,5.15,1.69;
1.41,4.15,1.29;
1.06,2.58,1.72;
1.61,1.39,2.10;
2.44,0.35,2.82;
3.38,-1.43,2.51;
2.77,-2.20,2.63;
2.45,-4.32,1.49;
1.23,-5.25,1.21;
3.73,-6.27,1.52;
4.53,-6.24,2.07;
4.60,-7.14,1.75;
3.93,-8.98,1.29;
2.34,-9.71,0.56;
3.31,-11.18,-0.10;
4.97,-13.19,-1.75;
5.72,-15.27,-2.65;
7.17,-17.54,-3.09;
8.19,-19.56,-3.20;
8.77,-21.88,-5.15;
12.09,-24.24,-6.77;
7.80,-26.92,-8.48;
5.84,-31.07,-7.70;
1.06,-35.04,-7.76;
-3.20,-38.24,-7.08;
-4.28,-41.85,-3.30;
-2.77,-44.27,-0.01;
-2.11,-47.22,2.28;
-1.20,-49.97,5.00;
0.68,-53.94,8.82;
4.27,-55.54,11.26;
6.22,-57.14,11.25;
7.76,-60.05,11.63;
6.34,-61.74,12.05;
5.73,-63.98,12.77;
2.13,-66.34,12.24;
-0.88,-67.22,12.73;
-4.43,-69.05,13.11;
-1.53,-71.31,12.25;
-4.17,-72.08,11.02;
-8.45,-72.50,9.64;
-9.29,-71.95,9.64;
-11.73,-72.49,9.61;
-10.42,-73.27,9.18;
-7.26,-73.89,9.69;
-6.72,-75.86,11.98;
-4.10,-73.27,14.73;
-1.50,-75.27,15.15;
-3.03,-75.31,14.83;
-6.95,-75.27,15.40;
-9.62,-75.40,17.02;
-11.09,-75.92,15.61;
-12.07,-75.54,12.88;
-11.11,-76.08,12.22;
-13.50,-75.66,11.43;
-19.35,-73.71,9.46;
-21.58,-74.08,8.16;
-27.49,-71.22,8.24;
-32.83,-72.69,9.41;
-34.43,-72.47,9.50;
-36.80,-74.27,7.12;
-35.96,-72.23,5.32;
-34.66,-71.82,4.54;
-33.08,-71.01,5.79;
-32.66,-71.80,4.96;
-30.95,-75.71,6.63;
-25.90,-76.14,7.08;
-21.40,-77.39,7.38;
-18.95,-74.38,9.73;
-13.55,-76.84,12.16;
-10.65,-76.60,13.81;
-5.38,-77.42,12.50;
-4.53,-78.90,11.89;
-6.07,-78.23,10.48;
-1.78,-77.77,12.54;
5.60,-74.92,10.54;
11.78,-73.42,8.15;
12.63,-70.66,5.61;
17.00,-71.86,3.31;
23.66,-69.68,2.60;
24.05,-66.15,1.18;
20.34,-62.93,2.48;
17.75,-64.60,4.27;
7.84,-61.98,4.99;
-3.62,-61.27,8.28;
-2.60,-63.14,9.21;
-4.51,-59.07,8.99;
-9.67,-59.88,7.17;
-0.62,-57.40,5.37;
0.68,-53.33,3.28;
5.25,-54.89,4.39;
6.05,-50.12,4.28;
6.92,-47.31,1.83;
7.80,-49.31,-1.09;
13.02,-47.65,-2.21;
11.14,-46.14,-1.56;
2.86,-43.34,-0.46;
-1.29,-43.10,1.50;
-1.49,-46.47,4.96;
1.80,-50.93,4.59;
-11.29,-49.10,2.88;
-15.29,-43.28,2.54;
-12.33,-47.10,1.52;
-14.98,-45.39,1.06;
-14.85,-43.95,0.28;
-15.04,-38.82,-0.30;
-18.14,-42.85,-2.86;
-13.01,-42.93,-4.39;
-14.17,-41.31,-5.93;
-9.93,-45.92,-5.38;
-5.15,-39.92,-5.46;
-4.07,-42.75,-4.95;
-3.59,-36.90,-4.97;
-6.31,-40.29,-5.30;
-6.01,-39.18,-5.69;
-2.33,-36.93,-6.05;
3.08,-34.76,-7.47;
4.39,-44.58,-7.00;
3.83,-37.48,-8.31;
3.41,-42.70,-10.60;
7.26,-44.72,-10.04;
7.25,-39.83,-8.60;
6.99,-39.39,-8.63;
5.93,-38.87,-8.77;
1.17,-45.40,-7.11;
-0.68,-47.27,-7.53;
-2.25,-48.41,-8.08;
-1.67,-44.93,-7.78;
-5.12,-43.24,-7.43;
-3.58,-44.02,-6.16;
-0.45,-45.51,-6.39;
4.04,-46.34,-6.86;
9.00,-46.09,-6.45;
13.29,-46.17,-7.56;
12.25,-42.67,-9.01;
12.16,-41.05,-10.33;
17.40,-39.14,-11.00;
22.65,-35.98,-11.24;
23.34,-33.95,-11.37;
21.54,-33.79,-10.68;
41.93,-30.27,-13.72;
14.62,-33.47,-8.28;
21.54,-32.35,-4.68;
14.85,-24.35,-5.35;
3.23,-20.76,-7.21;
3.40,-16.98,-5.98;
4.13,-12.98,-3.58;
2.15,-12.50,-1.49;
0.70,-13.27,0.01;
-1.79,-13.57,-0.01;
-3.61,-12.24,1.26;
-0.25,-12.18,1.78;
-0.40,-12.75,1.55;
-1.82,-11.11,1.55;
1.70,-9.33,0.85;
4.54,-8.82,0.65;
5.81,-7.43,0.15;
7.78,-4.11,-1.08;
9.40,-0.35,-1.47;
10.91,2.08,-1.33;
8.56,1.37,-1.23;
7.98,-2.61,-1.20;
6.28,-7.16,-1.81;
1.29,-8.53,-2.45;
-1.67,-7.24,-2.31;
-1.96,-4.46,-1.76;
-0.13,-1.53,-0.89;
1.43,0.05,-0.37;
2.88,0.93,-0.43;
3.25,-0.93,-0.82;
3.38,-3.82,-1.85;
3.89,-5.76,-2.30;
4.28,-5.66,-2.94;
2.38,-2.41,-2.69;
1.98,0.20,-2.11;
0.60,1.16,-1.82;
0.13,1.04,-1.92;
0.10,-0.21,-2.22;
0.79,-2.08,-2.72;
1.95,-3.92,-2.69;
2.12,-3.07,-2.30;
2.30,-0.63,-1.88;
2.36,1.11,-1.18;
0.39,1.65,-1.06;
0.05,1.19,-1.46;
-0.78,0.15,-1.87;
-1.23,-0.96,-1.70;
-1.09,-1.48,-1.00;
-0.07,-0.14,-0.07;
1.31,1.59,0.16;
-0.30,2.86,0.15;
-2.20,2.86,-0.69;
-1.46,2.47,-1.29;
-1.30,1.36,-0.91;
-0.28,0.96,-0.10;
0.05,1.33,0.42;
0.25,1.63,0.33;
-1.56,1.59,0.37;
-1.93,1.24,0.31;
-2.63,0.98,0.21;
-2.72,0.93,0.41;
-1.93,1.65,0.54;
-1.56,2.18,1.15;
-0.63,2.00,0.70;
-0.40,1.85,0.59;
-0.66,1.05,0.30;
-1.38,0.40,-0.45;
-1.21,0.27,-0.48;
0.31,0.49,-0.28;
2.02,0.82,-0.19;
1.52,1.28,-0.63;
0.71,1.16,-0.91;
0.96,0.86,-1.20;
0.99,0.31,-1.12;
0.63,0.09,-1.11;
-0.74,-0.35,-0.77;
-2.39,0.06,-0.24;
-1.20,0.21,0.41;
-1.58,0.60,0.76;
-1.70,1.27,0.57;
-2.04,1.39,0.41;
-1.73,1.30,0.02;
-1.75,0.86,0.31;
-0.74,1.13,0.39;
-0.39,1.08,0.70;
0.28,2.00,0.54;
0.28,2.40,0.47;
1.00,2.82,0.51;
0.83,2.84,0.77;
0.21,2.70,1.14;
-0.16,2.37,1.40;
-1.69,2.12,1.32;
-1.79,1.85,1.02;
-0.89,2.00,1.06;
-1.93,2.27,1.09;
-2.42,2.53,1.14;
-0.82,2.55,1.50;
-1.11,2.69,1.49;
-1.03,2.32,1.17;
-0.56,2.23,1.17;
-0.86,2.49,1.06;
-0.31,2.40,1.21;
-0.45,2.02,1.60;
-1.09,1.98,1.79;
-0.78,2.61,1.70;
-0.98,2.78,1.55;
-1.09,2.72,1.49;
-0.48,2.38,1.52;
-0.20,2.53,1.46;
-0.30,2.24,1.63;
-1.00,2.50,1.55;
-1.56,2.37,1.72;
-0.83,2.00,2.07;
0.01,2.08,1.87;
-0.42,2.24,1.84;
-1.06,3.01,1.79;
-0.30,3.19,1.95;
-0.74,2.96,2.41;
-0.07,2.24,1.90;
0.60,1.63,0.94;
-0.20,1.05,0.44;
-0.01,0.79,0.86;
0.71,0.79,1.02;
0.50,1.36,1.06;
-0.08,1.48,1.15;
0.15,1.85,1.72;
0.53,2.03,1.54;
0.67,2.18,1.50;
0.07,2.00,1.67;
-0.31,1.39,1.95;
0.56,1.40,1.58;
-0.20,1.24,1.40;
-0.57,1.76,1.78;
-0.65,1.92,1.83;
-0.57,1.71,1.67;
-0.10,1.28,1.50;
0.82,1.01,1.25;
1.32,0.76,1.09;
0.83,0.72,0.92;
-0.04,0.18,0.54;
-0.24,0.23,0.50;
-0.33,0.75,0.33;
0.62,0.89,0.62;
1.14,0.99,0.24;
1.38,0.82,0.24;
0.60,0.55,0.39;
0.50,0.18,0.30;
0.70,-0.05,0.08;
0.39,-0.31,0.19;
0.48,-0.29,-0.24;
-0.16,-0.08,-0.34;
0.30,-0.12,-0.75;
1.22,-0.20,-0.57;
2.24,0.14,-0.68;
2.31,0.34,-0.37;
2.92,0.15,-0.68;
2.22,-0.12,-1.15;
1.55,-0.64,-1.08;
0.79,-0.87,-1.14;
0.45,-0.49,-0.98;
0.97,-0.34,0.01;
0.73,0.47,0.28;
0.30,0.58,-0.10;
0.19,0.37,-0.30;
-0.27,0.15,-0.37;
-0.13,0.03,-0.08;
0.22,0.50,0.08;
0.50,0.40,0.18;
0.27,0.58,-0.17;
-0.51,0.67,-0.27;
-1.20,0.70,-0.13;
-0.28,0.96,0.57;
-0.31,1.36,0.63;
-1.06,1.56,0.65;
-0.94,1.68,0.50;
-1.50,1.54,0.28;
-1.37,1.48,0.18;
-0.95,1.15,0.08;
-0.42,1.15,0.37;
-0.49,0.92,0.50;
-0.92,1.24,0.39;
-0.88,1.85,0.10;
-1.47,1.85,-0.13;
-1.38,1.82,0.25;
-0.63,1.54,0.34;
0.79,1.79,0.48;
1.14,1.95,0.21;
0.57,2.17,-0.10;
0.50,2.00,-0.57;
0.67,1.95,-0.71;
0.33,1.68,-0.30;
0.63,1.69,-0.19;
0.38,2.72,0.22;
-0.19,3.31,0.42;
0.25,3.56,0.24;
0.53,3.62,0.19;
0.16,3.59,0.68;
-0.22,4.14,1.26;
-1.00,5.44,1.50;
-1.37,6.90,1.54;
-1.27,7.57,1.81;
-1.91,7.94,1.89;
-2.88,8.63,2.19;
-3.67,9.79,2.62;
-3.44,10.98,3.26;
-2.88,13.04,3.95;
-3.95,14.21,4.08;
-4.94,14.52,3.60;
-5.50,15.80,3.76;
-5.78,17.16,4.70;
-5.91,19.56,5.55;
-6.11,23.31,6.57;
-5.50,26.58,7.23;
-4.28,29.77,7.93;
-4.60,33.21,8.21;
-7.50,38.70,8.18;
-10.42,46.12,8.70;
-13.88,55.02,8.48;
-14.05,59.11,8.65;
-11.20,65.13,9.90;
-11.00,74.96,11.08;
-11.75,82.78,11.50;
-14.48,91.07,11.55;
-13.26,95.86,12.33;
-8.16,97.69,13.15;
-4.94,103.40,13.32;
-4.88,159.54,17.99;
-1.30,172.15,28.63;
14.94,120.41,20.48;
26.92,82.60,6.86;
19.89,78.06,5.06;
32.99,85.54,7.20;
54.68,86.15,11.06;
62.38,92.93,14.85;
55.92,97.65,10.59;
43.52,98.92,-3.98;
33.92,87.51,-13.76;
29.32,85.95,-10.42;
10.65,87.22,-3.47;
-19.01,90.60,-2.07;
-33.26,95.56,-0.63;
-40.60,97.44,3.41;
-31.93,96.79,4.88;
-35.53,90.95,5.17;
-32.31,85.60,4.07;
-20.82,89.56,0.88;
-10.71,89.45,-2.22;
-7.66,86.75,-2.98;
-7.15,85.24,-6.46;
4.44,85.48,-9.76;
2.70,85.27,-13.26;
3.14,86.89,-17.33;
8.91,85.76,-18.27;
9.58,85.63,-14.14;
0.44,85.47,-11.69;
-8.66,86.34,-5.17;
-9.23,86.26,-2.16;
-2.04,85.65,-1.27;
-6.56,87.18,-4.22;
-4.53,85.44,-4.72;
-1.99,81.25,-6.36;
2.48,81.08,-6.46;
11.84,79.15,-7.47;
10.63,79.86,-10.22;
14.34,78.15,-13.82;
10.68,78.03,-15.58;
5.52,77.16,-17.66;
6.45,76.47,-17.87;
7.29,75.95,-16.54;
8.89,77.16,-13.95;
4.96,77.56,-14.50;
6.82,78.21,-12.85;
10.48,74.23,-10.46;
7.29,72.18,-9.11;
3.72,72.08,-9.92;
5.92,71.19,-9.69;
3.02,71.10,-9.04;
7.58,70.53,-8.86;
8.47,69.56,-8.94;
9.73,67.76,-9.87;
11.15,65.59,-11.32;
12.04,65.95,-12.34;
11.90,66.24,-9.63;
11.35,62.92,-8.21;
12.22,61.85,-7.93;
9.38,61.18,-7.50;
9.37,61.04,-10.25;
10.94,60.21,-11.58;
8.83,61.15,-13.85;
9.81,58.99,-14.54;
10.56,57.80,-15.98;
10.33,57.74,-13.78;
13.46,56.06,-13.87;
9.26,57.19,-14.16;
5.29,53.95,-14.68;
0.67,53.28,-13.95;
-1.26,51.86,-11.04;
1.73,51.92,-9.20;
5.28,50.82,-9.67;
4.39,50.02,-12.01;
5.29,48.32,-9.35;
3.90,47.48,-9.67;
3.96,45.50,-7.76;
2.86,44.23,-6.60;
4.73,43.37,-3.96;
-0.80,40.60,-2.39;
-1.70,40.06,-0.21;
-3.75,38.02,-0.05;
-5.29,34.69,-0.54;
-4.74,34.23,-2.36;
-5.40,32.18,-2.98;
-1.26,29.59,-4.63;
0.47,28.29,-7.37;
2.47,26.34,-11.08;
-2.65,24.29,-13.03;
-0.89,23.60,-12.69;
3.09,23.89,-11.53;
3.72,21.13,-8.94;
-0.65,18.87,-7.21;
-2.31,16.75,-5.96;
-4.75,15.77,-5.33;
-4.43,13.73,-4.71;
-2.89,11.21,-4.14;
0.19,9.13,-2.24;
3.22,5.86,-0.92;
3.17,4.35,1.11;
1.44,2.75,2.04;
0.13,1.40,2.54;
-0.65,1.91,3.60;
-0.59,-0.63,4.04;
0.44,-2.70,4.56;
2.41,-5.82,4.76;
2.25,-7.16,4.22;
2.15,-8.43,3.93;
0.89,-10.18,4.51;
1.63,-13.18,3.29;
2.74,-15.37,2.07;
4.39,-16.61,0.73;
8.33,-19.05,0.21;
11.35,-21.43,0.30;
12.67,-24.09,-0.34;
9.64,-26.31,-1.72;
11.67,-30.44,-2.27;
3.03,-33.57,-0.86;
-0.42,-38.35,0.37;
-0.48,-41.43,3.35;
1.95,-43.69,6.88;
2.99,-46.60,7.03;
3.15,-49.97,8.62;
2.97,-54.12,11.79;
4.38,-57.24,14.33;
8.74,-59.19,15.55;
5.00,-61.82,15.92;
4.65,-64.32,17.44;
5.08,-66.34,17.99;
7.37,-68.29,16.47;
2.94,-72.05,15.99;
-1.81,-73.40,15.79;
-11.00,-76.29,14.62;
-3.18,-77.54,12.92;
-4.57,-79.88,11.35;
-5.01,-81.57,12.31;
-3.46,-81.54,12.56;
1.14,-81.13,11.21;
-4.07,-81.14,10.13;
-5.41,-83.37,13.17;
-4.04,-81.22,16.80;
-3.43,-82.44,18.04;
-8.98,-81.37,16.65;
-14.75,-80.41,16.08;
-16.30,-80.47,17.50;
-14.57,-79.08,18.51;
-9.46,-79.56,17.18;
-5.17,-80.24,16.94;
-9.24,-80.43,16.50;
-6.85,-79.97,15.66;
-6.54,-79.48,13.61;
-6.39,-79.83,12.96;
-9.04,-78.58,13.17;
-8.91,-77.89,14.30;
-17.27,-75.69,14.25;
-23.30,-73.82,16.97;
-21.98,-76.08,16.76;
-17.73,-77.92,14.31;
-25.52,-77.43,11.25;
-34.56,-75.40,8.07;
-36.80,-73.63,5.37;
-34.51,-76.35,2.80;
-41.29,-75.66,2.47;
-41.73,-75.08,5.28;
-35.69,-76.38,8.36;
-36.34,-74.37,8.99;
-33.59,-74.73,11.31;
-21.81,-72.55,12.71;
-16.69,-71.39,10.25;
-10.45,-68.52,9.72;
-6.13,-68.56,8.76;
-7.30,-69.37,10.45;
-1.88,-72.14,11.17;
3.70,-71.33,10.30;
11.75,-72.26,10.59;
9.76,-69.08,7.31;
-4.60,-64.18,5.35;
-11.32,-64.98,4.02;
-2.63,-65.33,5.49;
-11.46,-66.34,6.12;
-14.13,-66.84,2.30;
-9.95,-64.34,3.46;
-6.56,-67.13,4.68;
-0.68,-67.22,2.65;
0.13,-65.31,4.45;
8.85,-65.89,6.97;
9.41,-58.87,4.44;
11.03,-55.08,5.67;
12.83,-52.58,4.34;
7.22,-51.50,2.33;
13.92,-50.69,1.46;
16.13,-49.22,0.54;
11.89,-46.11,0.18;
13.76,-52.12,1.46;
1.26,-44.12,-0.11;
-5.82,-47.79,2.97;
-12.11,-48.73,3.05;
-14.11,-51.53,3.41;
-7.67,-44.06,4.88;
-3.58,-41.63,4.37;
-0.56,-43.42,1.83;
-2.14,-45.43,-3.67;
2.48,-44.93,-5.96;
0.42,-42.58,-6.04;
-3.81,-39.04,-6.42;
-11.95,-46.06,-7.88;
-18.75,-46.72,-5.52;
-16.97,-42.78,-3.01;
-6.62,-49.83,0.47;
-4.45,-45.82,-2.25;
-5.50,-48.85,-5.21;
-9.04,-48.18,-8.54;
-10.31,-51.73,-9.56;
-2.85,-51.66,-9.70;
0.59,-46.61,-10.34;
4.96,-37.51,-9.04;
2.53,-35.28,-11.18;
1.12,-38.27,-12.50;
1.22,-41.62,-11.43;
3.23,-43.94,-8.98;
4.48,-46.85,-6.53;
3.28,-45.57,-4.56;
0.54,-40.84,-2.66;
-2.04,-33.30,-2.92;
-8.71,-24.20,-6.92;
-9.81,-26.85,-8.19;
-6.85,-25.42,-6.19;
-5.15,-26.17,-5.06;
-2.43,-31.30,-4.53;
0.91,-34.14,-4.24;
3.63,-35.30,-3.63;
5.49,-31.05,-2.75;
1.84,-24.41,-4.98;
-2.40,-21.04,-8.86;
3.35,-20.63,-10.65;
12.38,-21.86,-9.18;
17.81,-23.86,-8.51;
17.87,-25.66,-9.35;
17.95,-26.63,-11.01;
18.70,-27.25,-10.08;
13.57,-26.29,-7.85;
5.60,-22.09,-7.01;
-0.92,-17.43,-8.30;
4.10,-13.98,-6.82;
8.33,-11.53,-4.05;
4.16,-10.72,-1.92;
-2.75,-11.19,-2.45;
-6.42,-10.81,-2.04;
-5.84,-9.53,-1.09;
-2.08,-8.89,-0.22;
0.47,-6.99,-0.34;
-0.02,-5.97,-1.84;
1.31,-5.88,-2.95;
5.80,-8.06,-3.03;
8.97,-9.11,-3.09;
8.76,-8.24,-3.64;
7.23,-6.09,-3.38;
5.64,-3.94,-2.91;
3.26,-1.85,-1.47;
0.33,-1.19,-0.28;
-3.56,-0.72,0.62;
-8.34,-0.82,1.37;
-9.53,-2.61,1.95;
-9.64,-2.32,1.84;
-9.00,-3.22,1.38;
-6.77,-1.94,-0.80;
-3.06,-1.30,0.07;
3.89,-1.34,0.86;
5.47,-0.87,0.13;
2.42,-0.73,-1.47;
2.94,-1.54,-2.40;
1.61,-3.07,-2.74;
1.72,-2.79,-2.62;
1.66,-2.70,-2.91;
1.49,-3.37,-2.91;
2.51,-2.44,-2.30;
3.02,-0.87,-0.85;
3.00,-0.05,-0.14;
0.70,-0.15,0.30;
-0.88,-0.82,0.27;
-1.85,-1.66,-0.04;
-3.12,-1.13,-0.10;
-2.77,-0.66,0.50;
-1.75,0.34,0.83;
-0.25,1.47,1.28;
1.11,2.93,1.02;
0.51,2.64,0.96;
-1.11,1.80,0.45;
-2.08,0.00,0.62;
-2.62,-0.82,1.05;
-3.44,-0.61,1.38;
-4.71,-0.78,1.47;
-3.24,-0.35,1.08;
-1.69,1.07,0.76;
-0.28,1.65,0.63;
0.70,1.44,0.36;
1.76,0.12,0.25;
1.84,-1.53,0.18;
0.74,-1.68,-0.30;
0.73,-1.53,0.01;
1.17,-0.37,0.19;
2.73,0.49,0.50;
3.41,1.21,0.67;
3.72,0.99,1.00;
2.80,-0.53,0.79;
0.71,-2.00,0.48;
-0.68,-2.92,0.48;
-0.28,-1.98,1.18;
0.02,0.15,1.47;
-0.48,1.44,1.26;
-0.25,2.24,0.99;
-0.94,2.35,0.73;
-0.86,1.04,0.94;
0.57,-0.05,0.74;
0.96,0.18,1.03;
1.15,0.37,0.94;
0.82,1.05,1.25;
0.82,1.33,0.67;
-0.75,1.16,0.21;
-0.66,1.16,0.44;
0.21,1.44,0.56;
1.35,1.53,1.20;
0.97,0.99,1.11;
-1.18,0.14,0.07;
-1.96,-0.58,-0.79;
-1.44,-0.76,-0.62;
0.80,0.08,-0.13;
1.35,1.13,0.30;
0.82,1.36,0.28;
0.77,0.72,0.19;
0.74,0.41,0.13;
0.31,0.63,-0.48;
0.44,0.66,-0.17;
0.97,0.90,-0.04;
1.32,1.33,-0.08;
0.88,1.18,-0.25;
-0.10,1.36,0.28;
0.19,1.59,0.68;
-0.49,1.95,0.54;
-1.79,1.56,0.19;
-1.37,1.18,0.24;
-1.03,0.98,0.65;
-1.49,0.38,0.45;
-0.78,0.02,0.08;
0.18,0.58,0.24;
1.57,1.02,0.19;
2.30,2.02,-0.21;
1.29,1.50,-0.21;
1.29,1.16,-0.30;
0.77,0.64,-0.11;
0.60,0.12,-0.08;
0.12,0.02,0.15;
-0.54,0.12,0.18;
-1.27,0.70,0.51;
-1.08,0.75,0.73;
0.02,0.84,0.53;
1.09,0.90,0.60;
1.05,0.63,0.54;
0.33,0.20,0.80;
-0.34,0.02,0.63;
-0.71,0.52,0.36;
-0.71,0.67,-0.05;
0.41,0.44,-0.07;
0.36,0.66,-0.14;
1.69,0.27,-0.27;
3.15,-0.38,-0.10;
1.98,-0.34,-0.25;
1.96,-0.79,-0.19;
2.16,-0.85,-0.25;
0.65,-0.61,-0.11;
-1.27,-0.37,-0.43;
-1.87,0.34,0.02;
-0.24,0.44,1.17;
0.94,1.65,1.23;
-0.63,1.77,0.92;
-0.37,1.22,0.57;
0.31,-0.17,0.25;
0.71,-0.64,0.36;
0.27,-0.64,0.30;
0.42,-0.17,-0.08;
0.91,0.17,0.10;
0.05,0.93,0.42;
0.02,1.16,0.37;
0.70,1.10,0.56;
0.91,0.44,0.74;
-0.14,0.52,0.79;
-1.14,0.66,0.99;
-0.39,1.01,0.71;
0.28,1.19,0.99;
-0.33,0.82,0.51;
-0.49,0.43,0.27;
0.18,-0.26,0.31;
0.34,0.03,0.42;
-0.57,-0.12,0.31;
-0.75,0.43,0.01;
0.02,0.41,0.18;
1.32,0.86,0.05;
1.75,1.15,-0.10;
2.70,1.45,0.02;
3.57,0.66,-0.28;
2.12,0.02,0.47;
-0.69,0.64,0.76;
-1.52,0.82,0.60;
-2.48,1.02,0.51;
-2.37,0.92,0.88;
-1.76,0.81,0.34;
0.12,0.11,0.02;
1.25,-0.35,0.45;
1.28,-0.23,0.19;
1.20,0.06,0.24;
0.71,0.55,0.19;
0.67,0.93,-0.08;
-0.24,0.95,0.02;
-1.40,1.01,-0.04;
-1.21,1.05,0.37;
0.36,0.55,0.80;
0.13,0.26,1.00;
-0.13,0.18,0.74;
-1.38,0.44,0.07;
-1.21,0.29,0.19;
-0.60,0.34,0.01;
1.17,0.92,0.36;
0.70,0.46,0.83;
0.05,0.41,0.28;
0.65,0.46,0.25;
-0.13,0.63,-0.16;
-0.07,0.38,-0.04;
0.45,0.69,0.08;
0.10,0.24,-0.36;
0.25,-0.18,-0.07;
0.41,-0.73,-0.13;
0.88,-0.55,0.28;
1.15,-0.15,0.24;
1.25,0.35,0.22;
0.77,0.14,0.21;
0.50,-0.02,-0.04;
-0.42,-0.17,-0.19;
-0.24,-0.05,0.12;
0.54,0.79,0.25;
0.70,0.44,0.54;
0.70,-0.23,0.27;
-0.13,-0.67,-0.11;
-0.45,-0.64,0.02;
-0.17,-0.23,0.28;
-0.60,0.82,0.62;
0.05,0.76,0.56;
0.38,0.70,0.24;
0.28,0.37,0.59;
0.41,-0.08,0.33;
-0.30,0.02,0.36;
-0.71,0.61,0.82;
-0.72,0.81,0.71;
-0.92,1.34,0.54;
-1.66,1.30,0.07;
-0.95,0.98,0.36;
0.82,0.66,0.57;
2.01,0.81,0.67;
1.12,1.07,0.89;
0.07,1.18,0.30;
-0.08,1.68,-0.10;
-0.59,1.80,-0.07;
0.04,1.18,-0.11;
1.14,0.98,0.24;
1.86,1.25,0.34;
1.41,1.62,0.56;
1.38,2.35,0.67;
0.57,2.89,0.73;
-0.01,3.39,0.76;
0.18,4.05,0.50;
0.53,4.72,0.54;
1.29,5.42,0.86;
1.52,6.02,1.12;
1.57,6.81,1.05;
0.77,7.02,1.35;
-0.39,7.85,1.66;
0.16,8.26,2.01;
0.57,8.96,2.50;
0.83,11.36,2.65;
0.24,12.92,3.38;
-0.20,14.21,3.40;
0.33,15.63,3.38;
1.63,18.34,4.24;
3.11,22.06,5.09;
3.31,26.52,5.54;
4.01,30.41,5.99;
5.89,34.58,6.79;
4.83,38.09,7.46;
2.94,41.01,7.63;
1.11,46.69,8.04;
3.61,55.28,8.51;
4.25,63.69,8.39;
0.27,76.52,7.55;
-3.32,84.32,5.96;
-2.72,85.44,7.73;
2.36,85.21,9.38;
9.06,89.24,11.58;
9.44,94.20,12.91;
10.18,102.46,12.51;
13.12,112.26,11.60;
12.79,152.37,14.83;
16.36,159.50,19.26;
27.73,137.74,9.20;
10.94,94.58,5.17;
3.08,93.11,0.77;
14.86,108.64,-3.30;
26.56,117.15,0.76;
44.12,116.31,5.35;
48.45,118.76,2.63;
18.80,121.50,-4.83;
-0.53,119.40,-9.50;
0.99,113.71,-9.38;
-6.34,109.48,-4.69;
-42.20,116.09,-0.13;
-48.62,117.01,-2.83;
-48.28,109.85,-8.34;
-39.00,112.20,-5.69;
-36.88,120.79,-5.12;
-46.91,121.45,-8.65;
-34.37,120.18,-7.49;
-34.59,119.28,-8.66;
-30.91,120.00,-9.87;
-2.88,118.38,-11.56;
7.43,118.27,-15.32;
16.73,111.53,-20.25;
19.29,108.63,-21.76;
12.13,106.05,-21.14;
7.22,101.25,-16.33;
2.57,100.69,-9.67;
3.86,98.81,-7.59;
8.16,98.66,-8.83;
3.69,100.50,-12.95;
2.59,98.24,-16.94;
5.69,96.66,-18.25;
9.96,94.06,-16.83;
16.94,92.82,-14.86;
16.65,90.03,-14.34;
20.48,87.62,-14.10;
21.84,83.54,-12.02;
26.59,82.11,-11.41;
25.49,81.15,-12.14;
25.64,78.57,-11.47;
23.41,77.50,-10.98;
19.14,75.62,-11.53;
19.06,75.88,-12.75;
14.12,73.37,-12.17;
14.21,71.34,-7.75;
16.74,71.54,-7.08;
7.12,71.31,-9.15;
8.54,70.15,-7.81;
7.61,68.32,-6.59;
13.09,69.36,-5.20;
16.77,66.66,-4.59;
15.46,63.76,-3.27;
14.09,61.77,-2.68;
8.89,60.24,-7.63;
6.21,60.09,-7.11;
6.19,57.82,-5.67;
5.69,57.18,-6.14;
4.44,54.82,-4.82;
5.90,53.24,-5.84;
0.19,48.67,-3.64;
0.21,47.11,-5.79;
-4.04,45.69,-5.92;
-1.90,45.63,-8.95;
-0.86,44.38,-10.36;
4.56,42.32,-9.90;
13.29,43.27,-8.54;
6.16,34.53,-8.69;
0.89,31.30,-7.47;
-2.05,29.11,-5.79;
-8.31,27.71,-6.91;
-4.77,26.66,-6.19;
-0.33,22.61,-5.78;
2.53,19.95,-4.77;
4.25,17.71,-1.70;
2.67,15.80,-0.77;
2.51,12.15,0.37;
1.69,9.42,0.51;
-0.51,7.08,0.59;
-0.36,3.95,1.06;
-0.69,1.85,1.67;
-3.87,0.17,0.80;
-1.58,-2.69,1.78;
0.74,-5.60,1.76;
3.55,-8.06,2.41;
2.48,-10.58,2.45;
2.54,-13.22,3.12;
0.04,-15.13,3.43;
1.22,-17.19,2.96;
1.93,-19.18,2.02;
1.31,-21.34,1.60;
4.74,-24.40,1.17;
9.37,-28.64,-0.75;
10.59,-30.58,-1.72;
13.25,-33.77,-2.80;
15.34,-36.05,-2.75;
11.80,-39.51,-1.82;
10.19,-42.14,-0.91;
7.37,-46.06,1.28;
-0.34,-49.24,4.99;
-2.86,-52.61,8.19;
-5.44,-56.20,10.60;
-8.60,-58.73,12.13;
-5.56,-61.74,14.10;
2.41,-65.57,15.52;
5.98,-66.81,14.82;
7.99,-70.84,14.22;
8.30,-73.69,14.96;
6.97,-76.70,15.89;
4.76,-78.67,15.14;
-1.98,-79.71,15.47;
-7.67,-79.40,15.38;
-6.27,-84.82,16.83;
-3.93,-86.75,17.46;
-7.44,-87.57,16.68;
-7.72,-88.02,14.62;
-7.53,-89.24,14.85;
-7.12,-90.12,17.52;
-8.56,-92.18,18.91;
-5.79,-89.59,20.65;
-4.89,-90.03,20.79;
-5.52,-91.88,19.96;
-8.71,-94.79,20.86;
-12.07,-93.19,22.77;
-3.87,-94.29,23.89;
-1.73,-94.05,23.37;
-5.17,-93.33,22.89;
-3.69,-95.94,23.05;
-3.53,-96.29,22.65;
-3.17,-94.38,20.92;
-3.73,-95.19,20.04;
-4.86,-91.47,17.44;
-8.48,-91.42,15.63;
-14.45,-92.14,16.24;
-26.98,-92.02,16.37;
-33.41,-94.66,16.04;
-37.29,-95.85,10.91;
-36.10,-93.92,8.99;
-47.26,-89.56,5.15;
-50.25,-85.05,8.51;
-42.08,-82.79,10.27;
-30.20,-83.42,7.08;
-20.63,-87.01,3.90;
-19.37,-89.16,0.99;
-14.77,-85.59,-1.49;
-11.91,-77.91,-2.33;
-12.56,-75.82,0.22;
-3.49,-78.90,3.18;
-10.36,-82.78,1.57;
-16.27,-78.79,-0.25;
-17.49,-71.73,-1.11;
-22.19,-72.21,3.69;
-31.26,-82.95,10.92;
-21.04,-85.51,16.30;
-13.44,-92.29,18.86;
-14.39,-90.08,12.94;
-7.90,-89.85,9.03;
1.15,-85.83,2.01;
12.38,-75.05,0.15;
16.85,-74.08,-1.98;
14.82,-68.53,-2.98;
1.61,-64.24,-4.69;
3.49,-72.52,-7.67;
-2.77,-77.07,-7.59;
-3.64,-72.46,-2.86;
-2.86,-60.69,1.57;
-12.78,-52.66,2.76;
-18.17,-46.50,3.81;
-26.27,-50.60,5.12;
-29.67,-42.27,3.32;
-28.57,-51.22,2.51;
-19.73,-50.60,-5.53;
-18.24,-42.72,-6.92;
-13.50,-35.42,-7.79;
-8.62,-35.89,-8.19;
1.95,-47.10,-9.66;
9.37,-44.92,-10.74;
14.39,-45.53,-11.18;
12.73,-34.61,-11.49;
5.08,-35.92,-9.35;
2.70,-37.91,-11.14;
-2.57,-35.80,-11.08;
-8.39,-30.96,-9.17;
-12.25,-26.84,-6.21;
-9.84,-30.31,-4.72;
-14.04,-30.56,-6.85;
-14.49,-34.70,-5.59;
-15.87,-32.50,-2.60;
-8.30,-29.24,-2.65;
-3.35,-30.24,-7.43;
-0.89,-31.69,-9.46;
0.21,-26.60,-9.59;
9.00,-31.79,-10.30;
11.96,-35.68,-10.02;
12.13,-33.05,-11.44;
9.99,-31.11,-11.56;
10.60,-30.75,-9.21;
12.57,-30.70,-7.98;
9.32,-29.28,-8.05;
8.91,-26.43,-7.66;
5.66,-20.75,-7.04;
0.63,-21.76,-6.21;
-2.10,-25.45,-4.02;
-3.93,-27.19,-1.32;
-6.85,-23.79,-0.54;
-12.86,-16.92,0.79;
-13.06,-14.47,1.15;
-11.41,-10.64,0.91;
-8.27,-10.95,0.73;
-5.38,-4.89,0.53;
-3.81,0.92,-0.28;
-0.14,2.11,0.07;
0.89,0.15,1.84;
-0.34,-0.85,3.15;
-7.95,-0.73,2.33;
-11.93,0.73,2.86;
-13.78,3.85,4.45;
-14.48,4.15,4.30;
-14.56,-0.03,4.54;
-12.75,-0.61,4.57;
-10.49,-0.32,3.44;
-5.52,1.13,0.85;
0.70,2.52,0.30;
4.60,-0.93,-0.69;
8.33,-2.81,-1.32;
10.04,-2.67,-2.68;
6.73,-2.60,-3.99;
4.67,0.21,-3.66;
2.63,-1.24,-1.81;
-1.33,-3.54,-0.11;
-3.58,-1.66,-0.34;
-3.88,-1.95,-0.77;
-2.48,0.37,-0.50;
-1.72,-1.47,0.13;
-0.82,-3.08,-0.86;
-0.78,-1.43,-1.69;
3.78,1.30,-1.00;
4.38,2.06,-0.57;
3.73,2.17,0.34;
1.17,1.08,-0.25;
-1.47,0.55,-1.17;
-3.08,0.46,-0.39;
-1.43,0.17,1.17;
-2.65,-0.41,1.29;
-3.46,-0.85,1.02;
-3.23,-1.98,0.50;
-1.73,-0.93,0.30;
0.62,0.08,-0.21;
1.49,1.25,0.19;
0.88,1.94,0.88;
0.70,1.04,0.79;
-0.08,0.86,1.06;
-1.73,0.03,0.44;
-4.13,-0.89,0.12;
-3.88,-1.71,0.91;
-4.68,-0.23,1.25;
-3.15,1.62,0.45;
-1.11,0.58,0.74;
1.98,0.43,1.25;
2.71,-0.32,-0.14;
1.51,0.32,-0.34;
1.05,0.00,0.41;
0.30,-0.44,1.44;
0.19,0.09,0.54;
-1.00,-0.02,0.15;
-0.66,0.46,1.00;
-0.36,-0.06,1.28;
-0.63,-0.40,1.55;
-0.66,0.87,1.32;
0.73,2.12,1.25;
1.69,2.12,1.35;
1.46,0.89,1.35;
2.04,1.63,0.96;
1.35,0.24,0.63;
1.02,-0.15,1.03;
0.76,0.73,0.77;
1.06,1.42,0.94;
2.07,1.47,0.56;
3.08,2.27,1.18;
2.31,1.19,0.77;
0.28,0.29,0.77;
0.09,-0.08,1.11;
-1.04,1.01,1.03;
-1.24,1.97,0.89;
-1.14,2.78,0.65;
0.62,3.36,2.04;
-0.69,2.24,2.37;
-1.33,2.32,2.10;
-1.62,2.02,1.58;
-1.04,0.38,0.67;
-0.86,0.64,1.12;
-1.14,1.34,0.15;
-1.72,2.02,0.65;
-0.80,1.48,0.85;
-0.36,1.50,1.83;
-0.83,0.95,1.43;
-2.88,1.65,1.47;
-3.17,1.69,0.56;
-2.72,1.66,-0.10;
-1.17,1.89,0.15;
0.89,2.52,0.08;
2.21,2.67,0.22;
2.60,2.66,-0.10;
2.70,2.53,0.50;
2.02,1.73,0.04;
0.24,-0.17,0.19;
-0.85,0.21,0.25;
-1.61,-0.27,0.07;
-2.65,-0.47,-0.33;
-2.17,-1.66,0.05;
-0.78,-0.58,0.37;
0.51,1.33,-0.07;
-0.13,1.21,-0.13;
0.65,2.47,0.28;
-0.43,2.44,-0.04;
0.36,1.28,0.31;
0.54,2.15,1.18;
-0.57,1.21,1.08;
-0.42,1.44,0.76;
-0.57,1.56,0.22;
-2.49,1.68,0.10;
-1.40,-0.09,0.31;
0.07,-1.14,1.00;
-0.43,-1.98,1.43;
-0.37,-1.80,1.26;
-0.62,-1.47,0.70;
-0.17,-1.43,0.16;
0.24,-1.47,0.08;
-0.53,-0.23,0.39;
-1.09,0.32,0.41;
-0.83,2.12,0.86;
-0.24,2.43,1.23;
-0.33,0.34,1.11;
-2.01,-0.55,0.22;
-1.12,-0.82,-0.08;
0.57,-1.95,-0.01;
2.71,-2.15,1.21;
3.47,-2.11,0.18;
2.31,-2.67,0.19;
2.62,-1.18,0.62;
1.86,-0.34,0.22;
0.39,1.27,0.34;
0.07,0.66,0.97;
-1.50,-1.05,1.03;
-3.95,-1.92,1.46;
-4.77,-0.96,1.87;
-3.90,0.50,1.54;
-2.43,0.76,1.52;
-0.07,0.08,0.56;
2.30,-0.81,-0.79;
2.65,-1.95,-1.30;
3.12,-0.66,-1.27;
3.28,0.08,-0.89;
2.99,-0.43,-0.24;
0.31,0.58,1.32;
-1.35,0.21,0.82;
-2.24,-0.75,0.73;
-2.42,0.73,1.32;
-0.94,0.50,0.56;
-1.49,1.63,-0.10;
-1.06,1.19,0.41;
1.02,1.63,0.27;
1.37,2.46,-0.07;
2.16,1.13,-0.05;
2.53,1.08,0.60;
1.61,0.29,0.83;
-0.43,0.64,0.63;
-1.56,-0.21,0.04;
-1.78,0.46,0.02;
-2.39,0.17,-0.22;
-1.18,-0.38,0.02;
0.60,0.08,-0.01;
1.35,1.18,0.12;
1.96,0.84,0.41;
0.44,2.31,0.54;
0.45,1.76,0.88;
0.22,0.78,0.85;
-0.59,1.08,0.47;
0.12,0.46,0.27;
0.83,2.37,0.33;
1.12,2.34,0.41;
1.75,2.38,0.39;
1.41,2.90,-0.13;
0.92,1.50,0.05;
1.44,1.51,0.41;
1.00,1.16,1.23;
0.19,1.47,1.09;
-0.91,1.77,1.03;
-1.79,1.80,0.67;
-2.65,2.05,-0.13;
-0.86,2.57,0.18;
1.12,1.15,0.05;
1.55,1.15,0.50;
0.56,1.04,0.51;
0.15,1.01,0.36;
-0.43,1.65,0.15;
-0.40,2.58,0.97;
0.21,1.16,0.89;
0.04,0.64,0.76;
-0.54,1.18,0.80;
-1.01,1.16,0.08;
-0.40,1.27,0.76;
-0.74,1.69,0.74;
-2.63,0.35,0.70;
-1.75,0.69,0.94;
-1.66,0.08,1.38;
-1.37,0.89,1.05;
-0.13,1.36,1.09;
-0.07,0.43,0.67;
-0.10,1.13,0.73;
-0.24,0.95,0.63;
-0.95,0.58,-0.21;
0.56,0.93,0.25;
0.96,0.67,0.71;
-0.46,0.40,0.37;
-0.07,-0.89,0.44;
-1.15,-0.82,0.28;
-0.02,-0.15,0.05;
0.19,1.51,0.10;
0.73,2.06,0.48;
0.80,1.39,0.73;
-0.69,0.12,0.10;
-0.65,-0.27,0.08;
0.30,-0.15,0.21;
1.03,0.58,0.13;
1.14,2.34,0.71;
0.88,1.95,0.91;
0.57,0.64,0.80;
0.31,1.25,0.36;
-0.24,0.95,-0.46;
0.73,0.86,-0.19;
1.06,1.02,0.12;
1.23,1.31,0.45;
2.12,1.42,0.28;
2.28,2.52,0.92;
2.56,3.10,1.02;
1.05,1.94,0.77;
0.12,2.70,1.20;
-0.86,4.18,1.11;
-0.46,3.37,0.70;
0.48,2.81,1.31;
1.83,2.81,1.43;
0.83,4.11,1.41;
0.65,4.66,1.09;
1.43,5.25,1.98;
1.38,5.56,1.98;
0.94,5.82,1.49;
1.15,6.61,1.29;
3.57,9.11,2.33;
3.93,10.76,2.48;
3.35,11.89,2.41;
3.02,12.29,3.09;
4.13,14.35,3.29;
3.95,17.19,2.92;
4.50,18.76,3.32;
4.85,21.01,4.73;
6.25,24.29,5.67;
5.38,29.56,6.74;
4.99,32.92,6.51;
6.45,33.39,6.34;
6.53,33.71,6.59;
5.29,33.04,7.06;
4.44,37.31,7.44;
6.15,42.93,8.91;
7.83,46.75,10.96;
8.80,45.80,12.31;
6.70,47.69,11.89;
5.80,50.98,10.76;
5.51,52.64,11.75;
5.35,56.29,14.68;
8.24,58.06,15.25;
10.83,60.35,15.63;
14.53,68.49,17.03;
17.60,73.74,15.26;
16.01,76.31,14.82;
20.16,76.50,13.02;
29.66,74.98,11.96;
35.75,76.46,11.70;
42.12,83.53,10.73;
46.18,97.21,7.95;
46.54,101.63,3.41;
47.14,102.21,-1.44;
51.72,103.21,-0.75;
50.13,96.27,0.96;
42.42,98.18,-2.36;
33.34,106.24,-3.49;
28.01,110.70,1.41;
22.99,108.66,5.64;
11.02,107.74,3.99;
12.97,104.84,1.12;
15.72,101.07,-0.24;
-2.37,94.52,-3.52;
-31.44,98.93,0.41;
-38.20,103.47,5.90;
-42.17,104.72,6.42;
-24.65,105.02,2.31;
-20.27,107.94,-4.45;
-14.86,105.19,-9.53;
-18.60,103.59,-14.02;
-18.45,110.24,-12.30;
-12.65,107.60,-12.63;
-1.96,103.91,-10.92;
3.92,102.18,-10.72;
12.01,100.49,-11.06;
1.41,104.23,-13.30;
-2.16,104.11,-14.07;
0.25,103.16,-14.07;
5.73,98.06,-14.25;
15.18,97.59,-11.24;
19.15,99.89,-9.70;
23.28,101.16,-9.79;
16.65,99.51,-11.76;
12.18,97.50,-12.69;
17.47,95.30,-12.51;
17.22,94.50,-11.81;
16.62,95.11,-11.82;
11.46,92.34,-13.69;
10.10,89.24,-16.08;
11.92,89.53,-17.61;
19.31,90.05,-16.94;
17.41,89.48,-18.48;
15.20,87.33,-17.85;
6.89,83.51,-18.21;
12.39,84.26,-17.46;
11.41,86.14,-15.90;
12.70,83.18,-15.92;
14.80,83.27,-16.79;
13.69,82.41,-20.14;
16.76,82.27,-17.70;
18.41,81.89,-14.68;
19.61,81.71,-13.73;
16.97,80.92,-13.90;
7.86,77.48,-12.39;
1.73,76.41,-12.56;
-2.37,75.88,-13.44;
-2.56,71.45,-10.50;
1.34,68.46,-10.60;
2.39,67.48,-12.57;
6.12,65.19,-12.36;
9.11,63.34,-15.46;
6.54,57.94,-13.44;
1.26,56.12,-12.75;
-3.35,53.76,-11.72;
-5.03,51.27,-9.30;
1.98,50.64,-11.06;
4.41,44.03,-8.74;
4.38,39.22,-9.17;
4.44,37.51,-7.46;
-1.27,30.92,-10.57;
-3.23,30.81,-6.01;
-2.95,28.64,-5.75;
-4.95,24.14,-3.98;
-3.41,18.93,-2.97;
-2.78,17.33,-2.91;
-3.29,13.16,-3.52;
-1.72,8.86,-3.63;
0.60,5.37,-3.73;
1.84,1.34,-3.70;
-0.83,-1.76,-2.59;
-0.51,-4.61,-1.46;
-0.82,-7.60,-1.55;
-1.04,-12.23,-1.37;
-0.19,-15.18,1.03;
-0.68,-18.17,3.31;
-0.62,-20.79,4.07;
1.12,-24.31,4.10;
1.00,-26.32,4.53;
4.41,-29.47,5.64;
11.51,-32.99,5.00;
10.77,-36.14,3.72;
7.93,-38.58,4.08;
7.87,-42.50,6.53;
11.75,-47.53,8.39;
13.87,-50.24,10.24;
9.75,-54.66,9.03;
3.06,-58.44,9.92;
-1.12,-61.36,11.60;
-4.39,-62.58,11.23;
-8.62,-64.43,11.08;
-14.56,-67.74,9.17;
-16.31,-71.83,8.51;
-11.82,-76.20,8.59;
-6.24,-77.02,7.83;
-2.49,-80.15,6.44;
-0.07,-82.26,6.24;
-1.06,-84.70,5.99;
-2.13,-85.07,6.41;
-8.80,-88.79,8.13;
-10.82,-88.11,9.03;
-5.04,-89.92,10.99;
-12.78,-91.24,11.92;
-18.92,-93.19,12.16;
-19.15,-91.19,12.41;
-12.11,-90.15,14.42;
-10.86,-89.14,15.66;
-11.93,-89.21,17.54;
-12.72,-89.79,19.03;
-11.50,-91.51,20.79;
-11.37,-90.53,21.95;
-14.28,-90.35,23.11;
-11.64,-88.89,23.44;
-7.33,-90.08,23.29;
-6.65,-88.67,23.52;
-7.49,-87.21,23.17;
-9.33,-89.37,23.05;
-13.00,-88.26,22.59;
-13.78,-90.08,23.54;
-19.79,-87.19,21.73;
-19.82,-86.78,20.54;
-20.74,-86.31,16.31;
-24.27,-85.11,10.48;
-27.43,-85.88,6.94;
-29.32,-83.73,4.34;
-33.43,-84.17,6.41;
-35.08,-82.63,3.86;
-37.18,-83.08,1.25;
-34.66,-82.23,0.13;
-25.56,-79.71,1.25;
-18.31,-79.18,3.21;
-8.72,-78.60,1.17;
-1.38,-80.06,-0.43;
-2.57,-79.94,-1.87;
-3.46,-81.42,-2.75;
-4.27,-83.68,-3.30;
-1.79,-82.73,-0.04;
-9.93,-79.86,-0.63;
-6.86,-79.74,5.18;
-6.08,-81.30,4.37;
-3.66,-80.66,4.12;
1.17,-77.50,4.39;
-7.43,-73.18,3.40;
-6.75,-72.49,4.05;
-6.54,-70.29,6.67;
-8.49,-67.54,2.22;
0.80,-68.70,1.57;
5.57,-67.22,2.33;
8.80,-66.58,2.08;
7.38,-62.17,3.15;
0.57,-62.40,-0.05;
-5.15,-59.94,1.78;
-1.53,-56.78,4.56;
-4.08,-58.09,2.33;
-1.98,-54.44,2.10;
-4.14,-45.65,1.73;
-5.17,-45.04,-1.50;
-5.11,-46.34,-4.11;
-10.40,-43.83,-2.79;
-9.52,-44.29,-0.66;
-9.66,-43.14,-0.91;
-10.07,-41.18,-2.80;
-15.82,-41.14,-5.84;
-21.33,-44.58,-2.46;
-16.13,-44.02,0.15;
-15.06,-43.34,1.06;
-12.85,-47.18,-1.59;
-13.27,-44.23,-4.65;
-13.30,-38.76,-6.79;
-12.60,-40.15,-6.46;
-7.75,-42.09,-5.53;
-6.53,-41.91,-5.47;
-8.91,-43.83,-6.42;
-12.48,-44.09,-6.66;
-10.98,-46.08,-6.98;
-9.69,-41.18,-7.09;
-17.35,-41.59,-7.61;
-10.25,-41.73,-6.27;
-8.82,-42.85,-5.03;
-6.88,-41.57,-7.08;
-7.29,-37.13,-9.20;
-6.39,-35.79,-9.61;
-6.91,-36.24,-10.83;
-6.17,-32.98,-11.30;
-5.32,-29.71,-10.65;
-2.83,-30.29,-8.19;
1.26,-26.90,-6.77;
-0.49,-29.74,-7.32;
-7.79,-29.36,-7.01;
-12.49,-22.20,-5.56;
-11.56,-16.56,-4.34;
-7.84,-16.12,-2.53;
-8.11,-18.20,-2.50;
-5.78,-16.56,-2.60;
-8.83,-13.33,-3.33;
-2.75,-12.85,-2.88;
-2.36,-15.69,-4.05;
-6.69,-14.95,-4.85;
-5.82,-14.02,-3.88;
-5.41,-10.06,-2.75;
-4.74,-8.85,-1.75;
-3.43,-10.89,-0.74;
-5.40,-12.40,0.63;
-7.33,-9.48,0.97;
-8.22,-0.66,-0.08;
-8.78,2.00,-0.68;
-5.56,4.12,1.12;
-2.57,1.74,1.67;
-0.22,-1.02,1.00;
-1.41,0.82,0.60;
-4.86,2.81,-0.28;
-6.24,3.65,0.21;
-4.72,2.24,1.18;
-2.31,-0.82,1.43;
-1.53,-3.85,0.08;
-1.91,-4.34,-0.27;
-2.08,-4.08,-0.75;
-1.38,-2.85,-1.14;
1.18,-1.77,-1.43;
1.66,-3.28,-1.63;
0.63,-3.36,-1.38;
0.10,-3.48,-2.21;
-1.11,-3.94,-2.08;
0.31,-3.10,-0.24;
-0.83,-1.54,0.31;
-0.88,-0.29,-0.22;
-0.43,-0.23,0.25;
-3.50,-1.68,-0.34;
-5.81,-4.20,-1.50;
-5.26,-5.42,-1.43;
-2.71,-4.96,-1.15;
-0.25,-3.91,-1.14;
0.77,-2.70,-1.09;
-0.04,-3.57,-0.75;
0.24,-1.79,0.12;
-3.66,-0.67,0.30;
-2.33,1.66,0.16;
-0.75,0.72,0.22;
-1.99,-0.98,0.42;
-1.18,-0.61,0.04;
-1.95,-0.44,-0.74;
-1.55,-0.46,-0.30;
1.18,0.99,1.06;
1.31,1.27,1.40;
2.13,1.79,1.08;
1.23,2.43,0.45;
-0.60,0.70,-0.51;
-1.08,-1.45,-0.24;
-0.75,-2.40,0.45;
-0.02,-2.75,0.80;
1.12,-1.56,0.62;
0.36,0.75,1.05;
-0.43,0.08,0.37;
-0.60,-0.73,0.07;
0.16,1.11,0.31;
-1.15,-1.14,0.62;
-1.47,-2.50,1.12;
-1.64,-2.26,1.25;
-1.30,-1.77,0.86;
-0.07,-0.24,0.76;
-0.10,1.30,0.60;
2.50,1.34,0.77;
1.98,0.73,1.05;
0.96,1.15,0.79;
-0.36,0.32,0.70;
-0.07,-0.35,1.03;
1.37,0.05,1.00;
1.29,0.73,0.82;
2.10,-0.38,0.44;
2.01,-0.52,0.07;
2.97,-0.69,0.02;
3.54,-0.40,-0.40;
3.49,0.21,-1.23;
3.28,-0.35,-0.97;
2.39,-1.22,-0.37;
1.09,-1.94,0.54;
-1.70,-1.68,0.94;
-2.77,-1.91,0.47;
-1.26,1.48,0.25;
-2.20,2.02,0.56;
-3.81,2.20,0.60;
-2.40,2.17,1.12;
-1.95,0.72,1.08;
-2.54,0.96,0.57;
-1.46,0.15,-0.34;
-0.37,-0.96,-1.52;
-0.40,-1.56,-1.53;
0.68,0.06,-0.39;
0.79,2.44,0.04;
0.28,2.24,0.42;
-0.25,2.52,0.22;
-0.49,3.24,0.31;
-1.33,3.68,-0.30;
-2.27,2.29,0.08;
-2.05,2.23,0.99;
-2.51,1.27,0.60;
-2.63,1.07,0.41;
-3.24,0.76,-0.04;
-1.01,1.05,0.45;
1.78,1.05,0.53;
2.41,0.63,-0.50;
1.93,0.53,-1.40;
2.27,1.01,-1.61;
2.16,0.67,-0.51;
1.47,0.21,-0.01;
1.43,-0.53,0.16;
1.37,-0.47,0.45;
0.56,0.00,-0.45;
-0.10,0.90,-0.82;
-1.38,1.25,0.21;
-2.36,1.25,1.31;
-3.59,0.02,1.60;
-3.04,-0.98,0.94;
-2.62,-1.37,0.04;
-1.04,0.63,0.48;
-0.45,0.64,0.53;
0.36,0.93,1.35;
1.83,1.68,0.73;
1.73,0.06,-0.14;
1.06,-1.60,-0.59;
0.91,-1.76,-0.36;
-0.68,-0.14,-0.04;
-0.97,-0.09,0.41;
-0.10,0.75,0.79;
1.17,0.03,0.67;
2.77,0.95,0.63;
0.45,-0.17,0.65;
-0.77,0.32,0.50;
-2.27,-0.50,1.60;
-1.15,0.58,1.76;
-2.43,0.29,1.41;
-2.85,-0.93,1.47;
-1.82,-1.42,1.06;
-1.18,-1.08,1.00;
-1.53,0.40,0.99;
-0.25,0.72,1.15;
0.21,1.16,1.37;
-0.74,1.53,0.70;
-1.40,0.47,0.34;
0.59,-0.20,0.80;
1.47,-0.52,1.18;
-0.22,0.23,0.67;
1.08,0.92,0.51;
1.47,0.58,0.53;
1.75,-0.03,0.80;
1.70,-0.27,1.09;
1.05,0.09,0.48;
1.26,-0.87,0.10;
1.44,-0.29,-0.10;
0.39,-0.56,-0.57;
1.17,-0.67,0.41;
1.70,-0.49,0.68;
1.98,0.11,0.89;
-0.42,1.34,0.21;
-0.88,-0.44,0.18;
-1.32,-0.56,0.50;
-0.85,-0.27,0.83;
-1.27,-1.08,0.89;
-1.20,-0.23,0.74;
1.26,0.61,0.47;
-0.31,1.15,0.80;
-0.83,0.90,0.56;
-1.30,0.05,0.18;
-1.40,-0.24,0.10;
-1.29,-0.98,-0.25;
-0.40,-0.87,0.30;
0.54,0.14,0.33;
1.49,0.72,0.45;
0.04,1.19,0.01;
0.04,0.26,0.37;
-0.13,-0.46,0.34;
-0.24,-0.40,-0.37;
-0.08,-1.34,-0.48;
0.27,-1.73,-0.56;
-0.42,-1.50,-0.68;
0.97,-0.29,-0.19;
2.54,-0.27,0.48;
1.83,0.00,0.50;
0.63,0.41,0.19;
0.28,1.18,-0.45;
-0.19,0.57,-0.14;
0.28,-0.26,0.04;
-2.65,-0.72,0.07;
-0.75,-1.65,0.31;
-0.39,-0.52,0.50;
-1.43,0.08,0.21;
-0.78,1.30,0.02;
0.86,0.64,0.05;
1.80,0.69,0.51;
2.48,0.79,0.48;
-0.22,0.17,-0.10;
-0.78,0.46,0.12;
-0.95,0.37,0.18;
-1.59,0.75,-0.11;
-0.57,1.34,0.56;
0.13,0.73,0.42;
-0.30,1.30,0.80;
0.33,-0.03,0.56;
0.56,0.02,0.36;
0.15,-1.01,-0.17;
-0.20,2.38,-0.14;
1.92,1.88,0.25;
2.10,2.18,0.31;
2.59,0.67,0.30;
1.51,-0.03,-0.08;
0.51,-0.49,-0.01;
-1.55,0.05,-0.21;
-2.56,0.05,0.54;
-0.74,0.58,0.45;
-0.36,-0.08,0.16;
1.46,0.67,0.22;
3.92,1.65,0.12;
2.86,1.08,-0.34;
0.36,1.89,-0.27;
0.60,1.40,0.16;
-0.75,2.05,0.42;
-0.72,0.76,0.92;
-0.83,0.50,1.43;
-1.61,1.53,0.83;
-3.69,0.44,-0.05;
-2.34,0.46,-0.02;
-0.82,0.11,0.37;
0.16,0.67,0.74;
0.53,1.10,0.28;
-0.14,-0.20,0.19;
0.74,-0.47,0.24;
0.19,0.09,-0.31;
-0.34,0.24,0.28;
-0.86,1.07,0.60;
-1.01,0.46,0.47;
-1.66,-0.24,-0.01;
-1.52,-0.05,-0.19;
-1.56,0.05,-0.27;
-0.78,0.23,-0.16;
0.76,-0.20,0.31;
0.33,0.24,0.10;
-0.54,0.99,-0.16;
0.38,1.19,-0.19;
-0.20,0.99,-0.24;
-0.91,0.29,-0.27;
0.65,0.46,0.37;
0.13,-0.78,0.18;
0.51,-0.58,0.21;
0.77,-0.37,0.01;
1.87,-0.37,0.31;
0.67,-0.44,0.12;
0.05,-0.14,0.08;
0.38,0.23,0.04;
0.92,0.00,-0.30;
1.15,-0.05,0.13;
0.91,1.08,0.45;
0.48,1.45,0.50;
0.99,0.24,0.67;
1.23,-0.52,0.68;
0.96,-0.06,0.10;
0.59,0.92,-0.19;
-0.02,0.27,-0.28;
0.67,0.81,0.60;
0.73,0.64,0.85;
0.12,1.15,0.68;
0.80,4.05,0.68;
1.35,3.45,0.83;
0.94,3.08,0.44;
1.64,3.01,0.57;
0.57,3.07,0.92;
1.11,3.24,1.63;
0.74,4.64,1.87;
1.64,7.18,2.15;
2.30,6.49,2.12;
1.99,6.20,2.07;
1.32,6.87,2.07;
0.79,8.98,2.34;
-0.27,12.17,2.79;
2.51,12.89,2.85;
3.25,14.66,3.49;
3.61,15.36,3.81;
2.51,19.05,4.44;
0.85,21.30,5.28;
3.12,22.02,5.76;
1.69,21.63,5.86;
1.49,20.76,7.32;
3.89,23.63,8.45;
3.70,29.71,8.82;
6.22,28.96,7.81;
8.88,29.69,8.18;
12.88,32.63,10.12;
21.11,44.35,10.50;
23.89,47.80,6.82;
21.28,41.85,4.08;
14.57,41.11,4.76;
16.36,45.92,7.78;
23.23,46.70,8.37;
28.07,51.40,8.97;
34.53,58.27,10.08;
38.01,60.06,8.79;
38.28,64.02,6.31;
40.19,79.27,5.54;
47.76,80.84,7.60;
57.05,77.04,4.63;
65.05,78.64,-0.92;
68.21,86.82,-2.91;
62.10,91.45,-0.74;
47.67,91.18,-1.84;
41.87,91.01,-2.77;
36.21,96.81,0.48;
32.94,97.71,-0.34;
16.92,104.20,-3.61;
-1.84,97.92,-1.81;
-15.27,87.05,-1.85;
-9.96,85.47,0.34;
-3.09,93.30,5.25;
-2.78,98.72,5.96;
-0.91,101.31,5.08;
-9.00,100.08,-0.30;
-7.78,95.59,-5.58;
-1.70,95.80,-5.67;
-1.81,98.53,-8.21;
-6.39,97.62,-8.33;
-9.95,98.03,-7.61;
-16.01,98.37,-6.66;
-4.40,98.20,-7.64;
-4.28,101.65,-8.80;
-1.11,103.83,-13.38;
-6.16,104.27,-15.84;
-21.18,103.33,-15.47;
-16.30,100.14,-11.66;
-16.14,97.71,-8.10;
-1.95,97.54,-6.34;
5.11,98.14,-6.82;
10.99,98.05,-10.24;
11.00,99.91,-12.16;
15.00,96.63,-12.22;
16.19,95.34,-12.42;
18.36,92.14,-9.18;
19.61,89.37,-4.24;
21.26,90.55,-2.65;
19.63,89.18,-3.27;
17.54,86.63,-4.40;
14.97,84.78,-7.11;
11.90,81.15,-6.45;
9.96,80.78,-4.92;
12.12,84.05,-5.24;
13.15,84.12,-6.59;
14.48,78.81,-9.15;
18.92,78.99,-11.40;
16.73,78.52,-13.55;
15.70,76.23,-14.19;
14.94,72.64,-14.19;
12.97,74.31,-14.11;
12.34,75.21,-13.04;
15.26,72.46,-12.83;
10.57,72.40,-13.58;
10.33,70.47,-13.84;
11.99,70.15,-12.63;
11.40,69.88,-12.39;
6.59,67.71,-10.94;
0.96,68.37,-9.66;
-2.69,66.79,-8.75;
3.73,62.61,-6.31;
4.79,62.47,-5.78;
5.37,61.89,-5.52;
4.71,58.24,-6.89;
4.44,56.86,-6.98;
-2.20,53.71,-8.85;
-3.26,51.66,-9.38;
-4.66,50.12,-8.17;
-6.54,49.34,-7.64;
-6.19,46.31,-6.48;
-4.42,44.23,-7.66;
-6.04,40.78,-9.21;
-1.79,37.88,-11.76;
0.12,35.97,-11.50;
-1.00,32.47,-11.75;
-3.79,30.63,-12.04;
-5.20,28.96,-10.02;
-2.01,28.20,-8.85;
-2.45,24.52,-7.09;
2.19,22.50,-4.83;
1.87,20.20,-4.51;
2.36,16.82,-2.89;
2.28,13.65,-1.69;
1.23,11.13,-1.00;
0.51,9.19,-1.55;
1.63,8.20,-0.16;
1.12,7.15,0.12;
0.21,6.64,0.57;
0.48,4.58,0.13;
0.53,2.50,0.59;
-1.04,-0.05,1.40;
-0.22,-2.35,1.79;
0.57,-4.34,1.86;
0.65,-6.12,1.44;
0.41,-7.86,1.81;
1.83,-11.01,2.80;
2.85,-13.33,2.76;
5.41,-16.37,2.48;
7.90,-18.56,2.91;
9.64,-23.89,2.28;
9.58,-26.46,3.08;
6.30,-28.20,3.37;
6.73,-32.12,4.63;
8.48,-36.38,5.73;
8.62,-39.62,6.27;
8.73,-45.39,5.31;
9.81,-49.27,5.60;
7.69,-53.48,7.20;
1.00,-57.63,9.58;
1.11,-62.31,11.90;
-2.66,-65.50,12.50;
-7.01,-69.56,11.23;
-9.17,-71.13,11.61;
-1.40,-74.72,11.95;
5.70,-79.28,12.08;
3.72,-82.00,10.65;
0.77,-83.54,10.88;
2.41,-84.60,12.08;
1.89,-86.73,10.53;
2.07,-90.52,10.50;
-5.15,-91.82,12.18;
-8.56,-91.59,11.26;
-10.78,-91.01,10.91;
-11.11,-92.08,12.12;
-11.85,-91.07,12.70;
-11.35,-91.18,13.63;
-10.69,-90.49,15.11;
-9.85,-91.02,14.18;
-7.32,-90.35,14.08;
-9.18,-91.43,15.75;
-9.64,-91.05,16.33;
-13.00,-88.67,17.60;
-17.70,-87.83,17.00;
-14.80,-88.64,18.99;
-11.44,-88.93,20.53;
-8.36,-87.73,20.27;
-11.84,-88.89,19.78;
-13.00,-88.00,18.36;
-13.79,-89.43,15.96;
-18.68,-86.11,13.43;
-18.66,-87.60,13.34;
-17.61,-87.59,13.43;
-23.40,-86.95,8.80;
-29.99,-88.17,6.88;
-32.01,-87.01,7.83;
-33.87,-87.42,9.49;
-36.59,-84.98,8.08;
-40.68,-85.27,10.36;
-40.45,-84.34,10.51;
-35.75,-84.27,10.25;
-32.04,-82.17,7.23;
-26.98,-80.55,7.29;
-22.94,-77.40,4.57;
-18.19,-79.07,0.89;
-11.44,-79.88,-1.53;
-2.56,-83.34,-2.62;
-1.15,-84.34,-3.03;
-4.24,-81.76,-1.56;
-8.80,-81.97,-2.57;
-10.10,-81.24,-0.68;
-13.55,-79.79,2.45;
-8.22,-77.34,2.34;
-9.32,-71.36,6.88;
-7.14,-73.65,4.59;
-18.71,-75.60,5.29;
-16.19,-79.80,3.25;
-12.05,-73.60,3.67;
-6.28,-75.05,5.02;
6.70,-76.43,3.32;
10.05,-74.23,-0.24;
8.31,-71.22,-2.54;
3.96,-64.79,-2.83;
11.12,-60.41,-0.11;
9.00,-61.04,-1.78;
8.73,-58.12,-2.71;
5.43,-56.72,-4.17;
-5.85,-54.98,-5.81;
-10.63,-54.55,-5.37;
-16.19,-52.49,-2.05;
-13.12,-52.53,1.31;
-9.24,-52.53,1.63;
-12.24,-47.98,0.02;
-20.30,-48.46,-1.81;
-17.33,-45.01,-4.14;
-17.61,-39.27,-6.59;
-9.79,-34.67,-3.79;
-5.17,-35.51,-4.19;
-3.47,-31.10,-6.25;
-1.88,-30.29,-7.63;
-2.43,-27.54,-10.46;
-0.60,-38.73,-10.48;
-1.72,-39.73,-8.53;
0.73,-29.65,-5.26;
1.63,-29.07,-3.41;
-2.82,-26.34,-4.30;
-6.86,-25.47,-7.26;
-9.12,-28.75,-8.86;
-14.20,-36.69,-5.30;
-10.57,-39.10,-8.57;
-10.97,-32.92,-8.80;
-8.56,-27.25,-8.83;
-5.98,-32.95,-8.34;
-3.95,-28.46,-7.20;
2.59,-26.60,-6.63;
-0.22,-25.57,-7.67;
-0.85,-28.95,-9.00;
1.84,-28.90,-8.75;
0.50,-22.58,-7.75;
-1.64,-11.98,-7.08;
-3.98,-10.37,-6.31;
-2.92,-12.85,-5.64;
-2.63,-17.22,-3.79;
-1.79,-13.14,-1.50;
-4.34,-3.42,-1.98;
-5.11,-5.60,-1.99;
-7.32,-9.97,-1.41;
-6.72,-15.28,-1.61;
-6.02,-17.95,-1.23;
-4.05,-17.95,-2.13;
-2.30,-16.58,-2.74;
-0.59,-14.69,-3.55;
3.49,-16.93,-4.50;
6.22,-16.64,-4.27;
7.32,-14.49,-3.90;
4.15,-10.21,-3.47;
-0.89,-12.61,-3.46;
-2.80,-14.11,-2.05;
-4.91,-15.10,-0.94;
-6.43,-16.34,-0.17;
-6.57,-12.47,-0.22;
-7.01,-5.05,-0.63;
-4.77,-3.77,-0.48;
-0.63,-3.37,0.31;
1.96,-2.53,0.18;
4.83,-1.10,-0.62;
4.63,-1.65,-2.16;
5.38,-0.61,-1.88;
4.54,0.34,-1.38;
0.85,-2.24,-1.55;
-0.80,-4.00,0.28;
-0.92,-2.46,1.78;
-1.67,-1.86,1.66;
-3.79,-3.07,1.05;
-3.69,-2.31,1.14;
-2.98,-1.24,0.19;
-2.46,1.65,0.73;
1.43,1.11,0.94;
3.12,2.00,1.11;
2.89,-0.47,0.59;
1.00,-0.64,0.73;
-1.73,3.69,0.45;
-3.79,0.40,0.73;
-1.01,-1.02,0.85;
1.75,-2.21,0.79;
3.22,-1.24,0.56;
4.76,-1.27,-0.01;
5.26,-0.90,0.12;
3.92,-0.78,-0.53;
4.28,-2.08,-0.42;
4.39,-2.67,0.44;
3.95,-1.51,0.85;
2.44,-0.64,0.67;
-0.72,-0.38,0.34;
-1.59,-0.78,0.50;
0.41,0.00,1.29;
1.31,-2.38,1.57;
2.33,-1.36,1.14;
1.90,-1.07,0.86;
1.08,0.49,1.05;
0.48,0.20,0.74;
0.22,-1.07,0.96;
1.09,-0.53,1.32;
0.80,-1.79,1.14;
0.28,-0.03,0.73;
-1.33,0.60,1.31;
-0.54,-0.15,0.83;
-1.20,-0.53,1.18;
-0.19,-0.52,0.28;
3.14,0.81,0.39;
3.02,0.24,0.62;
2.79,1.71,-0.17;
3.44,-0.49,-0.01;
3.89,-2.70,0.15;
2.50,-2.82,-0.19;
1.89,-2.85,-0.30;
1.15,-1.22,-0.11;
2.13,1.04,0.04;
1.57,0.90,0.01;
-0.24,-0.76,-0.17;
1.05,-2.53,-0.34;
1.54,-2.99,0.12;
1.18,-2.60,0.04;
-0.33,-1.69,-0.37;
1.40,-2.02,-0.66;
3.06,-1.37,-0.13;
4.31,1.02,-0.19;
3.75,3.22,-0.34;
1.72,2.95,-0.22;
2.34,2.21,-0.39;
-0.36,1.63,-0.71;
-0.33,1.60,-0.05;
-0.11,3.01,0.01;
-0.75,5.69,0.42;
-0.04,6.24,0.36;
-0.13,5.22,0.25;
0.25,3.71,0.33;
0.30,2.08,0.27;
-0.11,1.19,0.30;
-0.30,3.11,-0.57;
-0.88,4.08,-0.88;
-1.66,4.29,-0.98;
0.18,4.17,-0.71;
0.92,3.66,-0.60;
1.95,3.07,-0.17;
0.19,2.63,-0.30;
0.39,1.92,-0.21;
-0.97,2.78,0.63;
-1.03,3.71,0.48;
-1.37,3.05,-0.13;
-1.06,3.51,-0.27;
0.27,2.17,-0.48;
3.35,1.08,-0.59;
3.14,0.75,-0.50;
4.45,-0.09,-0.22;
4.13,1.79,0.33;
3.60,1.97,-0.31;
0.16,3.42,-0.31;
-0.19,1.21,0.10;
1.06,0.24,0.41;
0.86,-0.15,0.79;
-0.62,-0.93,0.76;
-2.95,1.60,0.96;
-1.24,2.23,0.88;
-1.49,2.02,0.77;
-1.17,0.72,0.88;
-0.02,-0.55,0.83;
0.73,-1.59,0.79;
1.06,-0.70,0.50;
0.71,0.81,0.12;
-1.38,1.92,-0.59;
-0.19,1.02,-0.54;
2.44,0.15,-0.10;
0.89,0.02,-0.69;
-0.72,-0.53,-0.19;
0.01,-0.20,0.48;
0.27,1.16,0.30;
-0.07,2.08,0.28;
-1.00,1.65,0.12;
-0.48,1.01,0.18;
-0.54,0.08,-0.40;
-0.89,-1.48,-0.69;
-0.05,-0.92,-0.69;
0.51,1.36,-0.91;
1.44,2.35,-1.18;
0.76,3.11,-0.88;
3.55,3.98,-0.31;
2.30,1.60,-0.37;
1.81,1.39,-0.43;
0.01,1.19,-0.30;
-3.11,3.66,-0.86;
-4.27,2.99,-0.79;
-2.48,2.49,-0.04;
-1.21,2.29,0.50;
0.44,1.60,0.74;
1.58,2.05,0.74;
0.50,2.20,0.37;
-1.66,3.11,-0.21;
0.51,2.44,-0.74;
1.72,1.73,0.28;
3.03,0.64,0.62;
2.22,1.97,0.34;
-0.77,1.36,0.27;
-1.00,1.54,0.88;
-1.09,2.58,0.47;
-1.99,0.95,1.05;
-1.67,0.61,0.70;
-2.19,0.40,0.36;
-0.40,2.09,0.60;
-0.74,1.89,0.25;
0.41,1.71,0.51;
1.64,2.37,0.96;
2.18,1.91,0.12;
2.09,1.63,0.39;
2.48,2.67,1.06;
1.84,2.31,0.82;
-0.74,1.47,0.44;
-0.88,1.85,0.99;
-1.09,1.80,0.89;
-1.23,1.94,1.49;
-1.85,1.98,1.43;
-0.98,1.94,1.38;
-1.08,1.59,1.08;
-1.62,1.77,1.46;
-1.76,2.72,1.05;
-0.72,2.44,1.08;
-1.50,1.28,0.70;
-1.04,1.10,0.45;
-0.28,-0.34,0.67;
-0.04,-0.53,0.97;
-0.01,1.04,1.02;
-1.03,2.96,1.11;
-1.26,2.12,1.02;
-1.20,2.29,1.41;
-1.67,1.66,1.31;
-2.59,1.63,1.02;
-2.48,1.73,0.91;
-2.57,2.14,1.61;
-3.30,2.79,1.23;
-2.11,1.65,1.47;
-1.79,1.56,1.03;
-2.01,1.50,0.71;
-2.05,1.66,0.42;
0.56,2.17,0.50;
1.47,2.15,0.50;
-0.16,1.85,-0.14;
0.54,1.04,0.15;
0.92,0.89,-0.01;
0.63,0.58,0.48;
0.94,0.31,0.33;
-0.20,1.19,0.74;
-0.54,1.73,0.57;
-2.30,2.27,0.07;
-1.88,0.21,0.19;
0.18,0.15,0.45;
-0.65,-0.50,0.47;
-2.05,0.26,0.39;
-1.84,0.96,0.51;
-0.25,1.44,0.54;
0.42,1.59,0.25;
1.29,1.21,0.80;
1.29,0.55,0.71;
-0.77,0.41,0.21;
-0.56,-0.61,0.05;
-0.57,-0.58,0.39;
0.12,-1.21,0.77;
0.21,-1.25,0.31;
-1.24,0.61,0.33;
-1.66,2.92,-0.08;
-1.03,2.29,1.02;
-0.54,1.15,0.82;
-0.74,0.47,0.91;
-0.88,-1.11,0.91;
-1.59,-1.37,0.48;
-0.60,0.29,0.92;
0.76,1.62,1.05;
0.28,2.61,0.51;
-0.28,0.76,0.13;
1.87,0.15,0.45;
1.83,-1.33,0.45;
1.63,-2.43,-0.05;
0.16,-1.95,-0.05;
0.10,-1.62,-0.01;
1.43,-0.81,0.39;
2.33,-0.29,0.80;
1.03,-0.72,0.59;
0.92,-1.63,0.47;
1.47,-3.01,0.37;
1.43,-3.66,0.44;
1.43,-3.83,0.31;
1.55,-2.32,0.24;
1.05,-1.04,0.47;
-0.05,-0.49,0.74;
1.69,-1.11,0.82;
0.94,-2.52,0.44;
-0.02,-3.34,0.50;
0.22,-1.50,0.89;
0.04,0.37,0.63;
0.97,1.31,0.70;
2.07,0.99,0.74;
3.02,1.18,0.88;
1.95,0.15,0.77;
1.31,0.14,0.22;
0.27,0.29,-0.48;
0.25,0.90,0.02;
-0.82,1.37,-0.11;
0.42,0.52,-0.28;
1.99,0.24,-0.13;
2.07,0.27,-0.16;
1.17,0.60,-0.01;
0.21,2.47,0.31;
0.68,1.63,0.45;
1.12,0.63,0.41;
0.70,-0.20,0.05;
-0.01,-1.31,-0.08;
-0.36,-1.71,0.28;
-0.56,-0.66,-0.02;
0.65,1.27,-0.25;
0.80,1.74,-0.30;
3.76,0.81,-0.19;
4.68,-0.18,0.19;
3.61,-1.82,0.27;
0.88,-2.49,0.25;
0.30,-2.52,0.19;
-0.07,-1.62,0.05;
-0.94,-1.63,-0.16;
0.09,-1.97,0.10;
3.23,-1.27,0.82;
4.07,-1.10,0.96;
4.22,-1.56,1.11;
3.51,-2.87,0.62;
3.06,-3.73,0.15;
1.72,-2.79,-0.22;
1.58,-2.31,-0.33;
3.25,-2.95,-0.11;
4.33,-2.64,0.45;
4.31,-1.82,1.06;
3.70,-1.54,0.99;
3.46,-2.09,0.48;
2.38,-2.99,1.34;
1.44,-3.31,0.99;
0.71,-2.60,0.05;
2.07,-2.98,-0.51;
2.59,-3.13,-0.10;
1.46,-1.97,-0.31;
1.29,-1.43,-1.12;
3.92,-0.90,-0.17;
5.09,-0.27,0.86;
4.13,0.09,1.41;
2.51,0.21,1.18;
-0.33,0.08,0.62;
-2.25,-1.40,0.50;
-2.80,-2.27,0.48;
-1.59,-2.44,0.68;
0.77,-1.92,0.34;
2.07,-1.48,0.62;
3.29,-0.72,0.62;
4.53,0.24,0.60;
4.62,0.73,0.67;
3.86,0.52,0.48;
2.53,-0.17,-0.04;
0.80,-1.07,-0.28;
-0.31,-0.90,-0.33;
-1.33,-0.23,0.56;
-1.24,-0.31,1.34;
-0.37,0.14,1.25;
-1.17,0.96,1.18;
-0.66,0.67,0.91;
-0.37,0.57,1.35;
0.42,0.81,1.35;
0.16,0.44,1.08;
0.21,-0.75,0.51;
1.32,-1.43,-0.21;
1.22,-1.25,-0.33;
0.22,0.12,-0.39;
0.45,0.57,0.08;
2.15,0.53,0.22;
0.83,0.21,0.51;
0.89,-0.18,0.44;
0.01,-0.92,0.37;
-1.44,-1.16,0.53;
-0.86,-0.82,0.68;
-0.22,-0.56,0.60;
0.54,-0.63,-0.01;
0.62,-0.79,0.02;
-0.19,-1.19,0.42;
-0.97,-1.45,0.42;
-1.33,-0.81,0.30;
-0.69,-0.95,0.45;
-0.86,-1.27,0.53;
0.13,-1.37,0.56;
0.30,-1.76,0.62;
0.89,-2.12,0.12;
2.12,-1.76,-0.07;
2.05,-1.30,-0.22;
1.81,-0.90,-0.24;
1.92,-0.84,0.13;
1.51,-0.75,0.51;
0.79,-0.75,0.42;
0.54,-0.53,0.41;
0.48,-0.63,0.54;
-0.43,-1.02,0.50;
-0.30,-0.93,1.12;
-0.46,-0.55,1.09;
-0.98,-0.41,0.91;
-1.58,-0.40,0.65;
-0.75,-0.50,0.28;
0.91,-1.14,0.22;
1.70,-1.40,0.33;
1.89,-1.10,0.41;
1.73,-0.98,-0.16;
1.66,-0.99,0.25;
1.58,-0.90,0.08;
1.44,-0.09,0.01;
0.38,0.49,0.51;
-1.33,0.78,0.80;
-2.34,0.37,0.92;
-2.68,-1.10,1.26;
-2.11,-1.83,1.11;
-1.73,-1.48,1.05;
-1.43,-0.20,1.17;
-0.33,0.47,1.05;
0.25,0.84,0.85;
1.63,0.78,0.42;
0.92,-0.06,0.10;
-0.40,-0.40,-0.07;
0.34,-0.55,-0.02;
0.56,-0.35,0.08;
-0.10,-0.37,0.27;
-0.80,-0.32,0.59;
-1.73,0.50,0.48;
-1.15,1.37,1.08;
-1.32,1.44,1.00;
-1.12,0.99,0.82;
-0.14,0.66,1.03;
0.16,0.49,0.41;
-0.83,0.23,0.24;
-0.88,0.35,0.30;
-0.28,0.55,0.41;
-0.04,1.21,0.48;
0.07,2.02,0.33;
1.12,1.89,0.50;
1.49,1.27,0.33;
0.31,0.55,0.59;
0.38,0.40,0.39;
0.31,-0.27,0.27;
0.45,-0.61,0.53;
-0.24,-0.06,0.59;
-0.88,0.24,0.68;
-1.91,0.73,0.53;
-0.08,0.84,0.34;
1.12,0.67,0.50;
0.91,0.57,-0.04;
1.11,0.17,0.16;
1.28,-0.31,0.08;
0.31,-0.09,0.18;
0.31,0.18,0.16;
0.09,0.44,0.15;
-0.27,0.79,0.34;
-0.85,0.99,0.89;
0.07,0.96,1.05;
0.02,1.16,1.18;
-0.83,1.11,0.83;
-2.22,0.87,0.37;
-1.87,0.17,-0.11;
-1.33,-0.21,0.05;
0.10,0.34,0.34;
1.15,0.61,0.22;
0.53,1.16,0.02;
0.80,1.48,0.12;
0.38,1.33,0.04;
-0.46,1.27,0.13;
-1.41,1.36,0.01;
-1.78,0.84,-0.13;
-0.80,0.70,0.16;
-0.37,1.21,0.54;
0.30,1.89,0.71;
-0.14,2.09,0.68;
0.45,1.95,0.88;
0.63,2.32,0.94;
-1.08,2.31,1.03;
-1.70,1.94,0.34;
-1.26,1.54,0.30;
-0.57,1.50,0.39;
0.82,1.34,0.04;
1.93,1.47,0.22;
2.12,2.05,0.48;
2.73,2.09,-0.16;
1.89,1.91,-0.08;
0.92,1.66,-0.43;
0.89,1.80,-0.34;
2.16,2.23,-0.11;
2.12,2.43,0.37;
1.61,2.78,0.10;
1.17,2.64,-0.07;
0.96,2.89,0.12;
0.28,2.98,0.19;
-0.83,2.76,0.24;
-1.20,3.37,0.76;
-0.11,3.79,1.60;
0.33,4.34,1.21;
0.09,5.04,1.08;
-0.04,5.05,1.47;
-1.03,4.79,1.23;
-2.25,3.39,1.14;
-2.02,1.97,1.47;
-1.49,2.53,1.47;
-0.62,3.65,1.47;
0.59,4.40,1.03;
1.08,4.11,1.06;
0.91,3.94,1.69;
1.02,4.61,1.66;
0.51,4.70,1.55;
0.62,4.87,1.43;
1.18,4.78,1.58;
-1.81,4.99,1.92;
-3.35,5.04,2.12;
-3.49,4.72,2.41;
-3.53,4.73,2.92;
-2.85,4.69,3.35;
-3.00,4.95,3.06;
-3.49,4.14,2.41;
-3.01,3.53,1.64;
-1.66,2.95,1.25;
-0.11,2.96,1.17;
2.30,3.05,0.94;
2.53,2.70,0.57;
2.31,1.92,0.33;
1.35,1.53,0.13;
1.22,1.83,0.24;
0.85,2.70,0.67;
-0.17,3.47,1.21;
-1.08,3.34,1.28;
-1.14,2.70,1.66;
-0.82,2.27,2.15;
-2.22,2.26,1.72;
-2.85,2.27,1.83;
-1.49,2.37,1.92;
-1.37,2.70,1.72;
-1.46,2.64,1.61;
-0.07,1.65,1.54;
0.36,1.33,1.79;
0.44,1.63,1.55;
0.21,1.65,1.41;
-0.34,1.68,0.94;
-0.60,1.69,1.09;
-0.33,1.57,1.34;
0.86,1.22,1.60;
-0.27,1.25,1.31;
-1.38,1.44,1.28;
-1.37,0.99,1.28;
-1.32,0.50,1.57;
-0.77,0.32,2.33;
-0.95,0.63,2.34;
-2.68,0.40,1.81;
-2.85,0.40,1.21;
-2.11,0.32,1.37;
-1.08,0.11,1.12;
1.43,0.34,1.00;
1.63,-0.24,0.62;
1.51,-0.60,0.44;
3.00,-0.61,0.51;
2.77,-0.46,0.36;
1.73,-0.08,0.18;
0.24,0.34,0.51;
0.34,0.47,0.74;
0.12,1.13,0.91;
-0.25,1.54,0.99;
-0.10,1.10,1.02;
-0.01,0.31,0.57;
0.86,-0.03,0.82;
1.08,-0.40,0.53;
1.25,-0.37,0.01;
1.06,-0.38,-0.04;
1.80,-0.09,-0.01;
2.60,0.79,-0.01;
3.31,2.02,-0.34;
3.22,1.59,-0.65;
4.16,0.99,-0.53;
3.51,1.04,-0.24;
1.03,1.08,-0.43;
-0.28,1.05,0.19;
-0.60,1.10,1.03;
-0.80,1.11,1.47;
-2.01,1.22,1.69;
-1.85,1.69,1.41;
-2.60,1.76,1.08;
-2.69,1.37,0.83;
-1.66,1.04,0.96;
-0.24,1.13,0.94;
0.15,1.22,0.96;
0.25,1.71,0.37;
-0.13,1.63,-0.19;
-0.62,1.63,-0.43;
-0.30,1.47,-0.02;
-0.11,1.10,0.50;
0.91,0.98,0.74;
0.85,1.22,0.47;
-0.07,1.31,-0.10;
-1.09,1.07,-0.16;
-1.72,0.32,0.13;
-1.82,0.03,-0.28;
0.22,0.52,-0.10;
0.76,1.22,-0.13;
1.22,1.13,-0.36;
1.55,0.82,-0.59;
2.12,0.52,-0.68;
1.78,0.63,-0.54;
0.74,0.44,-0.54;
-0.22,0.08,-0.57;
-0.51,-0.24,-0.42;
-1.37,0.12,-0.16;
-0.65,-0.32,-0.22;
-0.10,-0.02,0.31;
-0.85,-0.02,0.65;
0.02,-0.34,0.10;
0.89,0.14,-0.13;
0.42,0.84,-0.36;
-0.36,0.89,-0.57;
-0.28,0.02,-0.62;
0.62,-0.52,0.21;
1.11,-0.46,0.12;
1.00,-0.76,0.30;
0.39,-0.53,0.04;
-0.94,-0.38,0.07;
-1.53,-0.06,-0.02;
-1.24,-0.78,-0.25;
-0.42,-0.64,-0.24;
0.48,-0.56,-0.01;
1.41,0.09,-0.33;
1.80,-0.12,-0.46;
1.52,-0.31,-0.30;
1.03,0.02,-0.33;
0.04,0.02,-0.37;
0.04,-0.24,0.04;
-0.36,-0.41,0.22;
-1.06,-0.20,-0.17;
-0.34,-0.67,0.07;
0.31,0.06,0.24;
0.13,0.08,0.25;
0.34,0.17,0.05;
-0.24,-0.15,-0.51;
-0.63,-0.60,-0.40;
-0.65,-1.76,-0.34;
-0.37,-1.63,0.25;
0.05,-1.48,0.44;
1.83,-1.45,-0.05;
1.51,-1.08,-0.62;
0.63,-1.33,-0.77;
1.63,-1.36,-0.98;
2.10,-1.39,-0.97;
