-0.43,0.51,-0.25;
-0.36,-0.22,-0.02;
0.07,-0.65,-0.32;
-0.02,-0.07,-0.55;
0.08,-0.10,-0.64;
0.45,-0.17,-0.37;
0.05,-0.05,0.01;
0.33,-0.36,0.06;
-0.01,0.22,0.35;
-0.40,0.90,0.43;
-0.11,0.68,0.29;
0.22,0.68,0.07;
0.34,0.65,0.24;
0.24,1.17,0.56;
-0.18,1.81,0.79;
-0.63,1.84,0.84;
-0.19,0.91,0.30;
-0.37,0.50,0.32;
-0.63,0.96,0.30;
-0.65,1.64,0.36;
-0.65,1.51,0.17;
-0.95,0.85,0.09;
-0.63,0.39,0.01;
-0.24,1.38,-0.00;
0.33,1.75,0.14;
0.33,0.91,0.03;
0.07,0.13,-0.32;
-0.05,0.25,-0.52;
0.22,0.70,-0.34;
-0.14,0.85,0.09;
-0.01,1.02,0.09;
-0.36,1.43,0.03;
0.10,1.22,-0.26;
-0.02,1.28,-0.11;
-0.25,0.45,-0.28;
-0.37,-0.30,-0.15;
-0.45,0.38,0.15;
0.24,0.15,-0.22;
0.63,-0.13,-0.55;
0.18,-0.20,-0.46;
0.11,-0.49,-0.61;
0.37,0.19,-0.70;
0.21,0.24,-0.52;
-0.18,0.07,-0.17;
-0.11,-0.19,-0.11;
0.22,-0.37,-0.03;
0.31,-0.30,0.09;
-0.25,-0.14,0.20;
-0.37,0.35,0.21;
0.40,0.87,0.04;
0.48,0.83,-0.22;
-0.21,0.44,0.01;
-0.31,0.54,-0.32;
-0.54,0.94,-0.52;
0.53,1.23,-0.37;
2.04,-0.07,-0.44;
2.50,-2.49,-0.11;
2.56,-2.28,-0.57;
3.40,-2.57,-1.07;
8.39,-11.61,-2.09;
11.21,-22.10,-2.18;
7.02,-22.54,-1.68;
1.31,-9.68,-1.74;
-0.86,-1.88,-3.41;
2.51,-6.66,-5.82;
6.18,-12.33,-6.78;
8.60,-9.94,-5.18;
7.17,-6.25,-3.16;
3.70,-4.16,-1.10;
2.91,-5.09,-0.67;
3.14,-6.84,-0.61;
0.04,-4.60,0.46;
-2.07,-2.80,0.73;
-2.02,-1.72,-0.18;
0.27,-1.30,-2.99;
2.24,0.51,-4.63;
2.16,3.52,-5.25;
2.10,4.71,-4.70;
0.65,4.77,-4.03;
-0.13,2.54,-3.33;
0.39,0.67,-3.10;
0.92,-0.59,-2.20;
0.34,1.40,-2.28;
1.20,3.49,-3.71;
2.07,1.46,-4.84;
2.83,-3.10,-4.64;
1.47,-3.03,-3.50;
1.35,-2.72,-3.12;
3.18,-3.73,-3.22;
5.73,-6.71,-2.84;
5.40,-8.28,-2.06;
3.29,-3.20,-1.83;
4.07,-0.55,-3.93;
5.21,-3.23,-4.89;
3.66,-5.82,-3.94;
2.82,-5.67,-2.69;
1.55,-5.30,-1.64;
0.68,-5.87,-1.21;
-0.56,-7.42,-0.44;
-0.89,-8.23,-0.47;
0.08,-8.75,-0.38;
0.37,-8.31,-0.40;
0.83,-7.12,-0.46;
0.22,-6.78,-0.40;
1.11,-7.61,-0.60;
1.55,-9.65,-0.43;
0.53,-9.00,0.14;
-0.63,-6.16,0.53;
0.57,-6.30,0.04;
2.19,-9.32,-0.22;
1.23,-10.08,0.49;
0.59,-8.08,0.65;
0.70,-5.01,0.33;
1.23,-3.97,0.14;
2.45,-6.17,0.61;
0.07,-5.53,1.45;
-0.63,-0.89,1.51;
0.63,1.00,0.72;
1.08,-0.83,0.06;
0.77,-1.38,-0.22;
-0.04,-1.30,-0.14;
-0.72,0.21,0.20;
-1.11,1.08,0.01;
-0.95,0.44,-0.58;
-0.33,-0.83,-1.47;
-0.65,-0.95,-1.42;
-0.97,0.88,-1.35;
-0.82,2.53,-1.62;
-0.45,2.33,-1.60;
0.13,0.01,-2.08;
-1.05,-0.95,-1.68;
-1.03,-0.69,-1.76;
-1.82,-0.89,-1.99;
-1.24,-1.15,-1.99;
-1.21,0.16,-2.05;
-1.03,-0.34,-1.94;
-2.02,-0.65,-2.08;
-1.89,-1.79,-2.75;
-2.56,-2.33,-2.75;
-1.38,-4.39,-3.47;
-0.63,-4.74,-4.09;
-0.57,-3.50,-3.31;
-0.22,-4.45,-2.89;
-1.12,-4.65,-2.44;
-2.51,-4.97,-2.92;
-1.43,-6.84,-4.34;
-1.08,-7.91,-5.16;
-4.80,-5.32,-4.15;
-4.74,-3.82,-4.54;
-7.21,-3.18,-3.97;
-10.62,-6.66,-3.28;
-15.01,-15.32,-4.55;
-19.81,-26.20,-7.19;
-21.26,-30.13,-10.31;
-17.29,-33.27,-16.58;
-13.73,-37.07,-21.99;
-9.60,-43.01,-27.19;
-10.69,-48.43,-29.27;
-9.29,-46.80,-29.76;
-9.87,-43.42,-30.32;
-10.98,-44.95,-33.57;
-17.14,-43.32,-36.40;
-19.64,-39.65,-38.06;
-23.90,-38.05,-38.40;
-28.07,-37.09,-39.83;
-30.60,-29.82,-39.16;
-31.41,-21.64,-36.12;
-28.92,-17.72,-35.59;
-23.09,-27.03,-37.19;
-13.93,-49.06,-40.60;
-14.07,-61.00,-38.31;
-10.82,-59.88,-37.27;
-11.92,-57.50,-38.32;
-16.59,-54.95,-38.15;
-18.69,-51.53,-37.18;
-20.48,-47.62,-36.49;
-17.37,-44.97,-35.93;
-11.35,-39.17,-37.09;
-9.50,-34.75,-38.46;
-10.19,-40.57,-37.27;
-8.48,-57.36,-39.07;
-9.20,-66.26,-41.47;
-8.39,-64.43,-39.24;
-8.39,-55.15,-38.87;
-10.88,-50.86,-33.88;
-11.84,-52.14,-32.83;
-12.48,-52.59,-31.18;
-12.86,-48.16,-27.41;
-6.74,-40.52,-26.80;
-8.08,-34.22,-24.26;
-10.33,-31.20,-14.40;
-8.45,-29.06,-21.53;
-12.47,-31.52,-19.94;
-16.63,-36.78,-18.96;
-12.14,-41.06,-19.53;
-7.60,-35.56,-16.18;
1.31,-22.60,-18.12;
1.37,-15.85,-18.06;
-5.29,-21.96,-17.39;
-10.37,-31.09,-15.07;
-8.27,-35.85,-14.92;
-5.79,-30.69,-11.85;
-1.47,-23.91,-11.60;
-1.58,-19.70,-9.50;
-2.77,-26.77,-10.55;
-5.85,-37.96,-11.38;
-5.70,-42.42,-13.80;
-0.85,-40.66,-16.70;
2.44,-36.28,-16.92;
3.78,-31.56,-15.94;
2.05,-29.27,-14.99;
-1.55,-37.10,-16.52;
-2.72,-43.24,-18.26;
-1.84,-45.46,-17.41;
-0.28,-42.31,-15.59;
-0.80,-37.97,-13.94;
-3.85,-35.17,-13.51;
-10.59,-35.35,-15.27;
-14.92,-40.84,-19.93;
-15.44,-44.88,-23.16;
-12.69,-47.59,-24.35;
-5.30,-42.75,-22.72;
1.11,-37.50,-21.16;
2.07,-30.20,-18.52;
-3.85,-25.23,-16.98;
-8.80,-32.59,-19.01;
-12.62,-42.97,-21.83;
-14.14,-45.90,-21.39;
-11.34,-42.42,-19.10;
-6.48,-36.92,-17.93;
-1.84,-29.82,-17.21;
1.28,-23.64,-17.35;
-0.43,-19.85,-16.60;
-4.34,-19.04,-15.21;
-10.80,-20.10,-13.89;
-12.91,-21.93,-13.41;
-13.95,-21.21,-12.23;
-13.53,-22.25,-11.24;
-10.82,-22.95,-10.54;
-7.89,-21.68,-11.13;
-4.54,-19.58,-11.07;
-2.14,-16.43,-11.45;
-1.35,-14.07,-11.39;
-1.60,-13.50,-11.06;
-2.40,-13.18,-10.96;
-2.69,-13.20,-10.52;
-4.92,-13.10,-9.82;
-7.29,-12.43,-9.71;
-5.99,-12.46,-10.29;
-5.66,-12.88,-11.67;
-6.54,-12.51,-11.71;
-6.57,-11.23,-11.59;
-7.44,-8.86,-11.33;
-7.34,-7.78,-10.96;
-8.16,-7.85,-10.23;
-8.79,-7.64,-9.51;
-8.36,-7.73,-8.90;
-6.71,-7.13,-9.48;
-6.39,-5.50,-10.87;
-6.10,-5.32,-10.40;
-5.61,-3.36,-9.91;
-4.01,-4.39,-8.99;
-4.18,-4.08,-7.04;
-4.14,-4.23,-5.70;
-3.11,-5.94,-4.98;
-1.38,-6.04,-3.91;
-0.88,-4.31,-3.45;
-1.15,-4.62,-4.08;
-1.23,-4.26,-4.87;
-1.26,-2.40,-5.18;
-1.27,-2.07,-6.00;
-0.79,-0.05,-6.46;
-0.51,0.67,-6.06;
-1.03,-0.02,-5.01;
0.11,0.50,-5.13;
-0.05,0.24,-5.56;
-1.38,-0.36,-5.80;
0.36,0.42,-7.51;
-0.19,2.27,-6.93;
-2.14,3.16,-7.50;
-3.56,1.41,-6.78;
-3.56,1.69,-6.49;
-3.90,1.32,-6.61;
-4.71,0.80,-6.47;
2.40,-1.01,-4.17;
-10.98,2.09,-5.16;
-9.21,-0.20,-6.81;
-8.47,-0.59,-7.86;
-8.54,0.27,-9.04;
1.24,-0.77,-7.28;
-9.60,0.15,-7.19;
-7.64,-0.62,-6.81;
-3.63,-1.12,-8.63;
-7.73,-3.76,-4.72;
-2.33,-4.10,-2.96;
-4.50,-1.44,-2.75;
-3.11,-0.60,-2.57;
-2.27,-0.02,-2.66;
0.56,-0.34,-2.18;
1.43,-1.44,-2.12;
0.45,-1.33,-1.99;
0.95,-2.26,-1.47;
2.89,-1.99,-1.65;
3.05,-1.75,-1.16;
4.37,-0.25,-1.41;
6.05,0.58,-1.44;
7.92,1.72,-2.12;
7.44,0.74,-1.41;
4.88,-0.46,-0.92;
4.33,-0.66,-0.86;
3.81,-1.59,-1.21;
2.95,-1.62,-1.06;
2.47,-1.47,-2.06;
3.50,-2.02,-2.69;
1.40,-2.31,-1.76;
0.07,-1.90,-0.73;
0.08,-2.80,0.40;
1.64,-2.88,0.82;
1.58,-2.63,0.32;
2.89,-0.01,-0.98;
0.77,1.35,-0.66;
-0.95,1.80,-0.03;
-1.81,1.57,0.87;
-0.33,-1.04,0.04;
0.62,-0.84,-1.39;
1.20,0.03,-2.18;
0.97,0.21,-1.82;
0.40,-0.48,-0.93;
0.39,-1.78,-0.34;
-2.57,-3.00,-0.55;
0.36,-2.77,-0.14;
-2.86,-3.75,-0.67;
-2.19,-3.18,-0.55;
-0.77,-3.85,-0.06;
-0.72,-2.57,0.88;
-3.53,-2.83,1.17;
-4.33,-1.84,1.77;
-2.86,-1.10,2.14;
-0.62,-1.56,2.24;
-1.38,-1.67,2.64;
-1.37,-2.72,3.34;
-2.40,-2.74,3.92;
-1.82,-3.33,3.83;
-1.98,-2.68,4.27;
-3.67,-0.14,4.96;
5.53,1.37,5.62;
-1.40,2.06,5.74;
-1.84,3.32,5.43;
-1.01,3.48,4.67;
-0.53,6.62,3.94;
1.49,6.58,3.72;
1.55,5.70,4.56;
10.24,9.29,5.05;
5.46,8.87,6.04;
4.24,11.14,6.99;
3.96,11.37,7.57;
5.08,14.01,7.68;
5.43,13.41,7.75;
6.83,12.80,8.20;
6.86,12.87,9.78;
5.35,13.00,11.04;
4.60,12.48,10.33;
5.15,14.10,9.57;
5.95,15.55,9.39;
4.80,18.21,9.83;
3.02,17.93,11.19;
0.31,16.06,11.51;
-5.06,13.16,12.15;
-7.96,13.67,13.53;
5.98,12.04,15.34;
5.98,11.75,16.49;
-3.37,13.90,16.30;
-1.46,15.37,16.06;
7.32,16.73,15.01;
0.31,17.11,14.36;
21.12,21.00,12.99;
10.76,22.13,13.53;
4.71,26.93,14.04;
3.32,25.80,13.82;
-1.30,23.14,13.72;
-2.25,19.17,12.94;
-0.51,17.05,11.74;
4.15,18.53,10.46;
7.82,19.51,11.02;
5.64,19.06,12.03;
2.31,18.03,12.64;
-0.08,17.48,13.04;
-0.69,14.10,12.98;
0.45,13.87,11.07;
2.65,13.63,10.38;
5.09,16.04,10.69;
5.82,17.70,11.62;
4.36,18.53,12.78;
0.33,17.38,14.52;
0.11,16.76,13.23;
-2.28,17.32,13.80;
-2.72,16.39,11.62;
-4.47,16.21,11.19;
-3.43,18.44,11.48;
-1.64,19.86,12.98;
-3.61,22.80,14.65;
-3.50,23.06,15.07;
-4.69,22.54,15.51;
-4.74,22.56,15.42;
-4.65,25.43,16.53;
-3.05,28.33,17.89;
-3.56,29.95,20.15;
-3.72,30.32,21.86;
-1.66,30.82,21.07;
3.15,31.93,21.97;
3.05,33.28,20.96;
3.89,33.61,21.25;
4.13,35.89,21.13;
5.66,38.27,22.90;
0.92,38.21,24.24;
-1.26,36.01,24.30;
-1.14,33.77,24.12;
-0.08,32.03,22.73;
2.50,33.60,22.38;
3.78,37.81,22.24;
3.23,41.40,22.99;
2.95,43.41,24.79;
0.05,42.67,26.36;
-1.82,38.09,27.42;
-1.85,33.77,27.30;
-2.04,32.50,27.22;
-1.47,28.96,25.17;
1.52,25.78,20.84;
3.60,23.37,18.14;
6.24,22.42,16.40;
8.57,25.93,16.29;
7.82,28.32,17.62;
6.42,28.70,19.13;
2.68,29.60,19.69;
3.18,28.18,17.89;
4.74,26.06,16.87;
5.93,24.73,16.35;
4.89,24.87,18.62;
4.40,24.70,20.46;
4.33,23.32,21.36;
2.83,22.24,23.43;
5.63,21.74,22.85;
10.54,23.78,22.17;
11.60,24.74,23.07;
9.93,27.81,24.84;
9.95,29.89,24.56;
9.29,30.39,22.67;
6.34,30.01,21.46;
3.32,29.06,22.06;
3.34,26.35,21.59;
4.85,23.35,19.57;
7.82,23.51,18.61;
9.75,27.87,20.59;
11.12,30.67,23.37;
12.76,30.68,24.79;
11.24,26.59,25.77;
9.66,21.46,24.55;
11.08,21.43,24.90;
10.80,24.83,27.04;
11.47,29.61,28.59;
10.24,25.25,27.08;
10.71,18.06,21.92;
10.10,15.95,21.40;
11.61,18.41,22.35;
10.54,23.05,23.88;
9.00,23.67,24.69;
9.61,17.43,23.30;
9.99,9.19,21.82;
11.12,7.93,21.89;
13.31,14.71,22.00;
15.98,25.31,22.98;
17.76,27.03,24.64;
15.32,17.09,26.59;
12.48,6.41,29.11;
11.23,1.93,30.04;
11.90,9.09,27.74;
17.63,21.89,25.53;
23.05,31.87,23.65;
25.69,30.18,23.05;
23.81,12.83,24.99;
17.32,1.90,23.91;
18.48,4.90,20.90;
26.74,15.84,13.78;
25.43,21.69,16.69;
25.66,12.18,19.27;
23.43,5.23,21.71;
18.11,13.20,17.92;
20.08,26.64,15.36;
25.12,35.12,11.30;
27.58,39.83,12.58;
25.46,31.23,12.87;
12.25,26.93,22.58;
10.27,24.65,20.35;
9.93,25.23,17.25;
22.79,23.52,5.74;
26.71,21.08,2.81;
14.97,24.91,10.72;
6.62,25.61,11.31;
4.63,24.85,9.92;
6.42,17.48,5.04;
9.98,11.54,3.04;
10.30,12.80,2.53;
7.34,19.22,3.16;
7.66,21.40,3.43;
10.10,19.87,3.11;
10.36,16.71,4.50;
8.21,20.24,4.32;
7.08,24.30,5.25;
6.25,25.80,7.27;
5.26,24.45,6.50;
0.39,24.96,5.94;
5.20,19.60,3.62;
5.44,15.23,3.39;
6.33,11.54,3.28;
4.48,9.87,3.40;
5.66,8.09,2.07;
4.56,8.39,1.75;
4.73,6.94,2.33;
4.31,4.99,2.98;
3.00,3.09,3.36;
1.21,4.19,2.91;
3.02,2.65,1.91;
3.63,-0.42,1.34;
1.75,-3.65,1.11;
0.73,-4.51,0.36;
0.28,-4.07,-1.30;
0.71,-3.73,-1.79;
1.02,-3.24,-1.67;
0.45,-3.46,-1.27;
1.53,-4.71,-0.37;
1.52,-5.64,1.11;
-0.07,-3.93,0.88;
-0.79,-2.75,-0.41;
0.08,-1.97,-1.21;
0.40,-2.98,-1.30;
-0.02,-4.66,-1.56;
-0.57,-3.20,-2.32;
-0.11,-2.30,-2.96;
1.32,-3.13,-2.43;
2.45,-5.23,-0.63;
1.21,-6.80,1.17;
-0.22,-4.91,0.90;
-1.00,-1.58,-0.31;
-0.10,-0.84,-2.18;
-0.21,-1.84,-2.41;
-0.71,-3.62,-2.23;
-0.89,-3.67,-1.27;
-0.89,-2.36,-1.24;
-0.60,-0.40,-1.70;
1.06,-0.69,-1.85;
0.66,-2.22,-0.49;
0.05,-2.46,-0.12;
-0.48,-0.22,-0.69;
0.80,0.39,-1.68;
0.91,-0.66,-1.60;
0.74,-1.33,-1.64;
-0.16,-1.06,-1.39;
-0.76,0.22,-1.38;
-0.59,1.99,-1.83;
0.25,1.75,-2.29;
0.97,-0.40,-1.76;
0.16,-2.57,-0.96;
-0.53,-1.93,-0.41;
-0.02,-0.49,-1.07;
0.76,-0.71,-1.27;
1.17,-1.76,-0.81;
0.28,-1.53,0.06;
-0.13,0.70,0.27;
0.56,1.99,-0.60;
0.47,-0.04,-1.07;
0.89,-2.37,-0.90;
1.17,-2.71,-0.52;
-0.19,-0.16,-0.49;
0.08,1.95,-0.70;
-0.16,1.70,-1.01;
-0.18,-1.65,-1.09;
0.45,-2.89,-1.42;
0.44,-2.28,-0.93;
-0.42,-1.78,-0.98;
-0.47,-0.88,-0.83;
-0.36,-1.12,-0.75;
1.35,-3.38,-0.08;
0.94,-1.78,-0.29;
0.62,1.35,-0.92;
0.99,1.75,-1.45;
1.20,0.07,-1.47;
0.50,-1.61,-0.64;
0.36,-2.83,-0.06;
0.02,-1.62,0.27;
-0.59,-0.25,0.36;
-0.76,-0.01,-0.47;
0.08,-0.25,-1.25;
0.89,-0.83,-1.42;
0.92,-1.41,-0.54;
0.04,-0.28,0.35;
-0.69,0.61,0.52;
-1.21,0.59,0.03;
-0.37,-0.51,-0.17;
0.56,-1.26,-0.15;
-0.08,-1.30,0.06;
-0.62,-0.26,0.23;
-0.28,0.77,-0.03;
0.34,-0.25,-0.18;
-0.02,-1.46,-0.23;
-0.39,-0.68,-0.47;
-0.60,-0.66,-0.32;
-0.82,0.35,-0.02;
-0.34,0.24,0.04;
-0.54,0.04,0.20;
-0.71,-0.45,-0.03;
-1.08,0.32,0.17;
-0.71,0.35,-0.23;
-0.57,0.07,-0.29;
0.22,0.01,-0.43;
0.54,0.44,-0.44;
-0.01,1.51,0.06;
-0.22,2.48,-0.06;
-0.34,1.70,0.03;
-1.08,0.22,0.14;
-0.43,-0.66,0.17;
-0.53,-0.80,0.03;
-0.66,-0.22,-0.06;
0.30,1.23,-0.63;
0.77,1.93,-0.73;
0.77,0.45,-0.78;
-0.30,-1.03,-0.37;
-1.40,-0.75,-0.54;
-0.59,0.39,-0.96;
0.56,1.81,-1.25;
0.97,0.73,-0.54;
0.05,-0.60,0.18;
0.10,-1.41,0.11;
0.53,-1.10,0.03;
0.04,-0.37,-0.14;
-0.14,-0.01,-0.03;
-0.43,0.56,0.01;
-0.28,-0.43,0.11;
-0.72,-0.28,0.12;
-0.43,-0.88,-0.40;
-0.53,-0.51,-0.73;
-0.76,-0.14,-0.93;
-0.01,-0.31,-0.43;
0.48,-1.38,-0.26;
0.68,-1.65,-0.26;
-0.22,-0.80,0.07;
-0.36,0.42,-0.09;
-0.19,0.27,-0.23;
0.02,-0.66,-0.37;
0.39,-1.39,-0.44;
0.44,-0.97,-0.00;
0.18,-0.07,0.30;
0.01,0.10,0.40;
-0.43,-0.59,0.55;
-0.10,-1.00,0.44;
0.42,-0.84,0.38;
0.08,-0.02,0.20;
-0.45,0.93,0.14;
-0.56,0.87,-0.35;
-0.25,0.79,-0.22;
-0.02,-0.54,-0.18;
-0.34,-0.31,-0.06;
-0.14,0.82,0.18;
-0.48,0.76,0.23;
0.02,0.35,-0.08;
-0.18,0.33,-0.46;
0.40,-0.91,-0.54;
0.99,-0.43,-0.32;
0.59,0.54,-0.06;
-0.08,0.64,0.06;
-0.07,0.15,-0.00;
0.53,-0.97,-0.18;
0.16,-0.74,-0.49;
-0.36,1.22,-0.70;
0.13,1.60,-0.93;
0.11,0.64,-0.93;
0.22,-0.25,-0.83;
0.02,-0.57,-0.29;
-0.10,-0.31,-0.02;
-0.76,0.01,0.14;
-0.95,0.22,-0.22;
-0.36,0.21,-0.51;
-0.16,0.18,-0.41;
0.11,0.10,-0.20;
-0.22,-0.37,-0.23;
0.02,-0.42,-0.29;
-0.25,-0.19,-0.25;
-0.50,0.64,-0.75;
-0.18,-0.05,-0.55;
-0.13,-0.51,-0.35;
-0.19,-0.49,0.01;
-0.07,-0.16,-0.08;
-0.21,-0.13,-0.11;
-0.45,-0.07,-0.32;
-0.53,0.18,-0.47;
-0.02,0.51,-0.26;
0.11,-0.33,0.55;
-0.53,-1.01,0.78;
-0.71,-0.11,0.21;
-0.51,0.82,-0.29;
-0.51,0.16,0.07;
-0.63,-0.80,0.11;
-0.24,-1.47,0.33;
-0.76,-0.02,0.70;
-0.16,1.17,0.03;
-0.04,0.88,-0.26;
0.19,-0.14,-0.22;
-0.66,-0.74,0.36;
-0.91,-0.01,0.40;
-1.09,1.35,0.58;
-0.62,-0.26,0.04;
-0.07,-1.20,-0.47;
0.27,-1.75,-0.52;
0.08,-0.65,-0.00;
-0.31,0.58,-0.35;
-0.18,1.03,-0.29;
-0.45,0.62,-0.37;
0.25,0.28,-0.55;
0.22,-0.30,-0.08;
-0.40,0.54,0.07;
-0.39,1.28,-0.03;
-0.16,0.65,0.21;
-0.89,-0.49,0.35;
-1.14,0.27,0.03;
-1.03,0.93,0.07;
-1.03,0.61,-0.03;
-0.88,-0.20,-0.47;
-0.33,-0.48,-0.32;
-0.59,-0.25,-0.14;
-1.30,0.12,-0.43;
-0.83,0.04,-0.51;
-0.80,0.01,-0.11;
-0.02,-0.26,0.26;
-0.01,0.39,0.47;
-0.56,0.45,0.11;
-0.36,0.45,-0.35;
-0.14,0.01,-0.26;
-0.22,-1.01,-0.09;
-0.07,-0.89,0.20;
-0.91,0.06,0.32;
-0.91,0.65,-0.03;
-0.95,0.18,0.17;
-1.30,-0.62,0.69;
-1.32,-0.60,0.72;
-1.23,0.18,0.61;
-0.92,0.62,0.01;
-0.86,0.38,0.11;
-0.82,-0.07,-0.09;
-0.77,-0.54,-0.11;
-0.22,0.06,0.30;
-0.66,0.77,0.38;
-1.08,0.88,0.30;
-1.01,0.64,-0.31;
-0.45,-0.34,-0.25;
0.07,-1.91,-0.49;
0.50,-1.42,-0.26;
0.28,-0.22,-0.44;
0.07,0.58,-0.81;
-0.14,-0.34,-1.06;
-0.25,-1.93,-1.18;
-0.08,-2.40,-1.13;
-0.76,-2.33,-1.07;
-0.95,-2.23,-1.42;
-1.58,-2.30,-2.43;
-1.21,-4.65,-3.36;
-1.76,-7.53,-3.50;
-2.33,-8.19,-3.39;
-3.41,-5.64,-4.11;
-4.39,-4.07,-4.90;
-5.44,-5.93,-5.16;
-7.06,-7.73,-5.09;
-7.99,-8.25,-5.88;
-10.97,-8.14,-5.88;
-11.44,-12.77,-7.21;
-16.72,-16.91,-8.31;
-16.98,-25.90,-10.44;
-18.45,-34.65,-12.31;
-19.30,-39.87,-16.00;
-17.96,-48.17,-22.49;
-12.92,-55.35,-30.08;
-9.58,-59.10,-34.23;
-7.49,-61.76,-37.31;
-5.85,-60.62,-38.57;
-9.93,-62.02,-36.81;
-11.98,-67.55,-38.34;
-11.58,-73.96,-44.17;
-12.22,-72.95,-48.09;
-12.18,-70.46,-49.91;
-9.96,-72.16,-52.34;
-7.63,-73.00,-54.77;
-3.87,-68.74,-55.39;
-4.42,-59.72,-52.41;
-6.85,-54.72,-49.64;
-8.43,-56.84,-48.40;
-12.24,-59.59,-46.64;
-16.77,-61.68,-45.24;
-23.20,-53.09,-41.70;
-26.51,-42.72,-39.70;
-28.22,-34.11,-36.67;
-23.72,-31.67,-40.18;
-28.86,-32.49,-32.00;
-28.30,-31.06,-30.70;
-29.23,-26.83,-24.09;
-28.16,-22.01,-18.78;
-26.42,-15.27,-19.97;
-18.45,-12.34,-18.18;
-30.22,-12.08,-10.80;
-23.15,-19.26,-14.81;
-21.47,-25.75,-16.67;
-22.71,-26.08,-21.18;
-21.01,-20.72,-18.66;
-4.89,-16.55,-24.78;
-22.53,-16.39,-16.20;
-11.82,-21.32,-24.02;
-14.83,-25.09,-21.22;
-14.50,-25.65,-20.99;
-11.18,-26.98,-20.69;
-5.23,-25.18,-19.12;
-0.97,-21.73,-16.67;
-5.93,-22.33,-16.00;
-9.44,-25.04,-18.23;
-7.85,-27.55,-20.26;
-2.45,-28.86,-19.71;
0.18,-26.02,-17.35;
1.75,-24.23,-16.73;
-1.92,-26.10,-15.71;
-3.76,-29.27,-14.55;
-6.45,-31.00,-12.64;
-2.16,-29.99,-12.95;
-1.66,-26.88,-13.51;
-1.50,-26.49,-16.12;
-6.97,-27.93,-15.99;
-9.17,-30.94,-17.15;
-6.37,-34.13,-18.84;
-5.66,-34.30,-19.24;
-7.17,-33.04,-18.49;
-7.27,-32.83,-19.47;
-5.75,-31.65,-22.31;
-3.67,-30.10,-26.05;
-4.51,-28.46,-24.12;
-4.33,-27.39,-21.79;
-8.43,-28.75,-17.89;
-11.72,-31.81,-14.34;
-9.43,-35.84,-12.92;
-5.46,-38.68,-13.56;
0.01,-38.92,-15.10;
5.89,-34.05,-16.06;
9.47,-26.88,-13.45;
4.15,-25.94,-10.46;
-1.76,-29.39,-8.78;
-5.53,-33.41,-10.64;
-4.30,-33.49,-11.18;
-2.76,-30.77,-12.29;
0.57,-22.37,-14.49;
1.61,-11.06,-15.24;
-3.85,-7.97,-12.81;
-4.57,-10.30,-13.13;
-3.06,-15.47,-14.40;
-1.34,-17.70,-12.69;
0.44,-15.61,-10.32;
0.31,-12.80,-8.49;
1.28,-10.78,-8.32;
2.48,-11.55,-11.09;
5.58,-9.23,-9.21;
6.60,-8.11,-8.84;
1.84,-5.97,-8.58;
3.86,-6.94,-8.55;
2.66,-6.34,-8.09;
0.76,-6.77,-7.16;
5.31,-6.81,-7.36;
6.21,-5.13,-7.97;
5.49,-5.10,-7.07;
2.05,-4.04,-6.66;
3.21,-3.96,-6.38;
0.76,-2.91,-5.88;
-0.82,-2.66,-5.62;
-2.01,-2.45,-7.33;
-3.56,-1.06,-6.66;
-4.68,-1.21,-7.04;
-3.95,-2.07,-6.93;
-1.93,-1.30,-7.27;
-1.05,-0.31,-6.84;
2.04,-2.55,-8.00;
1.02,-3.23,-3.94;
3.34,-3.68,-4.55;
2.27,-4.48,-2.87;
0.76,-5.23,-3.24;
-0.40,-5.72,-4.15;
0.42,-4.78,-4.54;
0.82,-5.52,-6.70;
3.26,-5.33,-6.31;
3.46,-5.49,-4.95;
4.47,-4.88,-4.86;
5.37,-3.88,-3.60;
4.04,-1.82,-3.25;
4.21,-1.00,-3.48;
2.10,-1.23,-6.02;
-1.09,-0.28,-4.14;
-1.96,-0.52,-4.95;
-3.70,-0.89,-4.51;
-2.86,-0.55,-5.31;
-2.01,-1.81,-5.85;
-3.09,-2.86,-7.47;
-2.98,-3.15,-6.72;
-5.27,-2.07,-5.27;
-6.62,-2.54,-4.02;
-9.09,-2.71,-4.06;
-8.45,-3.36,-4.38;
-7.64,-4.48,-4.34;
-6.94,-5.15,-4.26;
-7.69,-3.97,-3.83;
-6.45,-4.80,-3.73;
-6.02,-5.78,-3.31;
-7.08,-3.85,-3.30;
-4.45,-5.03,-3.89;
-6.83,-5.64,-4.18;
-4.07,-6.94,-4.12;
-3.92,-5.44,-4.15;
-2.13,-3.44,-4.92;
-2.36,-3.30,-5.24;
-2.13,-3.01,-4.78;
-2.02,-2.92,-3.59;
-2.16,-2.46,-2.20;
-0.68,-1.41,-1.54;
-2.39,-0.54,-1.10;
1.09,-1.24,-2.11;
-0.56,-1.04,-1.45;
-2.60,-3.15,-1.09;
-1.85,-3.03,-1.02;
-1.75,-2.36,-1.71;
-2.10,-3.84,-2.96;
-4.86,-3.76,-2.51;
-5.99,-4.42,-1.74;
-4.42,-4.43,-0.81;
-1.09,-4.43,-0.40;
-0.82,-3.21,-0.12;
-0.60,-3.20,-1.38;
0.08,-1.04,-1.94;
0.53,-0.81,-1.47;
0.42,-1.38,-0.20;
-0.57,-1.82,0.47;
0.73,-2.72,0.24;
1.41,-2.30,-0.00;
1.11,-1.13,0.50;
0.37,-0.69,0.72;
1.12,-0.16,0.96;
1.34,-0.13,0.70;
0.25,0.18,0.52;
1.52,-1.23,0.33;
1.79,-1.23,0.69;
0.74,-1.94,0.62;
-0.68,-2.68,0.26;
-0.89,-3.21,0.21;
-1.38,-3.35,-0.37;
-1.96,-4.02,-0.31;
-2.71,-5.06,-0.61;
-1.75,-5.41,-0.54;
-2.28,-5.39,0.04;
-0.22,-4.43,0.09;
-0.19,-4.54,0.43;
1.35,-3.70,0.50;
1.46,-3.41,1.40;
0.66,-4.01,1.60;
-0.72,-4.05,1.57;
-0.85,-3.00,0.96;
-1.24,-1.78,0.62;
-2.53,-1.53,0.76;
-0.39,-1.18,1.39;
-2.07,-2.65,1.22;
0.62,-3.04,0.73;
-0.79,-1.42,1.46;
-1.85,-0.42,1.88;
-3.78,-0.91,2.04;
-4.16,-0.34,1.95;
-2.47,0.21,1.23;
0.31,-0.33,2.03;
-0.25,1.22,3.65;
-0.16,0.91,4.78;
1.14,0.61,4.69;
1.86,0.58,4.61;
0.53,0.74,4.27;
3.99,3.06,4.65;
1.87,6.12,4.73;
1.46,5.57,4.70;
1.75,6.62,5.88;
0.22,6.99,6.36;
-1.41,7.09,6.52;
-1.47,7.19,5.78;
0.39,6.53,5.20;
1.63,6.97,5.45;
2.77,7.90,6.30;
2.77,10.07,8.33;
2.13,11.48,10.50;
-1.11,13.48,11.69;
-3.32,12.24,11.34;
-4.30,11.98,10.24;
-3.44,12.61,9.27;
-2.56,13.03,8.70;
-3.12,12.83,8.96;
-2.21,12.80,9.02;
-1.98,13.38,10.47;
-2.68,14.09,11.85;
-2.85,14.35,12.70;
-3.84,14.01,12.67;
-5.17,12.90,11.82;
-5.46,11.81,10.27;
-2.31,10.93,9.30;
-0.13,12.65,9.11;
-2.83,14.12,9.51;
-4.19,14.48,7.98;
-1.64,12.47,6.26;
-1.78,13.63,7.86;
-4.62,12.99,10.36;
-7.23,12.93,12.43;
-6.25,12.67,11.40;
-3.34,11.06,9.78;
-1.37,12.42,9.92;
1.26,12.87,8.78;
0.73,14.24,9.75;
0.40,14.67,11.07;
-1.20,13.64,11.53;
-3.75,13.37,11.14;
-5.76,12.51,10.58;
-4.48,12.32,9.95;
-2.11,13.98,8.23;
0.01,16.54,9.13;
-1.29,17.51,10.61;
-1.87,17.34,11.45;
-2.56,19.46,13.54;
-0.51,20.79,14.58;
-1.72,21.29,14.93;
-1.98,21.93,16.21;
-1.23,21.66,17.82;
2.27,23.16,18.46;
-0.28,24.65,19.02;
-0.40,26.16,19.34;
1.49,28.33,20.43;
1.18,27.75,19.75;
-3.98,29.84,21.34;
-7.72,31.38,24.32;
-2.72,30.82,23.39;
-1.32,29.51,22.30;
-1.11,29.78,20.53;
-0.85,32.93,20.70;
2.04,34.88,21.77;
3.75,35.81,21.66;
0.86,36.16,23.04;
-2.04,35.69,24.33;
-1.95,34.47,24.61;
-0.89,33.40,24.14;
0.94,30.09,23.82;
0.53,29.66,23.59;
2.10,29.06,23.08;
4.19,28.76,21.07;
3.72,29.55,20.82;
4.50,27.98,20.47;
1.03,26.24,20.00;
0.34,23.92,20.76;
-0.92,24.24,20.41;
-4.16,25.20,21.74;
-3.58,22.32,21.62;
-4.25,20.44,21.40;
-4.05,19.63,19.59;
0.47,18.94,16.93;
0.37,19.48,17.40;
0.94,20.51,17.69;
1.55,21.93,19.33;
1.26,23.00,21.13;
-2.30,21.98,22.58;
-4.21,18.30,20.88;
-2.60,15.75,17.43;
-2.14,15.46,14.76;
-0.19,17.67,14.20;
1.41,21.57,15.57;
-0.80,18.91,17.88;
-6.95,8.88,19.25;
-9.44,-0.04,18.91;
-6.13,-2.30,15.72;
1.82,2.18,12.76;
9.34,5.43,10.67;
10.13,0.70,11.98;
10.50,-4.66,13.85;
8.48,-7.72,15.88;
7.20,-7.33,15.89;
8.65,-6.49,15.10;
14.94,-1.24,15.10;
19.81,4.47,16.91;
18.11,5.25,20.46;
20.57,-1.01,19.71;
17.28,-4.25,17.85;
16.80,-2.84,16.24;
20.30,1.77,13.59;
26.04,-1.64,10.64;
25.58,-8.55,12.15;
24.31,-10.63,14.76;
20.68,-8.01,17.57;
17.52,1.98,16.58;
19.11,10.61,16.20;
23.03,12.71,17.75;
24.04,5.08,19.34;
22.74,0.36,21.39;
22.28,1.67,19.97;
21.00,8.25,17.75;
25.96,11.78,15.59;
26.82,10.67,19.28;
26.95,3.52,22.93;
22.05,0.83,25.01;
14.65,4.30,25.91;
18.19,16.33,19.83;
24.97,26.99,14.20;
32.07,28.96,14.53;
17.69,26.54,23.89;
8.42,20.82,25.37;
7.79,21.69,22.04;
8.83,27.12,21.01;
17.95,29.11,13.42;
17.66,27.69,14.30;
12.97,29.06,14.50;
11.40,28.54,14.32;
8.31,22.04,16.52;
9.12,21.84,13.40;
17.58,21.16,9.49;
21.09,27.57,9.72;
26.22,32.07,8.36;
17.49,29.49,8.26;
9.93,24.93,14.75;
11.35,24.65,11.30;
13.61,30.51,11.54;
17.02,33.19,12.00;
14.44,32.73,13.57;
9.21,29.83,14.61;
5.11,24.85,17.54;
7.87,15.43,14.53;
11.82,11.75,8.27;
13.26,20.59,7.57;
13.44,33.92,6.01;
12.63,35.28,9.98;
8.92,29.38,11.74;
5.14,19.74,13.11;
4.51,19.96,8.62;
6.71,27.49,1.82;
8.57,33.35,3.89;
9.75,36.10,6.87;
9.26,26.93,10.65;
3.67,24.44,12.96;
2.92,29.22,9.34;
5.81,37.37,3.63;
10.63,37.99,1.62;
14.79,36.09,3.94;
15.23,29.89,8.85;
6.25,29.17,11.89;
7.17,29.43,7.94;
10.86,31.16,1.75;
17.24,26.44,-4.41;
17.76,21.31,1.02;
12.70,21.22,4.61;
10.18,18.97,6.20;
8.10,17.09,4.88;
9.44,14.01,3.80;
12.11,12.99,2.65;
14.83,13.29,3.22;
13.44,15.48,5.08;
10.97,17.87,6.29;
9.63,16.07,5.34;
10.42,14.77,3.43;
11.34,14.90,1.82;
11.61,15.43,-0.08;
10.21,17.70,-0.69;
10.28,18.54,0.69;
9.46,15.03,1.22;
9.09,8.80,1.43;
6.71,3.43,1.51;
5.73,1.45,0.50;
5.08,2.77,-1.16;
4.97,4.56,-1.21;
5.38,4.35,-1.27;
5.20,3.23,-0.78;
4.22,2.45,-0.80;
2.22,1.66,-0.99;
3.18,0.16,-0.98;
3.17,-0.49,-0.32;
3.44,-1.78,-0.31;
1.52,-1.39,-0.38;
0.88,-2.10,-0.35;
1.66,-2.75,-1.36;
2.53,-4.86,-1.44;
1.57,-5.58,-2.02;
1.76,-4.94,-2.43;
1.58,-3.67,-3.18;
1.75,-3.06,-3.38;
0.85,-3.09,-2.70;
0.50,-3.01,-2.09;
-0.18,-3.41,-1.42;
-0.59,-4.43,-0.87;
-1.17,-3.88,-0.35;
-1.20,-2.13,-1.38;
0.07,-0.75,-2.99;
0.88,-0.89,-3.70;
1.87,-1.47,-3.38;
1.67,-2.10,-1.93;
0.34,-1.49,-0.72;
-0.47,0.39,-0.78;
0.89,0.21,-1.18;
2.08,-0.07,-1.21;
1.92,-0.23,-0.00;
0.73,-0.25,0.84;
0.19,-0.10,0.67;
0.25,1.45,-0.14;
0.34,1.25,-0.96;
1.99,-0.23,-1.93;
3.21,-0.80,-1.38;
2.53,-1.67,-0.58;
1.40,0.44,0.26;
0.85,0.59,0.21;
1.37,-0.89,-0.00;
1.58,-1.76,0.07;
1.72,-1.97,-0.00;
1.61,-1.21,0.18;
0.44,0.12,-0.20;
0.79,0.58,-1.06;
0.85,-0.60,-1.09;
0.59,-2.17,-1.02;
0.50,-2.31,-0.47;
-0.07,-1.32,-0.47;
-0.72,0.38,-0.87;
-0.31,-0.31,-1.10;
-0.05,-1.36,-1.56;
0.07,-1.99,-1.33;
-0.45,-2.77,-0.26;
-0.80,-1.85,-0.23;
-0.76,-0.69,-0.51;
-0.04,-0.22,-1.39;
0.51,-0.59,-1.54;
0.95,-0.68,-0.93;
0.24,-1.72,-0.34;
-0.53,-0.88,-0.28;
-0.33,0.24,-0.73;
0.30,0.45,-0.67;
0.28,-0.22,-0.58;
-0.16,-1.39,-0.32;
-0.24,-2.05,-0.31;
-0.59,-0.39,-0.00;
-0.57,1.48,-0.23;
-0.63,1.48,-0.49;
-0.39,0.56,-0.18;
-0.05,-1.46,0.50;
-0.74,-0.40,0.17;
-1.11,1.69,-0.51;
-0.54,2.25,-1.13;
-0.24,1.31,-1.07;
-0.27,0.27,-0.87;
0.28,-0.74,-0.51;
-0.53,-0.52,-0.58;
-0.11,0.53,-0.60;
-0.24,1.20,-0.73;
0.65,0.33,-0.90;
1.00,0.38,-0.40;
1.17,-0.80,0.56;
-0.77,-0.71,0.32;
-1.08,1.46,-0.43;
-0.43,1.28,-1.24;
-0.25,1.05,-1.47;
-0.08,1.02,-0.77;
-0.50,1.58,-0.03;
-0.25,1.32,0.62;
0.24,1.09,0.17;
-0.11,1.03,0.17;
0.21,0.21,0.58;
0.13,0.01,0.84;
-0.63,0.74,1.25;
-1.11,0.91,0.88;
-1.11,0.71,0.26;
-0.85,-0.45,-0.08;
-0.65,-1.15,0.24;
-0.50,-0.83,0.73;
-0.85,0.35,1.33;
-1.32,0.73,1.30;
-1.27,0.68,0.26;
-0.66,-0.11,-0.18;
-0.51,-0.74,-0.09;
-0.77,-0.84,0.46;
-1.49,-0.33,0.62;
-1.27,-0.39,0.52;
-1.35,0.15,0.27;
-1.26,0.99,0.06;
-0.91,0.22,0.46;
-1.05,-1.46,0.58;
-1.58,-1.78,0.52;
-1.89,0.07,0.38;
-1.12,1.34,-0.05;
-0.48,1.28,0.21;
-0.19,0.09,0.44;
-0.68,-0.78,0.76;
-0.79,-0.25,0.99;
-1.18,1.08,0.81;
-0.27,1.52,0.01;
-0.10,1.48,-0.02;
-0.19,0.07,0.58;
-1.93,0.16,0.69;
-2.25,1.16,0.44;
-1.40,0.90,-0.23;
-0.33,-0.77,-0.40;
-0.18,-0.62,0.01;
0.13,-0.04,0.24;
-0.36,1.54,0.21;
-0.66,0.82,-0.00;
-0.50,0.77,-0.31;
-0.11,1.06,-0.41;
0.33,1.12,-0.11;
0.10,0.59,0.12;
-0.11,0.53,0.09;
-0.19,0.51,-0.20;
-0.22,0.10,0.03;
-0.51,0.06,0.65;
-0.76,0.61,0.17;
-1.00,0.65,0.15;
-0.86,0.47,-0.20;
-0.56,-0.11,-0.38;
-0.11,0.32,0.30;
-0.10,0.85,0.55;
-0.45,0.76,0.82;
-1.15,0.56,0.73;
-0.43,-1.12,0.14;
-0.18,-1.50,0.04;
0.02,-1.81,-0.11;
0.24,-0.16,-0.40;
0.30,1.52,-0.49;
0.30,1.03,-0.69;
0.13,-0.33,-0.35;
0.36,-1.35,-0.41;
-0.34,-1.94,0.24;
-0.82,-1.21,0.62;
-0.94,-0.14,0.69;
-0.68,-0.23,0.36;
0.18,-0.17,-0.25;
0.16,-0.95,-0.47;
-0.54,-0.88,0.41;
-0.42,-1.73,0.40;
-0.63,-0.97,0.24;
-0.51,-0.13,-0.31;
-0.57,0.13,-0.41;
0.16,-1.18,-0.51;
-0.63,-2.31,-0.26;
-0.34,-2.14,-0.44;
-0.80,-1.56,0.14;
-0.54,-2.25,-0.34;
0.47,-2.31,-0.98;
1.41,-2.04,-0.32;
0.05,-1.24,-0.22;
-0.11,-0.78,-0.60;
0.48,-1.67,-0.83;
0.30,-1.91,-0.93;
-0.05,-1.42,-0.77;
0.08,-1.62,-0.29;
0.33,-0.72,-0.34;
0.28,-0.51,-0.90;
0.44,-0.55,-0.81;
0.73,-1.36,-0.54;
0.18,-1.52,0.24;
-0.83,-0.69,-0.09;
-0.37,-0.45,-0.67;
0.24,-1.29,-0.96;
0.34,-2.17,-0.89;
0.08,-2.34,-0.41;
-0.57,-1.75,-0.12;
-0.22,-0.91,-0.28;
-0.57,-0.45,-0.18;
-0.50,-1.06,-0.84;
-0.53,-1.68,-0.66;
-0.50,-2.80,-0.08;
-0.86,-1.73,-0.37;
-0.34,-0.60,-0.86;
-0.36,-0.63,-1.28;
-0.24,-1.13,-0.87;
-1.18,-1.87,-0.57;
-1.08,-1.39,-0.14;
-1.72,-0.62,-0.02;
-1.70,0.13,-0.02;
-1.72,-0.16,-0.18;
-1.72,-0.80,-0.32;
-2.63,0.65,-0.09;
-4.22,2.48,0.35;
-4.07,1.29,0.03;
-3.53,1.14,-0.31;
-3.27,0.45,0.21;
-3.46,1.17,0.65;
-3.23,1.05,0.30;
-3.18,2.33,0.76;
-3.90,2.33,1.51;
-4.05,1.61,1.83;
-4.37,0.68,2.04;
-6.27,0.38,2.17;
-5.67,1.74,1.48;
-7.46,2.53,1.42;
-7.08,2.53,0.12;
-3.47,1.23,-1.33;
-2.27,1.22,-1.21;
-3.24,-0.36,-0.31;
-4.54,0.16,0.62;
-3.41,-0.94,0.79;
-5.60,-0.74,1.19;
-7.24,-2.98,1.86;
-9.52,-1.17,1.14;
-7.81,-5.01,-1.56;
-7.15,-5.81,-3.35;
-4.31,-7.06,-5.13;
-5.82,-9.41,-4.86;
-8.80,-11.72,-4.41;
-10.60,-15.61,-4.44;
-14.63,-16.04,-4.89;
-14.39,-26.71,-8.03;
-10.76,-32.69,-12.15;
-6.22,-34.13,-15.09;
-7.63,-29.91,-15.47;
-11.00,-27.75,-15.64;
-9.92,-34.14,-17.09;
-9.03,-37.21,-19.68;
-8.31,-40.83,-20.66;
-7.35,-44.34,-21.86;
-7.20,-48.43,-23.53;
-5.44,-48.63,-26.00;
-4.98,-46.20,-28.93;
-3.52,-47.50,-31.42;
-0.59,-50.92,-33.22;
1.06,-51.30,-31.77;
1.73,-49.17,-31.53;
1.17,-44.52,-31.67;
2.13,-40.17,-32.55;
0.63,-37.27,-32.49;
-3.78,-36.52,-32.47;
-1.55,-40.77,-35.07;
-1.85,-46.37,-33.53;
-2.76,-47.90,-30.99;
-1.52,-43.94,-30.05;
-0.72,-35.50,-31.77;
-1.29,-31.62,-34.08;
-1.93,-30.77,-35.42;
-1.32,-31.94,-34.26;
-1.26,-35.97,-31.70;
-6.82,-36.05,-29.16;
-9.81,-28.55,-31.18;
-12.62,-20.23,-35.02;
-13.67,-22.16,-34.70;
-16.77,-31.81,-34.90;
-25.11,-34.13,-28.69;
-27.61,-25.49,-29.35;
-30.63,-10.86,-27.07;
-29.75,0.87,-29.35;
-33.84,3.89,-23.99;
-29.20,-0.10,-24.37;
-28.31,-7.23,-17.02;
-29.63,-11.59,-11.67;
-20.51,-16.62,-18.14;
-17.14,-17.61,-20.69;
-22.36,-13.65,-14.66;
-17.95,-12.84,-14.05;
-19.96,-14.20,-18.22;
-21.01,-16.74,-19.47;
-23.34,-16.40,-15.45;
-22.05,-10.91,-10.98;
-8.76,-5.99,-14.49;
-9.93,-14.25,-17.35;
-17.00,-21.55,-20.17;
-26.47,-25.44,-14.05;
-22.94,-21.50,-19.74;
-14.95,-16.17,-18.03;
-4.16,-15.65,-18.37;
-3.12,-18.05,-17.12;
-6.04,-22.51,-16.61;
-11.37,-25.33,-15.53;
-11.69,-25.67,-14.18;
-3.73,-25.00,-15.86;
6.83,-25.35,-14.52;
3.49,-25.65,-13.70;
2.62,-27.87,-15.71;
-0.63,-31.38,-15.76;
2.01,-31.78,-15.56;
4.97,-30.98,-15.22;
6.02,-29.04,-14.41;
6.76,-30.74,-15.51;
3.82,-33.64,-15.15;
1.98,-36.25,-16.40;
-2.68,-39.58,-17.96;
0.65,-40.04,-19.24;
2.65,-39.44,-19.53;
4.19,-36.07,-17.27;
2.92,-34.91,-15.15;
-1.21,-34.20,-12.57;
-1.98,-37.18,-11.25;
-2.33,-36.74,-9.74;
0.45,-35.88,-10.34;
3.67,-35.26,-10.75;
5.76,-32.49,-11.25;
6.50,-31.76,-11.24;
5.64,-33.59,-11.35;
4.39,-31.29,-10.49;
1.57,-28.89,-9.18;
-0.10,-29.97,-7.93;
1.41,-31.01,-8.40;
1.93,-30.59,-9.47;
3.92,-30.57,-10.67;
2.47,-28.94,-11.04;
-1.41,-26.07,-11.91;
0.04,-26.42,-13.53;
0.33,-22.92,-14.31;
-2.07,-20.48,-12.44;
-3.12,-19.47,-11.65;
-3.67,-17.53,-10.78;
-4.27,-15.15,-9.93;
-6.98,-14.07,-9.79;
-8.82,-14.11,-11.09;
-9.44,-16.13,-11.60;
-8.10,-17.42,-13.10;
-4.69,-17.18,-13.06;
-4.19,-16.46,-12.34;
-2.22,-14.86,-10.29;
-1.03,-13.50,-7.77;
-2.91,-15.13,-7.35;
-6.74,-17.15,-5.70;
-9.23,-17.85,-6.23;
-8.50,-16.11,-8.44;
-6.98,-14.23,-9.60;
-5.66,-11.27,-10.31;
-6.25,-9.96,-10.02;
-7.11,-8.77,-9.68;
-7.76,-7.65,-9.35;
-3.61,-8.45,-9.01;
-7.15,-8.33,-7.09;
-12.34,-8.52,-5.56;
-4.16,-8.83,-4.12;
-4.34,-6.31,-3.64;
-9.95,-6.62,-4.75;
-8.54,-7.59,-5.71;
-4.10,-6.92,-5.51;
-3.24,-4.92,-6.84;
-4.50,-6.01,-7.79;
-2.47,-6.13,-8.00;
-2.37,-6.34,-9.68;
-4.89,-6.66,-8.90;
-2.37,-7.82,-9.57;
-1.92,-9.42,-9.18;
-6.50,-9.33,-9.16;
-3.37,-10.81,-8.70;
-0.74,-10.07,-8.02;
0.24,-10.08,-8.20;
1.61,-10.33,-8.06;
2.27,-10.37,-10.32;
2.15,-8.72,-10.43;
0.92,-7.55,-10.35;
-1.76,-8.71,-10.51;
-8.79,-12.88,-10.77;
10.92,-14.55,-8.72;
5.40,-14.54,-9.60;
-0.62,-14.57,-9.99;
2.13,-10.78,-7.47;
-1.92,-9.17,-7.71;
2.01,-5.33,-6.29;
-1.09,-3.73,-5.16;
-0.98,-4.07,-4.06;
-0.83,-4.22,-3.56;
-0.80,-6.04,-4.26;
-8.18,-9.38,-5.67;
9.41,-10.30,-6.05;
2.42,-11.09,-7.89;
0.19,-13.41,-10.12;
1.95,-13.50,-7.68;
4.10,-15.12,-6.83;
1.95,-12.77,-7.15;
1.15,-13.00,-8.12;
1.61,-11.23,-8.55;
1.26,-9.38,-8.26;
1.92,-8.65,-7.39;
3.24,-9.65,-7.67;
4.85,-8.66,-7.15;
0.94,-4.80,-5.91;
-2.34,-4.39,-3.56;
-0.59,-5.29,-3.09;
0.10,-5.12,-2.95;
2.10,-4.45,-3.41;
3.46,-2.48,-3.68;
0.18,-2.14,-2.87;
-0.04,-2.86,-2.14;
1.24,-5.13,-1.85;
-0.18,-5.12,-1.74;
0.25,-5.09,-2.93;
1.31,-4.11,-4.23;
0.65,-2.78,-4.14;
-0.51,-2.55,-3.42;
0.15,-2.83,-2.25;
1.92,-2.62,-2.15;
1.53,-1.70,-2.18;
-1.67,-0.74,-2.84;
-2.40,-0.11,-3.41;
-3.87,0.77,-2.41;
-4.30,1.19,-1.47;
-3.05,0.68,-1.39;
-3.58,0.93,-1.65;
-3.96,0.25,-2.40;
-4.89,0.56,-2.49;
-2.88,0.12,-1.83;
-2.48,0.01,-0.03;
-2.50,-1.35,0.98;
-2.37,-1.53,1.60;
-2.83,-1.33,1.53;
-3.72,-1.35,0.99;
-4.72,-0.72,0.53;
-2.11,-1.79,0.32;
-1.67,-0.51,0.76;
-1.95,-0.77,1.39;
-2.97,-0.23,1.98;
-2.77,0.36,1.82;
-3.72,0.54,2.00;
-3.73,1.00,2.26;
-3.35,1.81,2.44;
-3.52,0.62,2.47;
-4.89,-0.31,1.27;
-6.69,-0.20,0.20;
-10.16,2.59,-0.12;
-9.14,5.32,0.75;
-9.52,5.29,3.01;
-5.78,4.94,4.41;
-5.00,4.32,4.59;
-5.69,4.42,4.32;
-5.70,3.66,4.44;
-7.30,4.06,4.46;
-1.09,5.78,4.81;
-3.05,5.43,5.34;
-3.58,8.71,6.70;
-4.48,11.69,7.34;
-4.62,11.81,7.19;
-2.24,9.41,6.55;
1.05,6.79,6.12;
3.50,5.05,7.36;
3.49,7.46,8.46;
-0.60,10.77,9.42;
-2.22,12.16,9.46;
-1.20,12.79,8.84;
0.79,13.90,9.04;
1.87,15.78,10.27;
3.02,16.76,12.55;
3.75,16.59,14.41;
2.68,17.90,16.64;
2.57,18.62,17.72;
3.38,18.45,17.22;
5.73,19.67,16.32;
7.58,20.54,16.26;
7.47,21.43,16.82;
5.92,22.42,17.85;
6.39,23.80,18.72;
7.38,23.86,19.25;
5.66,21.84,19.86;
2.05,21.81,18.07;
-2.37,19.52,15.01;
-4.07,19.14,14.11;
-3.14,19.83,13.53;
-1.08,20.64,13.28;
1.12,21.58,13.07;
1.05,23.54,13.56;
-0.22,23.74,14.01;
-1.79,20.50,14.50;
-2.37,19.81,14.56;
-3.98,21.75,15.62;
-3.76,21.77,15.95;
-2.79,21.64,15.27;
-3.27,21.49,15.14;
-1.81,21.11,13.59;
-0.42,21.02,12.76;
0.15,20.77,13.68;
1.69,20.50,15.20;
1.03,19.51,14.59;
2.02,20.61,15.19;
3.72,23.06,15.23;
5.37,24.45,16.00;
5.17,24.68,17.36;
4.70,23.17,19.20;
4.48,22.61,19.60;
4.83,24.24,19.78;
6.10,26.56,21.22;
5.00,31.02,20.29;
4.80,32.41,20.32;
5.11,31.72,21.05;
2.44,29.28,21.83;
0.89,28.56,22.50;
0.47,29.89,22.12;
-1.41,33.40,22.14;
-2.27,33.98,21.22;
2.39,31.95,18.96;
4.01,27.49,17.71;
4.37,26.73,17.13;
5.37,30.04,17.25;
7.02,33.41,17.86;
6.27,34.76,18.70;
4.15,34.13,20.93;
2.27,31.89,21.97;
1.82,28.97,22.07;
1.72,26.76,21.22;
2.50,27.69,21.07;
1.82,29.61,21.51;
2.30,29.05,21.31;
2.15,27.19,19.80;
2.92,25.70,18.49;
-2.42,24.79,18.70;
-2.18,22.16,17.02;
-0.31,21.08,15.39;
0.89,19.26,13.69;
2.88,18.21,12.61;
5.61,18.70,10.65;
5.02,19.54,9.10;
5.03,17.77,8.70;
3.28,17.61,8.85;
1.12,19.58,10.55;
3.49,22.06,12.17;
6.71,22.64,13.80;
3.67,20.67,15.91;
0.82,16.64,18.70;
-2.50,12.67,19.63;
-0.47,10.85,19.02;
3.06,11.67,17.68;
3.92,15.64,17.75;
3.24,17.99,20.23;
5.90,18.13,20.36;
5.75,17.55,19.11;
3.95,16.04,19.05;
2.30,12.09,19.23;
4.79,5.31,19.05;
6.60,2.99,19.75;
10.53,3.32,20.09;
10.05,8.12,21.27;
8.25,12.51,22.17;
10.11,15.81,22.47;
13.31,13.52,22.12;
14.34,8.47,22.58;
13.38,5.70,24.12;
10.82,7.60,24.62;
11.11,11.37,22.85;
14.13,9.51,19.80;
18.60,-1.64,18.50;
22.56,-15.01,18.64;
20.15,-18.69,19.37;
17.14,-7.91,19.28;
17.20,4.59,16.58;
20.77,15.67,15.42;
19.63,19.09,20.11;
25.40,11.45,20.43;
19.57,3.86,22.98;
18.74,6.96,21.95;
19.92,11.93,22.09;
28.05,10.70,17.19;
18.59,9.26,20.73;
14.50,11.40,21.80;
16.45,13.75,19.25;
17.75,14.88,15.17;
15.11,18.77,15.22;
13.29,24.35,15.60;
14.39,29.72,13.33;
13.24,27.90,15.37;
12.45,21.54,20.94;
4.34,15.46,23.04;
8.33,20.27,19.08;
7.78,28.79,17.75;
6.85,36.24,20.91;
9.66,35.58,21.11;
8.15,30.68,21.83;
5.82,24.21,23.04;
6.94,27.12,19.94;
6.44,38.91,17.80;
8.34,39.14,19.51;
5.84,30.22,21.77;
6.11,21.84,13.72;
1.31,24.19,13.49;
1.31,28.79,12.93;
6.44,31.95,7.91;
8.86,32.24,6.38;
4.89,28.54,13.68;
-0.68,18.97,15.86;
-3.44,19.37,13.62;
0.45,23.23,10.70;
6.24,28.36,8.35;
8.95,26.97,9.51;
4.92,27.31,12.43;
2.42,27.43,14.33;
0.71,29.03,14.79;
3.31,27.87,13.68;
6.04,25.29,12.73;
10.62,24.33,10.99;
10.70,27.06,11.40;
7.32,31.81,12.49;
5.81,31.34,12.50;
4.94,27.35,10.33;
8.74,23.31,7.98;
10.82,20.82,6.24;
10.66,19.49,4.18;
10.79,17.84,1.40;
12.68,14.67,-1.30;
15.72,11.38,-3.02;
16.19,10.21,-2.95;
12.65,11.57,-1.79;
11.35,12.44,-0.77;
8.40,11.11,-0.72;
7.95,8.56,-1.57;
10.22,6.59,-2.69;
11.92,5.25,-4.22;
9.49,3.46,-5.25;
7.08,3.80,-4.57;
7.64,4.47,-4.72;
6.63,5.55,-4.44;
7.40,5.11,-4.40;
5.96,1.81,-3.62;
5.09,-2.94,-3.51;
5.63,-1.30,-3.99;
6.15,2.28,-4.69;
5.93,3.11,-5.50;
5.93,0.74,-4.99;
5.31,-2.91,-3.96;
4.80,-3.90,-3.96;
4.07,-1.65,-3.51;
3.70,-0.97,-3.99;
2.83,-1.65,-4.23;
3.63,-2.98,-3.70;
3.05,-3.09,-2.87;
2.11,-1.32,-2.38;
1.81,0.93,-3.27;
1.75,0.36,-3.86;
1.73,-0.42,-3.97;
2.27,-1.12,-3.19;
2.56,-3.12,-1.93;
2.10,-3.10,-0.90;
1.72,-1.29,-0.67;
2.27,-2.10,-0.93;
2.91,-1.84,-1.09;
4.31,-0.86,-0.51;
3.87,-1.39,0.55;
2.07,-0.11,0.50;
1.46,0.68,-0.00;
1.52,0.94,-0.86;
1.46,0.62,-0.64;
0.62,0.76,-0.35;
-0.04,0.50,-0.52;
-0.25,0.41,-1.24;
0.68,0.38,-1.51;
1.06,-0.04,-1.27;
0.22,-0.62,-0.41;
-0.01,-0.40,-0.23;
0.40,0.48,-0.20;
0.68,0.01,0.27;
1.15,-0.05,0.27;
1.21,-0.13,1.25;
0.83,-0.39,1.74;
-0.01,0.44,1.36;
-0.22,0.94,0.85;
0.22,1.19,0.59;
0.56,0.25,1.01;
-0.22,-0.34,1.65;
-0.66,0.42,1.34;
0.04,1.06,0.17;
0.27,0.99,-0.17;
-0.27,-0.01,-0.05;
-0.60,0.01,0.78;
-0.40,0.24,1.27;
-0.13,0.54,1.33;
-0.76,1.02,0.88;
-0.79,0.80,0.56;
-0.40,-0.23,0.46;
-0.45,-1.58,0.78;
-0.92,-0.17,0.49;
-0.22,0.71,-0.14;
-0.02,0.74,-0.87;
-0.05,-0.22,-0.72;
-0.08,-1.17,0.03;
-0.30,-1.61,0.01;
-0.48,-0.71,0.01;
-0.01,0.54,-0.73;
-0.74,0.32,-0.72;
0.70,-1.44,-0.25;
0.94,-0.62,0.61;
0.71,-0.51,0.87;
-0.13,-0.55,0.79;
0.31,-0.68,-0.12;
0.60,-0.88,-0.11;
1.00,-0.88,-0.46;
-0.05,-0.16,-0.02;
-0.28,0.67,-0.05;
-0.13,0.27,-0.69;
0.30,-0.66,-0.84;
0.62,-0.80,-0.72;
-0.36,-0.57,0.20;
-0.88,-0.62,0.29;
-0.39,-0.30,-0.58;
0.53,-0.57,-1.06;
0.62,-0.65,-0.84;
0.44,-0.72,0.01;
-0.56,-0.72,0.64;
-0.45,-0.33,0.32;
-0.40,-0.40,-0.29;
-0.28,-0.89,-0.47;
-0.04,-0.95,-0.75;
0.28,-1.12,-0.41;
-0.62,-0.36,0.11;
-0.57,0.38,0.59;
-0.88,-0.14,0.36;
-1.00,-0.63,-0.25;
0.40,-1.85,-0.57;
0.66,-2.84,-0.61;
-0.59,-2.11,0.40;
-1.52,-0.88,0.44;
-1.24,-1.01,0.35;
-0.76,-1.46,-0.31;
-0.56,-2.28,-0.22;
-0.74,-1.62,-0.57;
-1.15,-0.04,-0.41;
-0.54,0.45,0.21;
-0.85,-0.19,0.43;
-0.86,-0.78,0.23;
-1.15,-0.54,0.72;
-1.27,0.28,0.67;
-0.80,0.64,0.69;
-0.89,-0.39,0.49;
-0.91,-1.87,0.33;
-0.57,-0.98,-0.28;
-0.51,-0.23,-0.32;
-0.56,-0.62,-0.49;
-0.89,-0.07,-0.12;
-0.72,0.35,0.21;
-1.09,0.62,0.21;
-0.97,1.28,-0.11;
-0.05,0.30,-0.57;
-0.25,0.04,-0.26;
-0.21,-0.48,0.07;
0.01,-0.40,0.26;
-0.63,0.03,0.20;
-1.24,0.61,-0.25;
-1.58,0.41,-0.64;
-1.47,-0.22,-0.93;
-1.37,-0.77,-0.75;
-1.79,0.10,-0.26;
-0.98,-0.14,-0.20;
-0.02,-0.65,-0.38;
0.02,-0.51,-0.14;
-0.37,-0.88,0.04;
-0.50,-0.34,-0.14;
-0.63,-0.10,0.06;
-0.54,-0.16,-0.37;
-0.31,-0.33,-0.11;
-0.16,-0.13,-0.14;
0.08,0.18,-0.11;
-0.76,0.13,0.32;
-0.92,-0.37,0.99;
-0.56,-1.00,1.31;
-0.88,-1.06,0.90;
-0.79,-0.34,0.43;
-0.53,0.28,-0.38;
-0.36,0.39,-0.44;
-0.63,0.51,0.01;
-0.94,0.24,0.41;
-1.20,0.62,0.24;
-1.12,0.64,0.15;
-1.15,0.33,-0.12;
-0.54,0.12,-0.31;
-0.30,-0.23,0.35;
-0.60,1.09,0.82;
-1.01,1.67,1.14;
-0.40,0.50,0.56;
0.08,-0.17,0.01;
0.08,-0.77,0.41;
0.60,-0.08,0.46;
0.07,0.94,0.30;
0.34,1.43,-0.37;
-0.05,1.11,-0.52;
0.42,0.74,-0.78;
0.99,-0.02,-0.38;
0.28,-0.17,0.11;
0.36,0.44,-0.12;
0.01,0.54,-0.06;
-0.60,0.73,-0.46;
-0.53,1.23,-0.55;
0.01,1.00,-0.12;
-0.60,-0.30,0.12;
-1.12,0.13,0.15;
-0.94,0.99,0.09;
-0.71,0.28,-0.25;
-0.34,-0.75,-0.57;
-0.11,-0.75,-0.26;
-0.57,0.21,0.21;
0.07,1.52,0.06;
-0.01,0.93,-0.02;
-0.24,-0.20,-0.38;
0.27,-1.04,-0.51;
0.66,-0.46,-0.17;
0.25,0.67,0.30;
-0.27,0.06,0.56;
-0.45,-0.78,0.27;
-0.54,-1.06,0.23;
-0.10,-0.48,-0.14;
0.22,-0.48,-0.11;
0.07,-0.43,-0.00;
-0.42,-0.08,0.43;
-0.56,-0.40,0.20;
-0.24,-1.30,-0.49;
-0.54,-1.52,-0.57;
-0.04,-1.68,-0.75;
-0.02,-0.94,-0.35;
-0.42,-1.47,-0.29;
-1.27,-1.84,-0.28;
-0.68,-1.82,-0.70;
-0.34,-2.42,-1.04;
0.82,-3.04,-1.19;
0.77,-2.01,0.03;
0.05,-1.27,0.35;
-0.54,-0.52,-0.18;
-0.24,-1.47,-0.90;
-0.40,-1.94,-1.27;
-0.33,-1.55,-1.47;
-0.37,-2.25,-0.81;
-0.08,-2.40,-0.20;
-0.11,-2.22,-0.43;
0.31,-1.84,-0.98;
0.54,-1.87,-1.10;
0.33,-1.96,-1.06;
0.71,-2.37,-0.75;
0.15,-1.90,-0.02;
0.01,-1.55,0.07;
-0.25,-1.21,0.11;
-0.14,-1.76,-0.43;
-0.10,-2.77,-0.51;
0.28,-1.62,-0.55;
0.25,-0.22,-0.70;
0.94,0.12,-0.69;
1.06,0.21,-0.43;
-0.40,0.19,-0.06;
-0.33,0.27,-0.32;
0.34,-0.16,-0.87;
0.08,-0.55,-0.58;
-0.47,-0.68,-0.17;
-1.23,-0.17,-0.38;
-0.31,-0.01,-0.86;
-0.51,-0.71,-1.18;
-0.97,-1.78,-1.12;
-1.14,-2.49,-0.96;
-1.58,-1.58,-1.36;
-1.53,-0.37,-1.33;
-1.08,0.21,-1.10;
-1.14,-0.17,-0.40;
-1.70,-0.75,0.09;
-2.18,0.71,0.40;
-1.98,1.35,0.44;
-1.63,0.64,0.69;
-2.13,0.09,1.05;
-4.13,0.36,1.07;
-4.54,1.00,0.26;
-6.10,1.19,-0.17;
-6.34,-1.01,-0.77;
-6.63,-2.16,-0.40;
-7.81,-3.82,-0.15;
-11.75,-4.20,1.30;
-10.92,-9.15,0.91;
-14.42,-11.67,1.01;
-13.26,-15.81,-0.64;
-16.05,-21.49,-1.42;
-16.42,-25.41,-5.47;
-16.07,-27.79,-8.87;
-14.57,-29.29,-13.86;
-14.72,-34.71,-18.61;
-10.21,-38.34,-22.29;
-8.24,-40.65,-24.57;
-7.24,-42.94,-26.25;
-3.21,-46.37,-28.09;
-1.82,-47.64,-30.02;
-0.88,-51.39,-31.35;
-0.36,-55.61,-33.54;
-0.11,-55.91,-35.56;
0.88,-54.10,-37.96;
5.92,-51.15,-41.88;
13.63,-50.78,-41.35;
12.21,-53.00,-36.64;
5.73,-49.03,-33.35;
6.48,-47.24,-36.47;
14.94,-47.24,-41.96;
7.40,-51.26,-38.95;
4.02,-57.93,-38.00;
1.67,-58.40,-37.51;
1.90,-53.84,-41.13;
4.89,-47.20,-44.84;
3.84,-43.39,-44.95;
2.82,-42.83,-43.83;
-2.86,-37.49,-40.31;
-10.89,-31.35,-36.09;
-12.79,-31.73,-36.18;
-7.23,-46.92,-41.51;
-9.40,-59.01,-40.90;
-16.97,-52.51,-34.52;
-21.95,-41.21,-31.96;
-22.56,-34.01,-32.95;
-27.17,-28.52,-31.50;
-30.16,-23.15,-33.19;
-28.94,-20.08,-33.82;
-32.98,-18.52,-21.97;
-37.03,-15.91,-21.53;
-37.12,-11.62,-13.31;
-28.19,-8.45,-19.59;
-33.37,-6.28,-6.49;
-25.23,-9.09,-12.99;
-22.13,-10.37,-14.47;
-26.01,-12.74,-8.89;
-25.35,-14.40,-8.29;
-22.85,-17.61,-10.81;
-16.34,-19.42,-19.93;
-15.55,-18.98,-15.60;
-13.08,-19.90,-14.75;
-13.08,-23.46,-14.57;
-11.90,-27.96,-16.89;
-19.26,-27.88,-10.55;
-11.69,-31.96,-15.97;
-11.15,-31.12,-14.31;
-11.64,-30.20,-13.30;
-10.88,-30.08,-17.35;
-14.98,-29.15,-14.84;
-13.44,-32.83,-16.38;
-12.05,-36.33,-18.47;
-13.53,-40.11,-18.61;
-12.54,-42.65,-20.11;
-10.01,-44.26,-21.27;
-8.71,-40.16,-21.33;
-1.96,-39.10,-23.12;
5.00,-39.32,-26.02;
1.95,-39.58,-22.12;
2.86,-39.76,-21.22;
-1.82,-39.82,-18.49;
-6.24,-37.29,-15.93;
-6.83,-39.00,-16.70;
-5.78,-39.59,-16.08;
-3.37,-38.92,-15.80;
-0.80,-36.49,-14.99;
-1.50,-33.58,-14.29;
-3.64,-31.44,-13.16;
-6.74,-31.58,-11.85;
-2.63,-31.96,-12.83;
-3.06,-30.22,-11.96;
-0.34,-28.02,-12.49;
-0.66,-22.98,-9.73;
-5.27,-21.68,-5.48;
-7.37,-23.62,-5.89;
-6.21,-27.10,-8.14;
-3.82,-28.39,-10.38;
-2.31,-26.55,-12.18;
-0.04,-23.73,-11.96;
0.88,-20.75,-11.80;
0.10,-18.94,-9.65;
2.97,-21.72,-8.51;
3.95,-23.29,-8.75;
3.38,-24.17,-10.86;
1.63,-23.09,-10.26;
-0.68,-21.42,-10.89;
-1.85,-18.77,-10.93;
-3.40,-18.71,-12.02;
-2.59,-17.42,-11.85;
-2.43,-17.41,-10.80;
-3.29,-15.29,-9.93;
-1.26,-13.21,-9.89;
-0.39,-12.68,-9.28;
-0.31,-12.37,-8.83;
-0.45,-11.87,-8.78;
-1.08,-11.49,-8.67;
-0.71,-10.16,-8.40;
-1.95,-8.77,-8.43;
-2.86,-6.14,-8.55;
-3.11,-5.24,-9.16;
-4.54,-4.89,-8.28;
-5.75,-5.38,-8.29;
-3.84,-6.28,-8.46;
-4.14,-6.49,-7.68;
-4.33,-4.81,-7.24;
-1.95,-4.26,-6.08;
-2.60,-3.76,-5.48;
-3.34,-5.10,-5.60;
-5.27,-5.00,-5.88;
-8.48,-4.39,-6.05;
-9.26,-6.05,-6.98;
-7.11,-6.81,-7.93;
-6.56,-7.35,-7.39;
-6.60,-8.01,-7.96;
-6.76,-9.68,-8.25;
-1.67,-11.65,-10.31;
-6.98,-20.65,-11.31;
0.44,-10.48,-14.06;
-3.70,-11.64,-17.04;
1.95,-16.23,-16.52;
-5.06,-16.23,-13.82;
-2.45,-15.17,-10.58;
3.75,-9.38,-7.88;
-1.99,-5.90,-7.67;
-5.44,-6.52,-10.52;
-2.42,-4.49,-9.93;
-0.05,-1.84,-9.45;
0.01,-2.25,-8.20;
1.86,-4.07,-5.65;
1.87,-4.72,-3.59;
5.44,-5.68,-3.70;
6.79,-4.54,-2.06;
7.57,-3.49,-1.94;
5.26,-1.93,-1.30;
4.39,-0.45,-1.80;
2.83,-0.05,-1.64;
3.76,-0.31,-0.44;
8.30,-1.09,-1.27;
24.24,-7.62,-0.31;
-2.88,-2.19,-1.86;
-0.63,-5.50,-3.01;
2.31,-8.08,-3.12;
0.65,-9.79,-2.40;
-0.24,-10.55,-3.60;
-0.18,-11.04,-4.23;
-0.48,-11.50,-4.49;
0.40,-8.02,-3.82;
0.44,-7.47,-4.55;
-0.92,-7.75,-4.90;
-0.39,-6.80,-4.75;
-0.65,-4.80,-2.95;
-0.65,-3.58,-1.88;
-0.71,-3.78,-1.38;
-2.56,-3.70,-0.44;
-4.05,-5.18,-0.86;
-6.13,-2.40,-0.73;
-4.37,-0.89,0.38;
-0.97,1.09,1.42;
1.14,1.35,0.96;
-0.95,0.38,0.49;
-4.08,-0.16,0.52;
-2.95,-0.33,1.36;
-0.40,0.94,1.75;
-0.24,1.38,2.07;
-1.58,3.61,1.20;
-2.42,4.38,1.17;
-3.18,4.39,1.04;
-3.08,4.18,0.15;
-1.63,5.20,-0.61;
-0.40,5.98,-0.38;
-0.28,6.97,-0.41;
-0.50,6.19,-0.52;
-0.95,6.09,0.11;
-0.01,5.29,0.73;
2.01,4.41,1.14;
2.57,1.67,0.87;
2.27,1.43,0.46;
2.10,2.07,0.01;
1.05,3.05,0.07;
1.52,2.71,0.29;
1.20,2.01,1.20;
-1.05,2.36,2.23;
-1.23,2.54,3.02;
-1.69,3.64,4.18;
-0.88,4.58,5.48;
-2.34,4.70,5.91;
-3.29,3.90,6.17;
-2.45,3.05,5.95;
-1.18,2.96,6.24;
-0.80,5.57,6.53;
-3.61,6.30,6.55;
-5.40,7.09,6.33;
-5.12,11.08,7.08;
-4.48,11.08,8.38;
-3.63,10.19,9.40;
-4.08,6.85,9.43;
-0.65,6.39,8.46;
-2.30,8.70,7.17;
-0.19,9.31,6.03;
-2.16,12.54,5.98;
-2.19,13.77,6.85;
-1.95,14.50,9.08;
-0.86,13.34,10.47;
-0.53,12.30,10.87;
0.48,11.37,11.19;
1.90,12.56,9.92;
3.55,14.22,9.13;
3.92,17.09,9.91;
1.76,19.40,12.32;
-1.76,20.77,14.70;
-0.98,19.66,14.96;
0.47,18.59,14.73;
-0.43,16.93,14.81;
-1.76,17.46,15.69;
0.24,16.79,15.62;
1.35,19.38,15.46;
1.46,22.13,14.82;
1.08,20.09,14.32;
-0.39,18.32,13.20;
-4.24,21.49,11.01;
-4.19,21.25,10.15;
-3.47,19.03,11.65;
-2.62,20.27,14.50;
-5.56,19.51,16.24;
-4.63,17.92,17.13;
-1.08,17.48,15.94;
1.06,18.19,15.48;
-0.10,19.03,14.44;
-0.89,19.49,12.38;
-0.83,18.70,10.90;
1.37,17.38,9.49;
2.95,16.36,10.78;
1.40,17.23,13.14;
-0.82,16.09,15.08;
-2.28,17.84,15.62;
-0.36,18.01,15.49;
3.93,19.86,12.98;
6.13,21.96,12.99;
6.57,22.61,14.99;
0.85,23.20,16.30;
-4.83,24.54,17.19;
-5.11,26.67,16.65;
0.83,24.03,15.94;
5.53,24.88,16.99;
3.73,29.66,18.49;
0.24,35.06,20.91;
-3.47,39.61,22.87;
-3.08,40.54,23.37;
-3.06,38.64,24.53;
-8.14,35.87,25.92;
-7.37,34.51,23.46;
-2.57,35.38,21.19;
2.13,40.35,20.50;
2.79,43.02,22.47;
-1.98,42.39,24.00;
-4.10,40.65,23.49;
-1.41,36.83,22.59;
2.66,35.54,22.52;
5.47,37.63,22.43;
6.56,44.33,23.22;
5.37,45.99,25.95;
3.66,43.70,27.92;
0.16,38.93,30.33;
-3.79,34.87,31.01;
-4.34,33.49,30.26;
-0.91,31.77,28.26;
2.04,28.65,26.27;
4.25,26.91,24.06;
7.08,27.43,22.47;
5.24,27.83,21.95;
4.53,27.46,21.74;
1.89,25.31,21.14;
0.11,22.04,20.32;
0.27,17.31,20.38;
3.86,15.46,20.43;
3.63,19.29,21.56;
0.82,22.68,23.08;
-1.38,17.99,22.32;
-3.15,7.99,20.29;
-0.34,2.27,18.76;
6.92,4.30,17.02;
12.82,13.90,16.58;
8.07,21.86,20.61;
8.21,20.59,21.94;
5.38,14.58,23.17;
4.45,11.54,22.90;
12.01,14.48,20.52;
19.15,22.07,19.74;
19.84,24.24,21.16;
18.70,18.51,22.35;
16.86,12.73,21.27;
19.29,12.18,18.99;
24.82,20.06,17.10;
28.16,24.54,17.82;
30.18,17.32,18.43;
31.18,9.22,16.40;
33.43,8.58,12.84;
22.91,17.78,18.75;
25.64,28.94,18.36;
26.56,26.90,18.00;
28.48,16.28,17.72;
26.01,8.51,18.87;
19.14,13.84,19.46;
16.05,24.58,20.87;
18.02,30.74,18.73;
19.61,23.96,20.62;
22.50,11.55,19.02;
17.79,6.80,25.28;
16.15,16.28,22.38;
14.04,26.97,22.67;
13.86,32.21,21.08;
15.90,27.25,20.35;
13.15,16.82,20.96;
7.08,15.02,25.10;
7.23,21.87,21.46;
8.30,32.38,17.14;
8.65,36.35,16.55;
10.82,25.45,19.43;
13.11,13.83,20.24;
11.26,15.12,20.29;
7.08,22.64,22.35;
10.39,32.76,16.59;
11.40,34.99,19.02;
12.56,29.35,15.88;
13.49,23.05,16.76;
6.44,22.47,20.55;
6.02,23.32,16.90;
10.57,23.80,5.05;
8.63,21.14,10.81;
8.89,14.54,11.89;
6.04,8.18,9.59;
0.01,10.76,6.55;
3.75,17.93,5.34;
6.83,25.31,3.46;
6.27,25.54,5.33;
2.45,20.47,9.54;
1.93,13.70,11.27;
2.57,15.84,8.91;
7.99,21.58,4.36;
7.35,22.03,6.56;
8.24,20.59,7.49;
5.82,21.05,10.53;
4.62,20.25,9.23;
5.84,20.41,8.91;
8.53,18.77,7.85;
7.02,17.26,6.07;
5.17,18.85,6.78;
8.25,19.41,5.43;
8.27,15.63,3.68;
8.66,11.51,2.52;
9.41,10.70,2.49;
10.45,9.26,2.46;
10.66,6.41,2.90;
11.32,2.67,3.10;
11.81,2.22,3.22;
10.74,4.96,3.54;
8.33,7.54,3.45;
6.76,8.03,1.86;
6.31,4.19,0.99;
6.21,2.09,0.73;
5.00,1.17,-0.32;
3.63,1.41,-0.44;
1.98,2.56,-0.55;
-0.10,5.31,-0.93;
0.50,5.12,-0.96;
1.44,2.85,-0.90;
1.37,2.53,-0.78;
1.89,2.36,-0.23;
1.64,3.41,-0.11;
1.15,3.67,0.40;
1.28,3.45,0.50;
1.95,3.60,0.24;
2.16,2.67,0.21;
1.58,1.93,0.06;
2.83,0.06,0.44;
3.79,-0.23,0.47;
2.76,1.03,1.20;
1.69,1.67,0.99;
1.34,1.96,0.30;
0.88,0.88,-0.08;
0.33,-0.62,-0.69;
-0.05,0.32,-0.99;
1.15,0.67,-1.39;
0.45,1.38,-1.09;
-0.18,2.38,-1.64;
0.36,2.24,-1.79;
0.54,1.34,-1.82;
0.66,0.41,-0.90;
-0.11,1.17,-0.23;
-0.30,1.80,-0.09;
0.21,1.54,-0.66;
-0.08,1.77,-1.45;
-0.25,1.69,-1.57;
0.11,0.65,-0.98;
0.22,0.06,0.30;
0.02,0.10,0.90;
-0.19,0.80,0.47;
0.57,1.34,-0.32;
0.70,0.04,-1.68;
1.18,-0.72,-1.64;
0.51,-1.42,-0.66;
0.27,-0.68,-0.41;
0.22,0.44,-0.46;
0.47,0.38,-0.32;
-0.69,0.44,-0.52;
-0.14,-0.02,-0.57;
0.08,-1.01,-0.17;
0.33,-1.04,0.53;
0.02,-0.42,0.56;
-0.22,-0.10,-0.09;
-0.24,0.62,-1.16;
0.08,0.21,-1.19;
0.13,-0.62,-0.18;
-1.08,-0.36,0.79;
-1.53,-0.28,0.99;
-0.40,-0.34,-0.12;
-0.13,-0.49,-0.54;
1.02,-0.91,-0.77;
-0.08,-1.61,0.81;
0.27,-1.84,0.87;
-0.43,-0.14,1.23;
0.10,0.24,0.49;
0.60,-0.72,-0.43;
0.42,-0.72,-0.20;
0.45,-1.12,0.15;
-0.27,0.07,0.04;
-0.83,1.38,0.09;
-0.11,0.64,-0.09;
0.62,-1.29,-0.08;
0.42,-2.31,0.52;
-0.43,-0.98,1.01;
-0.40,0.90,0.85;
-0.74,1.38,0.41;
-0.88,0.01,-0.25;
-0.16,-1.27,-0.55;
-0.05,-1.50,-0.38;
-0.51,-0.77,-0.47;
-0.34,-0.37,-0.52;
0.79,-1.10,-0.23;
0.51,-1.46,-0.05;
0.25,-1.52,0.29;
-0.04,-0.28,-0.06;
0.08,-0.04,-0.18;
0.22,0.06,-0.54;
0.37,0.19,-0.38;
0.44,0.47,-0.09;
-0.14,0.79,0.04;
0.28,0.82,-0.35;
0.24,0.10,-0.12;
-0.08,-0.75,0.65;
-0.27,-0.77,1.16;
-0.79,0.13,1.23;
-0.80,0.53,0.53;
0.16,0.13,-0.58;
0.40,-0.14,-0.67;
0.39,-0.17,-0.15;
0.25,-0.04,0.58;
-0.94,0.25,0.61;
-1.29,0.45,0.09;
-0.42,-0.17,-0.58;
-0.69,-0.84,-0.87;
-0.16,-1.46,-0.77;
-0.82,-0.36,-0.18;
-0.43,-0.69,-0.28;
-0.40,-0.39,-0.60;
0.28,-1.17,-0.51;
0.47,-2.14,-0.34;
0.16,-1.91,0.15;
-0.71,-0.91,-0.15;
-0.56,1.25,-0.54;
-0.18,2.10,-1.16;
0.22,0.30,-1.27;
0.34,-0.54,-0.58;
0.05,-0.39,0.23;
-0.74,0.06,0.40;
-1.29,0.77,0.32;
-1.63,1.00,-0.09;
-0.97,0.30,0.01;
-0.07,0.06,0.07;
-0.34,0.19,0.27;
-0.77,1.22,-0.29;
-0.82,0.53,-0.98;
-0.57,-0.68,-0.77;
-0.50,-0.77,-0.55;
-0.18,-1.10,0.23;
0.33,-0.62,0.17;
0.53,-1.00,0.04;
-0.22,-2.10,0.04;
0.16,-2.26,0.21;
0.48,-1.84,0.20;
-0.10,-1.21,0.65;
0.15,-0.40,1.34;
-0.47,0.45,1.27;
-1.79,1.34,0.55;
-0.69,1.75,-0.69;
-0.40,0.45,-0.75;
-0.80,-0.77,-0.75;
-1.24,-0.62,0.38;
-1.23,0.47,0.69;
-0.86,0.90,0.61;
-0.94,0.85,-0.22;
-0.68,0.12,-0.67;
-0.66,-1.12,-0.38;
-0.57,-1.38,0.06;
-0.79,0.16,0.56;
-0.80,0.13,0.93;
-1.49,0.35,1.01;
-0.53,-1.49,0.09;
-0.19,-2.31,-0.63;
-0.11,-1.75,-0.28;
0.18,-0.81,-0.23;
-1.18,0.50,0.36;
-1.01,0.22,0.18;
-0.60,0.22,-0.67;
-0.39,0.80,-0.92;
0.13,0.42,-0.86;
0.63,-0.08,-0.37;
-0.13,-0.63,0.50;
-1.08,0.30,0.32;
-0.98,1.06,-0.15;
-1.00,-0.26,-0.34;
-0.66,-1.10,-0.25;
-0.40,-1.13,0.29;
-0.45,-0.11,0.24;
-0.47,0.56,-0.05;
-0.59,1.19,-0.31;
-0.21,0.39,-0.23;
-0.71,-0.48,0.43;
-0.31,-0.80,0.36;
0.05,-0.63,0.26;
-0.71,-0.59,0.17;
-0.60,-0.94,-0.40;
-0.28,-0.59,-0.86;
0.05,-0.89,-0.64;
0.07,-0.75,0.14;
-0.57,0.01,0.78;
-0.92,1.29,0.85;
-1.30,1.45,0.99;
-1.01,1.05,0.55;
-0.63,0.38,0.21;
-0.91,-0.51,0.35;
-0.39,0.32,0.32;
-0.28,1.49,0.14;
-0.54,2.47,0.17;
-0.13,1.84,-0.38;
-0.31,0.36,-0.52;
-0.43,-0.01,0.04;
-0.79,0.32,0.38;
-1.15,0.80,0.61;
-1.21,1.19,0.18;
-0.88,1.05,-0.34;
0.37,-0.30,-0.37;
-0.37,0.24,-0.00;
0.71,-1.04,0.53;
0.48,-0.68,0.23;
-0.19,0.80,-0.22;
0.40,1.89,-0.69;
0.82,2.07,-1.01;
0.97,0.30,-0.51;
0.73,-0.98,0.06;
0.39,-0.84,0.59;
-0.08,0.33,0.43;
-0.01,0.16,-0.03;
-0.24,0.22,-0.49;
-0.16,-0.22,-0.57;
-0.14,0.09,0.04;
-0.71,0.39,0.36;
-0.95,0.44,0.14;
-0.56,0.15,-0.37;
-0.53,-0.52,-0.90;
-0.22,-0.65,-0.77;
0.04,-0.39,-0.63;
-0.30,-0.78,-0.34;
-0.45,-0.52,-0.51;
0.24,-0.57,-0.70;
-0.02,-1.00,-1.30;
0.33,-1.38,-1.62;
0.68,-1.52,-0.83;
0.68,-1.03,-0.15;
-0.28,0.06,-0.00;
-0.62,0.47,-0.49;
-0.40,-0.72,-0.57;
-0.37,-1.94,-0.70;
-0.22,-1.93,-0.25;
0.19,-1.13,0.41;
-0.59,-0.40,0.50;
-0.74,-0.28,0.27;
-0.45,-0.62,-0.08;
-0.16,-2.08,-0.61;
-0.08,-2.49,-0.72;
0.47,-1.76,-0.22;
-0.08,-0.81,0.29;
-0.88,-0.01,0.01;
-0.42,-0.69,-0.47;
0.28,-2.26,-0.47;
0.19,-1.44,-0.15;
0.15,-1.38,0.55;
-0.13,-0.48,0.52;
-0.30,-0.62,0.24;
-0.27,-1.00,-0.15;
0.10,-0.71,-0.54;
0.40,-0.28,-0.43;
-0.27,-0.16,0.20;
-0.37,-0.52,0.30;
-0.02,-1.07,-0.25;
0.04,-1.99,-0.12;
-0.05,-1.58,-0.41;
-0.02,-1.53,-0.25;
-0.22,-2.04,-0.75;
-0.04,-2.16,-0.47;
0.31,-1.96,-0.23;
0.16,-1.62,0.27;
-0.07,-1.04,0.06;
-0.42,-0.57,0.01;
-0.80,-0.72,-0.43;
-0.59,-1.33,-0.22;
-0.02,-1.35,0.03;
0.76,-0.37,0.17;
0.36,-0.26,0.40;
0.21,-0.46,-0.00;
0.30,-0.37,-0.87;
0.47,-0.37,-0.43;
0.73,-0.45,0.18;
-0.36,0.51,0.79;
-0.83,1.20,0.35;
-0.10,0.45,-0.00;
-0.40,-0.22,-0.32;
-0.34,-0.65,-0.44;
-0.37,-0.14,0.12;
-0.60,0.87,0.26;
-0.60,0.76,0.50;
-0.04,-0.48,-0.37;
0.66,-0.81,-0.51;
0.05,-0.71,-0.23;
-0.59,-0.42,-0.00;
-0.08,0.13,0.01;
-1.08,0.88,0.03;
-0.27,-0.52,-0.66;
0.15,-1.07,-0.92;
-0.22,-1.03,-0.57;
-0.11,-0.86,-0.26;
-0.18,-0.49,-0.08;
-0.40,-0.86,-0.31;
-0.43,-0.16,-0.72;
-0.48,1.48,-0.95;
0.01,0.54,-1.06;
0.18,-1.44,-0.54;
0.40,-2.36,-0.17;
-0.36,-1.44,-0.49;
0.07,-1.42,-0.47;
-0.16,-2.34,-0.58;
-0.42,-3.64,-0.35;
-1.49,-3.73,-0.11;
-1.63,-4.40,-0.47;
-1.58,-4.57,-1.01;
-1.27,-5.87,-1.18;
-2.16,-6.54,-0.98;
-1.44,-6.71,-0.83;
-3.40,-5.24,0.49;
-4.97,-5.46,1.48;
-6.14,-7.91,1.34;
-10.74,-11.26,0.99;
-11.90,-16.02,-0.23;
-14.16,-17.36,-1.51;
-14.98,-20.75,-4.57;
-13.72,-25.75,-8.77;
-12.66,-29.97,-12.40;
-11.06,-34.26,-16.02;
-9.63,-37.73,-19.45;
-6.59,-40.40,-22.32;
-5.18,-40.14,-23.96;
-5.58,-39.99,-24.34;
-7.72,-43.93,-22.57;
-9.18,-49.09,-22.49;
-10.62,-50.78,-23.47;
-9.63,-48.74,-26.54;
-6.56,-50.75,-30.22;
-4.68,-55.68,-32.77;
-0.60,-55.64,-36.22;
1.93,-50.92,-38.14;
3.95,-47.90,-39.86;
7.24,-47.78,-41.15;
10.48,-55.55,-41.74;
7.29,-60.66,-40.51;
3.64,-62.30,-38.96;
5.28,-59.27,-41.06;
4.44,-59.59,-43.25;
3.79,-57.50,-47.35;
0.54,-53.46,-46.35;
-4.37,-46.28,-43.71;
-8.27,-43.42,-41.62;
-12.69,-42.42,-40.60;
-18.07,-42.07,-38.12;
-19.23,-41.10,-33.71;
-17.82,-39.44,-32.78;
-21.41,-29.76,-30.99;
-23.12,-14.43,-32.92;
-31.21,-9.01,-23.31;
-28.91,-17.55,-19.47;
-30.11,-26.30,-22.73;
-30.98,-23.10,-17.19;
-33.53,-10.28,-15.15;
-25.00,-1.32,-12.37;
-22.30,0.54,-16.75;
-27.58,-8.17,-14.67;
-29.47,-21.07,-12.29;
-28.57,-22.16,-9.19;
-17.37,-12.51,-14.67;
-14.82,-2.34,-16.55;
-22.37,-3.01,-10.86;
-21.26,-19.24,-15.73;
-27.12,-29.75,-14.80;
-24.13,-26.46,-14.73;
-14.95,-15.46,-14.75;
-7.56,-3.96,-12.77;
-2.69,-6.71,-17.65;
-11.81,-18.45,-13.53;
-13.60,-33.13,-14.54;
-11.11,-33.55,-14.57;
-7.06,-27.38,-13.57;
-2.92,-19.65,-13.68;
-6.66,-17.75,-12.51;
-9.60,-24.66,-14.70;
-8.71,-34.28,-18.06;
-4.10,-37.49,-20.22;
-2.65,-34.55,-20.17;
-5.23,-30.71,-19.35;
-9.99,-28.13,-19.53;
-14.27,-30.28,-19.80;
-14.18,-33.12,-21.54;
-11.53,-35.33,-23.79;
-9.12,-37.62,-23.48;
-5.99,-36.83,-22.90;
-3.24,-33.32,-22.18;
-2.47,-29.38,-19.24;
-4.33,-29.56,-16.03;
-6.72,-30.77,-13.73;
-9.01,-35.35,-12.69;
-8.94,-39.18,-12.89;
-3.63,-37.70,-15.07;
1.20,-30.31,-16.99;
5.08,-21.79,-17.15;
0.13,-21.99,-16.46;
-5.12,-27.61,-17.18;
-8.21,-31.64,-16.03;
-7.63,-31.36,-14.92;
-2.62,-31.96,-14.17;
4.47,-30.11,-13.30;
8.27,-26.88,-12.55;
10.51,-24.78,-11.21;
6.62,-24.17,-10.69;
4.51,-25.44,-10.93;
3.76,-26.54,-11.73;
2.33,-25.56,-11.38;
1.15,-21.33,-10.58;
2.21,-18.07,-10.70;
2.54,-15.96,-10.38;
2.59,-15.00,-10.05;
3.28,-14.22,-8.72;
3.75,-13.09,-8.20;
3.40,-11.67,-7.09;
0.91,-8.20,-5.59;
-0.14,-7.21,-5.93;
-0.34,-6.59,-6.89;
-3.44,-6.36,-9.53;
-3.40,-5.65,-11.71;
-2.89,-5.55,-9.99;
-4.91,-8.19,-9.67;
-5.06,-9.06,-8.02;
-4.53,-9.47,-8.26;
-11.15,-8.45,-9.59;
-12.04,-9.49,-11.21;
-8.08,-7.07,-12.29;
-7.14,-2.78,-11.54;
-9.40,-0.83,-13.30;
-7.30,-0.49,-11.67;
-4.19,-1.06,-12.81;
-5.43,-1.72,-10.96;
-5.23,-3.53,-9.12;
-4.53,-4.80,-7.36;
-6.54,-5.72,-5.80;
-6.02,-6.92,-6.28;
-5.41,-7.76,-5.96;
-4.16,-7.07,-6.00;
-3.24,-3.73,-6.12;
-2.74,-0.31,-6.09;
-4.21,-1.97,-7.18;
-3.78,-3.55,-7.13;
-5.08,-3.38,-6.93;
-3.26,-2.80,-7.57;
-6.68,-11.87,-9.51;
-1.82,-4.52,-7.83;
3.47,-5.12,-8.73;
-0.14,-7.17,-8.60;
-6.30,-6.84,-8.64;
-8.40,-4.83,-8.69;
-9.55,-0.39,-7.65;
-9.61,-0.40,-7.67;
-9.85,-0.48,-7.16;
-7.29,0.33,-7.67;
-5.67,0.50,-9.06;
-17.69,3.26,-11.35;
1.21,-0.59,-10.20;
13.66,-7.46,-9.12;
-5.78,2.30,-8.43;
-4.33,-1.26,-7.25;
2.16,-2.54,-5.02;
-5.58,-2.66,-6.12;
0.70,0.21,-10.43;
3.69,-4.02,-4.89;
3.34,-5.41,-5.24;
11.98,-11.82,-4.67;
-2.53,-5.53,-4.60;
-2.02,-8.91,-4.35;
2.65,-9.32,-3.91;
7.11,-7.42,-3.35;
3.11,-4.60,-3.50;
1.75,-6.25,-4.15;
0.89,-6.28,-4.72;
-1.70,-3.91,-4.96;
-2.14,-2.17,-4.23;
-3.23,-3.15,-3.44;
-2.36,-4.28,-2.96;
0.07,-3.15,-2.73;
1.99,-3.01,-2.98;
-1.96,-3.04,-2.66;
-3.79,-2.05,-1.09;
-3.37,-3.38,1.07;
-3.21,-4.94,1.51;
-0.83,-3.56,0.36;
0.74,-0.91,-1.02;
-2.50,0.21,-0.73;
-2.62,-0.59,-1.09;
-2.05,0.25,0.26;
-2.11,-0.02,0.56;
-1.93,0.54,0.91;
-1.26,2.13,1.85;
-1.41,2.94,2.67;
-1.35,2.48,3.20;
-1.41,1.52,3.42;
-0.05,1.06,2.99;
3.86,1.72,3.08;
3.11,3.37,3.49;
1.61,3.81,3.83;
-0.47,2.70,3.92;
-1.63,2.74,4.24;
-4.08,1.49,4.73;
-2.40,1.11,4.65;
0.19,1.38,4.01;
0.97,2.53,4.00;
-0.31,2.61,4.56;
-2.72,1.95,5.20;
-3.75,0.48,5.94;
-0.79,-1.68,6.82;
0.34,-2.07,7.97;
-2.05,-2.71,8.15;
-2.54,-2.74,6.91;
0.88,1.40,5.82;
1.73,5.25,6.23;
0.54,7.23,6.36;
-0.33,7.17,5.95;
0.73,7.40,6.35;
-0.02,7.29,7.30;
0.54,6.87,8.18;
2.60,7.17,9.39;
3.31,8.50,10.35;
4.48,10.25,10.98;
1.98,11.05,10.52;
2.02,11.37,10.12;
0.99,11.67,9.69;
-0.34,11.57,9.89;
-2.37,10.27,10.69;
-0.95,10.13,11.31;
-0.02,11.29,11.49;
0.36,12.64,11.72;
-0.34,12.96,12.09;
2.45,12.39,12.09;
4.07,12.45,12.88;
4.45,13.75,14.23;
2.39,16.87,17.02;
-2.02,20.50,17.49;
0.05,19.43,15.56;
2.53,13.75,14.76;
2.37,13.09,15.23;
-1.35,20.15,16.49;
-1.75,24.16,15.63;
1.28,24.59,13.72;
3.99,19.84,12.64;
3.61,17.12,12.20;
2.48,14.87,12.12;
0.82,16.25,13.57;
0.53,17.84,13.13;
6.16,18.42,11.92;
10.04,17.20,10.81;
9.24,17.19,12.36;
4.66,19.23,13.45;
-0.89,20.76,14.59;
0.44,21.06,15.04;
-0.11,20.99,14.76;
5.35,19.06,15.42;
8.40,16.59,14.75;
5.14,17.26,15.88;
0.79,18.90,14.93;
2.76,17.86,13.77;
3.03,18.73,12.78;
-2.08,23.17,12.87;
3.21,22.65,13.30;
9.73,24.07,13.27;
7.92,23.29,15.23;
3.11,24.73,16.87;
-1.03,27.16,17.65;
-0.97,29.34,18.87;
-0.98,30.15,19.63;
-0.13,29.58,19.37;
-1.35,26.90,19.13;
0.50,26.47,17.86;
1.69,26.07,17.39;
0.57,28.16,17.37;
0.07,29.08,17.13;
2.47,29.48,17.48;
1.31,30.47,19.98;
-1.18,31.40,22.15;
-2.79,35.22,24.03;
-4.59,34.56,25.17;
-5.99,33.40,25.33;
-5.85,32.97,24.32;
-8.19,33.83,24.73;
-12.60,34.47,25.30;
-14.42,34.25,25.27;
-13.11,34.01,23.25;
-7.76,31.92,20.09;
-8.10,29.84,18.81;
-7.09,25.22,17.57;
-8.31,24.03,16.52;
-8.45,22.19,16.07;
-5.41,23.49,14.21;
-0.24,22.71,12.61;
2.70,22.53,13.51;
4.79,24.94,17.08;
-1.20,26.68,22.69;
-7.84,18.71,25.72;
-8.83,9.09,26.55;
-5.79,-1.32,24.76;
2.60,-1.59,20.40;
6.54,6.50,20.06;
5.44,12.74,20.75;
-0.59,8.18,20.72;
-3.90,0.68,19.72;
-5.05,1.78,17.63;
-1.38,5.84,15.51;
3.82,7.43,13.34;
3.89,8.74,16.29;
4.05,7.99,20.70;
2.91,2.79,22.70;
5.46,-1.82,20.47;
5.57,-7.23,16.01;
13.67,-13.68,11.45;
14.79,-13.29,14.17;
20.01,-4.98,20.82;
21.61,5.66,23.92;
21.73,10.54,22.65;
23.76,7.83,20.91;
32.50,-1.26,16.14;
31.69,-8.55,18.47;
35.29,-11.44,19.22;
31.55,-6.65,22.50;
27.29,3.90,24.46;
30.01,9.95,19.68;
30.65,12.59,16.88;
37.87,7.58,17.34;
41.08,1.66,21.54;
34.05,9.92,24.72;
31.15,21.43,22.98;
27.32,27.22,18.09;
29.08,28.58,14.07;
33.79,26.15,10.82;
28.28,25.67,21.31;
20.04,27.41,26.03;
11.18,30.38,23.27;
9.89,32.36,18.18;
14.05,32.21,14.01;
20.40,29.41,10.90;
21.38,32.35,9.39;
11.96,36.41,22.15;
7.87,34.76,18.84;
7.02,28.06,18.07;
14.89,18.71,9.94;
14.27,23.78,10.01;
13.23,38.03,10.43;
13.49,40.96,15.20;
11.46,32.67,15.66;
11.23,20.82,16.17;
9.26,25.45,12.00;
3.57,35.41,11.05;
1.93,38.45,11.42;
8.51,35.49,9.97;
9.93,25.83,10.52;
7.02,20.65,9.25;
5.78,25.00,9.30;
1.20,33.03,1.16;
10.54,38.41,5.40;
12.47,36.07,11.57;
7.89,29.69,15.48;
0.68,26.67,15.80;
4.16,30.88,7.62;
9.09,35.48,6.15;
13.90,37.60,6.65;
11.40,38.21,10.78;
6.30,31.41,13.65;
-2.42,28.88,14.67;
2.79,28.44,9.40;
6.60,28.83,4.73;
11.67,27.08,2.93;
10.86,30.79,5.83;
7.55,31.02,9.95;
1.84,25.57,11.75;
1.76,20.91,8.78;
6.89,19.57,6.46;
11.96,20.65,5.74;
10.44,23.89,6.67;
6.25,27.08,8.09;
2.76,23.63,9.62;
2.97,17.98,8.72;
5.92,15.86,6.78;
9.03,15.25,5.49;
6.59,15.61,5.88;
2.99,17.93,7.53;
3.52,15.90,7.86;
4.42,12.36,6.81;
6.59,10.79,4.61;
7.05,10.47,2.98;
6.42,10.56,2.17;
4.36,10.70,3.28;
4.59,8.28,3.92;
5.02,7.19,3.85;
5.47,6.73,3.51;
5.14,5.95,3.02;
4.91,5.80,3.14;
4.54,3.57,4.01;
2.68,2.45,3.02;
2.10,1.43,2.04;
2.94,1.67,0.56;
3.63,1.38,0.67;
3.09,0.94,1.66;
1.75,0.70,2.04;
-0.57,1.38,0.70;
1.24,1.26,-1.12;
3.26,2.13,-2.89;
4.07,3.46,-2.46;
2.07,4.27,0.07;
0.73,3.23,1.59;
1.24,0.35,1.54;
1.32,-0.94,0.98;
1.43,0.16,-0.23;
1.92,0.88,-0.93;
1.21,1.40,-0.20;
0.88,0.76,0.40;
-0.14,1.19,0.76;
0.47,0.76,-0.26;
1.02,0.06,-1.45;
0.94,-1.17,-1.91;
-0.16,-0.97,-0.92;
-0.48,-0.75,0.82;
-0.86,-0.97,0.49;
-1.23,-1.35,-0.51;
0.39,-1.67,-2.40;
1.50,-0.77,-2.89;
2.04,-0.31,-1.68;
0.30,0.32,-0.00;
-0.94,-0.13,0.43;
-0.21,-1.04,0.04;
-0.05,-1.00,-0.80;
-0.13,-0.16,-0.98;
0.16,-0.30,-0.86;
0.80,-0.05,-0.66;
0.28,0.24,-0.32;
0.10,-0.65,-0.17;
-0.77,-0.89,-0.46;
-0.94,-0.57,-1.39;
-0.31,0.09,-1.77;
0.57,-0.88,-1.77;
0.25,-0.52,-0.54;
-0.98,0.28,-0.29;
-1.53,0.39,-0.89;
0.39,-1.07,-1.77;
1.99,-1.67,-2.12;
2.02,-1.82,-1.31;
1.90,-1.76,-0.61;
-0.65,-0.30,0.91;
-1.72,-0.59,0.67;
-0.45,-1.17,-0.69;
1.37,-1.03,-1.48;
2.25,-1.39,-1.77;
2.18,0.04,-1.06;
0.91,0.56,-0.22;
-0.40,0.97,0.09;
-0.57,1.45,-0.22;
0.39,0.41,-0.61;
0.33,-0.55,-0.34;
0.22,-0.89,0.52;
-0.91,-0.57,0.59;
-1.98,-0.66,-0.87;
-1.46,-0.72,-2.03;
-0.24,-0.97,-2.38;
0.08,-1.03,-2.44;
-0.69,-1.38,-1.12;
-1.24,-1.04,0.69;
-2.47,-0.25,0.82;
-2.08,-0.92,0.09;
-0.86,-1.61,-0.51;
0.16,-2.62,-0.89;
0.59,-1.21,-0.58;
0.47,-0.23,0.33;
-0.30,0.06,0.24;
-0.01,-0.04,-0.57;
0.50,-0.62,-0.75;
1.08,-0.81,-0.55;
1.08,-0.55,0.14;
0.28,-0.75,0.70;
-0.34,-0.75,0.87;
-0.28,-0.40,-0.11;
0.22,-0.40,-1.22;
1.18,-0.40,-0.95;
0.66,-1.23,-0.52;
-0.10,-2.13,-1.04;
0.65,-2.33,-2.49;
1.66,-2.68,-2.83;
1.26,-2.80,-2.61;
1.35,-3.21,-1.54;
0.89,-3.01,-1.07;
1.20,-2.60,-1.36;
1.21,-2.52,-1.76;
1.15,-2.07,-1.15;
0.16,-2.16,-1.02;
0.01,-2.40,-0.49;
