0.24,-0.85,-0.36;
0.19,-0.96,-0.53;
1.17,-1.18,-0.77;
1.53,-1.37,-0.86;
0.51,-1.08,-0.63;
0.33,-0.93,-0.65;
0.82,-1.02,-0.62;
1.59,-0.90,-0.79;
1.12,-0.76,-0.45;
1.14,-0.81,-0.34;
0.54,-0.64,-0.31;
0.54,-0.69,-0.16;
0.33,-0.35,-0.37;
0.02,-0.63,-0.48;
0.14,-0.46,-0.56;
0.40,-0.66,-0.25;
-0.42,-0.29,-0.39;
-0.13,-0.40,-0.54;
0.14,-0.35,-0.53;
0.43,-0.18,-0.71;
0.46,-0.56,-0.37;
0.56,-0.53,-0.47;
0.92,-0.73,-0.28;
1.15,-0.84,-0.85;
0.91,-0.78,-0.57;
0.95,-0.79,-0.70;
0.16,-0.66,-0.54;
0.46,-0.67,-0.70;
0.62,-0.72,-0.42;
0.68,-0.61,-0.57;
-0.28,-0.34,-0.22;
-0.36,-0.49,-0.30;
0.37,-0.47,-0.33;
0.07,-0.37,-0.34;
-0.39,-0.17,-0.50;
-0.13,-0.38,-0.16;
-0.21,-0.37,-0.15;
-0.02,-0.58,-0.16;
-0.18,-0.31,0.07;
0.11,-0.46,-0.22;
0.04,-0.50,-0.02;
0.17,-0.47,-0.27;
-0.25,-0.55,-0.13;
0.11,-0.67,0.02;
0.21,-0.73,-0.01;
0.48,-0.72,0.05;
1.11,-0.69,-0.13;
1.20,-0.55,-0.16;
0.57,-0.26,0.10;
-0.31,-0.18,0.33;
-1.37,0.12,0.54;
-0.79,0.20,0.36;
-0.53,0.05,0.14;
-0.41,-0.21,0.10;
-0.33,-0.11,-0.05;
-0.38,-0.05,0.18;
-0.04,-0.05,-0.08;
-0.47,0.23,0.19;
-0.77,-0.11,-0.04;
-0.30,-0.29,-0.16;
0.34,-0.40,0.21;
0.34,-0.29,-0.12;
0.75,-0.35,-0.13;
0.95,-0.43,-0.08;
0.56,-0.60,-0.22;
0.36,-0.81,0.01;
0.48,-0.63,-0.19;
0.19,-0.46,-0.15;
0.37,-0.64,-0.08;
0.28,-0.92,-0.19;
0.66,-0.75,-0.34;
0.43,-0.47,-0.21;
-1.35,0.24,-0.08;
-2.47,0.57,0.01;
-1.47,0.53,-0.08;
-1.87,0.99,0.07;
-3.93,1.74,0.63;
-6.25,2.70,0.74;
-8.83,3.83,1.14;
-11.38,4.21,1.53;
-9.35,4.34,1.20;
-7.72,4.72,1.08;
-6.38,3.94,1.52;
-7.09,4.79,1.63;
-7.37,5.57,1.66;
-8.01,6.00,1.88;
-6.07,5.50,1.64;
-3.66,5.40,1.59;
-2.21,5.02,1.61;
-4.30,6.03,1.81;
-6.53,7.05,1.70;
-6.18,6.96,1.73;
-6.19,7.01,1.96;
-7.29,6.76,2.14;
-7.38,6.35,2.21;
-6.86,5.92,1.92;
-4.54,4.90,1.32;
-1.89,3.71,1.38;
-0.42,3.48,0.88;
-3.11,3.62,1.09;
-4.92,3.57,1.29;
-4.97,3.22,0.51;
-3.31,2.34,-0.01;
-3.02,1.01,0.01;
-3.44,0.29,-0.39;
-3.83,-0.09,0.16;
-0.15,-1.43,-0.97;
0.74,-1.92,-1.11;
0.71,-2.73,-1.46;
0.28,-3.33,-1.29;
2.05,-4.60,-1.14;
4.66,-6.11,-1.50;
8.77,-8.03,-1.99;
11.52,-9.01,-2.73;
12.95,-9.60,-2.91;
13.95,-10.15,-3.31;
12.27,-9.72,-3.15;
8.34,-9.22,-3.20;
6.94,-9.13,-3.32;
6.80,-9.07,-3.00;
9.29,-9.69,-3.32;
8.34,-9.34,-3.09;
7.82,-7.72,-3.52;
7.85,-7.21,-3.32;
4.85,-6.47,-2.44;
2.51,-6.09,-1.98;
3.43,-6.38,-1.87;
5.76,-7.31,-2.47;
8.94,-7.94,-3.03;
10.21,-8.75,-3.28;
9.18,-9.13,-3.24;
5.92,-8.90,-2.86;
3.66,-9.18,-2.57;
3.93,-9.80,-2.83;
3.79,-11.39,-3.46;
4.14,-12.41,-3.92;
1.66,-13.37,-4.73;
4.57,-16.75,-5.99;
12.08,-20.31,-7.12;
12.74,-22.03,-7.64;
10.91,-26.56,-8.02;
7.50,-25.85,-7.40;
6.69,-25.21,-7.61;
2.42,-23.28,-6.95;
1.56,-24.12,-6.88;
0.77,-23.10,-7.24;
1.81,-22.37,-7.20;
1.03,-22.23,-7.09;
-2.13,-21.04,-6.12;
-6.12,-20.29,-5.21;
-5.38,-19.92,-5.41;
-8.51,-17.37,-4.05;
-0.67,-17.22,-3.46;
3.41,-14.82,-4.08;
-1.57,-12.21,-3.11;
-4.97,-9.72,-1.82;
-6.15,-7.22,-1.44;
-3.09,-4.98,-0.77;
-1.70,-3.50,-0.85;
2.72,-2.26,-1.18;
3.03,-1.13,-1.28;
0.16,0.05,-0.89;
-0.41,-1.57,-1.34;
-4.45,-2.78,-2.05;
-8.59,-4.61,-2.86;
-14.51,-8.50,-3.84;
-18.42,-13.63,-6.02;
-15.93,-19.86,-8.10;
-12.79,-26.40,-11.08;
-15.35,-34.78,-13.75;
-25.90,-43.48,-16.39;
-35.63,-52.00,-19.75;
-47.14,-64.56,-25.72;
-57.69,-82.72,-32.82;
-51.03,-105.98,-37.49;
-61.28,-123.68,-39.08;
-48.30,-141.66,-36.56;
-60.76,-142.50,-34.25;
-20.83,-155.10,-36.73;
6.10,-154.84,-33.11;
29.04,-153.50,-43.08;
49.43,-154.55,-41.44;
56.68,-154.34,-29.38;
23.76,-141.25,-28.04;
32.22,-136.82,-23.21;
56.79,-127.91,-23.18;
36.24,-107.01,-21.73;
10.80,-84.20,-2.48;
-9.86,-55.19,5.53;
-17.47,-26.09,15.73;
3.23,4.03,15.08;
8.68,29.94,15.38;
-0.70,65.19,29.05;
0.08,101.73,41.44;
16.46,133.18,42.66;
32.75,171.69,41.88;
12.69,206.43,44.71;
-34.21,231.39,41.88;
-85.52,249.37,34.63;
-144.57,273.68,37.06;
-105.95,268.43,36.18;
-96.16,262.00,46.30;
-32.97,231.22,32.92;
-45.54,182.47,23.29;
-63.92,144.86,9.06;
51.75,70.35,-54.86;
7.33,39.05,-61.66;
-46.67,30.95,-38.05;
-85.29,24.08,-20.27;
-132.59,33.62,-8.71;
-140.13,34.23,-3.14;
-130.70,31.44,-8.76;
-131.60,30.43,-17.31;
-95.93,25.51,-25.67;
-43.11,21.25,-28.48;
-10.67,18.79,-29.38;
27.12,6.37,-37.46;
51.35,-7.69,-46.54;
75.59,-31.63,-56.51;
94.42,-63.14,-66.04;
113.37,-92.95,-76.47;
143.62,-117.10,-84.24;
343.18,-278.78,-111.72;
85.73,-326.03,-82.53;
-70.79,-211.36,-72.63;
-63.81,-196.35,-7.70;
-39.29,-228.11,-23.18;
70.63,-201.56,-56.99;
114.82,-188.67,-100.39;
73.46,-194.63,-38.45;
-60.99,-171.43,-41.93;
-48.53,-160.99,-29.09;
-79.58,-130.12,3.82;
-139.69,-92.79,20.39;
-131.41,-64.93,9.27;
-61.63,-37.28,-6.25;
-28.92,-5.43,2.95;
-8.68,18.08,8.08;
-18.39,20.92,-37.76;
102.80,25.37,-35.08;
152.77,75.33,-45.79;
94.72,99.07,-11.75;
47.72,141.11,46.69;
49.50,181.42,60.92;
47.55,207.77,65.49;
-9.34,224.23,84.28;
-124.01,240.41,99.81;
-190.65,255.60,102.30;
-175.81,249.79,119.50;
-185.90,247.73,128.60;
-107.05,207.91,110.04;
-0.08,172.32,94.79;
78.25,96.02,76.94;
94.72,44.03,46.22;
81.23,25.76,45.09;
120.69,19.86,47.85;
161.56,22.60,46.05;
174.02,25.16,44.60;
154.11,32.79,47.55;
86.74,36.55,56.18;
31.62,30.09,64.82;
-6.24,15.37,66.76;
-0.47,-6.93,55.29;
10.48,-22.20,43.76;
12.91,-30.23,34.86;
45.64,-51.65,19.55;
59.15,-69.60,6.95;
55.78,-76.93,-1.98;
70.88,-90.41,-18.13;
144.50,-144.15,-40.79;
246.25,-215.56,-34.13;
31.90,-234.98,-24.71;
-76.91,-173.21,-37.69;
-57.72,-140.26,2.76;
-154.51,-153.79,30.25;
-59.09,-126.47,-1.92;
116.17,-134.72,-42.65;
42.54,-113.36,-29.96;
7.79,-106.92,10.22;
65.33,-78.20,-17.23;
0.07,-29.47,-2.31;
-75.41,16.67,35.49;
-79.69,29.60,47.12;
-117.76,33.71,16.39;
-54.04,40.58,-1.18;
85.93,27.77,11.11;
68.57,55.60,1.53;
35.01,67.54,10.50;
-37.43,91.19,28.88;
-73.92,102.63,37.01;
-64.86,104.96,35.23;
-28.57,100.11,31.85;
8.11,91.51,29.98;
6.71,87.62,29.61;
-1.09,83.05,30.16;
-5.02,74.90,30.69;
-4.21,69.42,31.82;
1.59,64.87,27.84;
9.58,61.16,22.54;
25.44,56.90,17.92;
51.08,49.40,13.44;
64.50,46.92,13.58;
53.12,49.86,14.19;
32.22,51.57,15.82;
3.72,52.61,17.01;
-26.28,31.28,11.67;
-4.15,29.51,11.21;
13.56,13.83,2.14;
40.21,-2.31,-5.12;
50.79,-11.30,-7.49;
31.46,-8.75,-4.91;
4.34,-0.66,-1.67;
-28.96,7.77,5.47;
-39.41,11.24,9.41;
-28.41,11.47,7.41;
-4.27,9.15,2.86;
12.80,5.45,0.57;
25.35,0.81,-1.29;
35.92,-1.16,-1.03;
29.92,1.27,0.05;
11.09,4.17,1.88;
-0.50,4.84,4.08;
2.98,1.59,2.62;
17.85,-3.97,-0.92;
23.93,-6.40,-2.48;
26.56,-7.97,-3.95;
21.09,-7.37,-2.97;
10.34,-5.10,-1.35;
3.52,-2.49,-1.15;
0.80,-1.08,-1.14;
1.15,-0.84,-1.47;
4.40,-2.01,-1.44;
7.46,-3.01,-1.52;
8.11,-3.36,-1.63;
8.63,-3.11,-1.60;
5.56,-1.79,-0.73;
2.01,-0.75,0.07;
0.80,0.08,0.16;
1.93,-0.01,0.02;
0.42,0.50,0.45;
-0.73,-0.18,1.18;
0.04,0.52,0.62;
2.37,0.35,0.59;
2.72,0.66,0.56;
3.66,0.12,0.59;
0.33,0.96,1.26;
-4.70,1.28,1.82;
-5.18,1.44,1.66;
-2.45,0.61,1.35;
-3.29,1.30,1.53;
-8.73,2.92,2.13;
-10.19,3.53,1.96;
-10.62,3.36,1.88;
-6.80,2.05,1.67;
-3.81,1.28,1.14;
-4.36,1.50,1.52;
-5.81,1.74,1.79;
-2.39,1.31,1.49;
1.50,0.49,1.06;
3.72,0.03,0.45;
4.56,-0.35,0.53;
4.83,-0.50,0.30;
3.29,-0.24,0.43;
-2.65,0.61,1.14;
-3.25,0.18,1.09;
-0.47,-0.53,0.21;
3.44,-1.60,-0.42;
4.54,-2.15,-0.01;
4.91,-2.21,-0.34;
2.30,-1.05,0.08;
1.21,-0.26,0.28;
1.47,0.00,0.45;
0.05,0.37,0.60;
1.00,0.00,0.63;
1.00,-0.06,0.50;
0.62,-0.29,0.65;
3.52,-0.56,0.21;
4.27,-0.47,0.31;
1.23,0.75,0.54;
-0.36,1.01,0.65;
1.33,0.17,0.10;
4.75,-0.66,-0.27;
2.86,-0.15,0.07;
-1.21,0.57,0.82;
-1.64,0.41,0.95;
-0.21,-0.23,0.86;
2.34,-0.64,0.30;
4.46,-1.27,-0.04;
3.95,-1.13,0.05;
2.01,-1.13,0.62;
4.16,-2.06,0.63;
4.83,-1.36,-0.01;
2.21,-0.35,0.25;
-0.70,0.12,0.62;
-0.83,0.06,0.68;
0.21,0.09,0.48;
-1.92,0.81,0.54;
-5.49,1.40,1.03;
-5.40,1.53,1.09;
-1.98,1.07,0.53;
-0.16,1.13,0.02;
-1.29,1.33,0.19;
-3.26,2.03,0.53;
-3.72,1.88,0.34;
-3.06,2.03,0.10;
-3.28,2.18,-0.13;
-5.03,2.60,-0.07;
-5.52,2.24,0.07;
-2.54,1.44,-0.50;
0.80,0.75,-0.77;
0.89,0.66,-0.91;
0.48,-0.03,-0.88;
-0.31,0.02,-0.92;
-0.01,-0.35,-0.53;
0.22,-0.35,-0.70;
0.72,-0.20,-0.80;
0.95,-0.56,-1.32;
1.66,-1.11,-1.15;
1.43,-1.66,-1.29;
0.05,-1.43,-1.00;
-0.07,-1.19,-1.15;
2.59,-1.76,-2.02;
3.59,-1.80,-2.10;
3.11,-1.72,-1.63;
1.93,-1.02,-1.70;
-0.99,-0.60,-1.18;
-1.32,-0.73,-0.82;
0.89,-0.64,-1.49;
0.68,-0.12,-1.78;
-0.89,-0.05,-1.41;
-0.30,-0.44,-1.52;
0.42,-0.76,-1.57;
-0.42,-0.41,-1.26;
-0.19,0.05,-1.29;
0.17,0.41,-1.37;
1.00,0.11,-1.64;
1.49,-0.09,-1.29;
0.24,0.31,-1.23;
0.31,0.49,-1.43;
-0.01,0.52,-1.14;
-1.31,0.67,-1.15;
0.27,0.37,-1.29;
-0.36,0.46,-0.89;
-0.94,0.24,-0.97;
-1.03,0.11,-0.65;
-0.56,-0.49,-0.57;
-0.30,-0.21,-0.68;
-0.18,-0.01,-1.14;
-0.53,0.12,-0.95;
-1.69,0.09,-0.86;
-1.28,-0.06,-0.76;
-1.44,-0.11,-0.66;
-1.73,0.14,-0.76;
-1.67,0.61,-0.51;
-1.18,0.69,-0.73;
-0.27,0.37,-0.70;
0.63,0.41,-0.48;
-0.85,0.24,-0.60;
-1.00,0.26,-0.33;
-1.44,0.47,-0.13;
-0.94,0.38,-0.42;
-0.25,0.35,-0.39;
0.01,0.24,-0.53;
1.23,-0.41,-0.57;
1.01,-0.61,-0.50;
-0.34,-0.24,-0.36;
-1.26,-0.35,0.13;
0.50,-0.82,-0.21;
2.79,-1.19,-0.63;
3.62,-1.43,-0.59;
2.42,-1.07,-0.45;
0.24,-0.47,-0.04;
-0.76,-0.38,0.07;
0.91,-1.21,-0.24;
3.47,-1.45,-0.70;
2.95,-1.50,-0.71;
-0.27,-0.73,0.01;
-1.09,-0.60,-0.01;
-0.96,-0.09,-0.31;
-0.36,-0.03,-0.30;
1.33,-0.43,-0.27;
0.98,-0.29,-0.36;
0.34,-0.05,-0.15;
-1.32,0.32,0.02;
-1.41,0.35,0.02;
-0.74,0.21,-0.10;
0.05,0.08,-0.36;
-0.10,0.17,-0.18;
0.72,-0.44,-0.15;
1.06,-0.43,-0.47;
2.16,-0.60,-0.44;
2.04,-0.53,-0.79;
1.72,-0.55,-0.74;
1.06,-0.61,-0.44;
0.40,-0.73,-0.41;
0.42,-0.58,-0.25;
1.18,-0.70,-0.89;
1.03,-0.70,-0.63;
0.88,-0.72,-0.62;
0.79,-0.78,-0.59;
0.07,-0.61,-0.48;
-0.27,-0.69,-0.41;
-0.30,-0.61,-0.39;
-0.22,-0.27,-0.31;
0.56,-0.55,-0.30;
-0.05,-0.41,-0.33;
-1.64,0.08,-0.07;
-1.79,0.18,-0.04;
-2.24,0.06,-0.30;
-1.90,-0.12,-0.56;
-0.31,-0.41,-0.65;
0.63,-0.49,-0.54;
-0.96,0.08,-0.48;
-1.99,0.49,-0.22;
-1.63,0.60,-0.51;
-0.30,0.43,-0.60;
0.37,0.05,-0.85;
-0.89,0.40,-0.60;
-1.23,0.23,-0.50;
-0.76,0.32,-0.63;
0.27,-0.08,-0.88;
0.46,-0.43,-0.77;
0.51,-0.17,-0.80;
-1.03,-0.15,-0.63;
-1.09,0.14,-0.56;
-0.24,-0.09,-0.63;
1.09,-0.15,-0.66;
0.94,-0.29,-0.73;
0.40,-0.11,-0.48;
0.85,-0.23,-0.28;
1.35,-0.26,-0.37;
0.62,0.05,-0.30;
0.75,0.05,-0.34;
1.01,0.12,-0.42;
1.41,-0.01,-0.56;
0.59,0.08,-0.41;
-0.59,0.31,-0.34;
0.30,0.11,-0.30;
0.80,-0.05,-0.45;
0.82,-0.23,-0.50;
0.08,-0.12,-0.45;
-0.24,-0.08,-0.36;
-0.45,0.11,-0.62;
-0.70,0.21,-0.53;
-0.65,-0.12,-0.21;
0.36,-0.23,-0.18;
0.57,-0.09,-0.42;
0.50,-0.29,-0.45;
0.14,-0.08,-0.15;
-0.24,-0.11,-0.24;
0.33,-0.31,-0.37;
0.31,-0.41,-0.24;
0.21,-0.52,-0.37;
-0.47,-0.32,-0.24;
-0.01,-0.53,0.01;
0.69,-0.37,-0.18;
-0.96,-0.09,0.16;
-1.20,0.03,0.42;
-0.30,-0.09,0.05;
-0.41,-0.11,-0.10;
-0.97,-0.14,0.30;
-0.65,-0.21,-0.01;
0.08,-0.56,0.05;
0.21,-0.53,0.14;
1.96,-1.05,-0.30;
1.75,-0.73,-0.19;
1.00,-0.64,0.19;
0.25,-0.78,0.01;
0.66,-0.76,0.02;
1.73,-0.79,-0.13;
2.04,-1.19,-0.24;
2.98,-1.39,-0.15;
3.66,-1.71,-0.16;
3.79,-1.62,-0.22;
2.79,-1.77,-0.12;
2.37,-1.57,0.25;
2.98,-1.80,-0.08;
3.59,-2.12,-0.07;
3.87,-2.03,-0.22;
3.73,-2.29,-0.12;
5.14,-2.32,0.05;
2.98,-1.71,0.11;
0.24,-0.75,0.71;
-0.31,-0.60,1.00;
0.07,-0.27,0.72;
0.42,-0.43,0.50;
1.09,-0.05,0.39;
0.66,-0.21,0.24;
0.45,-0.32,0.19;
-2.99,0.73,0.82;
-6.65,0.89,1.49;
-4.76,0.29,1.06;
-0.74,-0.41,0.31;
3.32,-1.85,-0.42;
0.36,-0.99,-0.07;
-3.54,-0.27,0.47;
-5.87,0.12,0.45;
-2.63,-0.49,0.31;
0.33,-1.19,-0.37;
3.30,-1.60,-0.24;
0.57,-0.40,-0.16;
-3.32,0.43,0.48;
-4.38,0.61,0.74;
-0.50,-0.41,-0.25;
2.77,-1.34,-0.44;
1.62,-1.24,-0.41;
-1.00,-1.04,0.05;
-0.44,-1.48,-0.47;
0.92,-2.12,-1.00;
1.98,-3.37,-1.29;
3.41,-4.18,-1.52;
1.29,-4.12,-1.58;
-0.41,-5.71,-2.33;
-1.72,-7.30,-2.94;
-4.48,-9.02,-4.18;
-5.89,-10.72,-4.63;
-2.73,-14.69,-6.07;
-2.18,-16.29,-7.15;
-8.76,-18.03,-7.92;
-11.28,-20.90,-8.94;
-12.02,-24.20,-10.51;
-6.68,-30.47,-12.31;
-4.28,-34.50,-13.93;
-9.70,-39.45,-14.57;
-16.83,-44.64,-15.96;
-19.90,-50.64,-16.91;
-25.29,-57.31,-19.05;
-24.59,-67.18,-22.02;
-35.08,-75.72,-23.99;
-39.99,-83.79,-25.86;
-34.71,-99.28,-29.75;
-42.54,-107.25,-32.18;
-38.34,-115.40,-30.31;
-39.18,-121.80,-29.57;
-26.21,-127.62,-31.18;
-0.56,-127.85,-33.31;
10.48,-130.18,-33.60;
-39.31,-124.44,-37.34;
-97.95,-123.83,-40.28;
13.26,-152.41,-34.13;
94.97,-156.87,-29.93;
53.37,-139.80,-46.33;
-43.32,-131.88,-36.47;
-20.54,-140.01,-16.53;
43.92,-135.25,-23.47;
43.66,-127.54,-23.60;
16.59,-110.61,-6.97;
4.60,-92.76,7.05;
19.72,-76.11,10.40;
14.05,-50.18,11.26;
-7.00,-21.39,18.19;
-1.09,2.92,17.43;
9.08,22.69,16.24;
20.56,52.31,16.77;
15.55,83.27,21.11;
18.14,108.40,25.34;
20.97,137.62,30.98;
28.97,162.23,32.88;
18.13,183.25,29.96;
2.34,200.64,24.54;
-41.86,224.21,16.05;
-77.93,243.71,13.41;
-68.22,253.76,11.15;
-45.64,248.24,24.48;
-30.12,229.02,29.81;
-56.27,223.16,24.82;
-45.40,222.06,6.72;
-18.21,199.30,-9.12;
18.10,159.25,-8.30;
23.96,114.53,-9.41;
-25.26,82.44,-3.34;
-111.55,73.45,6.45;
-134.07,65.76,4.71;
-132.50,64.75,0.53;
-119.99,63.05,3.98;
-118.22,57.92,1.23;
-106.44,48.15,-11.11;
-73.95,32.93,-26.30;
-45.37,22.38,-36.94;
-10.65,8.37,-45.76;
5.41,-4.52,-47.72;
18.82,-20.43,-50.16;
43.23,-35.83,-57.29;
98.62,-66.26,-72.48;
100.95,-80.55,-90.57;
114.98,-123.37,-108.30;
215.14,-260.46,-135.03;
-23.35,-334.56,-98.39;
32.69,-286.41,-99.96;
226.10,-247.31,-103.52;
39.87,-259.27,-33.87;
-137.50,-206.23,-17.29;
96.95,-220.98,-79.24;
138.69,-226.52,-66.18;
-157.06,-145.19,-28.51;
-126.83,-149.79,-33.34;
-149.09,-107.88,-16.83;
-99.44,-108.64,-1.53;
-92.99,-79.92,-20.74;
-20.33,-68.79,-16.44;
3.52,-34.98,-9.15;
-24.22,-9.34,-8.15;
-1.34,8.86,-0.77;
18.59,33.15,-4.12;
3.70,61.71,6.88;
19.09,81.36,19.92;
67.44,101.08,22.16;
119.38,123.86,22.53;
128.69,160.63,28.14;
136.45,191.37,41.55;
106.01,228.35,57.59;
15.73,268.38,71.52;
-112.45,299.19,68.24;
-121.92,297.48,51.85;
-30.91,269.36,72.25;
-19.40,264.23,99.93;
5.93,241.39,108.25;
28.30,179.95,104.04;
-31.79,91.42,111.88;
-80.85,27.44,94.77;
-130.68,9.83,83.87;
-99.41,8.49,89.73;
-36.31,5.44,85.66;
-4.22,1.53,68.66;
-9.99,-13.16,56.91;
-38.39,-19.10,48.71;
-47.12,-24.67,41.66;
-16.08,-38.52,33.69;
16.21,-53.07,24.47;
11.58,-60.31,18.16;
1.21,-58.96,15.20;
3.12,-53.71,15.24;
22.10,-56.20,10.33;
45.03,-60.56,-2.53;
83.27,-75.48,-17.38;
187.61,-166.43,-34.88;
157.99,-265.66,-32.05;
22.34,-202.67,-84.82;
49.81,-129.48,-44.89;
-36.54,-176.99,8.63;
-29.37,-134.05,-3.31;
85.85,-153.16,-28.01;
-95.64,-103.94,-14.25;
-101.38,-109.48,21.43;
-3.60,-99.56,-12.68;
-5.05,-77.98,-11.14;
-103.73,-99.60,-5.90;
-118.34,-44.50,-40.18;
-30.18,-77.80,4.88;
20.51,-33.72,13.90;
7.87,-11.05,17.01;
-57.84,15.34,29.72;
-41.75,33.11,30.68;
-1.70,45.56,15.32;
54.14,49.59,2.54;
60.51,54.29,-0.73;
33.53,62.84,4.69;
33.56,66.09,7.55;
35.95,71.74,5.95;
32.82,76.58,7.27;
19.55,81.04,15.61;
11.81,84.32,18.37;
4.59,85.21,17.56;
11.35,79.91,11.84;
66.22,65.62,8.57;
89.00,65.04,2.37;
48.19,72.79,4.60;
19.04,72.41,11.38;
15.26,69.85,14.01;
28.69,61.79,14.22;
37.72,59.48,13.66;
43.12,56.26,13.53;
23.37,58.66,14.22;
-1.02,59.47,17.95;
-6.60,57.74,21.17;
7.55,54.63,20.40;
26.80,51.39,17.95;
34.50,50.29,14.57;
30.71,51.99,13.56;
20.50,52.52,15.53;
20.86,47.47,15.64;
17.85,43.34,12.60;
12.36,37.73,7.29;
1.41,25.83,7.00;
8.19,7.02,4.77;
35.17,-9.10,-2.22;
42.54,-14.38,-6.30;
20.25,-10.34,-5.93;
12.31,-7.63,-5.17;
9.12,-2.99,-6.57;
8.98,-2.12,-6.76;
7.09,-2.85,-5.90;
13.18,-5.48,-7.17;
14.69,-6.00,-6.12;
17.21,-6.56,-6.21;
15.56,-4.11,-4.92;
5.76,-0.98,-2.13;
-3.31,2.03,-0.31;
-3.81,3.37,0.07;
-2.96,3.59,-0.13;
-2.02,2.92,-0.16;
-2.04,3.02,0.22;
-5.29,3.24,0.19;
-5.35,3.50,0.04;
-1.92,2.50,-0.25;
-1.05,2.70,-1.43;
-0.68,2.00,-1.40;
-1.63,1.18,-1.03;
-1.84,0.23,-0.99;
-0.70,-0.27,-0.99;
-0.51,0.37,-1.20;
-2.74,1.50,-0.83;
-6.47,3.34,-0.48;
-8.25,4.23,-0.16;
-9.55,4.72,-0.22;
-8.24,4.06,-0.18;
-2.97,2.69,-1.05;
0.07,2.63,-1.60;
0.07,3.05,-1.82;
-1.44,2.86,-1.46;
-1.18,2.60,-0.95;
-2.83,2.63,-0.54;
-1.03,2.14,-0.85;
-2.54,2.50,-0.39;
-3.17,1.86,-0.48;
-0.18,0.86,-0.59;
-0.18,0.69,-0.91;
1.53,-0.01,-1.28;
-0.13,0.31,-0.53;
-0.21,0.26,-1.02;
-0.53,0.89,-0.79;
-0.36,0.64,-0.94;
1.43,0.18,-1.21;
4.97,-0.44,-1.09;
5.35,-0.61,-1.23;
3.18,-0.15,-0.45;
2.34,0.60,-0.28;
-0.48,1.33,-0.30;
-2.07,1.92,-0.28;
-2.91,1.62,0.18;
-2.77,1.19,0.04;
-3.05,1.33,0.08;
-1.61,0.87,-0.07;
-1.86,1.31,-0.16;
-1.43,1.56,-0.48;
-0.16,1.16,0.08;
-0.04,1.45,-0.05;
-0.67,1.37,0.05;
-0.63,1.51,-0.02;
0.98,1.18,-0.59;
1.49,0.84,-0.45;
1.23,0.53,-0.48;
-0.08,0.61,-0.45;
-1.96,1.47,-0.13;
-2.31,1.37,-0.07;
-0.83,0.86,-0.56;
-0.33,0.58,-0.65;
-2.44,0.46,0.13;
-2.67,0.05,0.40;
-0.53,-0.24,-0.08;
0.63,-0.20,-0.50;
1.73,-0.60,-0.48;
1.03,-0.53,-0.31;
0.04,-0.73,-0.08;
0.28,-0.52,0.28;
0.45,-0.47,-0.07;
1.78,-0.85,-0.53;
2.04,-0.60,-0.19;
0.98,-0.21,-0.28;
2.14,-0.41,-0.31;
-0.89,0.20,0.10;
-2.22,0.11,-0.13;
-0.79,-0.11,0.18;
0.43,-0.27,-0.22;
-0.10,-0.46,-0.01;
-1.40,-0.38,0.10;
-1.41,-0.11,0.11;
-0.88,-0.32,-0.05;
0.04,-0.38,-0.37;
0.05,-0.43,-0.10;
0.57,-0.64,-0.36;
0.94,-0.84,-0.12;
2.17,-1.16,-0.37;
3.20,-1.10,-0.16;
2.97,-1.27,-0.47;
2.31,-0.82,-0.21;
2.74,-0.93,-0.18;
1.21,-0.44,-0.34;
1.03,-0.50,-0.10;
1.21,-0.53,-0.13;
0.91,-0.90,-0.16;
1.55,-0.99,-0.45;
0.86,-0.95,-0.13;
-0.33,-0.41,-0.21;
-0.47,-0.44,-0.31;
-1.03,-0.43,-0.01;
-0.15,-0.82,-0.04;
-0.80,-0.66,0.30;
-0.21,-0.73,0.02;
0.86,-0.90,-0.24;
2.30,-0.98,-0.47;
1.79,-0.75,-0.28;
0.97,-0.55,-0.54;
-0.02,-0.60,-0.31;
-0.89,-0.61,-0.07;
-0.36,-0.78,-0.19;
0.36,-1.07,-0.65;
1.03,-1.50,-0.65;
1.46,-1.60,-0.65;
1.70,-1.42,-0.77;
1.84,-1.47,-0.68;
1.20,-1.02,-0.57;
0.28,-0.96,-0.41;
-1.75,-0.35,-0.21;
-1.83,-0.69,-0.24;
-0.67,-0.40,-0.47;
0.30,-0.43,-0.79;
-0.04,-0.37,-0.62;
-0.85,-0.15,-0.47;
-1.46,-0.17,-0.54;
-1.09,-0.50,-0.42;
0.92,-0.79,-0.59;
1.18,-0.84,-1.09;
1.78,-1.13,-0.76;
2.05,-1.04,-0.71;
2.71,-1.13,-0.76;
1.81,-0.52,-0.85;
0.86,-0.26,-0.82;
-0.91,0.09,-0.39;
-2.54,-0.11,0.22;
-1.18,-0.17,-0.36;
-0.22,-0.21,-0.45;
-0.36,-0.32,-0.02;
-0.51,-0.12,-0.28;
-1.08,0.00,-0.15;
-1.23,-0.27,-0.19;
-1.23,-0.11,0.11;
-1.61,0.08,-0.18;
-0.96,-0.20,0.14;
-0.31,-0.23,-0.16;
1.35,-0.76,-0.39;
0.43,-0.43,-0.24;
0.10,-0.52,-0.28;
-0.41,-0.35,-0.10;
-1.40,0.32,-0.16;
-0.67,0.03,-0.13;
-0.71,0.14,-0.41;
-0.74,-0.05,-0.36;
-0.56,-0.06,-0.21;
-0.88,0.09,-0.19;
-0.45,0.20,-0.16;
-0.82,0.43,-0.54;
0.24,-0.09,-0.16;
1.30,-0.34,-0.15;
1.21,-0.38,-0.27;
1.43,-0.24,-0.31;
0.66,0.00,-0.44;
0.69,-0.08,-0.31;
0.43,-0.12,-0.27;
-1.96,0.47,-0.44;
-2.10,0.58,-0.28;
-1.70,0.14,-0.47;
-0.86,-0.44,-0.62;
-0.31,-0.43,-0.50;
-0.18,-0.52,-0.56;
0.13,-0.60,-0.68;
0.22,-0.46,-0.62;
0.62,-0.85,-0.68;
0.82,-0.96,-0.62;
0.92,-1.27,-0.70;
1.00,-1.01,-0.83;
1.69,-1.16,-0.76;
0.91,-0.89,-0.77;
0.46,-0.95,-0.56;
0.31,-0.99,-0.47;
-0.31,-0.70,-0.50;
0.10,-0.84,-0.24;
-0.01,-0.69,-0.34;
1.18,-1.04,-0.48;
0.75,-0.72,-0.28;
-0.30,-0.44,-0.10;
-0.67,-0.31,-0.18;
-0.59,-0.37,-0.12;
-0.50,-0.73,-0.18;
-0.13,-0.85,-0.28;
0.04,-0.66,-0.41;
0.37,-0.75,-0.39;
0.14,-0.81,-0.31;
-0.42,-0.61,-0.04;
-0.04,-0.90,-0.39;
-0.15,-0.84,-0.04;
0.28,-1.18,-0.39;
1.24,-0.93,-0.50;
0.82,-1.16,-0.24;
0.85,-1.08,-0.33;
0.02,-0.38,-0.22;
0.17,-0.76,-0.28;
0.21,-0.75,0.05;
0.45,-1.05,-0.30;
0.77,-1.30,-0.36;
0.86,-1.28,-0.37;
1.17,-1.37,-0.24;
1.06,-1.16,-0.37;
0.77,-0.90,-0.33;
0.01,-0.58,-0.53;
0.42,-0.53,-0.34;
0.36,-0.95,-0.47;
0.60,-0.92,-0.15;
0.62,-1.04,-0.25;
1.23,-1.43,-0.37;
2.13,-1.24,-0.24;
2.04,-1.57,-0.45;
1.47,-1.22,-0.22;
0.60,-0.89,0.08;
0.31,-0.90,0.37;
1.23,-0.90,0.04;
1.37,-0.87,0.13;
0.69,-0.44,0.05;
-0.41,-0.01,0.33;
-1.17,0.21,0.51;
-0.80,-0.09,0.48;
-0.28,-0.06,0.53;
-0.91,-0.14,0.37;
0.21,-0.40,0.53;
0.91,-0.26,0.11;
1.04,-0.55,-0.07;
0.57,-0.52,0.21;
-0.48,-0.43,0.11;
-1.17,-0.09,0.36;
-1.15,-0.05,0.27;
-0.88,-0.55,0.21;
0.01,-0.56,0.05;
-0.22,-0.43,0.42;
0.25,-0.56,0.53;
0.69,-0.46,0.34;
1.23,-0.47,0.25;
-0.01,0.03,0.54;
-0.83,-0.27,0.92;
-0.48,-0.38,0.82;
1.84,-0.82,0.28;
2.60,-0.98,0.45;
-0.60,-0.60,0.97;
-0.10,-0.58,1.18;
2.14,-0.70,0.65;
0.88,-0.69,0.68;
-0.74,-0.44,0.92;
-2.41,-0.14,0.94;
-2.48,0.03,0.79;
-0.33,-0.41,0.59;
-1.12,-0.18,0.62;
-2.80,0.05,0.74;
-3.06,-0.17,0.89;
-1.63,0.11,0.21;
0.69,-0.53,0.25;
0.28,-0.41,0.10;
-0.70,-0.32,0.37;
-1.31,-0.08,0.42;
-0.96,-0.12,0.13;
0.95,-0.37,-0.10;
1.09,-0.52,-0.12;
-0.13,-0.23,-0.13;
-0.12,-0.50,0.04;
-0.34,-0.11,-0.15;
-0.38,-0.35,-0.28;
1.17,-0.50,-0.36;
1.46,-0.70,-0.57;
1.72,-0.76,-0.56;
0.65,-0.60,-0.50;
0.04,-0.53,-0.33;
-0.34,-0.20,-0.45;
0.98,-0.55,-0.50;
2.13,-0.79,-0.82;
2.04,-0.66,-0.88;
1.61,-0.43,-0.76;
0.86,-0.53,-0.50;
1.27,-0.53,-0.27;
1.04,-0.58,-0.25;
1.41,-0.53,-0.50;
1.93,-0.55,-0.70;
1.56,-0.52,-0.79;
0.28,-0.37,-0.37;
-0.50,0.00,-0.59;
-0.85,-0.24,-0.28;
-0.27,-0.35,-0.39;
0.33,-0.32,-0.16;
-0.82,-0.12,0.19;
-1.15,0.20,0.14;
0.21,0.14,-0.16;
0.53,0.05,0.08;
0.05,0.12,-0.02;
-0.41,0.29,0.18;
0.08,0.21,0.10;
0.30,0.20,0.02;
-1.09,0.44,0.24;
-2.27,0.70,0.36;
-2.24,0.60,0.68;
-1.03,0.47,0.36;
-0.02,0.38,0.07;
-1.43,0.50,0.33;
-1.44,0.58,0.25;
-0.65,0.11,0.13;
0.31,0.20,0.08;
0.48,0.14,-0.05;
0.69,-0.29,0.02;
0.21,-0.14,-0.05;
0.31,-0.21,-0.10;
0.75,-0.43,-0.30;
0.85,-0.31,-0.41;
0.51,-0.27,-0.33;
0.92,-0.53,-0.37;
0.17,-0.60,-0.15;
0.54,-0.63,-0.24;
1.52,-0.95,-0.36;
1.87,-0.75,-0.41;
1.87,-0.79,-0.45;
1.17,-1.31,-0.36;
0.13,-1.36,-0.15;
0.39,-1.42,-0.07;
3.72,-2.47,-0.68;
6.22,-3.22,-1.06;
6.31,-3.47,-1.38;
4.77,-3.31,-1.18;
3.08,-2.84,-0.88;
2.42,-2.92,-0.71;
3.06,-2.87,-0.73;
3.41,-2.93,-1.08;
1.72,-1.98,-1.08;
-2.25,-1.34,-0.45;
-2.31,-2.24,-0.37;
0.07,-2.78,-0.73;
1.53,-4.00,-1.15;
1.85,-5.24,-1.58;
0.53,-6.32,-1.99;
0.16,-6.81,-2.39;
-0.21,-7.89,-2.44;
1.14,-9.16,-3.26;
3.12,-13.34,-4.59;
1.37,-14.75,-5.53;
-0.91,-17.97,-7.26;
-1.89,-20.61,-8.31;
-0.94,-23.68,-9.66;
-3.15,-27.02,-10.79;
-7.84,-29.65,-11.95;
-15.81,-31.47,-11.64;
-26.54,-36.27,-12.76;
-29.57,-41.39,-14.37;
-31.43,-47.72,-17.47;
-37.46,-56.41,-22.51;
-50.63,-68.05,-27.87;
-51.98,-83.19,-33.32;
-66.24,-93.85,-36.08;
-54.08,-114.76,-35.32;
-74.50,-128.67,-29.41;
-75.09,-137.59,-27.43;
-94.99,-130.99,-28.89;
-74.63,-143.57,-45.70;
30.25,-163.01,-46.66;
132.37,-160.99,-39.11;
120.88,-152.20,-46.48;
-84.39,-114.85,-27.41;
-154.36,-121.10,-8.28;
-84.33,-144.50,14.47;
33.99,-148.44,-13.03;
33.09,-135.63,-30.37;
48.82,-134.50,-21.76;
62.43,-115.43,-13.64;
31.87,-97.30,-11.61;
-15.44,-72.63,13.47;
10.11,-52.14,20.22;
19.18,-19.63,6.31;
28.10,3.16,3.18;
39.64,35.68,6.07;
28.17,71.83,16.88;
10.27,101.40,29.50;
6.71,133.10,40.10;
5.66,159.83,40.56;
1.11,175.65,35.20;
-15.60,196.18,24.56;
-66.31,220.98,17.55;
-77.32,246.21,10.36;
-77.32,254.11,19.52;
-66.86,240.43,27.30;
-134.07,233.68,30.27;
-139.38,226.37,16.89;
-59.40,206.93,-0.60;
47.79,141.86,-15.28;
81.70,102.20,-29.79;
36.40,66.99,-38.62;
-12.54,45.69,-27.96;
-35.57,43.71,-24.44;
-35.92,50.12,-23.05;
-14.44,51.27,-14.34;
-20.22,52.05,-9.31;
-46.92,51.77,-8.37;
-81.55,49.22,-9.81;
-107.78,42.81,-7.28;
-80.01,19.34,-10.19;
4.54,-10.26,-30.24;
73.00,-29.18,-49.11;
133.03,-55.53,-66.36;
143.52,-72.23,-78.15;
144.10,-101.08,-87.21;
103.67,-124.81,-93.43;
131.06,-192.18,-105.53;
79.38,-290.06,-114.74;
-85.81,-268.18,-103.52;
-36.21,-234.93,-96.33;
294.60,-301.33,-87.67;
-9.38,-252.81,-62.77;
-81.26,-201.25,-32.88;
161.08,-216.37,-66.02;
-52.34,-167.01,-11.40;
-122.76,-152.98,-21.40;
-98.89,-128.55,-11.17;
-73.64,-102.08,-5.84;
-85.84,-81.53,-35.46;
-27.98,-54.44,-55.64;
35.78,-26.37,-40.82;
-3.57,6.92,-16.37;
-22.73,30.63,5.88;
16.27,61.22,7.14;
87.20,91.15,-5.35;
130.83,121.77,2.77;
84.42,163.68,33.34;
34.31,202.61,64.77;
9.69,226.86,73.06;
-45.63,242.72,74.71;
-135.76,269.44,59.24;
-83.47,267.22,55.40;
-58.05,255.40,72.68;
-34.34,237.88,85.32;
-26.18,210.26,93.44;
-11.15,197.04,102.65;
-5.66,145.63,111.23;
12.04,80.72,107.05;
-27.31,53.80,90.86;
-27.75,45.18,89.46;
2.66,39.56,85.64;
10.54,41.54,74.30;
-5.93,43.89,68.14;
-51.49,45.47,67.95;
-68.94,33.27,68.59;
-48.99,16.29,59.40;
15.20,-5.63,38.83;
77.35,-26.37,22.54;
96.33,-37.08,15.93;
87.62,-44.08,10.07;
78.14,-56.15,1.58;
69.84,-74.27,-6.66;
58.54,-92.95,-10.92;
57.78,-115.66,-21.66;
160.34,-203.07,-47.46;
204.92,-332.40,-31.93;
-105.23,-264.46,-47.41;
-60.60,-174.26,-58.13;
108.33,-229.89,-28.60;
-65.73,-202.58,6.98;
60.74,-183.54,-52.16;
-71.47,-149.57,-31.52;
-0.16,-154.66,-17.20;
58.92,-159.01,-10.82;
47.73,-115.74,-19.37;
0.71,-83.19,0.43;
-140.05,-42.03,48.16;
-179.41,-19.48,65.75;
-125.08,-19.08,41.27;
-35.67,-20.61,5.08;
72.39,-8.21,-22.60;
99.38,6.61,-21.00;
44.53,37.34,-6.92;
8.69,48.18,18.39;
-15.02,63.07,32.05;
-24.50,72.92,35.79;
-3.90,85.94,28.30;
28.40,94.00,13.61;
25.67,104.29,7.38;
36.66,103.60,6.68;
27.01,111.99,8.86;
31.69,115.34,10.76;
11.33,121.31,12.22;
13.92,117.36,12.11;
23.92,114.89,10.18;
42.31,112.63,8.92;
46.30,110.96,11.78;
19.32,111.33,16.62;
-3.12,108.95,23.96;
-6.08,98.14,28.50;
11.04,85.73,29.17;
5.41,79.94,27.01;
-7.75,75.54,29.15;
-1.28,71.30,31.06;
20.19,67.07,26.08;
36.16,66.61,22.42;
-14.57,68.15,22.01;
-21.12,60.44,20.91;
-13.31,43.95,19.00;
19.52,16.44,10.69;
56.37,-8.40,0.31;
51.82,-14.20,-0.45;
39.84,-12.08,-1.49;
26.40,-4.70,-2.02;
9.17,1.73,-1.08;
-4.04,5.68,0.74;
-8.27,6.26,0.91;
4.60,3.11,1.32;
12.37,2.08,0.74;
11.14,2.70,0.39;
9.21,4.20,-0.13;
12.42,4.44,-0.82;
11.20,4.24,-0.79;
4.17,3.07,-1.08;
1.70,0.95,-1.03;
-0.44,-1.43,-1.23;
-1.55,-1.82,-2.21;
-2.24,-1.43,-2.15;
-3.47,-0.64,-1.89;
0.45,-0.76,-2.27;
2.82,-1.11,-1.93;
1.11,-0.72,-0.91;
-3.49,0.20,-0.65;
-1.08,0.05,-0.89;
2.56,-0.56,-1.87;
3.38,-1.31,-2.22;
1.37,-1.14,-1.81;
-2.86,-0.44,-1.20;
-3.76,-0.43,-0.79;
-1.57,-0.73,-0.80;
5.33,-2.09,-1.78;
6.54,-2.20,-1.50;
1.08,-1.54,-0.92;
-0.04,-1.62,0.10;
0.60,-1.14,-0.27;
3.08,-1.39,-0.24;
0.86,-0.40,-0.16;
0.16,-0.37,-0.15;
1.61,-0.49,0.04;
-0.56,-0.72,-0.02;
-2.57,-1.02,0.21;
-0.85,-1.30,-0.24;
0.63,-1.48,-0.41;
-0.27,-1.24,-0.56;
-1.14,-1.28,-0.62;
-2.68,-1.24,0.13;
-1.08,-1.97,-0.62;
4.01,-2.41,-1.02;
7.18,-2.81,-1.57;
6.57,-2.46,-1.26;
5.14,-2.14,-0.88;
2.07,-1.62,-0.47;
1.09,-1.83,-0.21;
2.83,-2.14,-0.56;
3.46,-2.11,-0.76;
4.45,-1.83,-1.05;
2.01,-1.34,-0.30;
-2.05,-0.44,0.07;
-3.76,-0.27,0.48;
-2.67,-0.37,0.56;
0.88,-0.96,-0.25;
2.65,-1.59,-0.30;
2.57,-1.54,-0.18;
0.42,-0.92,-0.24;
-0.68,-1.08,-0.04;
-0.39,-0.90,-0.10;
-0.53,-0.93,-0.10;
-1.32,-0.34,-0.19;
-0.88,-0.56,-0.59;
-1.08,-0.20,-0.44;
-1.73,-0.08,-0.22;
-3.05,0.20,0.07;
-3.18,0.49,0.07;
-0.82,0.06,-0.31;
1.73,-0.27,-0.92;
2.82,-0.23,-1.02;
1.64,0.09,-0.65;
-0.21,0.57,-0.44;
-0.59,0.49,-0.59;
0.13,-0.49,-0.45;
1.73,-0.79,-0.51;
3.53,-1.54,-0.50;
2.42,-0.95,-0.60;
1.67,-0.53,-0.37;
2.88,-0.81,-0.47;
2.39,-0.67,-0.73;
0.85,-0.84,-0.62;
0.86,-1.04,-0.19;
-0.08,-1.07,-0.33;
-0.70,-1.16,-0.22;
-0.30,-1.22,-0.37;
0.97,-1.51,-0.92;
0.28,-1.33,-0.65;
1.40,-1.57,-1.00;
3.11,-2.09,-0.94;
1.67,-1.77,-0.44;
-0.76,-1.30,-0.24;
0.45,-1.11,-0.39;
2.14,-1.19,-0.76;
2.50,-1.24,-1.02;
3.17,-1.13,-1.05;
0.92,-0.84,-0.47;
-2.71,-0.26,-0.28;
-4.18,0.49,0.19;
-3.47,0.38,0.11;
-1.00,0.15,-0.39;
-1.02,0.57,-0.18;
-2.47,1.10,-0.27;
-2.68,0.76,0.10;
-1.89,0.61,-0.01;
-0.38,0.09,-0.48;
-1.43,0.50,-0.71;
-0.85,0.08,-0.82;
-1.57,-0.11,-0.47;
-2.97,0.24,-0.37;
-2.71,0.03,-0.39;
-2.38,-0.21,0.05;
-0.99,-0.43,-0.37;
0.79,-0.41,-0.25;
0.62,0.35,-0.39;
-1.14,0.76,0.05;
-2.30,1.22,0.10;
-1.73,0.81,0.31;
-1.69,0.92,-0.24;
0.25,0.47,-0.27;
1.29,0.46,-0.18;
0.83,0.55,-0.27;
0.62,0.50,0.07;
0.16,0.70,0.27;
0.91,0.63,-0.08;
1.40,0.05,-0.13;
1.26,0.08,0.01;
1.21,0.14,0.19;
-0.36,0.61,-0.34;
-2.31,1.04,-0.28;
-2.60,0.81,-0.31;
-0.82,0.31,-0.66;
0.34,0.11,-0.56;
0.25,0.52,-0.37;
0.37,0.67,-0.50;
1.15,0.66,-0.44;
3.29,0.09,-0.71;
3.49,0.29,-0.94;
1.81,0.58,-0.24;
-0.08,0.76,0.13;
-1.03,0.98,0.60;
-1.21,0.58,0.83;
1.87,-0.08,0.59;
2.17,0.20,0.62;
-1.09,0.58,1.52;
-0.99,0.38,1.73;
2.46,0.12,1.43;
1.35,0.20,1.66;
-1.52,-0.24,2.45;
-2.60,0.20,2.19;
-1.05,-0.38,1.69;
0.88,-1.19,1.24;
0.28,-1.25,1.44;
-1.03,-1.27,1.43;
-1.63,-1.28,0.85;
1.58,-2.64,-0.02;
4.85,-4.14,-0.50;
4.17,-4.26,-0.71;
6.43,-5.08,-1.37;
6.94,-4.53,-1.26;
6.02,-3.88,-1.69;
5.56,-3.56,-1.29;
2.11,-2.75,-0.80;
0.97,-2.75,-0.45;
2.46,-2.78,-0.66;
3.50,-2.15,-0.91;
3.72,-2.05,-0.86;
1.88,-1.77,-0.79;
-1.89,-0.79,-0.53;
-3.03,-0.55,-0.66;
-1.21,-0.52,-1.17;
-0.99,-0.60,-1.06;
-4.28,0.66,-0.34;
-8.25,2.05,0.25;
-8.16,2.47,0.31;
-5.41,2.41,-0.08;
-4.36,2.66,-0.31;
-4.18,2.75,0.13;
-6.31,3.36,0.47;
-7.58,3.83,0.19;
-6.39,3.47,-0.05;
-4.01,2.52,0.27;
-3.63,2.29,0.19;
-2.51,1.77,0.40;
-1.17,1.44,-0.18;
-1.61,1.33,0.08;
-0.88,0.67,-0.04;
1.41,0.09,-0.13;
2.04,-0.24,-0.44;
1.12,-0.47,-0.33;
1.92,-0.89,-0.56;
2.51,-1.07,-0.65;
1.14,-1.04,-0.33;
-0.44,-1.11,-0.12;
-0.33,-1.08,-0.28;
1.99,-1.63,-0.80;
2.62,-2.15,-0.74;
2.31,-2.01,-0.62;
-0.59,-3.01,-0.36;
0.22,-5.43,-1.35;
3.27,-7.43,-2.53;
5.20,-9.10,-3.12;
5.78,-10.40,-3.66;
5.40,-11.10,-4.56;
1.69,-11.07,-4.77;
1.29,-12.60,-5.28;
5.59,-16.29,-7.41;
5.56,-17.34,-8.30;
4.28,-18.82,-8.85;
1.37,-20.70,-8.99;
-3.17,-22.78,-10.31;
-4.80,-25.48,-11.64;
-9.31,-28.79,-11.76;
-10.34,-33.50,-12.91;
-16.73,-37.04,-14.97;
-22.08,-43.33,-16.62;
-26.86,-50.84,-19.64;
-33.12,-58.27,-22.95;
-40.16,-70.37,-27.49;
-37.87,-86.60,-32.18;
-51.81,-98.26,-29.86;
-76.38,-104.49,-23.29;
-80.91,-112.99,-20.15;
-99.96,-110.35,-23.24;
-71.23,-127.74,-38.21;
48.72,-154.49,-36.85;
137.72,-157.40,-43.34;
58.01,-147.34,-55.14;
-50.77,-145.11,-38.47;
-47.52,-156.43,-16.97;
20.11,-174.05,-22.65;
54.98,-168.92,-15.93;
33.92,-149.37,-24.39;
13.96,-138.53,-27.11;
24.24,-126.72,-22.01;
26.10,-106.50,-9.06;
10.51,-82.76,4.40;
-12.24,-56.49,8.83;
-16.56,-28.89,12.08;
1.33,2.64,13.52;
19.70,26.20,16.94;
11.70,60.50,31.03;
-1.86,94.76,51.79;
9.08,123.60,57.75;
7.92,156.26,57.63;
-19.12,187.42,63.09;
-43.37,209.30,55.55;
-108.51,240.72,47.41;
-137.46,266.37,33.30;
-110.79,285.80,26.21;
-74.41,287.51,21.30;
-74.89,301.76,12.98;
-45.32,203.80,20.45;
-51.40,172.86,-20.66;
17.49,117.74,-56.34;
44.50,76.98,-68.18;
22.71,60.44,-48.62;
-31.78,58.82,-33.02;
-104.38,59.24,-15.08;
-139.25,54.20,-4.66;
-143.60,46.08,-6.18;
-117.23,32.09,-18.10;
-69.34,17.28,-33.35;
-24.57,7.60,-42.70;
23.62,-6.78,-51.89;
59.78,-19.97,-61.14;
84.74,-33.25,-69.86;
95.99,-50.21,-76.77;
98.42,-67.71,-82.39;
108.77,-88.76,-90.92;
149.81,-141.51,-104.25;
273.21,-249.22,-139.72;
99.58,-294.29,-126.79;
27.50,-253.83,-124.92;
248.13,-235.50,-115.38;
290.74,-289.40,-111.70;
-68.92,-216.15,-37.00;
-83.40,-203.14,-27.21;
87.81,-214.70,-82.70;
36.53,-188.31,-23.35;
-48.91,-147.65,-21.41;
-9.26,-119.27,-36.91;
-10.73,-88.85,-32.95;
-51.15,-59.50,-28.15;
-29.31,-31.39,-22.60;
22.66,0.32,-23.31;
40.60,28.61,-14.51;
14.59,66.58,7.69;
4.65,101.65,29.92;
21.11,134.75,32.10;
50.94,160.73,25.64;
47.69,188.89,26.39;
-4.33,217.65,41.34;
-78.65,244.52,69.84;
-137.83,265.82,94.65;
-170.76,260.12,134.40;
-159.60,244.09,165.34;
-89.23,181.27,167.01;
-169.23,178.26,163.11;
-92.83,129.07,133.98;
-64.54,93.63,102.89;
-43.92,75.25,93.11;
18.36,60.95,86.83;
77.41,47.73,71.55;
96.69,34.99,60.65;
82.05,21.94,54.91;
43.06,11.91,55.40;
-5.00,4.82,57.34;
-12.13,-10.14,53.76;
-14.22,-19.68,47.37;
11.87,-31.13,33.37;
43.30,-41.47,21.38;
50.51,-47.85,15.64;
31.96,-51.53,13.81;
12.10,-51.91,9.35;
-5.37,-51.54,-1.15;
11.52,-59.86,-9.50;
173.59,-174.35,-33.44;
110.51,-314.09,-6.08;
-174.56,-212.06,-51.12;
-54.63,-103.01,-54.53;
71.95,-245.51,42.28;
-176.10,-151.53,30.66;
-42.89,-133.39,-12.53;
-70.01,-135.05,-9.72;
-116.63,-116.61,34.74;
0.72,-126.98,15.49;
-26.27,-80.11,-10.74;
-122.45,-94.55,0.14;
-112.24,-100.11,-25.93;
-6.56,-81.89,3.20;
33.90,-36.82,1.05;
-8.47,-8.53,3.32;
-59.38,22.73,30.83;
-57.21,37.05,42.24;
27.96,57.88,27.27;
64.27,68.64,6.39;
71.23,81.40,4.40;
77.44,91.24,1.98;
65.08,99.71,-2.28;
41.47,104.60,4.48;
37.96,103.82,13.98;
32.83,106.63,16.59;
46.59,102.90,11.84;
38.36,106.72,9.11;
36.94,105.11,6.95;
29.78,105.66,8.39;
33.27,103.66,10.30;
26.62,99.04,11.58;
21.64,94.61,12.88;
20.62,89.47,15.34;
20.80,83.40,16.77;
19.69,77.08,19.29;
9.24,71.77,22.65;
-5.87,69.56,23.24;
-5.70,63.39,22.62;
11.52,57.88,20.05;
30.94,52.75,13.72;
17.09,51.13,12.28;
4.43,45.30,13.32;
15.24,30.32,11.43;
25.17,21.07,4.69;
45.37,6.61,-2.76;
53.03,-1.18,-5.40;
51.95,-6.09,-8.63;
26.37,-2.11,-7.38;
3.79,0.41,-4.47;
-14.31,2.95,0.25;
-16.19,4.11,0.59;
-11.75,3.65,-1.43;
-5.34,3.04,-2.15;
-4.15,2.09,-1.29;
2.54,0.23,-0.31;
7.66,1.99,-0.05;
3.06,5.54,-0.18;
-8.92,8.58,0.42;
-15.89,10.26,1.67;
-15.63,8.31,2.43;
-4.54,3.94,0.51;
6.57,0.40,-1.89;
17.69,-2.70,-4.31;
21.11,-3.86,-4.36;
15.20,-2.47,-3.17;
2.69,0.63,-0.44;
-10.48,3.73,1.21;
-11.05,3.65,1.78;
-6.77,2.47,1.52;
-2.60,1.27,0.56;
2.30,-0.20,0.39;
7.70,-1.05,-0.42;
7.75,-0.85,-0.21;
4.11,0.11,0.79;
1.55,0.21,1.58;
1.84,0.86,1.58;
3.08,1.15,1.23;
2.30,1.16,1.21;
1.21,1.76,0.82;
3.37,0.93,0.77;
1.84,1.60,1.00;
-1.67,1.88,1.23;
0.28,1.66,0.51;
2.04,1.59,0.05;
0.83,1.99,-0.65;
-2.41,3.18,-0.21;
-5.25,3.25,-0.31;
-6.34,3.18,0.48;
-4.89,2.53,0.43;
-2.54,2.31,-0.01;
1.38,1.45,-0.74;
1.93,1.66,-0.62;
0.21,1.59,-0.39;
0.11,0.95,-0.47;
0.88,0.73,-0.18;
1.50,-0.09,-0.63;
2.27,-0.27,-0.54;
2.30,-0.15,-0.47;
0.95,-0.14,-0.65;
-0.68,0.28,0.11;
-0.12,-0.05,0.01;
2.24,-0.53,-0.33;
0.62,0.00,-0.44;
-2.41,0.53,0.25;
-3.89,0.31,0.53;
-2.31,-0.38,0.31;
1.88,-1.21,-0.15;
2.89,-1.66,-0.25;
1.90,-1.42,0.18;
0.22,-1.19,0.57;
0.13,-0.76,0.24;
1.99,-1.13,0.16;
1.70,-1.28,0.40;
0.75,-1.08,0.31;
-0.57,-0.85,0.88;
0.24,-1.28,1.17;
2.48,-1.28,0.80;
3.75,-1.65,0.59;
2.04,-1.02,1.11;
2.30,-1.36,1.11;
2.27,-0.60,0.31;
3.11,-0.85,0.42;
2.39,-1.27,0.50;
4.08,-1.89,0.11;
1.88,-1.33,0.56;
0.51,-1.21,0.43;
1.55,-1.27,0.27;
2.05,-1.36,0.43;
0.34,-1.08,0.77;
-1.92,-0.56,0.88;
-2.12,-0.24,0.83;
-0.92,-0.64,0.56;
-0.74,-0.63,0.48;
-0.56,-0.81,0.16;
-1.41,-0.73,0.51;
-1.54,-0.90,0.59;
1.40,-1.43,0.11;
1.69,-1.25,-0.01;
1.06,-1.01,0.24;
-0.36,-0.81,0.98;
-1.75,-0.18,0.82;
-0.31,-0.29,0.88;
0.43,-0.09,0.50;
0.34,-0.35,0.39;
0.66,-0.87,0.50;
1.40,-1.11,0.45;
2.19,-1.33,0.10;
3.29,-1.59,-0.28;
3.00,-1.19,-0.28;
1.85,-1.40,-0.12;
1.30,-1.53,0.10;
0.39,-0.89,-0.13;
-0.44,-0.52,-0.01;
-0.67,-0.63,-0.07;
-0.36,-0.43,0.13;
-0.44,-0.61,0.30;
-0.71,-0.70,0.13;
-1.38,-0.24,0.25;
-0.70,-0.53,0.36;
-0.79,-0.21,0.30;
-1.28,-0.23,0.66;
-2.07,-0.06,0.62;
-0.54,-0.64,0.57;
0.71,-0.55,0.24;
-1.57,-0.20,0.79;
-1.70,-0.40,0.88;
-0.41,-0.23,0.51;
0.46,-0.40,0.42;
-1.03,-0.18,0.59;
-0.51,-0.56,0.56;
-0.22,-0.46,0.05;
-0.60,-0.27,0.42;
-1.50,-0.27,0.22;
-0.60,-0.20,-0.02;
0.77,-0.64,-0.01;
0.88,-0.67,-0.41;
1.67,-0.66,-0.27;
0.92,-0.38,0.02;
-0.42,0.12,-0.05;
-0.34,0.15,0.08;
0.79,0.00,-0.31;
2.17,-0.26,-0.66;
0.56,-0.14,-0.21;
-0.79,0.06,0.02;
-1.26,0.29,0.25;
-2.28,0.55,0.13;
-1.79,0.41,0.01;
0.25,0.17,-0.31;
1.38,0.21,-0.34;
0.56,0.44,-0.44;
-0.18,-0.03,-0.01;
-0.71,0.47,-0.16;
0.22,0.14,-0.27;
2.14,-0.17,-0.85;
1.70,0.29,-0.77;
0.65,0.05,-0.53;
0.91,0.26,-0.50;
0.94,0.12,-0.41;
0.77,-0.01,-0.62;
1.58,-0.58,-0.66;
0.46,-0.24,-0.65;
0.63,-0.76,-0.74;
1.50,-0.70,-0.77;
1.26,-0.82,-0.88;
1.00,-0.82,-0.92;
1.04,-0.85,-0.66;
1.32,-0.55,-0.83;
0.91,-0.29,-0.47;
1.09,-0.43,-0.66;
1.27,-0.50,-0.54;
1.37,-0.43,-0.56;
1.44,-0.72,-0.62;
1.09,-0.41,-0.44;
0.77,-0.53,-0.41;
1.32,-0.64,-0.34;
1.33,-0.60,-0.53;
1.87,-0.98,-0.74;
2.42,-1.24,-0.48;
0.53,-1.11,-0.31;
0.92,-1.02,-0.31;
0.77,-1.05,-0.22;
-0.41,-0.78,-0.05;
-0.96,-0.79,0.02;
-0.54,-0.85,-0.05;
0.65,-0.89,0.01;
0.14,-0.96,-0.07;
-0.67,-0.79,0.48;
-0.77,-0.98,0.31;
0.46,-1.19,0.19;
1.76,-1.53,0.08;
1.87,-1.47,0.07;
0.88,-1.30,0.51;
0.33,-1.10,0.39;
0.53,-1.05,0.27;
1.00,-1.22,0.27;
1.03,-1.31,0.08;
0.89,-1.11,0.51;
0.33,-1.36,0.76;
-0.01,-1.19,0.34;
-0.04,-1.04,0.45;
-0.18,-1.18,0.33;
-0.62,-1.43,0.21;
-0.54,-1.14,0.05;
1.17,-1.74,-0.07;
1.90,-1.80,0.18;
-0.53,-1.19,0.43;
-0.33,-0.99,0.28;
0.28,-0.93,0.07;
0.25,-1.02,0.16;
-0.38,-0.61,0.51;
0.21,-0.93,0.40;
-0.36,-0.50,0.45;
-0.57,-0.96,0.59;
0.50,-1.08,0.45;
-0.30,-1.02,0.43;
-3.25,-0.40,0.57;
-3.69,-0.31,0.97;
-3.96,-0.47,1.26;
-2.33,-0.96,0.74;
-0.86,-0.96,0.92;
-0.68,-1.10,0.66;
-0.88,-1.18,0.79;
-0.44,-1.34,0.56;
0.27,-1.59,0.62;
0.07,-1.54,0.56;
0.54,-1.83,0.28;
1.84,-2.27,0.10;
0.04,-1.86,0.48;
-1.11,-1.53,0.51;
0.85,-1.76,0.13;
0.46,-1.53,0.39;
0.31,-1.50,0.33;
1.79,-1.40,0.34;
1.53,-1.28,0.43;
1.78,-1.63,0.16;
1.52,-1.24,0.34;
1.09,-1.30,-0.19;
1.01,-1.30,0.18;
1.30,-1.43,0.04;
0.92,-1.51,0.11;
0.25,-1.11,-0.04;
0.02,-0.70,-0.02;
0.51,-0.75,0.07;
0.91,-0.70,0.08;
-0.22,-0.31,0.21;
-0.10,-0.53,0.37;
0.39,-0.46,0.25;
1.21,-0.56,-0.10;
1.18,-0.49,-0.02;
1.01,-0.47,0.02;
0.75,-0.43,0.07;
-1.44,0.02,0.27;
-1.03,-0.05,0.16;
0.48,-0.38,-0.02;
1.24,-0.72,-0.33;
1.67,-0.73,-0.30;
0.79,-0.29,-0.04;
-0.54,0.21,0.36;
0.10,0.08,0.18;
1.59,-0.12,-0.30;
1.64,-0.18,-0.33;
1.59,-0.32,-0.31;
1.38,-0.32,-0.37;
0.66,-0.05,-0.01;
1.43,-0.43,-0.08;
1.66,-0.37,-0.65;
1.17,-0.35,-0.34;
1.03,-0.34,-0.60;
0.75,-0.14,-0.79;
1.18,-0.17,-0.88;
0.62,-0.01,-0.44;
-0.44,0.18,-0.60;
0.11,-0.03,-0.53;
0.63,-0.15,-0.57;
1.79,-0.60,-0.56;
1.03,-0.40,-0.74;
-0.31,-0.43,-0.44;
-0.12,-0.49,-0.53;
0.60,-0.67,-0.74;
0.60,-0.73,-0.74;
-0.05,-0.60,-0.62;
0.13,-0.78,-0.19;
0.36,-0.82,-0.47;
-0.25,-0.81,-0.45;
0.51,-0.78,-0.18;
1.79,-1.13,-0.57;
0.94,-0.99,-0.53;
0.01,-1.02,-0.56;
0.85,-0.96,-0.83;
1.75,-1.42,-0.92;
1.53,-1.74,-0.89;
0.82,-1.62,-0.54;
0.10,-1.31,-0.63;
1.62,-1.45,-0.65;
1.99,-1.43,-0.85;
1.49,-1.57,-0.70;
0.86,-1.24,-0.62;
-0.28,-0.95,-0.28;
-1.46,-0.49,-0.08;
-1.89,-0.55,0.01;
-0.56,-0.93,-0.22;
0.63,-0.70,-0.47;
0.68,-1.01,-0.13;
-0.68,-0.81,0.07;
-0.62,-0.61,0.01;
-0.24,-0.35,-0.01;
0.01,-0.55,0.04;
-0.80,-0.46,0.02;
-1.14,-0.56,0.14;
-0.18,-0.76,0.13;
0.48,-0.79,-0.08;
0.48,-1.21,-0.18;
0.59,-1.07,-0.21;
0.43,-1.10,-0.25;
-0.50,-0.99,-0.02;
0.69,-1.08,-0.37;
2.08,-1.24,-0.63;
0.77,-1.05,-0.47;
-0.33,-0.89,-0.31;
0.25,-0.75,-0.41;
0.89,-0.89,-0.39;
0.71,-0.40,-0.44;
0.48,-0.40,-0.62;
0.05,-0.20,-0.36;
0.43,-0.27,-0.42;
-0.16,-0.03,-0.39;
-0.36,0.06,-0.57;
-0.24,0.21,-0.54;
-0.60,0.18,-0.71;
-0.50,0.02,-0.70;
0.36,-0.31,-0.65;
0.08,-0.17,-0.82;
0.30,-0.40,-0.66;
0.54,-0.23,-0.44;
0.42,-0.47,-0.39;
-0.42,-0.40,-0.16;
0.24,-0.31,-0.31;
1.14,-0.50,-0.50;
1.67,-0.69,-0.48;
1.32,-0.64,-0.48;
0.30,-0.47,-0.28;
-0.19,-0.73,-0.37;
0.82,-1.01,-0.48;
1.30,-1.01,-0.62;
1.67,-0.99,-0.60;
1.62,-0.75,-0.48;
0.82,-0.67,-0.59;
0.92,-0.87,-0.54;
2.50,-1.07,-0.51;
2.94,-1.21,-0.80;
2.98,-1.36,-0.44;
3.14,-1.62,-1.08;
1.40,-0.93,-0.66;
0.19,-1.34,-0.50;
1.27,-2.21,-0.92;
1.76,-2.76,-1.21;
0.37,-3.10,-1.17;
-1.70,-3.74,-1.08;
-1.70,-4.38,-1.37;
-1.89,-4.70,-1.73;
-0.18,-5.80,-2.10;
-0.83,-6.32,-2.19;
-3.11,-7.07,-2.51;
-6.79,-7.40,-2.42;
-3.40,-9.82,-3.17;
-1.26,-11.24,-4.31;
0.30,-13.42,-5.17;
0.19,-15.11,-5.89;
-3.06,-17.02,-6.51;
-4.65,-19.07,-7.44;
-4.91,-22.95,-8.30;
-8.42,-26.61,-9.78;
-7.05,-30.82,-11.86;
-5.78,-36.98,-14.77;
-6.53,-44.78,-18.51;
-5.54,-51.19,-21.86;
-13.98,-61.85,-23.90;
-14.27,-74.18,-29.18;
-22.73,-85.30,-31.40;
-29.73,-100.50,-32.48;
-45.95,-104.81,-25.72;
-47.98,-114.63,-25.73;
-37.20,-123.94,-27.50;
-75.93,-119.39,-31.12;
-51.14,-138.17,-32.36;
-37.76,-143.80,-29.40;
5.11,-152.75,-31.43;
19.12,-155.79,-27.26;
-13.05,-152.29,-15.55;
-64.36,-145.72,-8.91;
-53.84,-151.92,-6.97;
38.60,-167.37,-2.82;
65.79,-158.24,-10.27;
38.91,-146.69,-18.65;
-6.39,-131.08,-2.07;
11.93,-128.20,4.66;
-2.83,-102.73,8.34;
-19.84,-82.32,16.27;
-18.07,-55.69,17.35;
1.41,-35.21,-0.25;
19.33,-7.59,-8.73;
17.62,24.66,-5.20;
10.86,49.97,2.05;
11.38,80.12,15.96;
13.50,111.11,24.18;
16.94,135.02,31.58;
19.50,162.69,38.07;
7.75,189.99,44.31;
11.96,205.63,38.14;
-43.70,235.89,32.59;
-65.43,260.06,25.27;
-74.25,282.82,27.00;
-72.47,272.38,33.98;
-85.63,248.32,41.37;
-131.81,219.59,41.17;
-154.15,198.64,36.59;
-36.71,129.15,-12.74;
-11.12,91.68,-57.18;
-49.61,78.58,-53.95;
-91.89,79.15,-33.38;
-100.41,77.34,-21.58;
-86.27,71.45,-9.21;
-57.64,58.87,-13.34;
-41.69,42.31,-29.70;
-48.91,33.80,-39.17;
-35.60,23.63,-42.48;
-3.49,12.55,-43.09;
21.24,4.31,-46.12;
43.69,-6.37,-53.35;
57.90,-16.84,-63.15;
55.81,-24.50,-71.76;
65.33,-40.35,-81.90;
99.53,-62.89,-93.76;
185.78,-123.36,-115.81;
250.05,-235.60,-137.76;
140.63,-291.11,-127.90;
73.78,-309.43,-144.97;
280.57,-281.57,-138.39;
269.17,-277.19,-101.89;
-44.22,-231.69,-27.43;
-106.65,-184.90,-34.85;
53.93,-211.88,-55.52;
30.02,-181.82,-32.59;
-26.07,-147.86,-42.13;
-8.41,-116.32,-60.95;
-46.56,-89.98,-48.10;
-58.22,-53.59,-41.73;
-15.70,-30.98,-36.86;
25.32,-7.77,-34.70;
11.62,30.87,-12.16;
-3.02,66.29,17.84;
1.53,96.70,34.34;
16.80,122.43,39.03;
28.34,146.93,35.63;
25.33,169.05,34.77;
15.95,185.51,38.02;
-33.70,208.57,47.29;
-82.77,230.63,62.71;
-129.86,247.66,78.22;
-126.70,245.56,109.76;
-78.57,218.53,146.80;
-115.17,200.67,157.30;
-121.63,167.18,149.44;
-98.27,127.88,140.50;
-16.42,71.45,125.96;
33.14,39.60,109.75;
37.87,31.19,96.34;
41.55,28.60,96.47;
49.01,33.68,96.31;
45.67,43.16,88.72;
38.50,40.75,85.46;
-1.63,31.95,85.50;
-47.93,18.70,81.61;
-56.34,1.19,68.18;
-11.93,-23.95,50.65;
27.44,-45.50,30.74;
75.00,-67.68,7.12;
104.24,-96.78,-12.07;
83.06,-105.89,-18.28;
68.31,-105.28,-30.92;
67.08,-98.50,-42.95;
142.24,-175.39,-35.84;
-0.71,-297.34,-23.15;
-64.94,-189.51,-79.52;
177.96,-182.56,-66.41;
46.57,-215.02,6.19;
-15.99,-194.66,-24.74;
52.07,-165.08,-31.53;
56.69,-158.09,-28.12;
-90.88,-119.48,15.15;
33.15,-125.02,1.17;
56.75,-105.79,-15.87;
-46.80,-54.08,21.30;
-131.92,-26.41,54.31;
-129.52,-11.92,56.40;
-64.70,-9.83,22.48;
14.21,-5.22,-11.35;
68.16,3.10,-27.12;
69.21,20.40,-27.53;
42.07,37.71,-12.53;
7.26,56.99,8.65;
-13.60,71.28,20.22;
-23.93,81.37,28.97;
-15.26,88.29,26.62;
-2.89,89.66,21.92;
4.13,91.45,17.88;
-4.12,92.87,15.92;
-5.66,90.95,15.40;
-14.25,89.99,13.18;
-0.86,82.20,6.65;
22.57,71.80,-0.30;
50.57,61.80,-6.12;
52.34,57.27,-6.21;
40.04,53.85,-3.78;
24.05,51.33,-0.70;
12.69,49.79,3.47;
10.83,49.45,7.41;
13.93,49.63,8.28;
17.56,49.30,8.43;
16.92,51.50,11.14;
0.05,55.74,16.22;
-17.66,59.92,19.20;
-24.13,61.74,18.50;
-17.46,60.28,17.41;
-5.37,57.51,15.40;
2.39,54.79,13.59;
2.42,52.43,13.11;
9.84,47.08,12.24;
11.70,45.22,11.75;
-2.02,41.83,12.66;
-8.04,35.88,11.98;
4.33,26.87,8.65;
19.76,19.60,6.30;
28.21,14.55,0.83;
18.95,12.34,0.57;
15.23,7.11,0.48;
15.35,4.28,-1.00;
11.93,2.86,-1.76;
11.47,0.37,-2.10;
9.50,0.11,-1.93;
9.23,-0.52,-1.89;
1.73,1.48,-0.50;
-3.58,2.38,0.40;
-2.50,2.55,1.23;
4.24,1.74,0.76;
2.04,3.27,1.20;
1.67,3.63,1.75;
2.77,3.50,1.41;
0.68,3.42,2.11;
0.17,2.81,2.27;
-0.16,2.82,1.96;
3.20,1.57,2.13;
1.53,1.34,2.05;
1.70,0.72,1.92;
3.67,0.12,1.92;
1.98,-0.09,1.49;
1.33,-0.08,1.96;
-0.25,-0.21,2.40;
-3.21,0.37,3.21;
-4.34,0.18,3.27;
-4.63,0.38,3.44;
-4.07,0.46,3.58;
-9.23,1.30,4.47;
-10.10,1.08,4.53;
-5.98,0.28,3.69;
-3.28,-0.53,3.37;
-1.25,-1.18,3.11;
-3.50,-0.06,3.52;
-2.70,0.15,3.50;
0.14,0.37,2.72;
0.22,0.61,2.89;
-1.28,1.07,3.11;
-3.64,1.25,3.09;
-4.97,1.31,3.47;
-5.28,0.99,3.17;
-0.54,-0.23,2.50;
0.17,-0.95,1.99;
0.57,-1.63,1.93;
-2.60,-1.40,1.99;
-1.61,-1.69,2.08;
-1.79,-1.57,1.47;
1.95,-2.43,1.35;
1.09,-1.80,1.15;
0.16,-1.53,0.91;
0.08,-1.42,0.76;
2.79,-1.91,0.60;
3.62,-1.45,0.39;
4.79,-1.31,0.08;
3.15,-0.49,0.02;
-0.30,-0.03,0.63;
-1.05,-0.29,0.66;
2.83,-0.76,0.11;
2.10,-0.43,-0.19;
0.66,-0.40,0.08;
-0.92,-0.52,0.22;
0.14,-1.07,0.18;
2.57,-1.50,-0.08;
0.59,-0.73,-0.08;
-1.37,-0.34,0.08;
-2.86,-0.06,0.48;
-1.02,-0.50,0.13;
2.59,-0.90,-0.36;
3.30,-1.14,-0.68;
2.77,-1.10,-0.47;
1.04,-0.66,-0.34;
-1.23,-0.14,0.19;
-2.88,0.09,0.28;
-2.15,0.12,-0.02;
0.62,-0.34,-0.21;
-2.50,0.20,0.16;
-4.12,0.79,0.62;
-4.04,1.08,0.63;
-3.93,0.78,0.51;
-2.27,0.28,0.57;
-3.49,0.35,0.33;
-1.52,-0.06,0.25;
1.88,-1.08,-0.53;
-1.34,-0.56,-0.15;
-3.09,-0.44,0.21;
-1.84,-0.61,-0.22;
-0.02,-1.11,-0.57;
2.21,-1.16,-0.73;
1.03,-0.60,-0.94;
1.72,-0.87,-0.50;
0.69,-0.67,-0.66;
-0.45,-0.49,-0.27;
-0.18,-0.55,-0.47;
0.05,-0.38,-0.53;
1.49,-0.72,-0.80;
2.08,-0.75,-1.11;
1.41,-0.66,-0.83;
1.01,-0.50,-0.59;
-1.43,0.06,-0.60;
-2.07,0.21,-0.54;
-0.85,0.17,-0.83;
1.79,-0.69,-1.21;
1.70,-0.44,-1.24;
0.80,-0.23,-0.97;
-1.28,0.46,-0.54;
-0.33,0.09,-1.02;
0.77,0.05,-1.34;
1.41,-0.26,-0.92;
1.32,0.00,-1.46;
1.44,0.05,-1.12;
0.68,0.06,-1.17;
1.18,0.05,-1.29;
2.14,-0.56,-1.08;
0.80,0.06,-1.24;
-1.54,0.47,-0.71;
0.05,0.11,-1.18;
1.93,0.11,-1.29;
2.30,-0.23,-1.14;
3.90,-0.06,-1.55;
0.11,0.67,-0.79;
-1.47,0.99,-0.60;
0.33,0.96,-1.12;
1.87,0.58,-1.44;
2.39,0.40,-1.29;
3.09,0.14,-1.63;
1.95,0.26,-1.14;
0.60,0.69,-0.89;
-0.38,1.08,-0.65;
-0.65,1.13,-0.73;
0.53,0.87,-0.94;
2.19,0.40,-1.14;
0.46,0.87,-0.95;
-0.97,1.34,-0.63;
-2.10,1.40,-0.31;
-0.77,1.24,-0.56;
1.46,0.79,-1.21;
1.47,0.72,-1.37;
0.13,0.79,-0.89;
-2.57,1.05,-0.70;
-2.47,0.92,-0.65;
-0.08,0.20,-1.21;
2.45,0.15,-1.61;
1.47,0.49,-1.21;
0.85,0.69,-0.99;
0.08,1.02,-0.86;
-1.46,1.42,-0.48;
-0.28,1.37,-0.71;
0.77,1.42,-0.95;
1.46,1.18,-1.02;
-0.57,1.50,-0.47;
-1.12,1.37,-0.25;
-1.00,1.59,-0.60;
-0.63,1.48,-0.44;
-0.41,1.45,-0.62;
1.15,1.16,-0.74;
0.43,1.18,-0.51;
-2.38,1.68,-0.05;
-1.23,1.71,0.08;
0.98,1.80,0.01;
1.46,1.77,-0.08;
1.08,1.44,-0.05;
0.50,1.53,-0.02;
-0.91,1.79,0.57;
-0.97,1.82,0.48;
1.17,1.50,0.22;
2.80,1.45,-0.08;
3.61,1.18,-0.10;
1.30,1.31,0.43;
0.72,1.51,0.50;
2.83,1.24,0.24;
4.08,1.15,0.19;
3.04,0.82,0.33;
1.46,0.82,0.69;
1.67,0.69,0.65;
1.49,0.49,0.71;
2.83,-0.31,0.47;
3.79,-0.34,0.08;
2.19,-0.61,0.63;
2.65,-0.85,0.39;
5.12,-1.13,-0.34;
7.70,-1.57,-0.79;
6.27,-1.54,-0.77;
2.37,-0.92,0.34;
2.79,-0.92,0.11;
6.27,-1.01,-0.47;
9.12,-1.66,-0.68;
6.77,-1.11,-0.53;
1.76,-0.41,0.43;
1.09,-0.52,0.45;
1.72,-0.21,0.08;
4.82,-0.50,-0.30;
4.40,-0.43,-0.27;
0.63,0.14,0.89;
-3.20,0.43,1.92;
-1.34,0.37,1.55;
1.88,-0.06,1.01;
2.22,-0.29,0.85;
-0.73,0.18,1.49;
-4.62,0.52,2.57;
-7.29,0.81,3.14;
-4.31,0.06,2.66;
0.60,-0.55,1.82;
2.31,-0.63,1.85;
-2.38,0.23,2.57;
-9.02,1.42,4.01;
-11.41,1.59,4.45;
-5.86,0.52,3.37;
1.70,-0.61,1.50;
0.89,-0.61,1.61;
-4.38,-0.79,2.62;
-4.71,-0.81,3.01;
0.14,-0.84,1.44;
4.75,-1.68,0.48;
3.32,-1.71,1.00;
-3.98,-1.05,2.36;
-7.63,-1.19,3.08;
-3.40,-1.86,2.08;
3.23,-2.72,0.36;
5.78,-3.28,-0.19;
3.88,-2.87,-0.25;
0.43,-2.34,0.62;
-1.70,-2.14,1.01;
-1.98,-2.27,1.03;
1.24,-2.69,0.24;
5.14,-3.33,-0.37;
4.56,-3.11,-0.57;
2.21,-3.31,-0.21;
2.30,-3.14,0.05;
2.66,-2.92,0.04;
0.60,-2.08,0.24;
-0.31,-1.48,0.47;
-0.76,-0.92,0.59;
1.50,-1.27,0.25;
0.40,-0.56,0.72;
-0.62,-0.82,1.15;
-3.31,-0.11,1.37;
-3.11,-0.17,1.12;
-1.76,-0.15,0.97;
-1.29,-0.05,0.54;
-0.02,-0.37,0.21;
3.35,-0.89,-0.44;
1.95,-0.85,-0.36;
-1.54,-0.17,0.40;
-1.99,0.15,-0.01;
-0.91,-0.15,0.01;
1.64,-0.60,-0.56;
3.27,-0.50,-1.49;
2.92,-0.61,-1.21;
4.36,-0.75,-1.38;
0.83,-0.15,-0.85;
-0.74,-0.26,-0.57;
1.90,-0.05,-1.28;
4.17,-0.72,-1.43;
4.95,-0.81,-1.73;
4.01,-1.27,-1.66;
2.95,-1.59,-1.58;
4.57,-2.18,-1.72;
8.33,-2.35,-2.88;
11.15,-2.66,-2.92;
7.66,-1.94,-2.44;
8.14,-2.08,-2.51;
13.67,-2.63,-2.82;
15.18,-2.32,-3.49;
15.00,-1.77,-3.26;
14.36,-1.60,-2.86;
13.01,-0.90,-2.53;
12.33,-0.90,-2.02;
8.27,-0.06,-1.29;
6.07,0.18,-0.82;
8.21,-0.55,-0.99;
8.25,-0.81,-0.85;
3.64,0.05,0.24;
-1.20,0.81,1.72;
-0.34,0.47,1.98;
5.06,-0.29,1.95;
6.11,-0.37,1.95;
4.22,-0.08,2.76;
3.67,0.49,3.69;
0.92,1.47,4.56;
1.79,1.31,4.65;
6.75,0.73,4.47;
10.65,0.05,3.96;
8.04,0.75,4.56;
6.79,0.50,4.56;
3.52,0.37,4.56;
10.89,-2.06,3.99;
14.60,-3.24,3.87;
14.51,-2.99,4.31;
13.38,-3.33,6.14;
9.01,-1.36,6.62;
9.41,-0.46,7.79;
8.77,0.78,7.32;
6.14,2.23,7.56;
3.99,1.92,8.05;
2.72,1.60,8.43;
6.04,0.14,7.53;
1.67,0.55,7.92;
-4.18,0.70,7.46;
-7.32,0.41,7.17;
-6.21,-0.61,5.55;
-1.54,-1.71,3.56;
-4.21,-2.08,2.91;
-8.92,-1.94,2.59;
-9.72,-3.11,1.76;
-8.34,-4.26,1.27;
-5.00,-5.13,-0.39;
-2.25,-5.80,-0.92;
-6.42,-4.14,-0.91;
-11.89,-3.60,0.11;
-8.33,-3.92,-0.28;
-1.31,-4.87,-1.95;
-0.60,-4.66,-1.96;
-9.15,-2.87,-0.24;
-13.20,-2.23,-0.10;
-12.59,-2.58,-0.36;
-11.98,-3.05,-0.34;
-10.45,-3.48,-0.04;
-7.05,-4.32,-0.13;
-7.87,-4.24,0.10;
-9.70,-3.59,0.79;
-10.48,-2.55,0.39;
-6.68,-3.14,-0.85;
-2.38,-4.23,-1.93;
-4.04,-4.00,-2.16;
-13.35,-3.66,-1.15;
-15.95,-3.07,-1.81;
-12.53,-4.12,-3.57;
-4.54,-5.88,-6.57;
-1.00,-7.24,-9.49;
3.18,-8.44,-10.05;
-8.10,-8.55,-8.70;
-7.54,-8.81,-9.86;
-7.38,-8.31,-10.74;
-17.09,-7.83,-9.90;
-10.88,-8.93,-11.64;
-4.18,-10.15,-12.63;
-2.92,-10.67,-12.34;
-1.61,-10.79,-12.19;
-1.58,-10.03,-11.35;
-5.95,-8.43,-9.52;
-13.98,-5.19,-8.24;
-15.03,-4.11,-7.41;
-11.35,-3.91,-7.61;
-5.37,-5.04,-8.18;
-4.21,-5.53,-7.67;
-3.79,-6.06,-7.20;
-2.88,-6.11,-7.37;
-0.39,-6.41,-7.61;
-3.96,-5.31,-7.35;
-5.44,-5.89,-6.44;
-1.18,-6.43,-5.60;
2.65,-5.62,-6.22;
0.94,-4.69,-5.43;
-1.49,-2.95,-4.80;
-0.51,-3.08,-4.65;
1.30,-3.74,-4.82;
5.73,-5.31,-5.18;
11.59,-6.44,-5.55;
11.11,-6.43,-5.52;
10.28,-6.84,-5.09;
13.03,-7.92,-5.18;
10.14,-6.72,-4.34;
0.71,-4.24,-2.53;
-2.21,-2.92,-2.71;
-1.75,-1.31,-2.80;
-6.82,-0.29,-1.63;
-8.89,-0.34,-0.01;
-7.26,-0.24,-0.10;
-5.50,-0.41,-0.36;
-6.62,0.29,-0.41;
-7.79,-0.09,0.16;
-0.89,-1.71,-1.23;
3.24,-2.44,-2.10;
1.15,-2.27,-1.73;
4.89,-3.80,-2.24;
5.87,-3.37,-2.62;
-0.36,-2.70,-1.67;
1.09,-2.95,-1.79;
4.89,-3.19,-2.33;
2.02,-2.24,-1.57;
-1.57,-2.24,-0.94;
2.72,-2.82,-0.97;
2.37,-1.71,-0.68;
-1.40,-0.35,0.37;
-1.96,0.58,0.91;
-2.07,1.34,0.95;
-1.00,0.95,1.06;
2.66,0.63,0.48;
2.56,0.55,0.34;
5.47,0.21,0.10;
3.58,0.86,0.57;
-1.26,1.25,1.01;
-5.54,1.66,1.15;
-3.63,0.58,0.92;
0.04,-0.61,0.13;
4.54,-1.94,-0.89;
5.21,-2.00,-1.12;
1.66,-1.74,-0.30;
-1.78,-1.30,-0.19;
-1.84,-1.98,0.40;
-2.19,-1.33,0.07;
1.37,-2.70,-0.08;
2.37,-2.32,-0.74;
2.68,-2.17,-0.73;
-0.02,-1.66,-0.12;
-1.31,-1.30,-0.01;
0.71,-1.95,-0.92;
0.98,-1.59,-0.45;
0.48,-1.88,-0.50;
0.17,-1.71,-0.59;
-0.67,-1.66,-0.34;
-1.92,-1.53,-0.22;
-2.02,-1.47,-0.56;
1.46,-2.08,-0.65;
2.69,-2.40,-0.74;
3.17,-2.37,-0.62;
1.09,-1.83,-0.16;
-0.08,-1.71,-0.24;
1.64,-1.94,-0.16;
1.32,-1.68,0.16;
-0.48,-0.99,0.14;
-1.92,-0.79,0.37;
-1.23,-0.78,0.27;
-0.62,-0.73,0.33;
-1.15,-0.40,0.77;
-2.79,-0.21,0.86;
-2.04,-0.05,0.83;
1.06,-0.21,0.66;
0.27,-0.14,0.62;
0.48,0.12,0.69;
-1.31,0.67,0.94;
1.40,-0.03,0.50;
1.92,0.02,0.24;
1.87,-0.52,0.57;
1.38,-0.61,0.40;
1.79,-0.55,0.54;
1.96,-0.69,0.45;
0.77,-0.03,0.30;
-0.01,-0.20,0.48;
-0.08,-0.37,0.47;
2.56,-0.61,0.47;
1.23,0.31,0.48;
-0.57,0.86,0.79;
-1.92,0.98,1.09;
-1.43,1.18,1.32;
1.01,1.11,0.72;
2.13,0.93,0.01;
2.80,1.18,0.27;
0.42,1.31,0.25;
0.89,0.28,0.47;
-0.42,0.92,-0.15;
2.13,-0.63,0.04;
2.30,-0.84,-0.80;
1.03,-0.67,-0.02;
-1.06,-0.37,0.16;
-3.66,0.52,0.47;
-2.77,0.47,0.43;
1.41,-0.11,-0.65;
3.62,-0.06,-0.88;
3.56,-0.26,-1.14;
1.95,0.34,-0.53;
-0.70,0.44,-0.57;
-0.97,-0.05,-0.53;
0.74,-0.31,-0.76;
2.16,-0.58,-1.23;
2.82,-0.47,-1.44;
0.57,0.21,-1.09;
-1.44,0.50,-0.50;
-2.59,0.60,-0.02;
-0.65,0.32,-0.19;
1.00,0.31,-0.25;
0.28,1.30,-0.63;
-1.23,1.60,-0.48;
-0.56,1.82,0.04;
2.07,0.95,-0.79;
2.92,0.47,-0.65;
2.22,0.93,-0.56;
-0.94,1.76,0.02;
-1.98,1.73,0.22;
-1.06,1.63,0.18;
0.91,1.25,-0.39;
4.02,0.61,-0.31;
4.28,0.82,-0.85;
-0.15,1.69,0.53;
-1.44,1.54,0.53;
0.24,1.48,0.24;
1.72,1.04,-0.30;
3.32,0.09,-0.25;
3.87,0.72,-0.71;
4.19,0.38,0.25;
4.24,0.29,-0.56;
-0.12,1.33,-0.18;
-0.99,1.10,-0.24;
-1.31,0.87,-0.34;
1.76,0.11,-0.21;
3.49,-0.14,-1.05;
1.09,0.28,-0.68;
-0.42,0.15,-0.18;
0.48,-0.32,-0.18;
1.64,-0.58,-0.79;
3.98,-1.01,-0.66;
3.53,-0.72,-1.11;
0.83,-0.50,-0.50;
-1.28,0.32,0.37;
-1.92,0.21,0.30;
1.64,-0.23,-0.27;
3.70,-0.06,-0.86;
3.59,-0.34,-0.74;
2.30,0.15,-0.19;
-0.02,0.92,0.36;
-1.75,1.19,1.05;
-2.42,1.42,0.92;
-1.21,0.92,0.53;
1.55,0.73,0.79;
0.36,0.72,0.71;
1.70,0.20,0.60;
0.50,0.61,0.92;
-1.49,0.66,1.43;
-0.99,0.66,1.29;
-0.42,0.84,1.49;
0.88,0.11,1.24;
3.23,-0.96,0.89;
2.92,-0.37,0.71;
3.84,-1.43,0.98;
4.85,-1.92,0.53;
4.13,-1.72,0.68;
3.99,-1.88,0.65;
3.64,-2.08,0.69;
4.74,-2.58,0.42;
5.76,-2.76,0.91;
5.58,-2.61,0.74;
4.57,-2.43,0.50;
3.18,-2.12,0.95;
4.46,-2.55,0.88;
5.66,-2.60,0.71;
6.50,-2.47,0.65;
6.22,-2.01,0.57;
5.76,-2.18,0.62;
4.95,-2.23,0.89;
3.53,-2.09,1.21;
3.33,-2.52,1.29;
3.47,-2.44,1.37;
3.44,-2.56,1.08;
3.01,-2.43,1.29;
3.09,-2.55,0.91;
5.04,-2.72,0.66;
5.58,-2.58,0.82;
4.72,-2.17,1.08;
5.75,-2.17,0.60;
6.08,-1.85,0.65;
5.30,-1.77,0.62;
6.02,-1.76,0.43;
6.13,-1.24,0.30;
3.53,-0.06,0.36;
-0.41,0.87,0.68;
-2.05,1.08,0.80;
-1.00,1.04,0.95;
-0.89,1.25,0.63;
-0.36,1.08,0.62;
-0.28,0.99,0.51;
0.53,0.64,0.45;
-0.60,0.57,0.86;
-0.12,0.28,0.59;
-0.48,0.06,0.59;
-1.12,0.06,0.77;
-1.09,0.03,0.79;
-1.23,-0.03,0.91;
-0.99,-0.41,0.66;
0.39,-0.43,0.66;
0.37,-0.29,0.48;
2.10,-0.66,0.42;
2.91,-0.43,0.07;
0.04,0.63,0.71;
-0.19,1.15,0.92;
2.98,0.89,0.92;
3.56,0.90,0.47;
3.06,0.87,0.48;
2.91,0.89,0.82;
2.65,0.03,0.47;
5.43,-0.17,0.33;
5.24,-0.37,0.34;
4.79,-0.53,0.51;
4.11,-0.46,0.34;
3.93,-0.75,0.31;
1.81,-0.50,0.39;
4.30,-1.27,0.57;
4.80,-1.43,-0.15;
7.38,-2.37,-0.92;
5.27,-1.68,-0.85;
3.93,-1.97,-0.50;
2.77,-1.48,-0.76;
-0.79,-0.72,-0.50;
-1.06,-0.09,-0.02;
-2.36,0.41,-0.02;
-2.47,0.64,0.27;
-2.85,0.70,0.57;
-3.00,1.02,0.13;
-2.76,1.16,-0.31;
-2.28,0.87,-0.22;
-2.41,1.10,-0.18;
-1.60,1.02,-0.22;
-1.98,1.22,-0.42;
-2.44,1.13,-0.62;
-2.33,0.70,-0.47;
-1.58,0.67,-0.51;
-2.77,0.63,-0.39;
-3.31,0.60,0.04;
-1.78,0.55,-0.30;
-2.02,0.52,0.05;
-3.47,0.57,0.30;
-3.47,0.76,0.42;
-1.61,0.20,0.08;
0.10,-0.31,0.16;
-0.65,0.05,0.14;
-0.27,-0.31,0.21;
0.07,-0.03,0.53;
-0.18,-0.12,0.18;
0.95,-0.27,0.25;
1.47,-0.52,0.30;
0.19,-0.09,0.51;
-0.12,-0.05,0.50;
0.48,-0.26,0.39;
0.74,-0.61,0.50;
2.25,-0.87,0.08;
2.83,-0.95,0.37;
2.71,-1.28,0.24;
3.30,-1.54,0.16;
3.14,-1.57,0.37;
2.57,-1.39,0.48;
2.27,-1.36,0.62;
3.15,-1.65,0.39;
2.89,-1.53,0.45;
2.05,-1.42,0.76;
1.93,-1.59,0.94;
1.82,-1.24,0.92;
0.54,-1.13,1.29;
-0.01,-0.81,1.20;
1.08,-1.04,1.11;
1.06,-0.99,1.03;
0.54,-1.04,1.24;
2.34,-1.08,0.95;
2.79,-1.13,0.54;
1.24,-0.56,1.14;
2.11,-0.63,1.15;
2.21,-0.82,0.69;
1.52,-0.84,1.03;
1.49,-0.92,0.82;
1.37,-0.47,0.86;
0.94,-0.89,1.12;
1.27,-0.90,1.03;
1.40,-0.72,1.11;
0.22,-0.32,1.23;
1.14,-0.63,0.86;
2.16,-0.63,0.88;
2.13,-0.79,0.53;
0.88,-0.55,0.83;
0.69,-0.61,0.76;
0.77,-0.53,0.48;
1.24,-0.87,0.34;
1.14,-0.64,0.40;
0.24,-0.69,0.50;
-1.32,-0.47,0.76;
-0.89,-0.18,0.25;
2.54,-1.02,-0.34;
1.84,-0.87,-0.30;
1.55,-1.45,-0.01;
0.74,-1.16,-0.05;
0.27,-0.98,0.01;
1.01,-1.07,-0.18;
0.69,-0.81,-0.31;
0.05,-1.10,-0.10;
1.44,-1.21,-0.28;
1.06,-0.95,-0.41;
0.59,-0.66,-0.56;
0.14,-0.53,-0.36;
-0.48,-0.17,-0.31;
-0.65,0.02,-0.22;
-1.83,0.40,-0.04;
-0.97,0.11,-0.02;
0.43,-0.09,-0.44;
0.30,0.00,-0.33;
-0.59,0.46,-0.22;
-0.42,0.44,-0.31;
-0.36,0.28,-0.31;
-0.08,0.05,-0.34;
0.25,0.02,-0.41;
0.02,-0.23,-0.22;
-0.13,-0.11,-0.39;
-0.57,0.18,-0.50;
-1.35,0.53,-0.19;
-1.18,0.35,-0.21;
0.07,0.24,-0.41;
-0.12,0.24,-0.19;
-0.99,0.37,0.21;
0.51,-0.01,-0.12;
0.43,-0.11,0.02;
0.85,0.03,-0.04;
1.70,0.00,-0.02;
-0.02,0.84,0.50;
-0.19,0.52,0.45;
-0.45,0.49,0.36;
0.60,0.14,0.45;
0.53,0.41,0.10;
0.92,0.58,0.39;
0.50,0.34,0.50;
0.50,0.20,0.56;
0.48,0.26,0.72;
0.36,0.21,0.34;
0.62,0.18,0.30;
1.78,0.11,0.25;
0.71,0.23,0.53;
0.24,0.17,0.24;
0.50,0.29,0.07;
0.08,0.44,-0.12;
-0.08,0.35,-0.10;
-0.04,0.64,-0.15;
-1.20,0.72,-0.15;
-0.25,0.28,-0.16;
-0.10,0.26,-0.41;
0.08,0.23,-0.62;
-0.68,0.63,-0.25;
-0.70,0.35,-0.45;
-0.21,0.32,-0.60;
-0.44,0.32,-0.59;
-0.42,0.14,-0.53;
-1.08,0.15,-0.22;
-1.52,0.34,-0.27;
-1.47,0.32,-0.30;
-0.48,0.21,-0.50;
-0.48,0.14,-0.41;
-0.86,-0.01,-0.30;
-1.00,0.18,-0.45;
-0.39,0.02,-0.48;
-0.89,-0.06,-0.48;
0.19,-0.46,-0.73;
0.83,-0.52,-0.65;
0.10,-0.18,-0.76;
-1.25,-0.20,-0.53;
-0.41,-0.50,-0.82;
1.01,-0.67,-0.99;
0.27,-0.44,-0.83;
-0.39,-0.31,-0.88;
0.45,-0.50,-1.14;
0.05,-0.46,-0.88;
0.34,-0.58,-1.02;
0.11,-0.37,-0.99;
0.02,-0.38,-0.95;
-0.15,-0.44,-1.00;
-0.38,-0.44,-0.97;
-0.56,-0.63,-1.09;
-0.19,-0.66,-1.29;
0.02,-0.61,-1.24;
-0.42,-0.46,-1.17;
-0.22,-0.58,-1.18;
0.22,-0.87,-1.15;
-0.18,-0.85,-1.05;
-1.14,-0.52,-0.77;
-0.94,-0.58,-0.88;
0.36,-0.58,-0.94;
0.28,-0.66,-1.03;
0.19,-0.67,-0.85;
-0.24,-0.55,-1.09;
0.19,-0.58,-0.86;
-0.80,-0.08,-0.71;
-0.48,-0.17,-1.00;
0.30,-0.24,-0.73;
-0.53,-0.15,-0.71;
-0.97,-0.03,-0.73;
-0.31,-0.17,-0.71;
-1.12,-0.01,-0.73;
-0.45,0.12,-0.71;
-0.59,0.15,-0.89;
-0.45,0.11,-1.03;
-0.53,-0.01,-0.74;
-1.03,0.05,-0.53;
-1.21,0.20,-0.41;
-1.44,0.18,-0.51;
-1.92,0.31,-0.48;
-0.73,0.11,-0.56;
-1.11,0.03,-0.68;
-1.75,-0.03,-0.65;
-1.26,0.11,-0.53;
-0.83,0.00,-0.80;
-0.45,0.02,-0.71;
-0.67,-0.11,-0.66;
-0.36,-0.37,-0.63;
0.17,-0.44,-0.57;
0.34,-0.34,-0.77;
-0.63,-0.29,-0.34;
-0.80,-0.21,-0.34;
0.10,-0.34,-0.73;
0.89,-0.49,-0.50;
-0.54,0.11,-0.28;
0.16,-0.24,-0.33;
-0.05,-0.18,-0.54;
-0.28,-0.29,-0.25;
0.34,-0.50,-0.28;
0.22,-0.44,-0.36;
-0.30,-0.31,0.10;
0.02,-0.55,-0.10;
-0.05,-0.50,-0.36;
0.08,-0.76,-0.36;
0.74,-1.07,-0.37;
0.10,-0.76,0.14;
0.31,-0.67,0.04;
0.50,-0.76,-0.16;
