6.94,2.10,0.27;
5.31,2.13,0.19;
4.42,2.48,0.42;
4.53,2.73,0.30;
6.28,2.70,0.34;
4.96,2.67,0.25;
5.77,2.38,0.68;
4.54,2.28,0.31;
3.52,1.90,0.59;
2.79,1.29,0.63;
2.80,1.02,0.42;
1.74,0.77,0.42;
0.04,0.73,0.53;
1.03,0.76,0.48;
0.38,0.44,0.75;
0.30,0.47,0.45;
0.48,0.16,0.51;
1.08,0.16,0.92;
0.62,0.27,0.92;
0.35,0.35,0.72;
0.12,0.45,0.85;
-1.62,0.53,1.03;
-1.21,0.45,0.94;
-0.17,0.48,0.83;
0.01,0.70,0.75;
-1.09,0.86,1.20;
-1.59,1.26,0.86;
-1.70,1.48,1.32;
-1.15,1.54,1.32;
-0.54,1.60,1.11;
-1.00,1.74,1.21;
-3.03,1.54,1.33;
-2.74,1.69,1.00;
0.33,1.75,1.47;
3.37,2.10,1.37;
4.25,2.06,1.33;
1.87,1.72,0.53;
0.28,1.70,1.47;
1.41,1.51,1.61;
2.68,1.54,1.21;
1.20,1.19,0.83;
0.64,1.52,1.17;
1.58,1.67,1.00;
1.40,1.95,1.33;
6.57,2.07,0.69;
1.41,2.39,0.49;
3.29,2.51,1.12;
-1.30,2.61,0.37;
0.35,2.74,0.66;
-0.78,2.65,0.51;
-2.16,2.38,-0.09;
-2.81,2.54,0.20;
-3.21,2.18,-0.10;
-6.14,2.16,0.11;
-8.34,1.58,-0.18;
-8.19,1.17,-0.41;
-6.19,0.54,-0.48;
-5.70,0.09,-0.50;
-6.23,-0.92,-0.62;
-5.79,-1.53,-0.63;
-5.79,-2.02,-0.65;
-5.53,-2.78,-0.41;
-1.55,-2.89,-0.09;
1.25,-3.61,0.14;
2.30,-4.20,-0.02;
2.36,-4.74,-0.19;
0.61,-5.56,-0.33;
0.54,-6.16,-0.27;
1.19,-7.36,-0.54;
2.24,-7.85,-0.57;
2.51,-8.10,-0.21;
6.48,-8.46,-0.83;
3.37,-8.71,-1.37;
2.90,-8.91,-0.27;
2.44,-9.09,0.08;
5.51,-9.32,0.48;
8.93,-9.36,0.45;
9.03,-8.98,-0.05;
10.64,-8.71,0.02;
9.61,-8.52,-0.38;
5.09,-8.59,-0.24;
4.33,-8.68,0.51;
4.65,-9.04,0.14;
6.45,-9.01,0.25;
6.04,-9.12,0.25;
8.25,-8.26,0.22;
7.78,-8.16,0.01;
6.96,-7.88,-0.13;
6.41,-7.59,0.22;
3.57,-7.17,0.07;
0.93,-6.81,0.27;
-0.14,-6.33,0.48;
-0.33,-5.88,0.11;
-1.09,-5.27,-0.50;
-6.23,-4.66,-0.39;
-7.24,-3.72,-0.42;
-2.78,-3.29,-0.05;
-0.92,-2.69,-0.73;
-5.58,-2.57,-0.99;
-7.21,-2.30,-0.86;
-8.81,-2.20,-0.77;
-7.47,-2.22,-0.97;
-4.83,-2.55,-1.29;
-2.01,-2.62,-1.64;
-3.09,-3.26,-1.64;
-3.72,-3.15,-1.63;
-6.97,-3.41,-1.72;
-6.68,-3.97,-1.55;
4.15,-3.99,-2.42;
7.22,-4.42,-2.07;
6.36,-4.33,-2.21;
7.64,-4.72,-2.30;
6.28,-4.37,-2.47;
2.39,-4.34,-2.41;
2.18,-4.40,-2.34;
2.48,-4.77,-2.19;
5.00,-5.17,-1.75;
6.19,-5.18,-1.90;
5.43,-5.12,-1.41;
3.00,-4.75,-1.66;
5.46,-4.59,-1.35;
7.52,-3.76,-1.43;
3.86,-2.95,-0.82;
2.44,-2.40,-0.41;
1.00,-2.22,-0.45;
2.80,-1.91,-0.38;
2.99,-1.47,-0.16;
0.67,-1.39,-0.10;
-0.88,-1.18,0.14;
-0.66,-1.21,0.72;
-0.74,-1.07,0.65;
-1.43,-0.97,0.59;
-1.33,-0.92,1.04;
-1.65,-0.68,1.18;
-0.23,-0.66,1.43;
-0.45,-0.68,1.61;
-1.20,-0.52,1.72;
-0.83,-0.66,1.81;
-4.45,-0.52,1.84;
-4.77,-0.60,1.82;
-4.30,-0.59,1.47;
-3.35,0.10,1.33;
-1.93,1.34,1.30;
1.34,2.16,1.14;
3.35,1.80,0.77;
2.44,1.34,0.45;
0.83,0.47,0.25;
-1.07,-0.25,0.07;
-1.88,-0.72,-0.33;
-1.24,-1.17,-0.47;
1.16,-1.53,-0.65;
1.17,-2.14,-0.57;
-2.75,-2.54,-0.80;
-1.12,-3.15,-0.74;
-0.74,-3.56,-0.79;
0.36,-3.30,-0.74;
3.57,-3.03,-0.73;
6.18,-2.91,-0.68;
2.32,-3.12,-0.60;
1.32,-2.89,-0.34;
2.32,-2.80,-0.31;
4.10,-2.69,-0.41;
6.83,-2.68,-0.56;
7.05,-2.57,-0.21;
4.64,-2.39,-0.44;
2.62,-2.33,-0.38;
-0.26,-2.04,-0.12;
-0.10,-1.68,0.19;
2.27,-1.87,-0.10;
0.82,-1.65,-0.39;
3.06,-1.68,-0.05;
1.25,-1.38,0.11;
-1.06,-1.67,-0.07;
-0.30,-1.78,0.10;
0.91,-1.90,-0.13;
1.28,-2.10,-0.21;
1.72,-2.36,-0.22;
1.61,-2.36,-0.19;
4.10,-2.60,-0.38;
4.56,-2.89,-0.51;
4.06,-2.92,-0.44;
3.99,-3.03,-0.41;
3.63,-3.04,-0.67;
2.79,-3.06,-0.24;
2.85,-3.26,-0.07;
2.53,-3.44,-0.30;
3.86,-3.56,-0.39;
4.86,-3.55,-0.51;
4.45,-3.52,-0.63;
2.82,-3.23,-0.82;
0.93,-3.17,-1.15;
1.43,-2.92,-1.40;
1.48,-2.84,-1.73;
0.82,-2.60,-1.86;
-0.36,-2.28,-1.78;
-0.97,-1.96,-1.63;
-0.16,-1.47,-1.60;
-1.99,-1.41,-1.18;
-3.01,-1.10,-1.23;
-0.48,-1.43,-0.99;
2.25,-1.68,-1.22;
2.09,-1.72,-0.77;
2.30,-2.17,-0.77;
1.64,-2.25,-0.56;
2.04,-2.49,-0.47;
1.84,-2.54,-0.10;
2.96,-2.46,0.19;
2.61,-2.34,0.49;
3.05,-2.25,0.75;
2.30,-1.70,1.15;
0.88,-1.14,1.40;
-1.44,-0.72,1.64;
-1.79,-0.05,2.11;
-2.16,0.30,2.17;
-1.24,-0.01,2.28;
0.74,-0.22,2.25;
-0.05,-0.31,2.57;
-2.46,-0.57,2.43;
-3.46,-0.59,2.75;
-2.19,-0.31,2.46;
0.18,-0.25,2.34;
-1.97,-0.51,2.19;
-1.76,-0.60,2.39;
-2.57,-0.25,1.82;
-1.62,0.61,1.72;
-2.63,0.74,1.32;
-2.71,0.93,1.20;
-2.74,0.51,0.91;
-0.60,0.64,0.59;
-0.08,-0.20,0.53;
0.16,-0.48,0.22;
0.50,-1.10,0.71;
-0.17,-1.30,0.77;
-0.11,-1.81,0.91;
2.45,-2.19,0.95;
4.25,-2.52,0.98;
7.12,-2.65,0.77;
9.63,-2.95,0.49;
8.06,-2.71,0.42;
5.09,-2.60,0.16;
2.91,-2.31,0.10;
2.30,-2.34,0.28;
2.06,-1.75,0.24;
2.33,-1.35,0.20;
1.19,-0.83,0.25;
0.07,-0.57,0.22;
-0.04,0.10,0.25;
0.21,0.24,0.20;
0.65,0.38,0.28;
1.52,0.15,-0.07;
2.50,0.04,-0.10;
1.67,0.09,-0.16;
0.83,-0.01,-0.31;
1.32,-0.23,-0.07;
2.47,0.10,-0.63;
2.39,0.21,-0.47;
0.97,-0.04,-0.57;
0.12,-0.01,-0.60;
-0.07,0.03,-0.22;
0.82,-0.22,-0.45;
1.54,0.10,-0.25;
-0.71,0.33,-0.25;
-1.62,0.62,-0.18;
-2.69,0.74,-0.31;
-3.35,1.11,-0.10;
-3.09,0.90,-0.04;
-1.82,1.05,0.17;
-1.20,0.90,-0.21;
-1.55,0.99,-0.33;
-5.33,0.74,-0.42;
-4.97,0.53,-0.01;
-4.02,0.13,-0.22;
-1.79,-0.02,-0.05;
0.45,-0.42,0.17;
1.45,-0.43,0.40;
0.54,-0.31,0.56;
-0.62,-0.37,0.28;
1.19,-0.45,0.51;
2.39,-0.80,0.22;
1.93,-1.07,0.54;
0.77,-1.09,0.56;
0.70,-1.24,0.39;
0.28,-1.50,0.33;
0.06,-1.41,0.05;
0.09,-1.75,-0.07;
-0.48,-2.01,0.04;
1.23,-2.31,0.02;
2.61,-2.26,-0.09;
3.37,-2.62,0.07;
3.09,-2.59,-0.30;
2.03,-2.46,-0.36;
1.22,-2.40,-0.54;
-0.39,-2.28,-0.36;
-2.69,-1.75,-0.50;
-4.75,-1.26,-0.47;
-4.92,-1.36,-0.47;
-2.97,-1.46,-0.82;
2.19,-2.20,-0.44;
5.49,-2.92,-0.18;
5.89,-2.84,0.19;
5.46,-2.92,0.46;
5.55,-2.62,0.33;
4.47,-2.13,0.37;
-2.31,-1.64,0.34;
-4.43,-0.95,0.54;
-4.78,-0.86,0.66;
-0.28,-1.68,0.46;
1.35,-1.91,0.45;
1.89,-3.15,0.33;
4.27,-4.34,-0.45;
2.50,-5.35,-0.76;
1.51,-6.34,-0.85;
2.12,-7.81,-1.09;
1.02,-9.17,-2.28;
1.80,-10.23,-2.94;
2.91,-11.17,-3.37;
1.93,-12.40,-3.58;
5.93,-12.98,-3.49;
5.52,-12.65,-3.86;
10.03,-12.42,-3.08;
4.76,-14.33,-3.57;
6.45,-15.43,-2.94;
16.82,-15.70,-2.21;
20.06,-16.22,-2.19;
16.85,-16.65,-2.63;
16.90,-16.31,-2.34;
10.35,-15.12,-1.52;
11.05,-13.33,-0.85;
7.35,-11.78,-1.46;
7.90,-10.63,-1.76;
4.74,-9.07,-2.09;
-1.35,-7.35,-2.09;
-4.43,-5.82,-0.83;
2.18,-3.85,-0.12;
2.54,-1.32,-0.41;
-1.85,1.77,0.01;
-9.52,5.08,0.62;
-11.85,8.39,1.69;
-6.16,10.83,1.52;
-3.36,13.26,1.67;
-8.16,15.58,1.91;
-9.62,16.73,2.57;
-7.43,16.76,2.13;
-0.84,16.28,2.86;
4.65,15.41,2.30;
-3.41,13.81,1.55;
-7.47,12.70,2.63;
-9.36,11.81,3.17;
-7.10,10.71,2.72;
-3.38,9.83,2.02;
-1.90,8.86,1.20;
1.40,7.14,1.64;
1.43,5.38,0.86;
4.48,3.84,0.45;
-4.13,1.81,0.74;
-4.77,0.03,0.95;
-0.57,-1.53,1.06;
3.19,-2.26,0.36;
4.33,-2.72,0.11;
3.41,-2.69,0.05;
1.02,-2.52,0.31;
-0.04,-1.36,0.63;
-2.05,-0.75,0.78;
-2.02,0.09,0.85;
-2.72,0.88,1.17;
-2.92,1.19,1.43;
-1.76,0.99,1.14;
1.67,0.68,0.68;
5.61,0.10,0.46;
6.38,-0.16,0.37;
4.54,-0.43,0.31;
1.74,-0.31,0.27;
-0.57,-0.40,0.13;
-0.28,-0.59,0.28;
0.48,-1.09,-0.22;
0.18,-1.55,-0.34;
-0.11,-1.78,-0.30;
-0.84,-2.37,-0.54;
-2.07,-3.07,-0.45;
0.24,-3.65,-0.67;
1.20,-4.13,-0.73;
0.13,-4.48,-0.97;
0.13,-5.04,-1.08;
-0.34,-5.35,-1.46;
0.22,-6.17,-1.51;
2.13,-7.38,-2.13;
1.41,-8.43,-2.24;
3.34,-9.43,-2.27;
0.35,-10.45,-3.12;
-1.50,-11.47,-3.44;
1.19,-13.26,-3.51;
3.03,-15.20,-4.19;
3.22,-16.89,-4.18;
0.54,-19.06,-4.74;
0.10,-21.79,-4.48;
1.32,-24.22,-4.57;
8.24,-27.15,-4.86;
8.06,-29.88,-4.83;
10.30,-33.07,-4.80;
9.83,-36.94,-5.29;
1.92,-42.54,-5.25;
3.00,-48.55,-4.16;
4.39,-55.10,-5.14;
4.33,-62.84,-7.17;
1.83,-72.75,-9.66;
-2.91,-83.56,-11.35;
-14.88,-94.33,-12.79;
-15.93,-103.87,-12.85;
-12.36,-109.55,-9.49;
-20.74,-112.40,-9.23;
-8.83,-112.23,-8.25;
43.57,-108.72,-5.15;
39.25,-106.83,-6.18;
-33.35,-109.36,-6.38;
-62.54,-114.88,-3.51;
-13.18,-113.62,6.31;
26.48,-110.51,2.95;
-17.73,-112.25,1.66;
-23.39,-111.36,12.77;
-30.13,-110.02,19.79;
-33.44,-109.10,21.32;
-3.26,-105.15,24.80;
5.63,-97.35,27.87;
-19.33,-90.97,29.41;
-12.42,-83.09,30.37;
3.06,-75.50,28.65;
7.17,-65.65,24.75;
8.50,-55.24,21.17;
10.76,-46.07,19.38;
7.78,-34.51,16.48;
1.87,-21.99,15.85;
-8.30,-8.78,15.27;
-2.69,2.21,14.45;
21.83,15.19,12.30;
20.42,30.22,11.41;
5.16,44.76,9.69;
4.18,64.54,11.17;
-0.74,87.29,10.60;
18.83,105.05,9.12;
42.73,137.58,11.11;
37.81,170.45,7.84;
2.93,198.35,6.11;
-52.63,215.70,-0.42;
-126.74,226.12,-13.32;
-152.07,255.64,-15.34;
-137.59,251.31,-37.38;
-92.26,254.76,-85.78;
8.90,243.16,-81.02;
19.80,194.38,-73.15;
20.64,136.96,-83.69;
96.85,56.48,-95.57;
62.94,15.23,-96.60;
-14.62,2.18,-75.29;
-63.84,9.00,-48.30;
-79.27,14.32,-49.72;
-98.77,21.52,-45.98;
-89.94,20.93,-43.46;
-81.21,13.25,-47.90;
-73.91,5.31,-49.58;
-45.97,-5.24,-47.76;
21.02,-18.14,-49.15;
110.13,-30.78,-55.38;
170.94,-49.04,-65.52;
179.67,-73.26,-72.60;
138.10,-94.75,-74.59;
142.15,-131.72,-63.70;
237.92,-181.67,-61.83;
114.73,-217.12,-68.02;
-10.43,-222.28,-37.87;
36.70,-209.38,22.95;
59.20,-190.37,45.85;
-150.60,-195.59,62.75;
-98.65,-190.62,59.84;
-36.51,-172.60,29.21;
-19.52,-160.68,12.80;
-46.01,-141.03,-19.95;
-139.20,-213.47,-77.81;
163.52,-143.32,-60.76;
125.32,-134.17,-59.78;
18.71,-86.74,-22.65;
-134.19,-41.47,11.23;
-74.75,-22.31,10.60;
-28.28,5.67,10.27;
-9.29,37.05,20.56;
-21.20,66.19,22.31;
13.32,92.25,20.43;
30.39,132.21,17.62;
39.70,171.81,18.49;
42.19,201.05,15.81;
38.97,230.83,6.89;
-4.05,246.91,1.99;
-107.53,252.51,13.67;
-176.13,254.99,39.44;
-205.65,269.06,71.43;
-219.24,279.69,99.49;
-84.94,260.36,128.17;
-99.96,162.53,140.59;
-57.75,65.45,103.23;
-59.36,10.35,90.25;
-65.96,-19.85,98.54;
-27.32,-24.45,106.95;
28.12,-23.49,93.27;
65.08,-15.67,69.90;
57.40,-7.52,61.24;
28.15,-0.74,61.53;
-4.05,-2.51,59.55;
-3.33,-18.46,55.38;
19.55,-39.03,36.68;
65.54,-52.13,18.75;
109.35,-50.43,11.98;
121.00,-44.92,12.94;
106.80,-42.33,12.66;
52.73,-37.04,10.62;
106.25,-80.57,17.85;
200.73,-157.09,23.61;
-30.17,-217.78,29.84;
-7.26,-184.97,28.34;
99.87,-157.76,25.70;
-7.53,-150.97,31.78;
-18.94,-143.36,-4.86;
-36.69,-136.65,31.17;
-90.13,-120.19,37.90;
-12.71,-104.52,51.67;
-82.10,-93.79,36.19;
-89.64,-87.35,40.82;
-169.82,-88.46,40.01;
-77.47,-74.23,23.06;
28.16,-50.31,19.61;
18.83,-28.04,18.24;
-42.43,-0.22,26.31;
-45.91,24.47,24.78;
-29.99,39.17,17.56;
1.48,52.42,0.17;
25.08,63.38,-12.31;
49.87,72.99,-17.08;
59.83,88.54,-19.02;
52.01,95.26,-15.52;
35.96,94.01,-11.00;
17.48,90.15,-5.03;
23.99,85.52,-1.00;
36.94,87.17,0.42;
37.48,91.09,0.01;
38.68,93.12,-0.97;
31.43,92.47,-2.47;
30.91,93.11,-3.98;
44.62,95.67,-4.12;
33.02,95.43,-3.80;
9.43,91.83,-1.61;
12.48,87.12,1.95;
24.48,84.82,2.40;
34.24,83.03,0.78;
29.61,81.05,1.40;
2.57,78.59,3.90;
-21.52,76.59,7.72;
-25.00,75.25,10.74;
-22.65,73.49,10.66;
-71.35,63.95,9.67;
-10.91,61.67,8.82;
10.77,53.80,5.78;
27.95,43.75,2.51;
-1.21,26.25,3.04;
-9.35,13.52,4.08;
27.02,2.71,4.94;
50.88,-2.68,1.00;
49.80,-4.42,-2.16;
32.06,-3.67,-2.83;
15.90,-1.79,-5.41;
-8.30,-2.20,-5.64;
-10.13,-2.57,-3.83;
0.73,-2.23,-2.96;
-1.96,-1.56,-4.36;
-0.04,-1.27,-4.09;
-5.70,-0.31,-3.55;
-8.17,1.00,-2.74;
-1.39,2.65,-1.86;
0.77,3.61,-1.66;
-8.11,3.52,-1.60;
-10.83,3.55,-0.12;
-8.48,3.02,0.39;
-6.71,1.92,-0.05;
0.48,0.50,0.01;
8.86,-0.34,-0.07;
7.98,-1.93,-1.06;
-4.45,-3.85,-0.28;
-13.70,-5.26,0.30;
-7.15,-5.03,0.25;
4.83,-5.10,-0.21;
12.13,-4.25,-1.66;
15.45,-2.71,-1.86;
13.48,-0.81,-1.55;
6.16,0.88,-1.58;
3.77,2.24,-1.40;
1.78,3.09,-1.20;
7.67,3.70,-1.23;
11.74,3.98,-1.80;
9.92,3.55,-2.05;
4.76,2.93,-2.02;
2.12,2.39,-1.76;
1.77,1.90,-1.87;
1.55,1.25,-2.27;
1.96,1.02,-2.85;
1.64,0.96,-2.93;
-3.10,0.44,-2.71;
-5.90,0.04,-2.33;
-3.68,-0.43,-2.56;
0.47,-0.54,-2.39;
3.14,-1.10,-2.09;
5.93,-1.59,-1.99;
7.78,-1.58,-1.93;
8.73,-1.70,-1.78;
9.74,-1.72,-1.66;
11.45,-1.46,-1.72;
9.60,-1.78,-1.55;
7.12,-1.53,-1.40;
5.51,-1.67,-0.82;
5.48,-1.58,-0.89;
6.16,-1.87,-0.93;
4.88,-1.88,-0.82;
3.63,-2.25,-0.91;
2.38,-2.16,-0.83;
2.22,-2.46,-0.63;
1.28,-2.39,-0.51;
2.56,-2.45,-0.31;
3.49,-2.37,-0.70;
-1.07,-2.20,-0.68;
-3.21,-1.87,-0.45;
0.56,-1.72,-0.30;
1.92,-1.55,-0.54;
0.47,-1.17,-0.73;
-1.00,-1.00,-0.42;
-1.84,-0.94,-0.48;
1.52,-0.80,-0.74;
0.54,-0.71,-0.53;
-0.36,-0.84,-0.67;
0.47,-1.01,-0.73;
0.93,-0.78,-0.68;
0.39,-0.94,-0.68;
-0.04,-0.95,-0.42;
-0.60,-0.95,-0.13;
-2.55,-1.03,-0.22;
-2.42,-1.21,-0.02;
1.49,-1.21,0.22;
1.11,-0.92,0.27;
-0.55,-1.33,0.39;
1.58,-1.15,0.20;
3.28,-0.80,-0.07;
2.39,-0.97,-0.22;
-1.38,-0.83,0.25;
-4.65,-0.81,0.28;
-4.02,-0.98,0.16;
-2.22,-0.84,0.37;
-1.35,-0.92,0.13;
-2.22,-1.01,0.54;
-0.66,-1.14,0.72;
0.65,-1.15,0.54;
0.99,-1.12,0.36;
0.41,-0.86,0.31;
-1.00,-0.80,0.51;
-2.57,-1.01,0.40;
-2.20,-1.26,0.89;
-0.33,-1.30,0.57;
1.90,-1.67,0.14;
1.83,-1.53,0.36;
2.73,-1.65,0.36;
3.22,-1.73,0.14;
2.01,-1.84,0.24;
2.51,-1.85,0.13;
3.37,-1.75,-0.10;
3.64,-1.82,-0.04;
4.41,-1.94,-0.07;
4.67,-2.01,0.08;
3.70,-2.17,-0.01;
1.60,-2.07,-0.04;
1.14,-1.78,0.17;
1.11,-1.47,-0.51;
1.03,-1.49,-0.47;
-0.02,-1.47,-0.41;
0.15,-1.55,-0.44;
1.64,-1.61,-0.39;
0.50,-1.52,-0.36;
0.53,-1.49,-0.42;
2.15,-1.53,-0.56;
2.15,-1.41,-0.73;
2.12,-1.75,-0.63;
1.67,-2.02,-0.76;
2.01,-2.42,-0.71;
3.16,-2.94,-1.03;
3.72,-3.62,-0.96;
5.29,-4.71,-1.32;
6.61,-5.38,-1.52;
6.62,-5.81,-1.49;
2.97,-6.23,-1.69;
-1.47,-7.03,-1.44;
-2.69,-7.87,-1.61;
0.41,-8.69,-2.16;
2.79,-9.61,-2.34;
1.84,-10.36,-2.67;
5.75,-11.41,-2.83;
8.44,-11.93,-3.25;
4.68,-12.26,-3.00;
3.49,-12.28,-3.11;
2.47,-11.46,-3.08;
2.22,-11.82,-2.59;
6.01,-11.78,-3.00;
4.76,-11.85,-3.25;
4.35,-12.11,-3.23;
3.48,-12.84,-3.26;
2.03,-13.18,-3.64;
-1.01,-14.11,-4.18;
1.99,-15.85,-4.63;
2.10,-18.55,-5.25;
-4.71,-22.19,-5.03;
-8.36,-27.39,-4.74;
-9.38,-34.11,-4.73;
-10.86,-42.31,-5.09;
-9.61,-52.98,-4.91;
-8.51,-62.89,-5.51;
-8.13,-75.26,-6.44;
-4.26,-91.81,-8.41;
-1.53,-107.85,-8.65;
-8.98,-119.38,-5.63;
-17.61,-126.22,1.88;
-38.42,-130.36,9.84;
-72.28,-136.72,9.50;
-32.43,-136.46,1.62;
42.53,-131.84,1.85;
135.99,-128.11,2.04;
92.86,-128.01,4.88;
-22.46,-136.65,12.92;
-52.51,-140.19,22.65;
-18.98,-136.02,32.88;
-12.22,-130.72,30.78;
32.68,-131.43,24.66;
65.90,-116.10,20.94;
56.24,-104.16,15.85;
4.57,-89.90,11.67;
17.48,-70.62,10.65;
25.60,-52.51,5.93;
10.12,-28.52,-5.09;
11.29,-2.46,-12.10;
4.41,21.64,-13.46;
29.28,50.80,-15.46;
51.05,83.70,-17.60;
57.74,114.76,-16.86;
43.95,155.29,-13.25;
19.61,187.70,-14.65;
-20.81,209.14,-25.12;
-59.03,225.46,-33.81;
-108.69,249.14,-32.18;
-120.66,268.96,-30.57;
-92.25,269.16,-51.89;
-78.34,257.02,-68.27;
-64.92,229.41,-72.60;
-75.20,174.74,-64.41;
6.42,84.51,-72.07;
31.54,25.45,-112.41;
11.03,8.61,-101.26;
-13.38,4.16,-72.27;
-26.66,4.65,-52.16;
-42.37,5.58,-49.29;
-43.58,0.25,-49.28;
-41.23,-7.01,-53.49;
-35.75,-6.36,-55.22;
-17.78,-3.04,-51.92;
-7.55,-2.39,-51.73;
-10.63,-5.30,-55.58;
-3.85,-13.73,-55.89;
7.14,-24.74,-56.77;
21.08,-42.59,-60.85;
45.87,-63.06,-60.91;
73.03,-79.21,-60.89;
131.48,-89.96,-60.15;
222.56,-110.60,-58.07;
403.83,-177.97,-61.73;
255.45,-263.24,-58.56;
92.24,-293.87,-46.25;
19.51,-266.46,-35.31;
135.17,-227.03,-40.39;
-22.26,-218.89,13.95;
99.40,-209.01,-11.92;
117.64,-183.44,-12.39;
-89.99,-156.30,12.04;
-122.92,-140.30,23.87;
-67.88,-123.93,8.88;
-33.30,-111.44,-7.03;
-104.88,-82.46,-6.24;
-63.23,-50.54,-4.60;
-16.23,-36.80,-13.11;
7.28,-7.75,-12.48;
-16.81,29.90,-1.76;
-23.56,68.22,11.67;
3.51,96.88,8.65;
33.12,136.13,1.26;
42.41,166.10,-0.94;
39.64,196.38,-4.01;
-4.89,212.64,3.87;
-71.88,215.23,7.40;
-155.35,226.56,14.19;
-224.08,252.27,43.27;
-249.38,258.15,81.66;
-239.10,255.58,113.49;
-174.40,217.35,129.66;
-94.84,170.79,127.32;
-58.48,110.85,127.00;
-34.19,57.34,134.19;
-38.83,23.46,118.94;
-68.49,29.02,112.49;
-36.08,46.42,122.94;
22.96,51.70,118.42;
54.73,53.89,99.38;
40.88,57.98,80.49;
-47.56,55.51,71.99;
-101.70,42.97,71.50;
-89.27,26.50,63.67;
9.34,15.19,50.80;
102.21,4.50,32.19;
151.26,-4.34,18.37;
146.35,-9.76,9.87;
126.16,-11.88,3.27;
121.84,-14.68,0.88;
126.88,-25.09,-2.53;
117.35,-33.03,-10.62;
231.40,-108.66,-4.19;
168.96,-240.37,10.65;
-102.78,-266.19,49.95;
-177.76,-160.36,50.22;
-3.99,-137.68,-7.23;
-17.82,-123.70,30.88;
-3.73,-106.72,-2.45;
20.68,-93.21,10.11;
-12.71,-64.81,19.72;
-52.16,-50.28,21.15;
-74.71,-60.33,1.27;
-9.41,-5.75,-8.39;
44.99,29.08,4.37;
45.69,58.42,1.38;
63.72,78.62,2.51;
8.38,91.51,8.30;
-55.87,97.58,7.23;
-65.49,97.09,4.68;
-25.23,97.45,-2.59;
36.27,97.74,-10.59;
61.12,95.58,-14.62;
72.06,89.57,-12.67;
59.98,83.35,-7.20;
58.21,81.48,-2.82;
68.47,88.07,4.20;
42.51,76.73,7.03;
1.49,61.45,9.33;
-16.11,50.30,12.37;
2.50,44.79,13.73;
43.69,37.32,10.24;
58.70,28.41,3.06;
58.19,23.12,-0.83;
16.82,19.29,-1.47;
-31.18,17.12,2.49;
-91.43,11.89,9.41;
-77.35,11.99,12.28;
-53.85,8.13,9.32;
-1.99,7.28,4.40;
37.43,6.83,1.59;
41.48,4.74,-1.55;
27.58,3.02,-0.70;
3.61,4.03,2.40;
-21.32,4.77,4.34;
-26.83,4.97,4.83;
-17.07,5.83,4.07;
-2.57,5.52,2.56;
9.23,5.11,1.73;
10.99,2.94,0.33;
4.36,-0.02,0.75;
-0.95,-1.53,1.04;
-4.57,-3.82,0.69;
-1.12,-5.56,-1.22;
5.29,-6.23,-1.84;
3.38,-6.39,-1.43;
-2.78,-6.39,-1.44;
-9.78,-6.11,-0.42;
-11.67,-5.00,0.48;
-11.64,-3.61,1.26;
-10.19,-2.37,1.70;
-5.64,-1.44,2.07;
-0.20,-0.23,2.25;
2.64,0.68,2.43;
2.73,1.69,2.46;
-3.24,2.42,2.89;
-1.97,2.65,3.17;
3.93,2.16,2.75;
6.57,1.78,2.74;
9.92,1.02,2.43;
10.39,0.15,2.39;
8.74,-0.42,2.28;
6.90,-1.00,2.05;
5.83,-0.75,2.10;
1.58,-0.60,2.16;
-1.30,-0.36,2.05;
-4.30,-0.04,2.01;
-5.99,0.44,2.28;
-2.60,0.82,1.95;
-4.37,1.37,1.62;
-7.10,1.49,1.99;
-5.94,1.41,1.72;
-5.70,1.46,1.58;
-5.32,1.20,1.47;
-4.37,0.61,1.30;
-4.40,0.33,1.24;
-1.72,0.09,1.15;
-1.73,-0.17,0.95;
-1.90,-0.30,0.49;
-2.08,-0.51,0.72;
-0.78,-1.00,0.69;
0.01,-1.43,0.72;
-2.30,-1.97,0.60;
-1.52,-2.34,0.66;
0.64,-2.36,0.49;
0.35,-2.31,0.31;
-0.04,-2.23,0.74;
0.28,-2.23,0.83;
2.10,-1.87,0.82;
2.96,-1.97,0.86;
2.99,-1.68,0.80;
1.87,-1.62,0.80;
-0.77,-1.43,1.04;
-0.42,-1.27,0.97;
0.22,-1.55,0.63;
-0.43,-1.27,0.22;
1.09,-1.43,0.40;
-0.54,-1.50,0.43;
-1.18,-1.46,0.45;
0.79,-1.29,0.34;
-0.59,-1.26,0.37;
-0.92,-1.59,0.68;
1.19,-1.17,0.46;
2.91,-1.01,0.34;
-0.28,-1.04,0.27;
-2.26,-1.26,0.62;
-1.73,-1.33,0.51;
-0.42,-1.50,0.65;
0.22,-1.47,0.39;
-1.27,-1.70,0.11;
-1.27,-1.53,0.59;
-1.70,-1.27,0.57;
-1.78,-1.59,0.66;
-1.27,-1.44,0.59;
-2.72,-1.75,0.68;
-2.45,-1.59,0.68;
-1.49,-1.90,0.95;
-1.94,-1.78,0.65;
-2.74,-1.79,0.30;
-1.93,-1.75,0.46;
-1.24,-1.55,0.19;
-1.58,-1.53,0.20;
-2.71,-1.72,0.25;
-1.26,-1.59,0.16;
-0.46,-1.79,-0.09;
0.33,-1.78,0.04;
0.79,-2.08,0.22;
-0.54,-2.17,0.17;
-1.10,-2.30,0.02;
0.03,-2.16,0.17;
0.42,-2.34,-0.13;
0.97,-2.10,-0.07;
1.17,-2.16,-0.30;
1.16,-2.16,-0.22;
1.20,-2.31,-0.24;
2.25,-2.16,-0.10;
2.62,-2.10,-0.22;
2.22,-2.16,-0.34;
2.32,-2.17,-0.30;
2.54,-1.93,-0.36;
3.37,-2.14,-0.12;
2.47,-1.97,-0.71;
1.38,-1.97,-0.59;
1.02,-2.01,-0.54;
1.28,-1.96,-0.59;
0.96,-1.90,-0.77;
-0.19,-2.07,-0.54;
-0.37,-2.22,-0.39;
1.09,-2.22,-0.31;
2.56,-2.17,-0.56;
2.59,-2.34,-0.36;
3.99,-2.13,-0.44;
4.36,-1.97,-0.41;
1.86,-1.81,-0.42;
0.48,-1.76,-0.24;
0.06,-1.96,-0.34;
0.88,-1.68,-0.33;
1.25,-1.67,-0.25;
1.80,-1.87,-0.47;
1.48,-1.78,-0.27;
0.71,-2.01,-0.30;
0.15,-1.96,-0.13;
0.85,-1.96,-0.13;
1.74,-1.94,-0.21;
2.41,-1.85,-0.16;
2.25,-1.91,-0.10;
1.32,-1.59,-0.15;
1.80,-1.53,-0.27;
1.31,-1.56,-0.36;
1.67,-1.47,-0.22;
1.31,-1.39,0.08;
0.71,-1.67,-0.01;
1.32,-1.43,-0.27;
1.37,-1.32,-0.04;
1.16,-1.27,0.02;
1.06,-1.33,0.07;
1.22,-1.38,-0.02;
1.60,-1.41,0.08;
2.15,-1.33,-0.15;
2.45,-1.09,-0.25;
1.09,-0.98,-0.28;
0.13,-1.04,-0.13;
-0.91,-0.95,-0.24;
-1.39,-0.55,-0.27;
-0.20,-0.72,-0.15;
0.48,-0.72,-0.13;
-0.20,-0.68,-0.18;
0.25,-0.74,-0.04;
0.36,-0.63,0.02;
-1.26,-0.60,0.11;
-0.22,-0.37,-0.05;
0.54,-0.37,-0.34;
-0.02,-0.48,-0.38;
-0.26,-0.34,-0.28;
-0.80,-0.60,-0.30;
-1.00,-0.49,-0.07;
-1.14,-0.46,-0.22;
-0.55,-0.65,-0.07;
0.68,-0.52,-0.16;
0.62,-0.77,-0.07;
0.25,-0.66,-0.36;
-0.60,-0.83,-0.18;
-0.81,-0.83,-0.09;
-0.45,-0.72,0.08;
0.35,-0.89,0.05;
0.03,-0.98,0.08;
-0.34,-1.01,-0.13;
-0.16,-1.27,0.14;
-0.68,-1.50,0.25;
-1.46,-1.81,0.17;
-0.62,-2.42,0.39;
0.90,-3.00,0.57;
2.39,-3.72,0.20;
0.90,-4.84,-0.19;
1.49,-6.08,-0.25;
4.42,-7.07,-0.57;
7.38,-7.53,-0.68;
7.31,-6.68,-1.67;
6.45,-3.26,-1.69;
15.09,-0.77,-1.75;
20.39,-4.51,-3.20;
18.59,-10.40,-3.87;
13.92,-16.14,-4.71;
8.04,-21.41,-5.12;
4.09,-25.76,-6.04;
-0.16,-29.76,-6.53;
-7.44,-35.55,-6.33;
-13.32,-42.33,-7.05;
-16.84,-48.97,-8.38;
-18.60,-58.94,-10.02;
-21.30,-72.33,-12.73;
-26.49,-84.71,-14.18;
-32.40,-101.18,-15.37;
-33.90,-114.89,-14.67;
-34.66,-122.72,-8.94;
-45.81,-124.80,-1.28;
-69.79,-127.94,3.43;
-66.77,-137.81,1.26;
-28.52,-142.65,-3.34;
70.86,-137.23,-4.83;
149.96,-132.33,-4.19;
116.09,-129.76,-0.10;
-84.43,-138.19,8.05;
-159.32,-147.21,9.38;
11.78,-141.55,23.37;
98.48,-132.59,20.89;
19.35,-133.30,10.05;
10.56,-130.36,9.04;
91.69,-117.15,9.32;
139.78,-108.11,1.50;
80.94,-95.06,0.86;
55.80,-73.32,3.06;
50.74,-47.29,-0.51;
36.32,-30.13,-5.35;
11.81,-5.67,-8.21;
24.48,15.84,-6.82;
19.05,43.40,-5.84;
9.03,71.93,-1.25;
14.09,97.00,2.66;
14.68,127.05,5.24;
3.25,158.83,7.67;
-14.66,185.89,-1.61;
-39.27,208.54,-8.85;
-70.83,228.79,-21.67;
-140.40,254.53,-21.17;
-125.91,270.71,-21.80;
-102.63,272.61,-43.69;
-125.61,260.93,-63.12;
-107.87,237.11,-63.81;
-125.99,190.79,-82.50;
-48.80,122.13,-73.98;
23.55,37.72,-76.07;
27.84,-15.64,-80.77;
29.49,-28.10,-60.80;
43.96,-26.17,-55.44;
40.16,-22.48,-58.47;
20.19,-24.84,-59.12;
-41.99,-33.39,-56.71;
-87.64,-36.04,-54.99;
-77.67,-28.40,-52.73;
-33.44,-24.42,-52.59;
-7.93,-25.01,-56.71;
8.82,-29.79,-61.84;
14.80,-34.13,-67.44;
52.10,-42.97,-71.64;
81.51,-57.26,-76.62;
118.44,-73.56,-86.19;
137.17,-80.94,-93.22;
213.14,-117.20,-93.78;
279.54,-200.81,-79.81;
243.93,-275.73,-35.73;
226.22,-272.10,-48.56;
251.38,-222.31,-47.28;
-0.26,-226.45,6.20;
-120.36,-204.69,38.78;
-58.07,-195.59,13.17;
80.91,-191.43,-4.62;
-12.33,-169.93,-2.10;
-76.91,-157.53,-3.28;
-29.04,-130.71,-12.28;
-28.05,-105.26,-6.57;
-37.59,-72.75,9.21;
-18.48,-40.72,7.07;
-12.01,-4.84,-2.59;
6.93,26.94,-5.89;
19.96,59.74,-15.37;
41.17,97.17,-15.69;
51.75,135.09,-13.00;
47.61,166.01,-6.93;
32.96,197.49,0.34;
-13.85,222.80,4.59;
-82.22,229.70,11.59;
-176.42,235.77,24.51;
-223.14,247.20,49.21;
-231.75,249.74,68.17;
-220.81,243.84,100.49;
-147.62,222.48,102.63;
-102.26,191.19,112.22;
-27.23,130.28,120.60;
-17.24,76.56,102.36;
-75.09,56.19,103.35;
-95.03,67.70,123.33;
-74.43,72.71,131.23;
-15.47,70.82,114.10;
31.77,60.12,100.17;
18.76,49.34,92.86;
-6.59,38.21,91.75;
-39.00,27.23,91.35;
-58.34,21.02,89.85;
-51.91,14.74,81.95;
-50.31,7.41,71.15;
-21.64,-2.31,54.01;
7.51,-12.30,35.17;
47.98,-25.55,17.17;
51.19,-29.53,6.04;
50.39,-22.81,3.03;
82.56,-29.29,-6.88;
185.40,-136.08,11.30;
67.78,-241.97,37.81;
-54.68,-217.17,3.99;
102.61,-173.73,41.20;
153.16,-163.15,24.10;
155.45,-159.29,-1.47;
-12.72,-160.52,15.72;
-148.31,-138.14,57.96;
-143.52,-109.96,60.20;
-110.97,-84.26,33.75;
-66.01,-51.70,22.68;
-113.33,-15.00,30.05;
-116.65,-28.28,25.67;
-84.07,9.45,4.54;
124.09,53.11,-1.32;
34.39,71.11,-11.51;
5.08,91.12,-7.09;
-9.62,103.75,2.95;
-11.23,111.25,-2.01;
-21.49,115.12,-10.42;
-28.39,113.84,-8.76;
-19.81,111.00,-5.17;
20.38,106.19,-0.96;
34.22,101.32,-0.82;
15.17,99.63,1.91;
17.48,97.80,6.42;
23.23,85.12,8.60;
30.67,68.56,8.20;
43.77,51.96,9.59;
56.76,40.36,6.92;
55.26,32.32,3.66;
49.83,30.24,3.84;
39.23,41.38,5.06;
48.51,43.02,5.03;
3.37,34.41,4.49;
5.02,29.64,4.40;
8.42,25.69,2.27;
17.93,24.77,0.48;
27.11,23.58,-1.46;
22.96,22.35,-2.59;
8.64,23.11,-1.35;
1.23,22.76,0.31;
-14.13,21.12,1.73;
-11.44,18.93,2.49;
-16.36,16.77,0.85;
-18.25,11.86,1.96;
-16.83,8.07,2.63;
-8.31,6.80,2.63;
-1.32,5.74,3.50;
-5.00,4.86,1.61;
-16.55,4.13,0.05;
-29.06,3.08,0.27;
-34.39,1.95,0.86;
-31.43,0.64,-0.13;
-26.59,-0.40,-0.88;
-22.97,-1.68,-0.60;
-24.78,-1.76,-0.19;
-18.23,-2.30,-0.21;
-13.90,-2.05,-0.70;
-9.14,-2.07,-0.01;
-4.26,-1.67,-0.25;
1.70,-0.89,-0.38;
2.64,-0.16,-0.94;
-0.78,-0.11,-0.93;
-1.59,-0.74,-1.08;
-2.40,-1.47,-1.22;
1.19,-2.22,-1.25;
7.58,-2.80,-1.38;
9.92,-3.62,-1.58;
11.14,-4.30,-1.92;
11.03,-4.16,-1.99;
12.90,-4.05,-1.75;
14.91,-3.49,-1.41;
9.40,-3.27,-1.31;
8.48,-3.20,-0.91;
10.01,-2.81,-1.40;
12.09,-2.13,-1.49;
13.22,-1.76,-1.37;
10.22,-1.50,-1.14;
8.45,-1.85,-0.38;
9.89,-2.39,-0.50;
12.56,-2.20,-1.29;
10.39,-2.25,-1.29;
6.21,-2.25,-0.96;
4.44,-2.04,-0.97;
2.16,-1.87,-1.20;
1.20,-1.97,-1.17;
1.49,-2.04,-1.08;
2.04,-2.10,-0.88;
0.03,-2.08,-0.89;
-2.89,-2.26,-0.60;
-2.22,-2.11,-0.67;
0.27,-1.81,-0.85;
-1.00,-1.44,-0.88;
-2.98,-1.39,-0.44;
-3.43,-1.26,-0.41;
-2.33,-1.24,-0.70;
-1.47,-1.10,-0.94;
-2.20,-1.26,-0.86;
-2.52,-1.27,-0.56;
-1.97,-1.46,-0.65;
-3.47,-1.47,-0.73;
-3.03,-1.67,-0.67;
-4.25,-1.73,-0.79;
-3.03,-1.72,-1.00;
-2.68,-1.94,-1.05;
-0.97,-1.81,-1.06;
0.16,-1.81,-1.03;
-0.39,-1.81,-0.97;
-1.82,-2.26,-0.68;
0.96,-1.97,-0.77;
0.16,-2.14,-1.08;
1.29,-2.49,-1.11;
3.83,-2.43,-1.15;
1.46,-2.40,-1.52;
0.73,-2.26,-1.58;
1.22,-2.26,-1.72;
2.27,-2.28,-1.37;
1.83,-2.23,-1.02;
2.73,-2.49,-1.31;
1.77,-2.26,-1.66;
0.64,-2.40,-1.35;
1.05,-2.30,-1.49;
2.73,-2.23,-1.51;
3.00,-2.01,-1.57;
-0.59,-2.05,-1.46;
-3.93,-1.97,-1.40;
-1.53,-1.47,-1.63;
-0.02,-1.46,-1.54;
1.06,-1.58,-1.78;
2.09,-1.23,-1.83;
-1.36,-1.33,-1.69;
-5.30,-1.44,-1.37;
-1.67,-1.64,-1.11;
0.96,-1.70,-1.44;
0.80,-1.81,-1.22;
2.47,-1.64,-1.17;
1.51,-1.81,-1.20;
0.07,-1.59,-1.11;
0.47,-1.59,-0.60;
0.48,-1.75,-1.05;
-0.40,-1.67,-0.47;
1.16,-1.85,-0.74;
1.98,-1.67,-0.77;
2.41,-1.49,-0.86;
1.98,-1.49,-0.93;
1.29,-1.64,-0.86;
1.31,-1.78,-0.74;
1.57,-1.46,-0.76;
2.56,-1.53,-1.17;
3.98,-1.55,-0.97;
3.26,-1.32,-1.17;
1.32,-1.39,-1.06;
0.82,-1.29,-0.88;
1.02,-1.56,-0.99;
2.01,-1.43,-1.03;
2.61,-1.59,-0.93;
1.46,-1.59,-1.17;
2.10,-1.47,-0.85;
0.83,-1.43,-0.96;
-0.22,-1.53,-0.80;
1.52,-1.68,-0.91;
1.32,-1.73,-1.18;
1.99,-1.47,-0.80;
1.54,-1.43,-0.83;
-0.14,-1.24,-0.93;
-0.65,-1.17,-0.93;
-0.20,-1.12,-0.68;
0.85,-1.06,-0.77;
1.61,-1.07,-0.82;
1.17,-1.15,-0.89;
0.45,-1.20,-0.74;
0.77,-1.36,-0.57;
0.42,-1.26,-0.79;
1.31,-1.30,-0.67;
1.89,-1.35,-0.83;
2.70,-1.41,-0.97;
1.29,-1.39,-0.82;
0.33,-1.38,-0.73;
1.37,-1.41,-0.99;
1.20,-1.12,-1.00;
1.09,-1.35,-0.71;
1.19,-1.39,-0.53;
1.83,-1.36,-0.47;
0.65,-1.24,-0.65;
0.27,-1.39,-0.74;
-0.14,-1.20,-0.77;
0.47,-1.09,-0.67;
1.43,-1.27,-0.56;
1.89,-1.09,-0.38;
1.46,-1.03,-0.82;
1.08,-1.04,-0.62;
-0.28,-0.94,-0.57;
0.21,-1.09,-0.48;
0.70,-0.88,-0.44;
-0.11,-0.92,-0.31;
0.07,-1.20,-0.33;
0.30,-1.23,-0.15;
0.76,-1.20,-0.47;
1.46,-1.17,-0.30;
-0.40,-1.09,-0.33;
-1.59,-1.00,-0.36;
-0.80,-1.21,-0.25;
0.24,-0.86,-0.28;
0.77,-1.03,-0.19;
0.21,-0.91,-0.19;
-0.60,-0.84,-0.36;
-1.53,-0.84,-0.02;
-2.02,-0.97,-0.21;
-0.43,-1.29,-0.59;
0.62,-1.32,-0.65;
1.51,-1.39,-0.54;
0.99,-1.35,-0.41;
-0.78,-1.29,-0.42;
-1.18,-1.41,-0.47;
-0.07,-1.78,-0.38;
1.40,-1.93,-0.53;
1.81,-2.16,-0.41;
1.93,-2.39,-0.44;
1.41,-2.68,-0.45;
0.30,-2.95,-0.10;
0.27,-3.90,-0.10;
-0.22,-4.63,-0.19;
2.39,-4.22,-0.27;
7.22,-4.08,-0.25;
13.32,-4.66,-0.51;
17.26,-2.77,-0.88;
23.17,2.83,-0.82;
34.28,4.24,-1.09;
33.52,-2.46,-2.18;
24.06,-10.10,-2.45;
16.79,-15.30,-2.57;
8.86,-20.91,-3.55;
-2.23,-27.29,-4.59;
-4.33,-31.79,-4.53;
-4.11,-38.40,-5.57;
-9.41,-46.77,-7.72;
-13.50,-57.20,-9.18;
-15.99,-66.97,-10.79;
-22.28,-81.04,-12.01;
-30.88,-95.09,-12.57;
-41.59,-105.96,-11.40;
-52.91,-118.94,-7.52;
-56.74,-124.89,-0.93;
-54.45,-128.62,5.27;
-60.13,-131.49,6.27;
-49.94,-137.61,2.74;
-17.94,-144.97,-8.68;
47.72,-140.55,-12.25;
115.80,-131.64,-8.50;
129.69,-130.07,-3.31;
45.70,-135.01,-0.22;
-56.07,-135.94,21.38;
-17.30,-143.79,19.41;
0.61,-144.59,18.71;
90.24,-137.04,25.09;
87.08,-126.16,17.14;
78.03,-117.41,14.30;
60.53,-106.92,13.04;
33.57,-89.01,14.86;
33.38,-69.82,11.43;
31.77,-51.32,6.08;
8.51,-29.64,-0.44;
9.81,-5.87,-5.06;
17.58,20.64,-8.45;
9.05,50.12,-6.36;
3.49,74.48,-4.57;
-6.45,107.34,-3.32;
0.36,134.77,-3.38;
-3.14,169.74,-5.43;
-12.51,204.99,-6.34;
-25.32,225.60,-13.80;
-95.01,244.59,-23.44;
-152.57,266.03,-21.69;
-141.79,290.70,-26.88;
-118.25,292.51,-51.64;
-125.73,262.85,-48.42;
-141.99,245.49,-61.00;
-173.85,212.77,-71.05;
-113.49,135.32,-32.48;
-9.50,39.95,-29.14;
-11.43,-14.01,-39.78;
29.28,-22.39,-37.70;
45.48,-10.98,-49.41;
46.12,-1.32,-50.60;
44.80,0.10,-48.36;
-4.80,-4.30,-51.47;
-44.68,-3.94,-52.47;
-27.97,-3.64,-51.18;
22.57,-7.23,-54.60;
75.25,-12.25,-62.24;
99.99,-15.12,-67.95;
95.28,-18.22,-70.73;
63.32,-23.97,-69.69;
45.49,-31.52,-67.64;
39.29,-43.46,-65.92;
54.28,-56.59,-66.28;
75.12,-67.47,-69.99;
142.67,-76.05,-76.42;
252.57,-121.93,-82.86;
488.94,-242.84,-92.21;
292.53,-386.22,-58.16;
-30.14,-321.94,-57.78;
316.61,-218.30,-30.31;
226.21,-229.93,-47.52;
-85.30,-236.23,49.04;
-64.37,-214.57,14.66;
36.64,-200.25,7.58;
-43.00,-182.92,20.48;
-65.62,-178.40,1.26;
-21.81,-157.72,-38.57;
30.83,-136.51,-44.91;
2.50,-111.03,-43.60;
28.88,-70.49,-23.73;
-17.24,-46.63,-13.40;
-16.80,-15.43,2.80;
-13.72,19.70,-0.25;
0.10,50.56,-6.18;
9.90,86.74,-12.01;
9.64,121.43,-8.67;
11.12,159.35,-0.21;
14.03,186.97,4.68;
-11.24,216.82,7.12;
-84.02,232.59,8.10;
-166.84,242.68,11.62;
-223.96,270.41,32.68;
-180.59,276.99,54.95;
-113.20,268.64,87.56;
-181.99,221.55,80.14;
-210.86,184.88,97.98;
-154.88,145.19,116.37;
-73.07,99.03,118.25;
-20.78,63.00,112.33;
-23.09,57.38,100.28;
-16.83,75.31,110.07;
31.70,85.95,113.40;
85.32,83.74,96.56;
90.38,79.74,82.37;
39.43,72.70,77.46;
-30.46,64.51,82.13;
-79.15,53.45,84.97;
-78.04,45.96,84.04;
-58.89,44.39,77.47;
-15.56,37.87,63.20;
41.26,20.04,45.43;
82.86,-3.87,31.09;
123.93,-28.31,21.04;
130.44,-46.13,15.78;
135.96,-71.59,12.86;
112.03,-81.15,-2.86;
129.66,-115.39,-2.13;
204.57,-203.27,26.74;
-111.35,-335.96,56.75;
-63.55,-242.88,29.15;
63.25,-218.52,-27.09;
-31.67,-222.91,34.31;
220.85,-204.17,12.62;
205.46,-200.33,13.41;
16.59,-172.26,40.01;
-66.30,-144.78,32.11;
29.11,-115.53,2.75;
-226.60,-104.63,5.12;
-38.10,-78.97,25.66;
20.04,-62.36,13.64;
57.54,-38.92,2.08;
-9.27,-21.64,18.74;
-10.40,7.89,22.45;
-7.76,22.03,22.57;
-0.71,36.77,18.98;
-4.28,51.14,7.67;
2.01,62.70,2.19;
2.57,75.89,-4.01;
-3.14,90.32,-7.26;
-2.63,98.82,-9.23;
2.94,105.52,-10.79;
11.64,109.93,-15.54;
34.51,113.26,-20.34;
54.54,117.69,-23.20;
42.48,120.07,-22.56;
10.32,119.22,-16.94;
-6.66,117.22,-11.96;
-9.70,116.85,-8.09;
1.45,114.83,-7.06;
11.86,111.72,-5.66;
0.83,108.03,-3.95;
-14.65,100.03,-0.70;
-23.32,92.65,2.13;
-30.95,82.12,4.88;
-20.01,70.21,5.37;
6.64,59.60,5.30;
45.38,53.48,4.53;
53.72,47.98,-0.04;
17.77,41.84,-1.84;
-15.24,34.57,4.62;
-43.24,27.83,4.98;
-48.88,19.99,4.88;
-33.30,14.54,4.33;
-2.22,8.35,1.98;
11.29,4.04,-0.63;
17.11,3.49,-0.88;
18.93,3.92,-0.70;
-5.24,4.06,-0.94;
-17.79,4.25,1.61;
-18.33,5.48,2.68;
-15.23,6.33,2.34;
-9.10,7.55,1.95;
-5.21,8.47,2.10;
-11.55,9.11,2.54;
-10.19,9.92,3.20;
-8.51,9.63,3.50;
-8.98,8.70,3.15;
-6.86,7.16,2.92;
-3.62,5.34,2.98;
-1.82,4.38,2.94;
2.57,2.99,2.94;
5.61,2.57,2.17;
4.56,1.86,1.76;
3.11,1.78,1.95;
2.65,1.80,2.28;
3.29,2.10,2.75;
5.28,2.35,2.91;
6.64,2.59,2.34;
5.61,2.54,2.08;
4.13,2.25,2.54;
-1.62,1.98,2.17;
-1.62,1.70,2.11;
0.61,1.46,1.62;
-1.91,1.48,1.43;
-4.49,0.93,1.53;
-6.39,1.20,1.81;
-5.06,1.41,1.99;
-2.86,1.28,1.73;
-4.80,1.02,1.55;
-3.58,0.74,1.90;
1.48,0.61,1.14;
4.22,0.67,0.75;
-0.04,0.61,0.51;
-4.83,0.67,0.59;
-6.42,0.90,0.78;
-2.10,1.02,0.54;
-3.12,1.16,-0.10;
-4.37,1.23,0.31;
-6.30,0.93,0.53;
-6.07,1.08,0.74;
-3.24,0.96,0.69;
-0.86,1.12,-0.05;
-3.18,0.83,0.04;
-4.98,0.74,0.43;
-2.02,0.80,0.63;
0.65,0.82,-0.15;
-0.94,0.99,-0.36;
-6.11,1.26,-0.21;
-7.39,1.28,-0.54;
-7.67,1.35,-0.83;
-7.61,1.49,-1.11;
-7.93,1.57,-1.22;
-9.56,1.55,-1.60;
-9.58,0.96,-0.91;
-5.17,0.61,-0.54;
-0.01,0.18,-0.74;
2.06,-0.25,-0.70;
0.51,-0.89,-0.54;
-1.76,-1.32,-0.18;
-2.26,-1.55,-0.09;
-4.63,-1.94,-0.33;
-5.07,-2.45,-0.67;
-6.07,-3.00,-0.65;
-6.30,-3.29,-0.56;
-1.43,-3.26,-0.68;
2.39,-2.51,-1.06;
2.01,-1.91,-0.99;
-1.04,-1.20,-1.32;
1.43,-0.94,-1.03;
5.90,-0.46,-0.80;
7.61,-0.30,-1.28;
3.51,-0.07,-1.29;
0.36,-0.10,-0.89;
-3.33,-0.10,-0.91;
-1.47,-0.08,-0.99;
3.37,0.01,-1.15;
7.40,0.06,-1.75;
5.35,0.24,-1.67;
-2.08,-0.10,-1.20;
-5.47,-0.23,-1.11;
-2.65,-0.46,-1.08;
-1.09,-0.37,-1.44;
0.03,-0.84,-1.38;
0.33,-1.03,-1.38;
-2.97,-1.26,-0.86;
-1.56,-1.58,-0.60;
1.57,-1.65,-0.89;
5.08,-1.43,-1.69;
3.23,-1.33,-1.57;
0.22,-1.41,-1.26;
-0.37,-1.21,-1.23;
-0.89,-1.50,-1.31;
0.57,-1.33,-1.57;
4.68,-1.30,-1.34;
4.10,-1.21,-1.46;
2.57,-1.78,-1.14;
0.85,-1.59,-1.28;
2.25,-1.50,-1.18;
1.98,-1.64,-1.55;
4.44,-1.65,-1.66;
3.43,-1.55,-1.37;
-0.66,-1.49,-1.57;
-2.52,-1.59,-0.99;
-2.16,-1.64,-0.73;
0.73,-1.65,-1.15;
4.97,-1.49,-1.18;
6.07,-1.53,-1.02;
4.65,-1.32,-1.09;
1.51,-1.38,-0.71;
-0.66,-1.29,-0.67;
1.92,-1.15,-0.71;
2.22,-1.20,-0.63;
3.99,-1.20,-0.21;
4.25,-1.00,-0.51;
2.91,-1.18,-0.19;
0.74,-0.98,-0.36;
1.19,-1.09,-0.12;
2.27,-0.94,-0.27;
3.00,-0.75,-0.01;
1.02,-0.71,-0.21;
3.05,-0.71,-0.19;
3.26,-0.63,-0.16;
3.57,-0.54,-0.05;
2.53,-0.57,-0.09;
1.67,-0.63,0.10;
0.54,-0.69,0.39;
-0.45,-0.60,0.22;
0.09,-0.66,0.05;
-0.04,-0.62,0.33;
-1.62,-0.71,0.10;
-1.88,-0.68,0.10;
-1.47,-0.65,0.25;
-2.49,-0.74,0.42;
-3.56,-0.74,0.69;
-2.05,-0.92,0.48;
0.79,-0.88,0.25;
0.96,-0.86,0.13;
-0.30,-0.68,0.27;
-2.26,-1.00,0.57;
-2.22,-0.74,0.68;
-0.33,-0.81,0.34;
0.61,-0.63,0.28;
0.83,-0.51,0.02;
-1.09,-0.65,0.25;
-2.88,-0.68,0.39;
-3.76,-0.78,0.62;
-1.93,-0.95,0.33;
0.22,-0.91,0.48;
1.22,-1.00,0.39;
-0.04,-1.12,0.46;
-2.16,-1.23,0.59;
-2.11,-1.15,0.83;
-1.24,-1.15,0.36;
0.76,-1.01,0.51;
0.51,-1.23,0.46;
-0.54,-1.01,0.53;
-0.98,-0.81,0.56;
-0.14,-0.81,0.48;
-0.05,-0.75,0.43;
-0.02,-0.75,0.10;
1.08,-0.62,0.11;
1.11,-0.77,0.27;
0.25,-0.72,0.19;
-0.14,-0.66,0.10;
0.10,-0.59,0.14;
0.24,-0.68,0.16;
0.67,-0.57,0.24;
-0.36,-0.75,0.19;
0.28,-0.63,0.65;
-0.25,-0.75,0.30;
-1.91,-0.66,0.75;
-0.05,-0.83,0.69;
0.70,-0.77,0.45;
-1.15,-0.86,0.68;
-0.66,-1.21,0.69;
-0.94,-1.10,0.54;
1.61,-0.94,0.45;
2.32,-0.83,0.30;
-1.32,-1.00,0.59;
-2.94,-1.29,0.54;
-0.57,-1.24,0.39;
3.35,-1.33,0.13;
5.80,-1.56,0.13;
4.90,-1.38,0.08;
3.17,-1.55,0.11;
0.45,-1.41,0.05;
1.34,-1.33,-0.25;
2.91,-1.70,-0.42;
3.69,-1.43,-0.13;
2.01,-1.46,-0.39;
-0.10,-1.32,-0.10;
0.53,-1.33,0.19;
0.96,-1.21,-0.31;
0.91,-1.20,-0.27;
1.46,-1.03,-0.24;
0.93,-1.00,-0.15;
-0.80,-1.04,-0.02;
-0.89,-0.95,0.07;
1.17,-0.89,-0.01;
2.65,-0.75,-0.33;
0.73,-0.95,-0.45;
-0.78,-1.03,-0.22;
-1.36,-1.20,-0.25;
-0.80,-1.29,-0.45;
-0.30,-1.21,-0.24;
-0.05,-1.44,-0.22;
0.44,-1.24,-0.25;
0.44,-1.44,-0.41;
0.85,-1.26,-0.31;
-0.66,-1.24,-0.42;
-2.92,-1.46,-0.15;
-2.36,-1.33,-0.36;
-0.68,-1.23,-0.39;
1.17,-1.33,-0.44;
0.21,-1.47,-0.47;
0.03,-1.53,-0.31;
-0.25,-1.46,-0.27;
-0.45,-1.23,-0.10;
0.22,-1.33,-0.42;
1.08,-1.01,-0.33;
3.03,-0.91,-0.53;
3.17,-0.98,-0.41;
0.79,-0.88,-0.34;
-0.33,-0.65,-0.33;
-2.60,-0.89,-0.16;
-0.68,-0.81,-0.30;
1.75,-1.03,-0.33;
2.51,-1.18,-0.19;
1.12,-1.03,-0.07;
-1.01,-1.15,0.02;
-0.54,-1.00,0.22;
1.89,-0.81,0.08;
2.28,-0.74,-0.01;
0.24,-0.71,0.24;
-0.97,-0.78,0.28;
0.19,-0.71,0.25;
1.35,-0.65,0.17;
-0.10,-0.54,0.22;
-1.30,-0.63,0.28;
0.51,-0.51,0.02;
0.44,-0.60,-0.12;
0.67,-0.78,-0.15;
-2.43,-0.94,0.25;
-3.18,-0.89,0.10;
-0.71,-1.06,0.19;
2.13,-1.01,-0.19;
3.26,-0.98,-0.05;
0.03,-1.00,0.11;
-1.49,-1.24,-0.01;
-1.29,-1.09,0.04;
0.16,-0.97,-0.31;
1.67,-1.09,-0.13;
1.74,-1.15,-0.28;
0.35,-1.23,-0.47;
0.73,-1.10,-0.25;
-0.42,-1.06,-0.24;
0.16,-1.23,-0.25;
1.57,-0.98,-0.50;
2.07,-1.32,-0.44;
2.76,-1.26,-0.22;
0.90,-1.35,-0.15;
-0.01,-1.36,-0.07;
1.96,-1.38,-0.13;
3.61,-1.35,-0.45;
3.49,-1.44,-0.25;
2.57,-1.09,-0.34;
0.86,-1.36,-0.15;
0.33,-1.14,-0.12;
2.28,-1.12,-0.07;
2.61,-1.06,-0.28;
1.31,-1.20,-0.02;
0.68,-1.15,0.07;
0.57,-1.09,0.11;
0.35,-1.26,0.22;
0.62,-1.29,-0.04;
0.91,-1.14,0.04;
1.06,-1.26,-0.01;
1.11,-1.17,-0.02;
0.15,-1.09,-0.13;
0.39,-1.14,0.05;
0.57,-1.10,0.02;
0.79,-1.00,0.08;
0.25,-1.10,0.07;
-1.10,-0.97,0.30;
-0.71,-0.95,0.43;
-0.11,-1.03,0.33;
0.48,-0.86,0.43;
0.24,-1.00,0.13;
0.10,-0.98,0.24;
0.83,-1.01,-0.10;
-0.80,-1.21,0.20;
-1.53,-0.97,0.27;
0.06,-1.06,-0.16;
0.57,-1.07,0.13;
0.42,-0.95,0.05;
0.35,-1.03,0.10;
0.09,-1.15,-0.07;
-1.00,-1.03,0.30;
-0.26,-1.03,0.19;
0.53,-1.39,0.16;
1.26,-1.33,-0.01;
0.68,-1.46,0.02;
1.03,-1.72,0.48;
0.76,-1.72,0.30;
-0.10,-1.90,0.30;
-0.20,-1.88,0.25;
0.51,-1.72,0.40;
2.68,-1.61,0.51;
3.95,-1.38,0.42;
2.59,-1.33,-0.04;
1.55,-1.29,0.37;
1.12,-1.14,0.45;
2.22,-1.32,0.42;
2.25,-1.10,0.42;
2.80,-1.41,0.57;
3.86,-1.49,0.57;
4.64,-1.39,0.34;
4.38,-1.26,0.63;
0.83,-1.01,0.59;
-0.55,-0.86,0.86;
0.36,-0.71,0.72;
-0.63,-0.60,0.71;
-0.08,-0.89,0.68;
0.82,-0.62,0.71;
1.46,-0.80,0.59;
1.46,-0.65,0.49;
1.61,-0.69,0.46;
2.44,-0.68,0.60;
1.22,-0.39,0.28;
0.51,-0.59,0.25;
1.31,-0.69,0.40;
2.65,-0.75,-0.02;
3.22,-0.59,-0.04;
3.08,-0.84,0.39;
1.34,-0.69,0.33;
2.61,-0.62,0.16;
0.93,-0.69,0.10;
-0.05,-0.69,0.27;
0.51,-0.86,-0.04;
1.05,-0.89,0.33;
1.90,-1.03,0.24;
1.63,-1.18,0.27;
1.20,-1.03,0.27;
1.46,-1.09,0.39;
0.90,-1.06,0.34;
0.54,-0.81,0.28;
0.25,-0.94,0.56;
0.99,-0.91,0.22;
1.87,-0.83,0.25;
1.02,-0.75,0.33;
-0.69,-0.57,0.48;
-1.76,-0.75,0.40;
-0.81,-0.86,0.57;
0.94,-1.00,0.22;
1.90,-1.06,0.17;
2.25,-1.21,0.24;
0.61,-1.27,0.25;
-0.68,-1.35,0.54;
1.05,-1.29,0.25;
3.02,-1.21,0.07;
1.99,-1.12,-0.12;
0.94,-1.26,0.31;
-0.02,-1.01,0.39;
0.48,-1.00,0.25;
1.28,-1.20,-0.13;
2.42,-1.07,-0.02;
1.92,-1.24,-0.15;
0.85,-1.21,-0.05;
-1.62,-1.10,0.16;
-2.42,-1.03,0.08;
-0.39,-0.94,-0.19;
1.95,-1.15,-0.16;
1.72,-1.15,-0.42;
-0.51,-1.01,-0.28;
-1.72,-0.84,0.01;
-1.94,-1.12,-0.09;
-1.36,-1.06,-0.13;
-0.52,-1.32,-0.21;
0.77,-1.29,-0.31;
0.68,-1.36,-0.41;
-0.63,-1.64,-0.39;
-1.04,-1.73,-0.24;
-1.36,-1.56,-0.12;
0.44,-1.50,-0.22;
1.52,-1.41,-0.30;
2.86,-1.41,-0.47;
2.85,-0.91,-0.50;
0.73,-1.04,-0.15;
-0.88,-0.55,-0.12;
0.07,-0.81,-0.33;
2.38,-0.46,-0.21;
3.45,-0.54,-0.19;
1.55,-0.31,0.20;
-0.86,-0.33,0.42;
-0.30,-0.45,0.17;
1.83,-0.31,-0.01;
2.73,-0.36,-0.10;
2.54,-0.51,-0.21;
1.86,-0.57,-0.07;
-0.51,-0.34,-0.01;
-0.84,-0.57,0.10;
0.54,-0.68,-0.07;
2.13,-0.81,0.10;
2.57,-0.80,-0.10;
1.52,-1.04,-0.15;
0.94,-0.81,-0.04;
0.03,-0.81,-0.04;
-0.25,-0.84,-0.13;
0.35,-0.68,-0.05;
1.43,-0.86,-0.05;
1.99,-0.81,-0.27;
-0.10,-0.86,0.07;
-0.95,-0.88,0.11;
0.65,-0.63,0.07;
1.06,-0.63,-0.02;
1.87,-0.77,-0.05;
1.52,-0.83,0.08;
1.29,-0.59,0.07;
2.61,-0.68,0.24;
0.80,-0.71,0.04;
0.19,-0.71,0.33;
0.25,-0.75,0.10;
1.41,-0.51,0.22;
1.72,-0.75,0.17;
1.64,-0.59,0.31;
0.57,-0.54,0.34;
-1.10,-0.45,0.49;
-0.22,-0.69,0.16;
1.09,-0.54,-0.04;
1.46,-0.72,0.07;
0.76,-0.66,0.17;
-0.83,-0.86,0.22;
-0.43,-0.68,0.59;
0.56,-0.60,0.19;
-0.43,-0.63,0.13;
-1.35,-0.81,0.36;
0.27,-0.71,0.27;
1.26,-0.63,0.25;
1.23,-0.65,0.16;
-1.33,-0.46,0.46;
-1.44,-0.72,0.65;
0.38,-0.71,0.20;
1.45,-0.88,0.19;
1.23,-1.09,0.31;
1.09,-0.98,0.11;
1.29,-1.01,0.16;
0.09,-0.77,-0.18;
-1.20,-0.83,0.17;
-1.10,-0.81,0.37;
0.06,-0.80,0.05;
0.85,-0.72,-0.28;
0.80,-0.60,-0.07;
-0.14,-0.84,0.14;
-0.88,-0.55,0.10;
-0.69,-0.71,0.08;
0.61,-0.94,-0.19;
1.08,-0.78,0.02;
1.72,-1.10,-0.10;
1.31,-1.23,-0.12;
0.07,-1.23,0.16;
-0.30,-1.18,0.02;
1.03,-1.06,-0.16;
2.16,-1.21,0.05;
2.80,-1.15,-0.24;
-0.10,-1.03,-0.02;
-2.13,-0.97,0.04;
-0.36,-0.98,-0.05;
1.93,-0.65,-0.21;
1.89,-0.86,0.22;
1.14,-0.86,0.08;
0.13,-0.91,0.01;
0.41,-0.83,-0.01;
1.12,-0.43,-0.13;
-0.02,-0.77,-0.10;
0.12,-0.66,-0.05;
1.43,-0.81,-0.04;
1.03,-0.84,-0.05;
0.80,-0.69,-0.13;
0.79,-0.80,-0.18;
1.48,-0.84,-0.04;
1.80,-1.01,0.10;
1.49,-1.15,-0.28;
-0.77,-1.06,-0.01;
-0.84,-1.03,0.10;
0.93,-1.15,-0.15;
0.57,-1.15,-0.19;
-0.46,-1.04,-0.16;
0.56,-0.91,0.01;
0.93,-0.89,-0.10;
0.97,-1.06,-0.22;
1.77,-0.86,0.14;
0.62,-1.04,-0.05;
0.77,-1.01,0.36;
0.42,-0.89,0.08;
0.74,-0.95,0.08;
1.23,-1.27,0.31;
1.80,-1.36,0.19;
1.34,-1.24,0.74;
-0.01,-1.21,0.46;
-1.03,-0.97,0.48;
-0.74,-1.01,0.37;
1.28,-1.20,0.53;
2.44,-0.75,0.11;
0.82,-0.84,0.46;
-3.09,-0.57,0.59;
-3.90,-0.74,1.07;
0.09,-0.72,0.69;
0.93,-0.83,0.42;
0.97,-0.84,0.65;
0.80,-0.80,0.56;
0.99,-0.74,0.42;
1.55,-0.92,0.24;
0.99,-0.94,0.33;
-0.23,-1.00,0.24;
0.28,-0.92,0.05;
1.28,-1.06,0.02;
1.61,-0.92,0.04;
-0.30,-0.98,0.49;
-0.39,-0.86,0.04;
-0.34,-1.07,0.08;
0.41,-0.83,-0.10;
1.37,-1.15,0.16;
1.46,-1.17,0.34;
0.86,-1.10,-0.12;
-0.80,-1.12,0.04;
-0.97,-1.20,0.31;
0.57,-0.98,0.28;
2.71,-1.04,-0.05;
2.15,-0.89,-0.02;
0.41,-0.75,0.07;
-0.45,-0.89,0.19;
-0.33,-0.92,0.28;
0.76,-0.81,0.27;
1.25,-0.98,0.14;
1.58,-1.15,0.17;
1.16,-1.10,0.28;
0.80,-1.24,0.31;
0.47,-1.01,0.34;
1.17,-1.39,0.14;
1.11,-1.23,0.34;
1.31,-1.26,0.11;
1.19,-1.09,0.25;
1.75,-0.95,0.33;
1.19,-0.95,0.14;
-0.04,-0.89,0.43;
0.62,-0.97,0.24;
1.05,-1.03,0.30;
0.99,-1.07,0.33;
0.39,-1.18,0.36;
-0.39,-1.33,0.33;
0.51,-1.27,0.27;
1.70,-1.14,0.11;
0.68,-1.12,0.34;
1.28,-1.14,0.16;
1.67,-1.14,0.19;
1.70,-1.24,0.14;
1.02,-1.17,0.04;
0.22,-1.12,0.27;
0.83,-1.20,0.27;
1.64,-1.27,0.36;
0.25,-1.26,-0.01;
1.38,-1.38,0.11;
2.04,-1.18,0.05;
0.10,-0.97,-0.02;
-1.29,-1.17,-0.04;
0.47,-0.84,0.05;
1.37,-0.98,-0.07;
1.66,-0.94,-0.10;
1.05,-0.91,-0.09;
0.01,-0.75,0.16;
-1.00,-0.69,0.19;
-0.78,-0.77,0.54;
1.25,-0.77,0.20;
2.22,-0.83,0.36;
1.84,-0.84,0.24;
1.57,-0.97,0.22;
-0.17,-1.03,0.36;
-0.30,-1.18,0.53;
0.85,-0.98,0.27;
2.41,-1.15,0.11;
1.49,-1.06,0.28;
0.33,-1.04,0.49;
-0.36,-0.97,0.25;
0.10,-0.84,0.49;
0.04,-0.92,0.24;
1.25,-1.06,0.39;
2.30,-1.09,0.40;
2.35,-1.27,0.28;
0.54,-1.04,0.63;
-0.81,-1.17,0.56;
-0.25,-0.78,0.45;
2.01,-0.63,0.19;
3.54,-0.77,0.20;
3.29,-0.78,0.25;
1.86,-0.74,0.24;
-0.40,-0.81,0.54;
-0.69,-0.95,0.56;
0.76,-0.71,0.42;
2.27,-1.07,0.31;
2.74,-1.03,0.62;
2.59,-1.23,0.74;
-0.16,-1.09,0.49;
-2.62,-0.89,0.89;
-2.26,-0.83,0.95;
-0.02,-0.89,0.85;
2.80,-1.15,0.27;
3.92,-1.10,0.60;
1.58,-1.01,0.75;
-2.01,-1.06,1.09;
-2.30,-1.18,1.32;
0.61,-1.46,1.04;
3.17,-1.44,1.14;
4.07,-1.75,1.58;
3.54,-1.50,1.53;
0.83,-1.64,2.10;
1.67,-2.11,2.48;
3.29,-2.02,2.40;
4.70,-0.22,3.21;
5.26,0.70,3.44;
9.37,1.67,3.23;
9.52,2.04,3.09;
8.67,2.93,2.83;
11.86,9.98,2.83;
18.51,11.43,3.06;
18.32,8.76,1.88;
13.67,7.25,1.38;
9.55,6.36,1.24;
4.44,7.22,1.26;
3.20,6.70,1.01;
2.04,6.47,0.11;
3.95,5.83,-0.28;
1.43,6.03,-0.28;
-1.33,6.13,-0.25;
-2.91,6.25,-0.83;
-5.17,7.03,-0.74;
-3.01,7.66,-0.73;
-1.36,8.61,-1.08;
-0.04,9.31,-1.52;
0.57,10.10,-2.18;
-1.29,10.36,-2.93;
-5.50,10.18,-3.38;
-10.40,10.28,-3.93;
-12.77,9.40,-4.83;
-13.10,8.53,-4.76;
-15.18,7.58,-4.34;
-8.39,6.50,-3.80;
-1.21,6.15,-3.89;
0.21,6.21,-4.44;
-1.32,6.82,-4.36;
-1.56,7.28,-3.72;
-6.10,8.07,-3.76;
-7.97,9.64,-3.92;
-9.87,11.49,-3.66;
-9.27,12.96,-4.13;
-10.01,13.35,-4.21;
-8.11,13.78,-4.28;
-10.33,13.78,-3.54;
-8.63,14.47,-2.30;
-2.71,15.99,-2.10;
-3.82,16.06,-2.67;
-10.23,16.16,-2.83;
-8.34,16.71,-2.27;
-5.29,16.35,-1.06;
2.30,16.09,-0.73;
4.94,14.97,-0.68;
14.91,14.65,-1.86;
13.70,14.32,-2.45;
5.43,14.48,-2.38;
-6.22,14.83,-0.82;
-10.89,14.62,0.56;
-0.08,14.73,0.40;
13.54,14.90,0.59;
19.05,14.50,-0.24;
11.41,13.60,0.16;
3.70,12.54,1.24;
7.61,11.64,1.38;
14.28,10.67,0.31;
13.63,10.03,-0.25;
4.45,10.03,0.27;
-0.34,9.28,0.72;
4.61,8.24,0.88;
3.64,6.85,0.98;
4.24,5.25,0.74;
15.00,5.49,1.09;
19.38,4.70,1.30;
13.93,3.78,1.03;
12.99,4.09,1.98;
12.45,3.40,1.33;
13.58,3.34,1.09;
13.86,2.85,1.17;
5.98,2.59,2.36;
-2.55,1.87,2.83;
-1.67,0.97,2.24;
5.92,0.61,2.25;
6.47,-0.23,2.10;
9.03,-1.50,1.99;
9.17,-2.36,1.95;
14.71,-2.89,1.81;
13.23,-3.55,1.90;
9.55,-4.01,2.24;
2.39,-3.94,1.85;
-2.45,-4.69,1.99;
-3.33,-4.63,1.91;
-3.03,-4.81,1.85;
-2.36,-5.07,1.53;
-2.14,-4.69,1.26;
-1.20,-3.99,1.00;
-0.37,-3.49,0.51;
-1.18,-3.15,0.63;
-7.24,-3.09,0.49;
-8.10,-3.18,0.71;
-7.03,-2.63,0.91;
-6.07,-2.10,0.45;
-7.53,-1.06,0.33;
-10.52,-0.60,0.34;
-8.86,0.56,0.39;
-8.78,0.91,-0.34;
-11.06,0.73,-0.34;
-12.60,0.74,-0.34;
-11.68,0.13,-0.91;
-11.41,0.22,-1.03;
-17.44,0.36,-0.56;
-18.26,1.37,-0.48;
-14.42,2.39,0.25;
-13.14,3.00,-0.51;
-13.41,3.19,-1.00;
-21.38,3.35,-0.22;
-22.88,3.93,0.39;
-21.59,4.04,0.42;
-21.52,3.92,-0.42;
-25.53,3.51,0.02;
-25.97,3.90,0.40;
-12.57,4.06,0.25;
-2.92,4.28,-1.05;
-2.37,4.39,-1.86;
-7.36,4.80,-1.49;
-11.17,4.94,-1.02;
-10.43,4.54,-1.08;
-6.10,3.69,-1.38;
-4.91,2.82,-1.37;
-6.08,1.84,-1.32;
-6.74,1.37,-1.09;
-2.11,1.08,-1.05;
1.99,0.94,-1.60;
4.36,0.22,-2.04;
3.41,-0.75,-2.41;
2.30,-1.81,-1.66;
4.18,-2.71,-1.89;
6.74,-3.91,-2.31;
5.83,-4.83,-2.05;
3.28,-5.36,-1.63;
4.76,-5.70,-1.63;
7.98,-6.19,-1.17;
9.55,-6.63,-0.83;
10.74,-6.95,-0.99;
8.82,-7.68,-0.59;
6.62,-8.54,-0.42;
6.59,-9.15,-0.70;
5.90,-9.85,-1.00;
3.66,-10.46,-0.65;
4.39,-10.69,-0.57;
9.66,-11.84,-1.25;
16.51,-13.04,-1.44;
22.76,-14.22,-2.13;
25.60,-14.31,-2.38;
23.40,-15.15,-2.01;
21.64,-15.49,-1.90;
23.00,-15.46,-1.96;
21.00,-16.28,-2.30;
17.26,-17.27,-2.28;
13.08,-19.04,-2.05;
11.20,-19.99,-2.30;
13.38,-20.11,-2.10;
10.18,-20.81,-2.34;
5.05,-20.39,-1.90;
3.11,-20.46,-1.78;
1.05,-20.10,-1.98;
2.45,-19.58,-2.24;
-2.36,-19.99,-1.93;
-3.61,-20.14,-1.25;
-5.49,-20.05,-0.89;
-1.36,-19.84,-0.88;
-0.65,-19.64,-1.06;
0.86,-19.43,-1.12;
-0.72,-18.91,-0.93;
-4.19,-18.40,-0.53;
-7.23,-17.82,-0.60;
-7.10,-16.75,-0.10;
-3.24,-15.55,-0.12;
8.96,-14.16,-0.89;
6.94,-13.39,-1.29;
5.26,-12.54,-1.22;
6.79,-12.10,-0.22;
5.96,-12.11,-0.45;
9.12,-12.04,-0.21;
7.75,-11.94,-0.45;
5.66,-12.11,-0.57;
6.79,-11.70,-0.21;
8.03,-11.79,-0.54;
9.05,-11.96,-0.93;
9.87,-12.14,-1.05;
9.02,-12.01,-0.82;
8.77,-11.52,-0.97;
4.10,-11.43,-0.76;
1.16,-10.98,-0.57;
4.04,-10.72,-0.97;
8.12,-10.34,-0.86;
10.80,-10.05,-0.48;
10.54,-9.81,-0.68;
12.65,-8.78,-0.65;
14.57,-8.14,-0.86;
13.52,-7.44,-1.23;
5.22,-6.66,-1.11;
-1.23,-5.75,-0.62;
-0.31,-5.47,-0.74;
3.25,-4.89,-1.31;
4.61,-4.81,-2.10;
2.77,-4.89,-2.19;
2.32,-4.75,-1.95;
2.16,-4.51,-2.04;
1.35,-4.51,-2.09;
1.43,-4.39,-2.07;
2.44,-4.33,-2.10;
2.33,-4.33,-2.01;
0.59,-4.62,-1.95;
2.74,-4.88,-1.80;
3.63,-4.81,-1.84;
2.83,-4.08,-1.78;
1.16,-4.19,-1.67;
-1.75,-3.99,-1.60;
0.97,-3.93,-1.26;
1.45,-3.50,-1.47;
1.17,-3.12,-1.63;
0.04,-2.72,-1.28;
0.67,-2.55,-1.05;
-1.10,-2.36,-0.70;
0.35,-2.40,-1.11;
1.61,-2.39,-0.57;
-0.86,-2.13,-0.83;
-1.17,-1.84,-0.48;
-0.26,-1.39,-0.36;
1.49,-0.94,-0.24;
-0.65,-0.51,-0.44;
-2.98,-0.37,-0.30;
-3.84,-0.07,0.02;
-3.04,0.28,-0.09;
-1.78,0.42,0.02;
-1.01,0.62,-0.15;
-1.62,0.79,0.28;
-2.60,0.80,0.63;
-1.24,0.96,0.48;
0.33,0.86,0.45;
1.38,0.91,0.43;
1.51,0.76,0.57;
1.49,0.67,0.72;
1.69,0.57,0.66;
1.06,0.42,0.88;
-0.88,0.70,0.98;
-1.06,0.77,1.35;
0.67,1.38,1.23;
-0.89,1.86,1.15;
-2.60,2.12,1.20;
-5.10,2.35,1.20;
-3.47,2.04,1.17;
-1.59,2.01,1.40;
-0.69,1.72,1.26;
-0.39,1.43,1.30;
-0.71,1.31,1.37;
-0.34,1.38,1.38;
-0.43,1.35,1.37;
0.16,1.51,1.56;
-1.85,1.09,1.72;
-1.33,1.19,1.87;
-1.06,0.88,1.66;
-0.19,0.79,1.56;
0.83,0.74,1.56;
1.69,0.85,1.70;
-2.83,0.96,1.40;
-5.64,1.17,1.56;
-5.21,1.48,1.59;
-3.43,1.72,1.32;
-2.60,2.01,1.09;
-4.54,2.13,1.06;
-6.57,2.03,1.66;
-4.78,2.01,1.76;
-3.04,1.84,1.35;
-2.63,1.80,0.80;
-0.80,1.86,1.09;
-2.45,1.95,0.85;
-4.01,1.84,0.83;
-4.95,1.66,1.07;
-4.78,1.43,1.07;
-1.58,1.12,0.83;
1.99,1.11,0.51;
0.56,0.96,0.40;
0.59,0.80,0.57;
0.77,0.79,0.49;
1.78,0.62,0.37;
-0.16,0.44,0.46;
-0.48,0.01,0.22;
1.09,-0.17,0.36;
2.56,-0.28,0.43;
2.82,-0.20,0.13;
0.76,-0.34,0.31;
0.47,-0.26,0.53;
0.39,-0.20,0.49;
0.56,-0.36,0.28;
1.03,-0.25,0.57;
0.64,-0.39,0.39;
-0.39,-0.72,0.40;
0.32,-0.59,0.39;
0.30,-0.78,0.36;
1.37,-0.65,0.36;
2.44,-0.75,0.48;
0.35,-0.71,0.39;
-0.17,-0.89,0.56;
2.19,-0.88,0.19;
2.27,-0.81,0.08;
3.29,-0.59,0.24;
0.70,-0.83,0.17;
0.91,-0.45,0.20;
0.76,-0.74,0.14;
2.13,-0.88,-0.07;
3.72,-1.10,-0.13;
2.30,-1.26,-0.04;
2.07,-1.47,-0.21;
3.31,-1.75,-0.30;
3.86,-1.91,-0.47;
3.32,-2.25,-0.21;
1.96,-2.59,-0.24;
2.09,-2.91,-0.38;
1.89,-2.88,-0.44;
1.63,-2.80,-0.47;
4.97,-2.80,-0.45;
8.83,-3.85,-0.80;
8.86,-4.19,-1.08;
7.26,-4.91,-1.46;
5.38,-5.29,-1.84;
3.80,-4.54,-2.25;
6.21,-1.55,-2.19;
10.64,-3.09,-2.88;
11.20,-6.36,-3.49;
9.67,-10.74,-4.33;
6.94,-14.75,-5.11;
1.49,-18.94,-6.27;
-8.45,-22.57,-6.34;
-12.31,-26.92,-6.91;
-17.41,-32.52,-7.44;
-23.58,-38.80,-7.93;
-32.95,-48.16,-8.53;
-38.80,-59.96,-8.86;
-43.65,-71.29,-9.61;
-50.43,-87.09,-10.18;
-51.67,-104.60,-10.39;
-50.14,-121.84,-6.79;
-56.43,-132.51,-2.13;
-45.44,-138.05,3.15;
-16.95,-138.19,10.74;
-1.68,-139.01,11.78;
58.85,-149.30,3.21;
135.67,-147.38,-6.80;
178.27,-137.87,-9.32;
187.06,-134.48,9.24;
69.37,-125.43,28.30;
-57.55,-123.10,45.11;
-21.88,-116.71,47.55;
-62.60,-112.57,33.99;
89.54,-100.08,10.27;
95.55,-78.49,-12.94;
107.64,-48.14,-39.61;
35.83,-6.98,-23.25;
23.66,27.84,-9.51;
-29.49,64.82,-15.29;
-34.26,108.03,-9.63;
4.71,160.85,-10.74;
6.77,206.16,-19.41;
-76.05,234.71,-28.10;
-125.07,257.11,-32.30;
-165.43,296.03,-19.83;
-172.59,305.43,-40.25;
-17.41,324.18,-87.83;
-46.13,264.38,-59.72;
-54.88,156.85,-57.57;
47.06,40.96,-83.22;
-7.75,-5.20,-102.80;
-32.77,-44.37,-75.46;
-52.74,-61.67,-53.18;
-95.84,-67.47,-52.54;
-117.14,-70.11,-53.70;
-112.39,-71.68,-58.12;
-72.43,-71.59,-66.24;
-32.80,-66.34,-68.42;
6.10,-54.83,-68.51;
36.61,-41.49,-68.60;
44.45,-33.62,-69.17;
30.25,-25.47,-71.63;
15.35,-19.58,-73.89;
14.28,-20.10,-73.66;
39.78,-22.23,-74.04;
104.51,-22.45,-75.32;
174.16,-31.41,-74.54;
188.25,-38.40,-75.44;
186.04,-43.96,-70.38;
350.54,-108.45,-60.01;
491.98,-223.72,-44.02;
265.63,-317.73,-57.14;
81.00,-250.69,-10.82;
-21.88,-229.87,16.07;
-136.34,-216.14,52.17;
104.03,-200.60,12.56;
75.29,-158.37,-13.02;
100.96,-116.07,-8.60;
-11.79,-87.18,6.48;
-40.07,-36.83,-0.91;
-35.36,23.43,12.49;
-82.22,70.88,19.78;
-66.19,94.27,0.85;
-1.06,111.80,-18.45;
25.69,129.69,-26.74;
-47.15,153.98,-18.54;
-151.79,184.80,-0.25;
-216.72,213.02,30.20;
-256.33,233.75,66.62;
-123.32,225.49,107.09;
-132.95,153.23,107.93;
-47.41,117.96,112.53;
-0.75,81.32,91.53;
-6.95,73.40,104.60;
12.83,79.51,110.53;
53.45,83.63,96.36;
18.99,85.09,88.19;
-65.21,83.80,95.61;
-127.78,80.94,107.21;
-120.26,72.53,103.53;
-67.59,60.67,93.21;
-7.12,45.40,68.78;
30.76,35.83,56.05;
34.10,31.98,50.66;
44.27,22.51,48.16;
31.46,5.93,32.83;
5.35,-16.07,19.41;
-24.25,-38.08,13.43;
-91.81,-101.30,14.97;
-147.91,-184.65,40.19;
-185.24,-202.88,38.17;
130.67,-157.91,12.63;
143.67,-171.79,-10.15;
102.65,-195.78,1.33;
64.68,-193.53,-0.44;
-27.58,-180.13,5.59;
-76.45,-140.65,21.52;
-99.41,-92.49,14.04;
-104.16,-55.94,-2.89;
-98.01,-10.94,-3.44;
-55.20,24.86,0.78;
0.01,57.12,-0.86;
42.94,77.63,-4.97;
59.32,84.32,-2.19;
3.57,87.99,1.26;
-52.71,94.41,3.23;
-32.13,96.24,0.30;
-14.30,91.89,-0.19;
-0.86,89.26,-1.63;
-13.29,88.33,1.62;
-22.86,87.86,4.75;
-20.20,83.41,4.97;
-3.30,77.63,2.36;
20.24,74.38,1.35;
46.13,72.01,-0.48;
72.64,68.36,-3.55;
93.61,64.99,-2.80;
107.86,63.46,-2.74;
97.81,61.60,-1.41;
72.33,57.05,4.43;
48.80,53.58,8.31;
26.36,50.16,11.27;
8.25,46.36,11.56;
0.04,40.53,10.25;
-11.36,32.30,8.28;
-15.76,23.06,8.49;
12.71,17.38,4.63;
30.53,10.74,0.34;
37.87,3.99,-1.87;
24.48,-0.86,-2.18;
2.42,-4.07,-0.85;
-20.14,-1.78,1.11;
-23.24,3.26,2.56;
-12.48,0.96,1.58;
5.23,-1.39,-0.38;
15.70,-1.33,-1.32;
20.35,5.75,-0.19;
18.12,6.39,1.00;
7.80,4.36,1.43;
0.48,3.46,1.23;
-5.24,3.08,1.11;
-8.07,2.88,1.01;
-18.81,1.55,0.62;
-28.52,-0.49,0.95;
-30.94,-2.89,1.00;
-25.04,-5.75,0.08;
-12.11,-4.63,-0.31;
-8.45,-3.65,-0.39;
-10.17,-4.10,0.68;
-2.74,-3.84,1.14;
6.30,-4.13,0.69;
7.92,-4.49,1.17;
2.65,-4.33,1.41;
-0.01,-4.72,1.67;
-2.13,-4.66,1.91;
-3.12,-4.52,2.14;
0.21,-4.11,1.99;
4.18,-3.76,1.46;
1.32,-3.56,1.49;
-3.56,-3.14,2.14;
-3.85,-2.69,2.08;
1.12,-2.05,1.67;
5.57,-1.38,1.35;
3.16,-1.00,1.49;
-0.52,-0.66,1.66;
-1.12,-0.20,1.93;
1.98,-0.10,1.58;
2.18,-0.20,1.67;
-0.07,-0.72,1.40;
0.19,-2.08,1.21;
2.51,-3.07,0.98;
6.35,-4.33,-0.12;
10.54,-4.81,-0.42;
15.66,-4.30,-0.76;
14.15,-4.14,-0.48;
3.58,-4.25,0.11;
-1.18,-3.39,0.31;
-0.14,-3.15,0.66;
2.27,-2.91,0.72;
4.39,-2.68,0.49;
6.59,-2.23,0.43;
5.06,-2.20,0.75;
-1.23,-2.17,0.95;
-2.68,-2.07,1.20;
-1.09,-2.25,0.89;
-1.81,-2.13,0.53;
-1.44,-2.36,0.37;
-0.30,-2.55,0.07;
0.65,-2.63,0.16;
-0.77,-3.18,0.07;
-2.19,-3.38,0.14;
-1.68,-3.23,0.14;
1.40,-3.47,0.16;
2.74,-3.43,-0.27;
0.85,-3.61,-0.24;
-3.79,-3.94,0.49;
-5.68,-4.07,0.48;
-3.46,-4.34,0.31;
-0.80,-4.45,0.16;
3.06,-4.59,-0.01;
3.37,-4.46,0.14;
0.59,-4.23,0.39;
-2.42,-4.17,0.91;
-2.43,-3.82,0.56;
0.53,-3.50,-0.01;
2.68,-3.41,-0.05;
1.37,-3.21,-0.18;
-3.68,-3.00,0.07;
-5.91,-3.15,0.27;
-4.54,-2.83,0.20;
-2.14,-2.51,-0.38;
-0.02,-2.57,-0.73;
-0.78,-2.49,-0.73;
-0.94,-2.69,-0.63;
-3.99,-3.27,-0.41;
-4.39,-3.64,-0.60;
1.40,-4.42,-1.20;
6.19,-5.75,-1.61;
8.33,-6.54,-2.02;
5.23,-7.33,-1.84;
5.11,-7.59,-1.17;
4.59,-8.36,-1.29;
7.81,-10.01,-1.58;
11.70,-12.95,-2.45;
13.16,-16.60,-3.47;
12.39,-19.24,-4.21;
7.06,-22.60,-4.97;
-0.60,-26.28,-5.28;
-6.28,-30.13,-6.07;
-8.49,-34.04,-7.54;
-8.22,-40.37,-9.55;
-9.35,-48.88,-12.01;
-12.16,-60.60,-14.60;
-21.76,-75.29,-16.47;
-26.10,-91.47,-18.38;
-34.11,-105.97,-18.86;
-32.77,-118.86,-16.39;
-31.27,-124.54,-8.30;
-42.22,-126.63,-3.23;
-51.99,-133.17,-0.24;
-21.96,-133.41,-4.57;
31.96,-126.72,-4.12;
57.05,-125.38,-6.13;
5.74,-132.37,-8.88;
-58.98,-136.13,-4.02;
-68.17,-136.59,5.00;
14.73,-132.39,11.20;
46.06,-128.72,11.61;
38.12,-129.29,14.45;
66.61,-125.78,11.95;
131.35,-116.05,8.71;
122.64,-96.74,5.20;
71.70,-70.07,9.95;
39.28,-46.11,7.67;
24.03,-15.99,-0.22;
18.88,12.07,-9.51;
12.13,43.58,-10.67;
23.41,78.39,-11.35;
34.35,105.02,-12.47;
33.92,145.25,-13.34;
37.66,188.93,-12.10;
16.15,215.38,-10.89;
-44.89,234.21,-15.09;
-117.21,246.21,-13.25;
-163.85,275.40,-11.08;
-179.24,277.96,-16.02;
-154.71,281.45,-44.13;
-129.09,269.98,-45.61;
-100.48,243.45,-49.47;
-46.22,183.11,-48.24;
-47.68,105.08,-43.37;
4.36,17.11,-56.88;
40.90,-24.16,-62.57;
56.45,-38.83,-51.34;
27.43,-37.26,-41.47;
-14.43,-37.07,-35.95;
-62.43,-39.50,-33.78;
-83.10,-40.31,-35.41;
-77.94,-36.26,-37.78;
-50.51,-26.51,-38.67;
-14.83,-18.37,-41.38;
7.45,-16.51,-45.20;
29.95,-20.43,-50.16;
47.23,-30.34,-55.29;
66.91,-43.27,-61.99;
98.61,-53.93,-67.05;
115.67,-66.81,-74.48;
122.39,-76.88,-77.37;
125.61,-85.94,-78.77;
166.27,-94.22,-79.03;
254.88,-138.26,-72.94;
391.45,-188.40,-53.03;
388.71,-336.45,-63.89;
61.61,-268.19,-44.27;
87.20,-199.70,-6.96;
-0.49,-226.66,19.70;
78.13,-193.78,9.35;
-17.18,-147.96,18.74;
-30.33,-112.48,29.75;
-104.57,-86.81,12.19;
-58.83,-36.55,1.15;
-14.13,11.03,5.88;
-14.20,33.67,-15.23;
34.19,81.11,-18.83;
19.16,121.22,-15.86;
-16.60,152.16,3.95;
-81.36,163.12,5.73;
-160.48,168.77,4.72;
-227.04,173.98,19.55;
-288.07,184.80,62.17;
-173.17,183.16,93.24;
-94.30,180.16,95.47;
-75.67,154.28,85.23;
-25.91,133.84,96.01;
16.04,103.92,85.91;
-40.11,91.28,86.05;
-98.65,100.25,94.74;
-123.30,116.12,109.04;
-95.68,122.68,114.51;
-32.59,115.29,107.41;
-0.33,96.10,93.38;
22.85,83.52,80.43;
19.99,68.97,66.14;
9.83,52.83,55.24;
8.83,34.12,46.08;
1.72,21.28,40.42;
9.70,7.63,30.97;
33.31,0.36,23.04;
43.31,-8.92,15.32;
57.78,-22.05,6.30;
65.63,-39.96,-8.07;
85.70,-121.24,3.76;
-6.91,-228.66,18.13;
-242.75,-246.28,38.05;
-137.85,-180.20,25.67;
11.52,-190.65,4.83;
120.32,-199.81,26.57;
206.71,-175.61,-7.75;
101.84,-133.32,29.03;
-96.54,-157.36,55.81;
-162.94,-156.84,1.27;
77.03,-116.17,7.41;
-30.43,-66.66,2.36;
-40.31,-27.24,7.84;
-26.26,17.70,25.82;
-27.78,45.57,22.72;
-30.78,66.57,15.06;
-24.81,87.96,11.29;
-17.97,105.45,4.08;
-3.59,121.17,-4.68;
8.04,133.93,-11.46;
5.98,145.37,-16.48;
17.19,148.79,-22.15;
4.80,133.74,-18.19;
-11.99,124.24,-14.33;
8.88,124.91,-6.21;
33.90,119.52,-1.92;
49.92,115.63,-1.26;
71.83,122.77,2.02;
78.32,117.51,5.76;
90.09,102.77,10.04;
81.28,88.73,7.67;
64.65,77.63,6.54;
33.00,74.10,9.50;
23.34,66.57,11.58;
6.27,64.51,11.04;
3.46,57.34,7.03;
-3.52,50.19,5.50;
-1.20,34.12,4.45;
-2.57,19.00,1.93;
0.18,4.90,3.47;
13.14,-4.07,4.13;
38.13,-13.62,2.05;
44.19,-18.54,0.22;
36.80,-20.52,0.62;
18.77,-20.89,2.72;
2.18,-18.80,3.04;
-1.38,-16.88,2.25;
7.51,-14.42,1.47;
8.83,-10.91,1.41;
5.58,-7.09,1.79;
9.49,-4.51,2.30;
11.35,-1.90,1.50;
6.12,0.28,1.70;
1.37,2.30,2.22;
2.36,4.82,1.09;
-0.20,6.44,0.45;
-2.62,6.21,0.17;
-8.42,7.48,0.11;
-8.22,8.09,0.46;
-1.76,7.66,0.10;
3.81,5.61,-0.44;
5.61,4.22,0.08;
3.98,3.70,-0.19;
5.26,2.25,-0.21;
5.26,0.16,0.20;
9.34,-1.88,-0.51;
10.16,-2.62,-0.62;
9.89,-2.84,-0.82;
8.90,-3.21,-1.05;
9.69,-3.94,-1.67;
5.31,-3.99,-1.64;
-1.15,-3.59,-0.99;
-1.04,-4.37,-0.67;
1.80,-4.14,-1.14;
3.35,-3.75,-1.17;
3.99,-3.10,-1.75;
4.32,-2.39,-1.64;
2.57,-1.32,-1.89;
1.57,-0.77,-1.72;
1.19,-0.83,-2.09;
-0.07,-0.88,-2.27;
-1.32,-0.30,-1.89;
-2.97,0.12,-1.60;
-4.37,0.25,-1.52;
-4.05,-0.31,-1.47;
-4.22,-0.46,-1.12;
-5.50,-0.83,-0.79;
-6.43,-0.88,-0.45;
-4.60,-0.83,-0.34;
-2.94,-0.91,-0.80;
-3.59,-0.84,-0.65;
-4.91,-1.15,-0.41;
-5.67,-1.29,-0.16;
-4.43,-1.55,0.07;
-2.55,-1.93,0.11;
-2.36,-2.19,-0.02;
-2.08,-1.87,-0.07;
-2.68,-1.88,-0.10;
-4.71,-1.64,0.04;
-6.94,-1.75,0.27;
-11.75,-1.35,0.36;
-11.85,-1.20,0.63;
-10.04,-1.20,0.27;
-9.36,-1.38,-0.13;
-8.72,-1.55,-0.59;
-8.75,-2.07,-0.65;
-11.00,-2.92,-0.59;
-17.00,-3.59,-0.10;
-15.88,-4.43,0.11;
-16.10,-5.14,-0.57;
-15.82,-6.31,-0.68;
-14.36,-6.89,-0.41;
-15.79,-7.88,-0.54;
-17.73,-8.57,-0.47;
-17.18,-8.60,-0.38;
-11.96,-7.44,-1.03;
-4.07,-6.08,-1.44;
-0.62,-4.72,-1.49;
-5.39,-3.62,-2.05;
-11.12,-3.39,-1.67;
-11.56,-2.86,-2.33;
-10.25,-3.26,-1.93;
-7.33,-4.75,-2.24;
-2.14,-4.94,-2.70;
2.22,-5.09,-2.57;
2.41,-5.12,-2.56;
2.32,-5.21,-2.31;
0.97,-4.89,-2.02;
-1.70,-4.88,-1.95;
-3.84,-4.42,-1.44;
-3.33,-4.49,-1.18;
-1.06,-4.25,-1.02;
1.48,-4.36,-1.00;
3.46,-4.25,-0.82;
3.66,-3.75,-0.82;
3.48,-3.70,-0.74;
4.09,-3.27,-0.53;
4.32,-3.07,-0.86;
2.82,-2.77,-0.82;
2.86,-2.51,-0.62;
-0.01,-2.26,-0.76;
-2.02,-2.05,-0.79;
-0.45,-1.87,-0.77;
0.10,-1.75,-0.96;
