7.09,-0.96,-0.12;
6.64,-0.90,-1.02;
2.32,0.18,-1.22;
-0.84,1.83,0.56;
-1.35,2.50,0.72;
-6.14,1.82,-0.73;
-10.89,0.79,-3.88;
-11.93,-1.39,-5.36;
-9.42,-1.51,-3.04;
3.06,1.86,1.08;
12.83,4.41,3.83;
9.77,3.98,3.45;
0.24,2.56,0.55;
-2.49,-0.18,-1.73;
-1.53,-0.73,-1.59;
-0.63,-0.52,-0.50;
-1.26,0.73,0.17;
-3.67,2.58,-0.03;
-6.11,1.73,-0.72;
-5.99,0.40,-0.67;
-4.40,-0.82,-1.91;
-2.00,-2.66,-1.95;
3.60,-0.17,-1.04;
8.27,0.44,0.61;
7.31,2.41,1.22;
4.93,1.71,1.98;
2.09,1.89,1.28;
2.01,0.46,-0.06;
-1.75,0.27,-3.05;
-6.81,-1.60,-5.01;
-7.46,-1.57,-5.47;
-2.78,-1.16,-2.76;
3.87,0.53,1.74;
9.93,1.39,4.85;
10.16,2.55,2.73;
6.48,0.43,-2.57;
-0.52,-2.69,-5.73;
-2.68,-3.62,-4.99;
1.49,-0.52,-0.87;
7.25,2.02,3.74;
8.90,5.11,3.92;
-0.55,3.24,-0.49;
-8.49,0.03,-4.95;
-8.37,-4.47,-6.60;
-2.71,-3.54,-2.72;
7.43,0.64,2.50;
14.83,5.98,5.51;
6.39,5.56,3.25;
-7.18,4.06,-1.53;
-15.23,-1.18,-4.26;
-20.31,-2.84,-3.19;
-13.93,-1.45,0.67;
-6.81,1.18,2.32;
-1.84,1.54,1.08;
4.32,1.01,-1.48;
9.60,-0.08,-1.59;
11.16,-2.40,-0.35;
12.90,-1.62,2.66;
10.04,1.22,3.91;
3.03,2.89,3.22;
-1.15,3.85,1.95;
-6.66,2.55,-0.38;
-11.96,0.29,-2.63;
-11.82,-1.76,-2.99;
-3.36,-0.55,-1.65;
2.35,0.92,-0.67;
4.47,1.44,1.02;
3.20,1.77,2.18;
1.49,1.10,2.56;
1.12,0.87,3.24;
5.48,0.26,2.56;
1.23,0.41,0.05;
-5.46,-1.01,-2.29;
-7.21,-2.32,-2.63;
-5.65,-3.04,-1.44;
1.70,-1.44,0.53;
7.37,0.55,2.43;
8.90,0.70,3.39;
7.40,-1.82,4.75;
7.23,-2.40,5.79;
10.15,-1.54,6.38;
15.64,-0.34,6.64;
17.72,2.76,4.23;
11.49,3.22,1.05;
-0.16,3.15,-0.43;
-9.70,1.77,0.21;
-11.87,1.07,2.76;
-14.51,1.07,3.59;
-14.68,1.92,2.34;
-13.47,0.70,-1.02;
-8.65,-0.47,-1.53;
1.57,-0.76,1.24;
9.29,-1.71,5.39;
12.53,-0.21,6.52;
8.45,1.16,3.82;
3.19,-0.14,1.04;
-0.69,-1.45,1.05;
-2.89,-3.22,3.59;
-2.14,-1.83,6.17;
-0.25,0.21,6.43;
1.22,2.14,5.69;
3.93,1.05,4.43;
4.53,-3.33,4.75;
5.19,-3.79,6.37;
11.29,0.46,11.34;
23.67,5.16,14.85;
21.41,5.62,14.63;
13.49,4.37,12.06;
3.06,2.34,11.98;
-5.13,1.11,15.36;
-7.84,1.98,19.63;
-3.64,5.63,22.63;
-0.78,3.86,23.37;
-1.70,2.90,22.06;
1.74,1.54,23.37;
16.74,5.95,27.11;
30.70,13.31,28.15;
29.92,13.86,23.42;
7.49,9.45,13.24;
-9.68,4.05,8.66;
-13.90,-2.73,12.69;
-7.03,-0.87,21.69;
4.03,11.04,30.89;
9.35,13.39,31.01;
3.81,13.86,25.62;
-1.38,11.94,23.02;
3.08,6.26,28.56;
10.27,6.12,34.21;
-11.59,10.64,32.35;
-15.90,4.02,21.85;
-13.26,0.52,16.79;
-6.30,-0.66,20.09;
14.47,1.92,32.99;
27.52,4.34,39.85;
11.83,11.56,39.36;
2.97,11.74,28.66;
2.58,7.36,24.27;
4.00,2.35,31.56;
14.30,0.58,49.30;
13.35,14.03,44.82;
-2.54,15.88,25.05;
-46.13,0.99,11.66;
-18.57,-1.22,12.52;
6.21,-8.29,22.56;
24.74,-7.66,35.21;
29.77,7.34,42.37;
20.85,12.21,28.21;
7.95,7.22,18.32;
27.31,8.56,19.76;
29.86,2.53,31.95;
37.74,-0.58,40.15;
17.46,-2.35,34.82;
10.19,-3.16,22.66;
3.20,-3.08,14.75;
9.57,1.95,18.82;
17.87,5.95,22.59;
11.92,5.57,28.55;
11.46,10.63,28.96;
5.78,9.94,20.69;
0.35,11.98,16.53;
13.86,14.92,26.09;
10.33,8.09,32.64;
-4.57,2.55,31.86;
-3.21,5.88,24.11;
-5.94,8.84,16.61;
16.16,16.38,19.92;
22.03,17.83,28.32;
16.42,7.37,33.40;
2.16,-0.73,31.57;
9.16,3.65,27.05;
8.03,8.11,21.65;
7.28,14.69,21.92;
11.78,11.80,25.31;
-12.14,5.82,22.67;
-7.10,11.95,19.82;
-5.41,17.83,16.20;
-6.43,25.07,14.55;
-3.68,20.60,14.24;
-18.19,14.03,11.05;
-10.36,14.24,9.80;
-0.72,23.39,9.25;
8.61,35.77,8.41;
30.71,43.16,11.24;
3.89,29.30,13.47;
-18.98,17.95,9.56;
-16.10,17.08,4.52;
-9.90,25.53,2.64;
-16.71,29.88,1.47;
-13.33,28.24,2.78;
-23.44,21.53,3.65;
-17.32,14.18,5.53;
-6.10,10.76,9.80;
-5.96,11.01,12.37;
-12.84,8.21,10.11;
-14.20,2.63,6.75;
3.96,-1.02,7.01;
8.99,-2.05,9.60;
9.35,4.11,13.62;
-0.25,8.03,12.38;
-7.56,6.89,6.56;
-17.30,1.33,-4.72;
-5.09,4.17,-7.59;
10.87,6.82,-1.57;
8.18,8.66,6.20;
7.14,13.83,7.47;
10.85,15.89,1.50;
10.01,16.17,-5.11;
-3.85,8.27,-10.46;
11.45,5.24,-1.60;
11.84,-1.28,2.87;
3.57,-3.71,2.76;
11.93,1.11,-0.34;
8.16,3.21,-5.04;
-18.19,0.52,-7.73;
-26.04,1.10,-6.84;
-25.93,2.70,-9.22;
-26.46,4.03,-12.93;
-17.01,2.96,-17.66;
-5.61,2.43,-19.86;
20.62,2.95,-16.41;
29.96,-0.17,-9.11;
34.62,-0.52,-4.99;
27.51,3.34,-5.50;
15.11,6.99,-8.82;
-2.77,7.01,-14.47;
2.44,3.91,-15.91;
-7.59,-4.67,-12.78;
-16.74,-15.25,-11.15;
-23.85,-18.69,-14.90;
-11.18,-15.13,-20.50;
17.55,-6.15,-24.49;
28.90,-3.85,-21.62;
30.58,-7.82,-16.67;
19.63,-15.08,-15.01;
10.39,-17.71,-20.37;
4.58,-18.29,-30.29;
1.63,-17.53,-37.80;
-2.13,-17.95,-39.51;
-4.11,-16.56,-36.93;
0.90,-14.61,-34.75;
6.93,-16.40,-31.39;
8.16,-19.34,-31.99;
7.49,-18.15,-35.70;
-0.97,-15.98,-41.89;
0.82,-10.89,-49.85;
10.12,-5.60,-48.79;
13.75,-2.58,-40.11;
-2.98,-8.82,-35.18;
-19.24,-13.54,-41.41;
-27.73,-14.47,-48.72;
-24.19,-14.21,-56.96;
-0.80,-11.56,-55.76;
12.29,-5.39,-44.20;
2.65,-6.03,-31.54;
-16.33,-12.09,-34.86;
-34.40,-17.86,-48.05;
-39.79,-22.63,-57.50;
-28.51,-26.78,-59.02;
-3.59,-20.47,-49.45;
14.50,-17.31,-37.27;
-0.26,-23.79,-32.40;
-3.81,-24.79,-40.50;
-7.58,-29.60,-51.63;
-0.17,-34.55,-49.22;
1.72,-29.66,-39.30;
0.19,-22.40,-29.31;
-17.56,-20.93,-30.75;
-17.61,-18.24,-42.15;
3.86,-15.37,-52.78;
14.12,-24.27,-52.24;
27.26,-24.24,-37.51;
29.28,-19.83,-23.33;
12.36,-13.94,-22.46;
-5.18,-12.92,-25.62;
-6.07,-9.44,-35.16;
2.94,-15.92,-42.57;
12.36,-22.75,-35.62;
26.24,-22.49,-20.24;
11.22,-15.44,-15.56;
0.51,-6.40,-18.08;
-6.05,-0.61,-26.66;
-19.29,1.15,-31.25;
-14.10,-0.70,-31.34;
-6.04,-8.47,-22.18;
-3.88,-13.76,-13.88;
-0.57,-13.02,-14.18;
-0.39,-7.82,-24.02;
-0.46,-2.24,-33.70;
3.00,0.49,-37.19;
5.49,0.14,-31.66;
7.20,-5.54,-20.69;
3.83,-8.93,-15.70;
-0.63,-8.55,-19.11;
-0.78,-5.63,-30.37;
2.15,-4.02,-34.02;
10.93,-6.52,-27.59;
21.03,-5.53,-19.05;
31.57,-11.91,-15.05;
12.71,-13.74,-20.67;
8.50,-11.45,-31.60;
14.56,-8.92,-39.88;
22.82,-9.22,-33.41;
22.62,-8.18,-21.57;
25.67,-13.28,-10.38;
9.84,-14.37,-5.11;
-3.27,-6.72,-7.65;
-3.71,-0.46,-8.66;
-2.30,8.98,-0.44;
5.31,15.45,12.00;
19.95,13.94,17.02;
3.51,9.36,14.89;
-11.46,14.14,3.97;
-20.63,12.38,-5.91;
-20.72,8.76,-3.65;
-8.92,3.05,0.15;
5.70,1.69,3.16;
5.83,0.78,2.93;
0.64,2.85,0.34;
3.48,2.03,0.46;
7.52,1.40,3.88;
13.75,1.11,8.56;
12.97,-0.66,9.68;
-0.78,1.95,4.99;
-7.79,4.06,-1.57;
-11.30,6.64,-4.86;
-11.03,5.30,-2.55;
-13.03,1.15,1.33;
-14.52,0.93,5.59;
-10.89,0.90,4.64;
-12.04,1.94,0.75;
-8.72,5.24,-3.42;
3.26,2.95,-2.78;
8.91,-0.50,1.63;
12.64,-0.32,8.27;
17.12,3.25,9.43;
8.83,3.66,3.59;
-4.37,4.38,-3.05;
-10.72,4.12,-7.74;
-9.59,-1.42,-6.52;
-9.07,-4.37,-2.89;
-7.70,-2.15,4.09;
-5.15,1.86,8.00;
-3.20,4.40,8.34;
0.03,4.58,7.77;
4.19,1.91,8.09;
8.24,0.05,9.74;
12.73,3.24,11.89;
14.99,3.98,11.71;
3.70,3.50,6.98;
-4.62,2.87,3.77;
-5.49,2.41,3.51;
1.84,0.21,6.67;
6.58,0.20,10.61;
2.71,2.37,13.63;
0.71,2.05,12.38;
-1.94,0.79,9.82;
-0.04,-1.01,9.02;
6.90,-1.45,13.02;
20.16,1.82,18.47;
21.49,2.81,20.73;
11.03,4.12,18.72;
6.25,4.61,17.21;
4.44,1.22,19.83;
1.19,3.71,27.42;
17.67,11.02,33.88;
10.41,10.56,34.11;
-3.62,8.43,26.66;
-7.30,4.82,19.50;
-9.49,-0.73,17.28;
-7.71,-2.08,21.72;
6.93,0.63,30.30;
18.51,10.03,35.59;
12.51,14.84,31.98;
5.66,10.14,25.53;
-3.71,8.67,26.55;
15.41,11.83,31.69;
13.00,16.60,35.66;
2.71,21.98,25.45;
-5.94,19.94,9.77;
-20.39,20.17,-2.05;
-29.41,11.85,-5.37;
-31.27,5.10,2.15;
-31.67,2.63,12.32;
-21.85,3.28,24.67;
-2.31,17.40,33.69;
2.48,26.92,38.15;
1.14,29.56,37.57;
-1.23,33.37,36.81;
3.57,25.57,31.01;
-11.07,21.71,24.11;
-28.77,15.45,8.44;
-35.71,7.24,5.18;
-37.55,3.85,9.31;
-21.06,7.56,20.09;
-0.08,12.11,25.45;
3.23,17.42,26.44;
11.14,21.57,20.70;
18.51,17.10,18.81;
17.84,11.11,26.09;
22.88,13.62,33.79;
18.82,13.39,35.91;
11.64,17.68,27.08;
-3.36,17.30,16.41;
-17.12,15.05,6.06;
-24.07,10.84,11.54;
-13.20,11.40,20.50;
-12.65,9.39,28.67;
-13.39,15.27,28.12;
-1.26,12.47,22.05;
0.51,12.64,19.33;
8.51,13.98,20.92;
25.61,15.39,28.11;
15.38,17.28,30.50;
5.35,17.40,23.83;
-0.04,9.79,12.35;
-18.31,3.50,9.02;
-9.99,3.60,15.47;
-2.69,1.66,24.21;
-6.84,5.53,27.69;
1.92,7.57,25.77;
7.49,5.19,20.89;
12.70,3.86,17.85;
18.82,7.18,20.76;
16.10,10.78,30.98;
8.58,11.95,29.27;
0.85,8.67,22.67;
2.67,0.99,14.01;
-7.26,-0.90,10.46;
3.03,0.89,17.59;
3.77,5.66,28.64;
0.06,11.07,29.74;
-5.32,4.17,21.13;
3.31,-1.13,16.24;
4.48,-2.17,14.81;
12.30,2.02,23.68;
11.98,6.72,31.13;
10.50,8.56,32.09;
9.58,6.03,22.26;
-1.79,2.21,13.45;
-6.25,5.11,11.21;
-5.39,11.47,17.65;
0.24,11.01,21.94;
-5.00,6.06,20.63;
4.09,2.84,17.05;
13.48,9.79,17.53;
17.08,19.21,21.85;
0.59,19.88,24.29;
-11.79,10.31,18.85;
-13.75,2.05,11.79;
-13.07,-0.78,10.76;
-3.62,7.05,14.66;
-11.12,10.20,17.13;
-5.90,12.75,19.48;
4.51,10.27,14.67;
-8.88,3.25,4.32;
-2.04,2.78,4.11;
10.07,11.60,12.58;
8.03,16.66,17.30;
3.22,14.26,16.49;
8.68,9.98,12.34;
-4.34,6.70,8.20;
-15.18,6.96,5.27;
-19.99,9.98,6.82;
-5.18,11.68,8.78;
-10.11,7.88,5.62;
-0.28,7.05,6.81;
1.20,9.73,12.87;
7.48,16.96,19.59;
-10.45,14.27,17.86;
-15.56,7.02,11.68;
-8.07,2.95,6.46;
-8.60,5.47,6.61;
-9.35,8.58,10.63;
-7.49,11.11,16.37;
-6.25,9.25,13.54;
-9.90,7.10,8.29;
-7.81,6.53,5.08;
-4.86,15.04,7.48;
-4.83,18.26,10.50;
-11.06,12.95,7.85;
-7.30,6.50,1.36;
-8.31,5.39,0.34;
10.27,12.06,8.00;
3.57,18.38,13.48;
-7.03,18.20,12.23;
-11.39,11.83,4.72;
-18.31,4.08,-5.11;
-11.35,0.31,-7.15;
0.62,1.10,-1.08;
8.01,3.47,8.89;
10.83,6.11,10.99;
5.03,5.48,4.53;
1.89,6.17,-0.90;
-6.16,5.04,-2.90;
-7.26,1.80,0.56;
-10.10,0.98,1.04;
-11.58,2.76,-3.42;
-5.47,3.02,-10.21;
6.88,6.70,-14.78;
24.15,5.77,-13.33;
33.84,1.36,-5.50;
30.77,0.34,-1.48;
19.89,0.21,-5.01;
4.36,5.79,-13.11;
-3.24,6.53,-21.10;
-7.61,7.11,-24.02;
-24.54,3.71,-22.47;
-20.14,4.81,-19.28;
-10.48,5.66,-19.45;
-2.59,7.76,-21.94;
6.47,6.76,-23.65;
13.34,6.79,-25.18;
12.24,6.58,-26.24;
13.96,7.16,-27.76;
7.66,10.31,-29.05;
0.90,11.82,-29.02;
-14.37,9.05,-30.52;
-28.57,3.36,-34.43;
-37.88,-1.51,-39.27;
-32.88,-2.29,-43.95;
-15.76,4.73,-43.45;
-7.82,9.59,-40.05;
-3.15,12.09,-36.09;
-6.51,7.85,-34.95;
-5.30,0.46,-37.91;
-7.87,-3.37,-43.22;
-11.96,-2.29,-50.09;
-13.10,-0.81,-53.94;
-8.63,-0.66,-51.28;
-13.10,-0.44,-47.68;
-22.39,-1.85,-47.39;
-17.21,-7.25,-50.09;
-11.03,-13.92,-55.91;
1.32,-19.01,-58.60;
12.77,-18.90,-55.95;
13.11,-16.46,-53.19;
2.39,-14.40,-50.61;
-13.15,-14.00,-51.10;
-19.59,-17.18,-55.94;
-29.47,-29.16,-63.04;
-24.59,-36.03,-60.38;
-12.48,-29.02,-58.72;
-3.76,-23.50,-57.24;
10.67,-19.63,-57.59;
3.54,-23.97,-58.34;
-1.56,-33.19,-57.54;
-6.11,-47.89,-54.23;
-7.09,-47.45,-52.82;
5.14,-37.95,-51.54;
27.32,-22.41,-49.59;
29.48,-25.05,-57.31;
17.83,-28.08,-54.96;
6.96,-35.36,-50.79;
-8.11,-42.81,-45.92;
1.35,-38.50,-40.53;
27.70,-26.17,-44.28;
28.10,-24.75,-43.88;
14.79,-21.19,-33.05;
-9.67,-16.93,-24.57;
-35.38,-15.28,-16.40;
-31.99,-12.26,-19.30;
-11.27,-11.71,-38.15;
25.69,-17.10,-48.87;
50.39,-17.76,-35.39;
41.28,-16.69,-21.73;
15.38,-15.77,-17.48;
-5.90,-14.82,-21.57;
-3.01,-14.21,-31.31;
13.54,-19.30,-33.94;
39.37,-15.51,-20.35;
61.38,-12.35,-5.48;
47.60,-15.63,-2.66;
34.38,-19.25,-7.21;
34.00,-20.79,-13.73;
45.83,-18.98,-13.99;
64.80,-16.35,-8.47;
70.16,-10.32,-1.65;
68.74,-13.11,1.98;
46.38,-6.63,-0.24;
23.38,-3.86,-2.86;
13.58,-1.59,1.88;
12.39,0.38,11.36;
20.59,2.27,14.41;
-11.99,-2.52,4.41;
-32.17,-6.93,-8.70;
-28.66,-9.97,-18.89;
-8.08,-12.11,-15.48;
14.38,-11.27,-9.27;
33.95,-11.39,-6.14;
24.18,-5.91,-9.33;
25.25,-5.11,-11.48;
30.76,-3.69,-7.66;
34.32,-6.84,0.63;
41.43,-2.81,8.00;
37.23,-1.19,7.59;
7.58,2.12,0.64;
-17.82,5.88,-4.05;
-30.63,4.11,-4.61;
-30.81,2.26,-0.67;
-17.39,-2.46,2.79;
-13.81,0.93,2.47;
-9.26,3.25,1.68;
-4.22,4.90,4.17;
1.95,6.52,7.18;
9.43,7.47,6.00;
1.46,3.05,2.17;
-5.41,4.02,-1.76;
-7.13,2.03,-2.28;
-11.38,0.70,0.63;
-15.58,-1.27,3.82;
-15.39,0.27,5.59;
-6.81,4.44,5.85;
-0.65,6.95,1.69;
-6.37,4.82,-3.36;
-5.49,2.26,-4.32;
-3.70,-2.29,-1.95;
-2.83,-1.44,1.34;
1.38,3.01,3.63;
-0.66,4.18,0.75;
-9.99,2.89,-3.10;
-10.40,2.18,-4.06;
-3.65,-0.84,-3.10;
-1.44,-2.84,-0.15;
-2.25,-2.38,2.69;
0.64,1.24,2.81;
-1.59,3.36,0.75;
-3.55,3.15,0.59;
-2.54,1.08,0.84;
-2.19,-0.44,3.59;
-0.83,2.92,6.90;
-1.17,4.17,7.57;
-7.46,7.24,5.69;
-12.43,7.07,3.83;
-16.14,3.95,3.07;
-16.92,1.11,2.93;
-15.12,1.59,4.01;
-11.64,2.32,5.07;
-13.81,6.32,6.41;
-15.03,9.02,7.30;
-13.27,7.85,9.40;
-14.49,7.54,12.46;
-11.10,8.14,13.69;
-10.17,8.81,11.89;
-14.52,7.01,8.18;
-21.59,7.10,5.60;
-20.05,5.31,5.27;
-15.55,4.09,7.24;
-7.85,5.39,10.49;
-2.66,9.22,14.23;
8.53,11.91,15.24;
2.18,9.21,12.29;
-7.06,4.76,7.80;
-2.98,-0.70,6.56;
4.76,-3.05,7.74;
8.22,-2.58,10.87;
8.45,-0.40,16.38;
11.03,-0.05,21.83;
10.04,-0.81,27.04;
18.71,0.76,32.75;
37.16,3.18,37.16;
36.50,4.31,39.02;
30.03,-0.63,35.72;
14.87,-6.32,28.43;
7.58,-9.63,27.19;
14.99,-6.18,31.19;
33.11,-0.34,34.49;
26.65,7.02,34.76;
16.45,8.93,31.51;
5.55,5.98,24.41;
-0.42,-0.50,22.87;
-4.34,-7.13,31.13;
10.82,-2.50,35.14;
13.92,5.48,30.67;
6.48,7.42,26.06;
2.93,4.67,17.27;
-0.08,1.51,19.10;
6.53,1.59,26.32;
4.88,7.36,33.72;
6.07,14.21,33.39;
3.32,20.02,28.41;
-1.32,18.44,23.62;
-8.39,14.11,24.52;
-9.84,9.37,32.30;
-9.99,11.66,33.19;
-21.76,14.29,28.89;
-19.70,13.86,21.50;
-12.92,12.52,12.00;
-10.94,9.11,11.53;
-7.58,7.92,24.17;
-3.49,16.93,36.96;
-0.05,24.50,33.01;
-7.99,23.82,24.92;
-5.90,19.68,18.34;
-1.12,13.45,20.84;
3.48,7.71,31.42;
-5.36,13.79,32.09;
-6.28,17.48,28.46;
-7.65,12.09,17.88;
-10.05,10.53,10.64;
-10.11,7.04,15.04;
-3.12,7.65,27.91;
-1.84,14.63,33.51;
0.12,15.95,27.56;
-4.75,12.58,15.59;
-2.36,11.30,8.70;
-3.04,9.92,14.01;
-5.59,7.34,25.88;
-7.27,13.42,28.90;
-8.22,18.49,26.40;
-1.65,17.07,19.13;
-7.96,13.40,9.86;
-3.01,7.60,11.66;
2.24,4.75,19.62;
27.16,9.34,27.30;
13.54,7.21,26.73;
12.87,11.51,22.30;
7.03,10.06,13.43;
7.32,7.66,6.06;
5.77,7.74,6.73;
14.41,10.08,11.95;
10.10,3.97,16.32;
-2.49,-0.85,15.63;
5.20,-0.31,14.40;
10.56,2.55,13.42;
8.15,11.01,18.85;
-5.32,15.94,20.11;
-12.78,16.92,16.56;
-26.02,7.86,6.46;
-18.51,5.21,5.33;
-14.80,4.75,11.33;
-10.95,2.89,21.48;
-2.89,5.44,25.72;
2.27,6.08,22.05;
12.61,3.53,15.47;
13.14,5.66,13.63;
12.67,8.52,17.50;
1.57,10.58,20.26;
-8.25,11.36,21.66;
-13.79,8.37,16.78;
-14.69,2.75,12.93;
-9.06,4.20,13.21;
8.24,10.98,18.46;
3.14,10.92,21.31;
3.92,7.13,20.72;
11.38,5.19,16.72;
5.35,4.52,12.55;
0.93,3.54,12.37;
10.53,9.95,16.63;
-13.06,8.47,15.24;
-12.98,6.78,11.54;
-9.29,10.02,8.58;
-11.39,11.08,7.42;
-14.04,15.04,9.21;
-8.36,15.50,12.76;
-19.85,7.01,9.92;
-1.58,6.11,5.79;
0.83,11.05,4.46;
3.11,17.95,6.21;
0.83,21.62,11.50;
-17.24,19.39,13.08;
-31.42,12.27,8.40;
-31.15,3.66,-0.43;
-18.62,0.87,-7.63;
26.19,5.63,0.05;
17.57,-0.35,12.03;
26.56,-4.98,15.77;
34.83,-0.24,11.60;
27.58,8.41,7.30;
3.17,11.07,2.75;
-0.71,10.84,2.52;
-29.68,5.42,4.79;
-45.73,-4.38,-0.29;
-35.59,-4.03,-4.63;
-20.59,-2.17,-6.28;
5.98,8.72,-2.11;
14.65,11.25,4.49;
13.06,7.10,4.98;
15.81,9.51,0.61;
3.66,12.05,-4.38;
-8.08,11.85,-6.58;
-23.18,9.24,-7.63;
-15.56,6.73,-5.19;
-19.97,2.72,-6.28;
-10.78,3.51,-10.32;
3.06,7.18,-9.13;
11.43,10.64,-5.39;
10.35,12.08,-4.03;
7.84,11.11,-5.21;
7.00,11.53,-8.21;
-2.95,11.05,-11.10;
-12.80,8.03,-13.44;
-9.21,8.70,-14.95;
-13.68,10.31,-15.59;
-10.46,8.93,-18.46;
5.67,11.62,-21.50;
14.99,10.02,-22.24;
18.10,4.92,-21.85;
23.64,1.85,-21.02;
25.51,3.05,-21.60;
24.91,5.65,-21.91;
12.62,3.62,-25.04;
-0.60,-4.82,-31.05;
-4.57,-11.33,-35.41;
-1.01,-13.56,-36.78;
8.04,-8.44,-32.43;
10.79,-1.05,-28.78;
4.87,1.79,-29.68;
-3.70,4.03,-34.24;
-14.07,-1.47,-43.56;
-14.95,-5.33,-49.05;
-13.12,-6.75,-49.47;
-2.92,-4.09,-42.92;
1.45,-4.95,-35.65;
5.09,-5.77,-33.59;
-6.31,-8.89,-36.69;
-11.46,-18.05,-44.43;
-10.08,-24.20,-48.78;
1.22,-23.60,-50.40;
2.74,-21.71,-47.60;
4.44,-20.23,-43.79;
-2.68,-16.18,-45.63;
-8.54,-17.98,-50.26;
-10.26,-32.69,-58.98;
2.47,-47.21,-62.49;
16.48,-33.65,-58.64;
35.09,-17.69,-46.12;
33.70,-14.84,-38.32;
16.00,-11.48,-41.16;
-17.29,-22.58,-59.86;
-28.07,-35.88,-71.01;
-21.42,-45.31,-69.15;
-2.94,-41.92,-57.73;
21.37,-33.48,-42.95;
37.60,-20.50,-31.22;
24.59,-19.02,-36.75;
-10.92,-23.19,-39.25;
-19.91,-22.18,-37.53;
-42.34,-27.66,-38.72;
-36.40,-24.38,-33.34;
-14.55,-17.79,-36.69;
8.06,-16.99,-46.05;
23.20,-17.92,-45.73;
16.73,-14.43,-36.43;
-9.79,-11.83,-23.45;
-17.96,-11.21,-14.55;
-17.88,-11.53,-20.55;
3.49,-10.79,-37.01;
31.32,-18.08,-49.13;
34.03,-21.83,-39.54;
18.48,-19.82,-27.85;
-4.52,-15.85,-19.88;
-26.20,-8.66,-20.86;
-22.60,-2.40,-26.81;
-3.27,-4.37,-30.53;
11.12,-11.05,-21.57;
17.32,-13.01,-10.18;
4.13,-17.48,-5.53;
-5.90,-13.57,-11.39;
-6.04,-8.78,-23.30;
9.52,-9.39,-27.02;
27.02,-12.44,-20.84;
39.35,-11.36,-11.08;
44.82,-16.02,-6.46;
38.74,-10.70,-6.52;
28.83,-2.82,-14.38;
32.58,-1.18,-13.63;
28.35,-1.95,-6.82;
27.08,-0.98,-1.68;
20.39,-5.77,-1.39;
7.25,-8.70,-5.21;
-0.36,-4.66,-7.22;
9.03,-6.15,-8.11;
24.44,-2.75,-2.84;
44.29,2.24,3.13;
46.41,3.11,4.00;
28.24,-3.39,-0.72;
8.93,-6.56,-6.53;
15.28,-4.81,-8.52;
23.35,-2.49,-4.38;
30.88,4.93,3.43;
25.57,7.91,9.21;
-0.02,5.31,5.39;
-17.87,4.70,-0.87;
-17.78,1.89,-8.32;
-10.00,-1.95,-7.91;
-5.06,0.12,0.20;
-0.26,3.59,6.29;
1.38,4.98,5.10;
-2.25,4.09,0.20;
0.21,3.89,-2.21;
6.88,3.76,0.14;
7.84,1.57,4.09;
7.90,2.06,7.10;
2.32,2.55,5.98;
-10.22,-0.32,-0.44;
-14.40,-1.50,-4.76;
-8.25,-3.04,-6.99;
-0.95,-2.63,-4.50;
4.65,-1.27,1.85;
6.79,2.27,6.05;
4.83,3.95,6.00;
-4.65,2.76,0.75;
-13.30,1.40,-3.07;
-12.88,-1.82,-3.99;
-7.78,-4.44,-2.50;
-3.03,-3.77,0.84;
4.58,0.02,4.87;
9.66,5.88,7.43;
6.68,8.32,7.36;
-0.65,7.48,7.13;
-8.26,5.10,6.81;
-16.02,2.98,5.83;
-19.78,4.56,4.92;
-23.36,5.15,3.68;
-29.67,7.59,3.45;
-27.61,7.34,6.21;
-23.53,6.66,9.42;
-15.55,5.44,12.01;
-12.23,6.44,11.85;
-10.60,5.83,8.87;
-12.72,5.95,4.64;
-10.07,5.71,3.85;
-6.48,2.58,4.61;
-3.15,3.36,6.27;
-6.34,5.57,8.81;
-4.84,6.76,9.60;
-13.10,7.07,9.63;
-19.03,6.40,9.54;
-17.30,5.07,9.21;
-13.64,1.85,8.47;
-13.32,0.46,8.01;
-14.54,-0.20,7.31;
-12.30,0.37,7.05;
-6.20,1.65,8.76;
3.60,-0.02,12.35;
10.36,1.73,15.45;
22.38,5.77,18.66;
19.34,5.44,17.28;
6.29,3.22,12.92;
-8.16,0.98,9.97;
-11.55,-1.02,8.49;
-11.93,-2.78,11.05;
-5.49,-1.39,15.37;
2.39,-0.20,20.11;
5.40,2.02,23.01;
3.51,2.41,24.56;
1.81,3.74,26.11;
12.80,6.43,27.30;
12.94,8.29,26.18;
-4.05,6.18,21.40;
-13.29,4.05,19.56;
-19.81,2.73,19.95;
-21.97,1.40,24.01;
-12.33,3.40,30.66;
3.67,9.86,36.32;
7.31,11.63,37.37;
3.26,11.31,35.88;
-2.00,10.03,33.76;
-2.11,7.62,36.34;
9.05,15.33,42.32;
29.03,20.78,38.18;
2.93,17.82,26.70;
-17.59,10.96,9.42;
-22.72,1.77,-1.70;
-22.80,-2.21,5.04;
-26.13,-2.52,16.00;
-10.65,6.40,28.69;
4.82,15.40,37.14;
1.75,19.97,38.20;
1.64,17.05,33.01;
-1.97,13.71,26.76;
-5.96,8.31,28.85;
3.67,9.10,32.63;
3.86,10.55,28.50;
-0.84,11.45,19.85;
-2.40,9.36,8.67;
-2.63,7.02,1.34;
-1.07,6.61,12.44;
-0.02,9.66,23.95;
3.08,13.88,32.69;
1.72,15.88,30.11;
-0.48,10.96,25.86;
-0.00,8.52,23.40;
-0.88,5.91,25.31;
4.41,6.50,27.37;
4.15,9.36,28.92;
6.77,10.31,27.53;
0.30,6.56,18.29;
1.54,0.47,15.05;
4.15,-2.23,20.76;
3.61,-2.08,28.66;
10.01,7.53,25.68;
12.04,13.68,21.19;
15.80,16.35,15.16;
6.18,13.98,11.07;
-3.85,13.07,17.74;
-9.10,16.00,26.43;
-15.00,17.36,27.50;
-20.91,15.45,21.11;
-17.90,11.95,13.71;
-1.70,10.67,12.67;
8.56,11.82,16.99;
12.82,12.55,26.61;
5.64,12.18,27.33;
-1.09,7.42,20.05;
-10.28,1.33,10.09;
-17.36,-0.63,5.51;
-0.54,3.85,11.07;
2.64,8.37,17.56;
1.95,13.89,17.91;
-4.13,13.15,9.21;
-4.04,9.27,5.13;
2.27,10.99,5.56;
15.20,14.12,11.07;
16.48,9.02,19.08;
7.02,5.31,19.65;
6.41,9.98,14.43;
-2.31,10.26,8.56;
-3.27,9.24,5.66;
1.95,9.94,6.98;
1.14,5.65,13.04;
-10.78,0.95,14.06;
-6.16,-1.07,12.08;
2.30,-0.58,11.24;
13.09,3.51,14.85;
12.41,12.06,22.99;
4.22,10.96,24.64;
-0.52,8.18,19.40;
-6.33,3.13,12.43;
-10.13,-0.50,8.27;
5.77,1.44,13.22;
7.11,1.37,22.50;
11.08,4.02,25.33;
0.65,3.31,16.56;
6.96,2.89,9.95;
-0.28,2.92,7.80;
4.30,6.43,12.20;
1.63,7.98,18.89;
-10.16,3.98,16.93;
-9.20,2.14,9.79;
-4.25,-1.74,4.08;
13.75,2.84,10.76;
14.96,7.22,20.20;
3.55,8.05,22.66;
1.11,6.53,15.98;
-3.82,5.07,9.59;
-7.46,6.34,4.12;
-8.45,10.53,7.72;
-14.19,11.60,11.19;
-14.54,10.02,8.00;
-4.34,10.60,4.32;
-2.59,12.75,3.30;
5.08,13.88,6.11;
4.19,14.47,11.28;
-6.78,11.82,9.39;
-4.69,10.20,4.21;
-3.35,10.81,0.78;
-4.33,14.24,3.13;
-7.39,13.19,5.47;
-11.38,14.98,9.21;
-20.97,9.98,3.98;
-15.21,5.77,-2.67;
-3.13,3.25,-4.64;
9.98,3.33,-1.25;
15.55,8.11,8.66;
7.87,5.45,9.88;
5.48,1.60,4.05;
4.50,2.79,-1.42;
-1.10,7.22,-1.28;
-2.37,10.03,0.61;
-9.04,10.09,-0.20;
-16.88,5.34,-3.18;
-13.12,0.90,-8.99;
-1.26,4.00,-10.46;
13.55,9.34,-4.00;
8.77,12.38,-0.35;
-0.13,12.18,-2.75;
-8.84,10.75,-9.66;
-12.13,8.12,-15.92;
-10.48,8.78,-19.60;
-16.33,6.93,-16.64;
-11.85,6.37,-14.02;
-7.12,14.85,-16.18;
-10.30,22.37,-18.78;
-3.73,17.16,-21.86;
10.77,15.11,-25.02;
0.03,9.15,-23.45;
5.93,0.75,-22.47;
12.74,3.48,-24.98;
24.36,12.05,-27.74;
26.61,17.85,-25.86;
4.77,12.84,-24.43;
-23.58,5.15,-26.00;
-38.13,-1.37,-33.80;
-32.57,-2.44,-41.50;
-14.07,0.49,-44.05;
9.72,4.06,-39.70;
18.85,4.02,-33.70;
14.56,3.85,-33.02;
0.93,-1.73,-37.48;
-9.09,-9.74,-45.56;
-12.19,-13.50,-51.89;
-5.99,-14.72,-51.07;
-5.29,-8.66,-45.45;
-15.78,-9.94,-46.67;
-23.46,-16.44,-50.96;
-23.59,-21.71,-55.45;
-9.91,-23.95,-57.34;
-3.00,-24.67,-56.06;
8.35,-28.99,-53.07;
20.50,-25.89,-51.54;
25.83,-22.35,-49.92;
15.66,-29.92,-47.65;
14.35,-43.57,-49.70;
14.22,-40.05,-52.00;
25.25,-36.79,-50.09;
42.24,-27.22,-46.76;
38.24,-23.53,-45.18;
11.70,-31.42,-45.65;
-5.10,-31.16,-43.51;
-8.65,-33.63,-47.85;
-5.38,-31.45,-49.13;
24.29,-21.68,-48.31;
31.45,-16.49,-48.46;
14.01,-20.76,-46.26;
-16.86,-21.33,-38.84;
-44.63,-22.67,-33.54;
-59.46,-28.15,-34.31;
-40.48,-28.37,-41.19;
-1.85,-28.08,-45.15;
28.62,-24.44,-33.89;
47.02,-19.66,-21.76;
23.12,-19.25,-10.31;
-6.92,-25.74,-10.11;
-5.88,-21.11,-21.44;
53.32,-17.48,-49.97;
72.27,-22.38,-51.27;
93.32,-27.27,-35.15;
86.36,-21.94,-20.87;
37.49,-15.97,-11.86;
0.21,-12.40,-13.65;
-36.69,-12.82,-18.79;
-42.05,-11.88,-25.57;
-13.38,-13.48,-25.28;
8.76,-14.56,-19.60;
33.77,-17.39,-10.87;
30.88,-13.31,-8.20;
19.38,-15.08,-11.02;
11.46,-19.16,-15.73;
18.61,-23.28,-16.28;
50.15,-24.12,-10.98;
89.00,-19.98,-5.04;
109.84,-15.40,-3.07;
84.42,-17.22,-7.54;
60.21,-20.38,-13.34;
49.37,-20.63,-13.79;
50.51,-16.66,-9.99;
61.77,-11.11,-4.38;
52.09,-9.77,-2.60;
23.08,-5.21,-4.31;
5.23,-6.35,-6.14;
-2.23,-4.49,-4.64;
6.12,0.12,-1.50;
7.02,-4.06,-3.79;
-8.34,-3.02,-7.05;
-22.84,-3.79,-10.57;
-15.12,-7.24,-13.24;
3.16,-9.19,-10.23;
17.35,-10.18,-6.49;
20.85,-8.67,-2.57;
15.78,-6.08,-0.84;
15.17,3.08,-1.54;
19.90,11.86,2.67;
12.47,7.44,6.01;
1.20,3.02,6.24;
-10.72,0.53,3.80;
-22.51,-2.34,-1.33;
-28.84,-2.23,-5.18;
-19.91,1.24,-5.31;
-5.85,1.04,-2.18;
0.85,1.59,1.16;
5.06,2.99,2.37;
7.14,2.70,0.76;
2.00,0.89,-1.60;
1.52,1.66,-0.63;
-0.22,2.55,3.57;
-2.59,4.50,5.89;
-8.84,6.15,5.18;
-13.13,4.70,0.40;
-14.30,1.33,-5.21;
-10.77,-2.37,-7.62;
-2.83,-2.09,-5.92;
6.99,0.52,-0.75;
10.27,2.15,3.27;
7.84,3.54,3.82;
1.58,2.60,2.14;
-3.26,1.04,-1.24;
-4.88,0.60,-1.57;
-5.03,1.36,1.36;
-6.45,1.30,3.25;
-11.85,1.36,3.92;
-9.78,4.03,3.31;
-2.40,4.63,1.72;
-0.17,2.06,0.69;
1.02,0.50,0.87;
3.84,-0.95,2.12;
3.19,-0.53,3.01;
0.99,2.06,3.63;
-5.32,2.82,2.18;
-13.58,3.66,0.75;
-16.65,3.68,0.41;
-14.30,2.82,0.46;
-13.99,1.48,0.53;
-13.24,1.07,0.99;
-10.39,1.50,1.51;
-8.51,2.23,3.30;
-5.30,3.18,5.83;
-2.17,3.77,6.05;
-1.71,4.64,5.74;
-3.96,3.63,5.60;
-7.75,2.67,5.05;
-12.40,2.82,5.76;
-14.33,6.55,9.63;
-12.36,8.53,15.27;
-10.37,13.13,18.81;
-8.02,15.65,21.68;
-17.96,13.07,22.20;
-27.29,12.99,22.00;
-32.62,12.66,25.16;
-23.10,16.67,30.26;
-12.63,22.96,34.69;
-13.04,22.66,31.97;
-20.30,16.31,26.79;
-30.66,9.31,20.38;
-32.55,3.47,19.60;
-23.84,3.73,23.89;
-0.92,10.47,29.08;
8.13,13.11,31.86;
6.82,12.82,32.06;
2.88,8.00,33.57;
3.89,4.46,37.10;
9.61,7.85,41.01;
21.49,11.57,38.63;
8.32,14.11,26.64;
4.36,12.00,21.10;
-9.29,6.32,23.28;
-7.91,-1.59,24.47;
-12.86,-0.12,24.72;
-2.05,10.56,25.04;
3.26,18.05,21.92;
-2.22,19.11,19.36;
-6.00,15.05,17.18;
-9.00,6.69,21.77;
-11.97,3.56,28.14;
-6.77,3.89,31.89;
7.96,10.63,28.58;
3.54,12.79,22.27;
1.32,13.21,21.24;
-4.51,8.81,21.42;
-13.62,7.85,26.96;
-10.46,7.18,31.39;
-7.93,10.17,31.95;
-6.30,12.61,29.56;
-1.53,13.18,26.61;
4.87,13.44,27.76;
8.36,13.48,33.71;
10.83,17.51,40.93;
8.70,23.25,35.22;
-4.75,16.05,25.04;
-9.53,7.83,18.96;
-9.41,0.24,17.31;
-8.42,-3.10,24.84;
-2.81,1.13,33.08;
0.62,4.40,30.24;
4.65,8.12,21.66;
12.30,9.19,15.65;
17.72,7.05,15.39;
10.48,4.99,18.35;
4.62,5.85,25.19;
0.38,10.17,22.90;
-8.59,8.40,16.08;
-9.78,4.92,11.68;
-1.88,3.65,13.40;
12.85,3.36,21.76;
13.54,3.92,27.33;
6.25,6.92,30.06;
8.10,10.09,21.91;
4.61,5.88,12.76;
0.99,3.65,10.09;
1.16,3.89,15.11;
0.19,5.76,19.57;
-3.26,7.31,19.56;
7.84,11.85,16.11;
6.73,14.85,10.03;
6.53,17.07,10.06;
3.00,18.89,13.10;
-10.69,16.90,18.66;
-18.39,14.84,19.97;
-22.97,10.69,17.05;
-16.97,7.73,15.37;
-7.39,10.55,16.63;
-0.72,14.63,21.31;
3.58,18.49,26.47;
-2.00,18.29,28.99;
-10.97,15.42,24.23;
-20.20,10.61,18.58;
-21.27,9.36,16.90;
-20.63,12.14,21.66;
-10.19,14.47,27.08;
-11.00,11.57,21.91;
6.59,10.20,17.14;
10.67,11.63,17.76;
8.07,16.53,23.85;
1.67,21.77,28.66;
-11.41,22.21,26.41;
-18.55,19.77,20.06;
-31.24,16.06,13.36;
-31.35,13.10,13.10;
-25.99,15.24,15.56;
-22.52,21.91,15.65;
-19.24,21.62,11.05;
-2.75,16.70,8.47;
4.77,10.06,10.99;
19.96,12.73,17.57;
11.63,10.87,21.89;
8.18,4.02,21.95;
6.56,4.11,14.43;
2.35,-1.13,6.53;
-0.08,-3.37,6.79;
13.28,3.47,11.54;
-3.91,5.74,11.74;
-4.34,2.46,7.60;
10.38,2.95,0.37;
-0.02,4.34,-3.62;
-7.91,9.57,-2.12;
-17.93,14.56,0.03;
-19.68,14.84,-1.97;
-17.64,13.98,-6.34;
-20.05,9.27,-9.30;
-13.46,5.18,-8.58;
10.64,8.85,-4.43;
11.78,6.96,-0.89;
10.21,2.87,-0.63;
10.50,3.88,-9.45;
11.02,7.07,-15.50;
18.71,11.80,-15.91;
16.10,7.76,-11.18;
8.68,0.14,-11.50;
2.50,-1.65,-15.04;
0.41,0.78,-17.11;
-8.40,1.74,-18.69;
-5.76,2.92,-17.21;
-5.12,-0.60,-16.17;
-6.86,-3.71,-18.60;
-4.51,-3.94,-21.22;
2.01,-3.25,-21.54;
4.97,-3.11,-18.86;
3.48,-5.16,-18.46;
2.53,-10.23,-21.31;
6.88,-10.18,-23.65;
6.64,-7.65,-24.29;
10.27,-5.50,-24.37;
13.06,-5.83,-23.28;
8.83,-4.58,-22.44;
-1.90,-5.68,-23.48;
-8.54,-11.22,-27.94;
-4.95,-17.40,-33.50;
8.06,-16.85,-37.59;
13.95,-12.11,-34.58;
17.08,-8.24,-31.60;
4.03,-6.23,-32.86;
-8.92,-5.73,-36.34;
-22.28,-13.08,-41.99;
-12.95,-19.30,-45.48;
-4.68,-16.95,-45.54;
4.85,-16.75,-44.95;
19.29,-15.68,-42.79;
19.00,-13.24,-40.20;
0.68,-17.15,-39.16;
-0.66,-25.59,-42.00;
-3.56,-31.27,-52.49;
1.95,-30.61,-60.12;
25.22,-17.15,-57.71;
39.66,-7.08,-45.07;
20.77,-12.99,-39.88;
5.40,-20.67,-41.54;
-13.18,-30.00,-51.48;
-13.49,-34.49,-56.76;
3.00,-29.45,-54.17;
17.05,-17.92,-42.11;
4.54,-15.07,-33.10;
-24.39,-19.80,-34.20;
-31.04,-20.85,-42.26;
-16.91,-21.97,-54.79;
-6.91,-25.95,-58.61;
23.60,-27.10,-46.08;
44.30,-16.89,-29.92;
38.91,-16.12,-25.47;
41.75,-9.37,-25.83;
42.64,-8.26,-41.21;
28.27,-23.53,-53.16;
24.70,-28.92,-43.41;
18.24,-27.95,-31.45;
-0.37,-17.42,-27.16;
0.45,-10.64,-30.75;
-10.68,-11.04,-44.63;
-7.64,-18.96,-58.21;
-12.78,-27.44,-56.57;
-6.88,-32.93,-45.86;
-3.61,-22.05,-36.49;
7.60,-13.74,-31.62;
7.49,-6.00,-26.05;
3.72,-2.96,-18.79;
-7.46,-8.34,-16.67;
-9.58,-11.98,-14.93;
-2.14,-15.62,-13.44;
17.52,-14.81,-13.18;
23.19,-13.34,-16.05;
14.74,-8.12,-18.69;
17.66,-7.59,-16.52;
29.75,-10.12,-12.64;
46.00,-15.22,-7.50;
52.97,-18.06,-5.76;
54.45,-15.63,-6.47;
59.89,-8.72,-7.16;
62.56,-10.70,-5.95;
70.04,-16.99,-4.17;
67.61,-17.76,-3.85;
68.88,-16.98,-4.82;
62.00,-13.97,-8.76;
50.61,-13.83,-11.01;
29.17,-11.27,-11.05;
15.81,-10.92,-11.89;
10.24,-12.06,-12.35;
11.41,-14.23,-12.17;
7.02,-16.50,-12.78;
1.67,-12.21,-11.79;
-2.52,-9.83,-11.11;
-7.52,-5.24,-8.40;
0.99,0.31,-1.48;
9.12,0.09,1.94;
9.08,-1.68,2.44;
-1.84,-0.64,-0.46;
-3.85,2.03,-2.21;
-0.81,6.41,-0.82;
-0.94,5.68,3.92;
-8.65,4.47,5.51;
-15.70,1.91,0.21;
-25.55,-3.48,-9.33;
-22.13,-4.67,-14.55;
-9.47,-2.73,-11.30;
5.25,-3.59,-4.67;
6.85,-0.37,0.98;
6.09,1.28,2.81;
-0.25,1.79,-0.40;
-6.49,-0.00,-4.84;
-5.13,-0.06,-6.53;
-5.38,2.17,-4.02;
-6.13,1.57,0.70;
-8.55,1.04,2.50;
-9.71,-0.43,1.14;
-6.77,1.45,-1.27;
-1.12,4.90,-2.95;
1.75,5.22,-2.35;
-0.72,3.94,1.31;
-6.10,2.15,5.34;
-8.57,3.37,7.33;
-7.94,4.58,4.67;
-8.20,5.74,1.82;
-6.65,5.62,-0.64;
-6.83,5.02,-1.36;
-8.51,2.93,-0.92;
-7.17,-0.56,-0.46;
-5.85,-1.74,-0.24;
-0.94,-1.88,-0.09;
6.30,0.40,0.75;
6.35,0.29,1.22;
3.12,0.21,2.96;
-2.84,-0.53,1.71;
-5.94,-1.91,-0.78;
-8.60,-1.05,-2.34;
-9.55,3.24,-1.56;
-11.59,3.08,-0.86;
-11.84,2.44,0.14;
-10.26,0.55,1.25;
-8.08,-0.47,0.63;
-4.94,-1.04,-1.05;
-0.83,1.22,-1.56;
3.54,3.62,-0.61;
3.74,3.30,0.90;
0.79,3.22,3.02;
-2.92,3.15,4.32;
-7.20,3.28,3.82;
-9.21,3.31,2.56;
-12.57,4.12,0.49;
-11.23,5.56,1.62;
-7.27,5.76,3.39;
-4.48,6.60,6.09;
-4.23,6.14,6.67;
-7.52,6.21,6.63;
-9.68,6.34,5.59;
-11.91,5.04,4.41;
-12.34,4.17,5.34;
-11.65,6.03,8.26;
-6.80,11.39,12.59;
-7.50,12.24,14.08;
-13.47,13.16,14.56;
-23.78,10.20,12.05;
-31.50,6.90,10.26;
-30.16,7.39,12.12;
-25.53,11.97,15.47;
-17.79,17.76,17.33;
-19.06,16.38,16.30;
-23.67,12.00,14.14;
-26.34,6.35,11.68;
-21.59,2.95,10.38;
-10.20,4.21,10.98;
2.50,8.96,11.48;
13.48,12.24,12.29;
9.78,9.62,12.00;
5.77,5.54,10.30;
0.04,1.74,7.62;
-4.74,-0.09,6.35;
-6.23,1.45,7.77;
-6.69,5.25,12.61;
-12.40,6.98,17.36;
-15.39,7.05,21.10;
-10.86,9.15,26.32;
7.51,14.75,30.44;
2.83,16.20,28.89;
-7.52,12.56,23.53;
-16.91,9.56,19.42;
-23.18,8.98,13.60;
-17.90,6.31,11.72;
-12.10,5.86,13.79;
-4.48,10.64,19.91;
-2.20,13.01,27.39;
-12.92,10.27,30.99;
-20.20,5.86,32.40;
-15.65,1.21,35.01;
-11.47,7.22,39.53;
15.09,13.44,42.05;
10.54,12.98,41.63;
8.90,10.20,36.12;
4.99,6.11,29.47;
-7.24,4.61,31.31;
-5.88,6.27,35.57;
1.58,12.26,37.86;
5.77,12.35,33.21;
2.06,12.27,25.60;
3.02,7.51,20.35;
-0.68,4.12,21.72;
0.12,5.48,24.69;
-2.91,6.44,22.00;
-11.33,7.80,15.65;
-8.31,7.13,9.42;
-7.49,7.68,10.18;
-0.07,9.94,12.58;
12.61,19.05,12.38;
11.64,14.60,4.70;
2.70,10.72,-0.53;
9.28,8.08,0.37;
7.61,4.56,5.51;
-3.59,4.06,10.70;
-14.22,1.91,13.74;
-13.50,3.79,11.86;
-12.48,2.89,7.40;
-6.48,4.56,7.01;
-1.12,2.02,10.58;
-2.05,0.47,16.14;
-2.60,0.64,18.43;
1.70,1.98,14.55;
6.68,5.51,11.76;
14.85,7.01,10.78;
16.91,7.42,14.00;
8.47,7.24,19.53;
0.82,7.19,22.99;
-5.99,6.43,19.43;
-8.45,6.08,13.97;
1.40,2.44,11.07;
3.98,-0.02,14.82;
5.45,0.93,24.53;
7.14,4.58,28.27;
1.55,6.03,25.18;
-3.33,9.42,14.15;
-7.26,7.51,6.53;
-3.09,6.85,5.91;
-8.52,7.54,10.98;
-10.20,8.52,15.42;
-11.56,9.51,14.18;
-8.34,6.35,9.85;
-1.82,4.35,8.15;
12.54,4.47,10.64;
11.87,3.27,14.40;
12.61,4.34,17.01;
12.42,5.79,16.03;
4.83,7.30,12.00;
-0.89,5.91,8.32;
-5.73,1.71,8.66;
-9.18,2.41,13.05;
-9.42,4.72,14.87;
-10.40,5.54,14.20;
-2.51,7.01,9.21;
7.09,7.13,8.06;
15.29,9.45,12.56;
14.79,12.63,17.72;
5.67,10.82,14.99;
0.71,9.73,13.86;
-4.14,7.77,11.02;
-10.22,4.84,8.64;
-1.36,6.95,11.08;
-3.26,11.25,14.01;
-5.46,13.62,13.04;
-8.88,14.38,10.34;
-6.89,13.91,11.10;
-5.49,9.16,12.99;
-5.04,5.80,15.31;
-0.23,3.57,17.60;
2.29,6.56,17.27;
7.55,12.81,15.33;
3.54,10.43,10.15;
11.11,7.16,10.34;
-3.07,3.47,12.76;
-10.72,2.85,15.40;
-11.46,2.93,13.65;
-10.84,0.92,10.61;
-1.23,-0.92,7.34;
6.41,-1.92,5.65;
15.16,6.38,11.47;
16.83,10.41,17.22;
3.02,9.13,13.33;
-15.62,4.61,5.80;
-27.81,1.10,-0.17;
-22.11,2.96,-1.15;
-15.03,3.11,0.43;
-7.32,3.88,0.93;
-6.10,3.69,-1.42;
-2.83,2.14,-5.07;
-1.03,1.83,-7.01;
15.92,2.66,-6.17;
12.47,1.16,-5.30;
5.46,-0.06,-8.24;
-2.16,4.43,-12.92;
-2.68,4.79,-15.54;
-5.97,3.62,-17.07;
-2.10,-0.58,-13.13;
-15.56,-3.51,-12.78;
-11.44,-0.14,-16.78;
-0.86,3.45,-23.19;
7.87,4.11,-27.34;
23.08,2.26,-26.44;
18.77,-4.46,-20.63;
5.67,-8.31,-19.53;
2.00,-9.18,-23.31;
5.86,-9.86,-27.82;
19.55,-6.69,-27.41;
13.80,-5.11,-24.50;
-4.17,-5.31,-22.75;
-17.44,-7.02,-28.50;
-19.50,-4.89,-36.92;
-21.78,3.01,-37.71;
-19.76,5.40,-32.47;
-27.49,4.63,-35.36;
-29.47,8.78,-39.82;
-29.20,8.21,-45.82;
-29.97,3.18,-48.03;
-21.82,-1.28,-48.38;
-18.60,-5.21,-44.82;
-8.07,-1.50,-41.13;
0.01,0.64,-42.87;
0.29,2.76,-46.87;
-7.39,-1.71,-48.47;
-22.86,-11.27,-48.06;
-29.55,-17.79,-46.18;
-30.28,-17.63,-48.29;
-6.69,-13.36,-53.39;
6.12,-6.60,-56.26;
13.31,-4.61,-50.66;
34.65,-8.81,-44.05;
24.22,-17.82,-44.73;
17.64,-20.49,-47.97;
16.00,-18.34,-53.62;
17.86,-20.03,-56.12;
4.83,-21.97,-56.44;
-16.26,-26.56,-55.89;
-28.91,-33.51,-51.10;
-21.47,-34.73,-50.87;
-5.29,-29.80,-52.18;
21.80,-28.75,-46.15;
37.00,-26.29,-38.53;
31.67,-29.53,-37.59;
9.84,-25.10,-39.10;
29.05,-25.18,-40.67;
32.13,-23.22,-50.34;
44.30,-24.82,-53.19;
51.00,-23.22,-45.88;
40.36,-24.89,-39.41;
14.96,-21.08,-31.57;
-6.08,-16.58,-24.99;
-14.49,-14.06,-21.66;
-11.87,-11.59,-18.92;
-1.20,-15.79,-18.93;
16.87,-17.59,-18.96;
45.81,-13.57,-16.98;
65.66,-2.50,-10.92;
66.41,2.82,-5.18;
39.20,3.63,0.29;
4.13,4.02,3.82;
-28.80,0.96,1.53;
-43.70,-0.92,-2.14;
-47.01,-1.56,-7.92;
-38.23,0.67,-7.71;
-20.97,-1.45,-2.92;
10.16,-4.08,1.98;
34.25,-1.33,3.01;
52.51,1.08,1.66;
54.47,4.89,-1.50;
50.12,6.87,-2.17;
34.74,5.18,0.76;
19.22,4.11,3.76;
6.09,2.99,4.43;
-11.55,-3.71,-0.41;
-22.52,-9.04,-5.19;
-18.60,-9.83,-7.82;
-1.23,-7.19,-6.49;
17.19,-3.39,-1.28;
26.36,0.90,4.08;
24.35,3.76,6.64;
16.74,3.13,6.00;
10.07,2.20,3.98;
4.09,0.38,1.40;
-2.71,-2.05,0.26;
-7.41,-3.04,0.85;
-8.62,-1.59,0.11;
-7.65,-4.34,-2.73;
-9.90,-5.74,-4.69;
-6.89,-6.53,-7.50;
1.57,-2.90,-6.50;
6.00,-0.20,-2.75;
7.02,0.95,0.29;
6.04,1.82,2.76;
-0.91,1.65,2.85;
-6.57,2.11,2.75;
-6.54,2.84,2.46;
-4.00,2.99,1.77;
-3.24,2.46,1.82;
-0.83,2.82,2.56;
2.50,2.24,2.81;
4.39,0.56,2.29;
3.48,-0.53,1.28;
0.51,-1.47,-0.43;
-2.40,-0.60,-0.84;
-2.52,0.11,0.14;
-4.39,1.57,2.98;
-5.64,1.59,5.01;
-9.87,0.98,5.18;
-12.39,0.67,4.18;
-10.28,1.51,3.30;
-4.48,4.17,3.31;
-0.52,4.43,4.01;
-1.01,4.46,5.50;
-3.38,2.55,5.89;
-4.66,1.47,5.76;
-6.30,0.63,4.95;
-5.15,2.05,4.90;
-3.81,3.82,4.20;
-5.52,5.07,5.01;
-9.62,4.63,7.36;
-12.66,3.40,9.28;
-14.43,2.26,10.00;
-12.88,3.18,10.81;
-8.89,4.75,11.79;
-6.34,6.12,12.03;
-8.30,5.54,13.82;
-10.00,3.01,18.73;
-7.96,2.58,22.67;
-0.75,4.03,27.51;
3.26,5.88,30.50;
2.88,6.46,30.12;
-2.30,5.31,30.09;
-5.84,2.84,32.12;
0.50,4.29,35.14;
11.96,7.79,36.92;
16.25,11.05,34.40;
8.44,9.47,28.01;
0.65,5.45,22.92;
-2.59,1.82,22.01;
1.83,-0.82,24.09;
2.97,2.34,22.95;
-0.95,5.97,19.05;
-2.72,5.73,17.39;
-4.14,5.02,19.77;
-4.92,3.97,23.91;
5.80,4.82,24.18;
6.12,5.19,21.59;
4.71,2.06,15.54;
7.45,-1.56,12.03;
7.11,-5.50,14.11;
1.08,-7.95,17.97;
-0.75,-5.31,21.56;
4.90,0.99,22.41;
0.68,7.40,20.76;
-2.16,7.66,18.24;
-2.69,5.63,17.57;
-0.22,3.30,19.69;
0.94,1.56,23.47;
12.27,6.67,27.40;
11.95,11.74,29.37;
2.62,12.24,28.37;
-4.11,9.65,27.45;
-8.91,9.25,30.82;
-4.36,9.48,34.78;
-11.26,11.16,37.30;
-10.19,14.84,33.01;
-10.75,9.47,27.31;
-10.45,5.76,24.27;
-4.48,6.12,26.05;
0.03,6.93,23.40;
4.30,10.40,21.68;
12.19,14.29,18.24;
8.30,12.72,12.26;
11.63,15.25,15.50;
10.18,16.76,19.95;
0.71,15.65,23.82;
-8.16,16.08,24.06;
-13.65,13.33,23.08;
-15.46,11.71,18.24;
-13.49,10.47,16.32;
-2.91,11.95,20.12;
-2.97,11.51,26.50;
-6.11,10.58,29.82;
-9.84,9.85,24.03;
-9.33,8.26,19.51;
-5.97,6.44,14.27;
-3.35,6.34,14.58;
2.68,8.21,19.31;
4.79,10.26,22.46;
-5.65,8.27,20.18;
-8.22,7.27,15.22;
-2.66,7.62,14.56;
3.60,6.44,15.82;
17.06,8.93,18.40;
10.80,2.56,17.42;
9.06,-1.16,18.08;
14.56,0.23,15.68;
14.77,3.01,15.36;
14.24,8.76,18.40;
-0.45,10.35,18.47;
-13.82,9.82,17.72;
-27.87,8.61,10.99;
-25.29,9.60,4.76;
-8.40,11.89,2.37;
1.78,11.97,5.79;
8.56,13.40,13.40;
7.95,12.95,15.33;
5.63,10.92,13.31;
-0.16,3.60,7.19;
7.60,2.76,3.71;
12.22,3.31,7.56;
4.56,5.53,13.33;
-1.41,10.92,14.63;
-8.31,13.82,12.75;
-17.46,12.85,8.81;
-18.52,9.37,7.07;
-16.43,8.55,8.89;
-9.24,10.58,11.97;
11.55,14.84,11.27;
24.61,16.53,7.02;
26.30,12.49,6.44;
17.86,7.54,11.21;
10.93,6.43,19.07;
-0.37,6.27,20.93;
-17.81,4.76,17.24;
-28.33,2.26,14.38;
-21.26,3.82,11.54;
-7.26,6.44,14.47;
-4.54,7.98,18.35;
-2.60,8.84,17.69;
0.32,9.66,13.43;
1.26,10.49,9.51;
3.06,10.96,11.72;
-4.71,10.12,15.18;
-11.18,10.78,18.90;
-16.59,12.72,15.65;
-20.95,9.36,8.90;
-4.78,7.89,3.01;
10.48,7.86,3.28;
11.75,5.83,11.86;
8.58,4.70,16.30;
5.67,6.35,13.80;
-1.01,6.18,7.30;
-6.59,4.95,3.18;
-3.68,5.50,3.45;
-18.17,5.66,6.03;
-19.00,6.90,6.09;
-16.98,8.14,0.78;
-9.52,10.02,-1.28;
-7.27,9.08,0.72;
-6.91,9.22,2.17;
-1.81,10.09,-0.53;
2.25,7.05,-4.89;
11.09,4.15,-7.13;
22.56,4.06,-6.31;
20.56,1.28,-0.89;
6.71,-1.01,0.56;
6.06,-1.66,-4.34;
0.30,-4.73,-11.95;
0.39,-3.80,-15.88;
-4.37,-3.40,-14.84;
-5.61,-1.65,-10.53;
-12.92,0.60,-8.57;
-21.27,0.31,-12.15;
-19.26,1.74,-20.46;
-8.98,0.02,-28.95;
19.20,1.04,-29.74;
28.41,1.74,-24.61;
34.59,1.79,-17.53;
24.74,3.48,-16.40;
11.28,3.10,-20.00;
1.37,3.63,-26.96;
-13.96,1.13,-35.07;
-21.50,0.69,-38.60;
-27.49,8.46,-40.55;
-30.84,14.34,-42.49;
-27.76,18.37,-44.58;
-21.96,14.99,-49.45;
-9.61,7.15,-55.51;
10.77,3.69,-57.39;
26.68,-0.24,-55.30;
35.69,-0.35,-49.28;
28.24,-1.97,-42.31;
12.91,-3.66,-41.47;
-10.17,-7.45,-46.18;
-30.89,-15.68,-52.26;
-27.79,-21.89,-58.44;
-23.96,-27.69,-61.10;
-3.87,-23.51,-51.37;
12.07,-15.36,-42.53;
16.51,-19.77,-41.59;
23.40,-21.95,-46.92;
18.94,-28.27,-55.18;
15.96,-33.08,-50.40;
25.58,-27.19,-39.10;
24.74,-21.01,-32.52;
18.70,-19.82,-33.70;
7.32,-24.03,-38.29;
15.32,-29.08,-44.06;
7.48,-33.45,-45.63;
12.96,-30.38,-36.40;
26.35,-22.58,-31.28;
25.74,-22.46,-36.24;
23.45,-22.35,-40.26;
3.70,-28.70,-42.84;
-24.62,-34.14,-38.63;
-27.21,-26.08,-36.73;
-19.47,-22.53,-40.09;
6.87,-20.14,-46.99;
17.96,-20.09,-42.96;
21.86,-22.24,-33.62;
2.97,-21.85,-28.06;
-9.41,-25.40,-31.22;
-14.69,-25.89,-35.97;
-3.03,-23.37,-38.75;
16.91,-18.18,-34.35;
27.37,-15.62,-23.82;
30.18,-18.56,-11.92;
32.32,-19.04,-6.20;
31.66,-18.63,-8.41;
34.96,-17.73,-16.18;
38.03,-22.58,-20.44;
51.67,-23.82,-19.92;
68.88,-21.91,-17.79;
78.64,-16.79,-13.30;
71.69,-14.75,-11.21;
63.08,-14.98,-9.73;
54.88,-15.21,-6.38;
59.61,-13.56,-1.34;
72.27,-12.26,1.22;
66.68,-10.24,1.08;
51.26,-10.11,-2.09;
25.52,-6.23,-1.89;
10.59,-7.28,-0.78;
-5.61,-8.37,-2.18;
-4.98,-8.47,-2.58;
-4.22,-5.50,-5.02;
-9.03,-2.06,-7.02;
-12.69,2.44,-6.12;
-7.64,2.56,-4.03;
2.30,2.49,-2.02;
7.52,2.20,-0.69;
-1.53,-2.20,-2.89;
-11.27,-0.87,-5.76;
-13.15,3.53,-7.18;
-0.25,5.68,-1.42;
7.32,4.58,3.31;
0.68,0.50,2.79;
-4.77,2.66,1.92;
-6.83,1.86,-1.66;
0.45,1.47,-3.99;
8.71,-0.09,-2.35;
14.10,-0.95,0.38;
10.87,-3.33,0.59;
-1.10,-2.89,-1.89;
0.41,0.46,-4.84;
6.41,2.15,-5.39;
10.74,1.15,-2.46;
7.49,0.44,3.42;
0.15,-1.10,6.49;
-7.21,1.34,5.19;
-7.01,5.37,1.82;
-3.90,6.98,0.11;
-4.57,3.50,-0.26;
-9.09,2.24,0.34;
-8.10,0.37,-0.90;
-6.04,1.22,-2.69;
0.09,0.78,-4.23;
6.94,0.67,-3.07;
10.00,-0.34,-2.38;
4.21,-2.29,-2.73;
-0.84,-1.13,-1.76;
-1.61,0.24,-2.11;
-1.87,0.99,-1.60;
-0.51,1.98,-0.60;
1.38,3.53,0.50;
1.49,3.51,1.88;
0.53,2.41,1.51;
-0.30,0.73,-0.99;
-1.09,-2.02,-3.53;
1.84,-0.12,-3.73;
3.72,-0.47,-2.81;
3.16,0.23,-1.31;
2.93,0.78,1.71;
-1.36,-0.81,3.13;
-5.33,1.07,2.49;
-6.74,2.09,-0.17;
-10.88,3.02,-0.76;
-9.93,3.83,0.90;
-9.01,4.89,3.28;
-8.92,4.00,5.21;
-12.30,4.34,5.72;
-13.27,6.37,5.68;
-11.01,7.01,5.74;
-11.67,7.76,6.76;
-14.17,8.27,9.16;
-17.10,6.82,10.72;
-19.04,8.89,11.71;
-20.04,11.18,10.46;
-25.68,11.48,8.49;
-37.47,9.80,8.29;
-43.64,8.99,11.22;
-37.82,8.53,14.70;
-28.26,9.27,17.19;
-18.05,12.72,18.46;
-15.79,13.85,17.10;
-14.84,11.62,15.60;
-13.85,8.63,16.00;
-7.97,7.04,17.76;
-5.41,7.21,19.42;
-2.08,10.90,24.35;
-2.86,15.05,25.53;
-17.24,14.90,24.11;
-33.26,15.69,21.28;
-33.35,11.94,20.11;
-27.13,7.36,21.11;
-9.04,2.50,22.79;
2.16,1.79,23.18;
2.83,2.66,19.31;
5.29,3.47,17.57;
8.25,4.63,17.88;
13.29,8.26,15.98;
15.87,8.08,13.89;
10.82,6.56,12.87;
2.61,3.01,11.98;
-9.50,2.52,12.85;
-12.10,2.52,15.79;
-13.10,1.97,20.01;
-3.21,4.87,20.84;
-0.48,4.06,21.50;
4.13,4.53,20.40;
5.00,3.16,18.30;
3.54,3.68,16.82;
-1.67,4.99,15.28;
-0.39,6.89,15.24;
-1.20,8.55,15.83;
-6.10,8.05,17.86;
-11.01,6.18,19.82;
-11.35,8.03,21.97;
-4.72,9.30,22.27;
-1.55,10.34,20.92;
6.04,9.59,17.97;
1.19,5.36,14.12;
-7.41,2.67,11.68;
-11.03,3.97,12.23;
-11.67,5.18,12.35;
-9.52,6.23,11.22;
-3.33,7.47,11.83;
0.27,9.89,14.05;
-1.10,9.73,14.78;
-6.23,9.82,13.79;
-16.00,10.67,11.85;
-19.17,10.21,11.74;
-24.57,7.24,10.14;
-20.89,6.00,8.98;
-10.60,5.97,9.16;
-3.62,4.98,11.18;
2.42,4.40,14.98;
6.74,6.99,17.94;
-0.60,6.47,17.22;
-8.80,5.94,14.49;
-9.03,4.92,14.64;
-9.00,5.47,16.61;
-6.16,6.46,21.02;
0.13,10.23,21.80;
1.69,11.80,22.01;
0.71,9.54,20.23;
-1.21,5.36,18.52;
0.80,2.56,21.57;
3.28,3.19,23.89;
4.00,5.79,24.23;
9.75,9.92,19.01;
3.83,10.21,12.92;
-1.33,10.87,11.80;
-14.91,11.36,12.92;
-28.05,10.58,12.11;
-34.26,8.35,10.49;
-28.97,6.76,7.88;
-16.10,5.94,7.60;
4.87,5.22,12.01;
17.92,2.17,22.38;
25.25,2.11,31.30;
16.82,0.18,33.43;
4.07,-3.25,27.72;
-7.76,-6.35,19.98;
-4.31,-6.69,18.30;
1.19,-5.73,21.28;
3.22,-0.55,26.59;
7.37,5.82,27.68;
5.35,5.56,21.79;
0.93,1.24,14.96;
13.28,1.66,12.90;
18.22,-1.21,17.02;
14.04,0.26,21.82;
13.96,3.65,18.87;
7.26,3.05,12.46;
8.51,4.02,10.76;
10.50,4.23,14.49;
0.68,5.05,16.95;
-9.49,5.69,16.81;
-15.06,5.15,11.22;
-12.78,6.56,4.67;
-5.18,5.08,1.68;
-6.30,3.45,2.46;
5.00,6.00,5.45;
8.73,11.77,5.28;
-0.10,10.24,-0.64;
-4.42,5.53,-4.21;
-14.07,0.05,-6.52;
-3.93,-0.41,-3.73;
-5.32,3.42,-2.32;
-6.97,2.75,-6.81;
-0.31,4.44,-10.37;
-1.85,1.88,-10.26;
-7.46,-2.53,-7.97;
-5.04,0.31,-7.47;
0.82,4.73,-10.21;
-9.18,1.98,-19.19;
-1.56,-0.50,-24.23;
4.48,-0.99,-23.57;
1.45,1.07,-20.24;
-6.59,2.17,-19.60;
-12.36,3.98,-21.51;
-15.30,4.53,-26.12;
-9.64,2.02,-28.02;
-4.16,-2.98,-28.47;
-0.75,-5.05,-23.62;
2.61,-2.60,-18.40;
-2.22,-3.22,-18.69;
-11.13,-6.93,-22.84;
-4.81,-11.94,-24.35;
1.55,-15.39,-23.25;
10.70,-16.98,-18.84;
5.78,-14.53,-18.18;
2.15,-8.60,-21.04;
-4.71,-6.02,-24.09;
-22.57,-5.47,-31.10;
-39.04,-12.79,-37.53;
-25.07,-12.18,-40.05;
-12.68,-10.98,-40.57;
4.06,-6.58,-35.36;
17.83,-1.47,-31.63;
17.51,1.01,-29.45;
-9.81,-5.30,-32.34;
-26.71,-8.20,-33.71;
-34.71,-10.11,-34.37;
-37.53,-7.69,-35.11;
-24.52,-3.07,-33.89;
-12.36,-4.93,-30.90;
-8.05,-7.74,-30.41;
-4.68,-13.47,-28.70;
13.67,-12.52,-26.81;
35.45,-10.43,-26.37;
53.37,-4.49,-26.09;
50.24,-5.01,-25.31;
36.77,-7.11,-23.24;
18.00,-10.08,-23.04;
-7.85,-13.36,-24.81;
-21.27,-13.21,-27.77;
-13.96,-10.08,-30.12;
-3.65,-7.97,-28.73;
5.98,-6.78,-26.67;
10.88,-9.28,-25.94;
10.79,-15.15,-29.88;
13.37,-14.12,-33.99;
25.96,-8.12,-38.69;
28.85,-7.45,-42.81;
25.70,-7.92,-40.41;
19.31,-5.54,-36.79;
4.25,-5.34,-35.77;
-3.04,-7.74,-38.05;
-11.18,-6.05,-38.37;
-8.51,-5.04,-34.00;
-7.93,-6.26,-30.24;
-5.41,-5.95,-27.74;
-1.61,-4.90,-26.52;
2.71,-3.74,-25.60;
4.59,-5.19,-26.41;
4.48,-3.50,-25.21;
7.75,-2.52,-21.25;
15.69,-3.82,-17.19;
22.10,-2.66,-11.88;
24.10,-2.23,-6.98;
20.79,-4.32,-8.14;
17.41,-4.14,-11.85;
23.84,-9.31,-17.92;
22.18,-11.16,-21.13;
34.79,-11.10,-22.52;
49.89,-8.14,-24.34;
56.42,-10.21,-26.03;
54.04,-12.34,-25.66;
48.74,-14.66,-26.67;
36.73,-16.82,-26.75;
20.68,-17.62,-24.73;
13.72,-13.97,-21.86;
12.51,-8.93,-16.79;
15.28,-5.10,-10.32;
17.72,-3.66,-6.20;
13.41,-0.55,-2.05;
7.09,5.08,0.11;
-2.62,6.55,-2.70;
-13.23,5.31,-5.83;
-21.99,6.27,-9.22;
-24.34,5.74,-10.44;
-27.36,7.71,-9.24;
-24.92,10.11,-4.87;
-20.00,7.85,-2.41;
-14.89,6.58,-2.35;
-7.68,7.16,-6.46;
-2.60,9.22,-12.69;
-0.71,8.58,-17.10;
0.33,8.63,-17.28;
1.67,5.77,-16.26;
-0.89,4.18,-15.04;
-3.26,3.91,-14.99;
-6.08,6.08,-17.54;
-6.10,9.66,-19.16;
-4.65,11.11,-19.11;
-3.53,10.85,-18.05;
-4.39,9.30,-18.49;
-6.46,8.00,-20.75;
-5.27,9.50,-23.33;
-1.46,11.53,-24.72;
0.62,12.15,-24.93;
1.92,11.82,-25.22;
5.40,12.23,-26.32;
8.51,10.95,-28.23;
10.09,7.65,-31.47;
17.23,2.70,-35.13;
20.47,8.47,-30.95;
22.87,4.70,-6.11;
18.39,3.89,8.92;
17.89,4.66,13.60;
-3.50,-0.47,11.79;
-19.21,-0.75,7.51;
-36.57,0.09,-7.89;
-46.26,-0.32,-22.87;
-46.17,2.75,-29.19;
-48.25,6.84,-28.14;
-56.11,9.86,-24.11;
-64.28,7.56,-17.80;
-69.99,9.66,-10.37;
-76.36,20.63,-5.68;
-85.07,24.93,-3.07;
-91.52,22.99,-4.29;
-86.34,16.11,-3.16;
-81.70,12.44,1.39;
-82.04,9.47,1.76;
-73.73,11.04,-0.29;
-53.24,11.62,-4.47;
-31.73,9.02,-7.42;
-11.58,6.79,-8.11;
3.67,4.34,-9.66;
12.85,0.67,-9.36;
14.61,-1.10,-7.70;
10.93,-0.53,-5.34;
1.92,0.46,-2.14;
-8.72,2.40,0.09;
-17.20,4.15,1.37;
-24.34,5.74,3.08;
-29.93,5.63,3.08;
-30.84,5.19,3.11;
-28.48,4.08,4.32;
-24.46,4.82,5.74;
-17.79,5.62,6.81;
-14.65,3.53,7.95;
-12.91,1.33,9.43;
-15.33,-1.36,9.63;
-18.28,-0.95,11.25;
-20.91,2.50,11.98;
-22.45,3.83,12.23;
-22.94,5.56,14.21;
-24.49,6.29,15.04;
-25.84,6.67,15.21;
-26.19,6.55,15.48;
-30.49,4.82,13.88;
-35.61,3.01,11.59;
-36.54,1.01,8.76;
-29.12,0.61,7.62;
-17.64,1.74,6.87;
-9.09,0.95,7.14;
-4.71,-1.10,6.93;
-1.61,-2.90,5.72;
-0.42,-4.78,4.30;
-1.00,-5.21,2.75;
-2.63,-7.44,1.62;
-2.77,-5.53,2.32;
-0.59,-3.94,1.08;
2.77,-5.22,0.49;
5.40,-6.89,2.06;
3.80,-5.19,1.45;
0.96,-0.67,2.30;
-1.73,3.97,3.54;
-5.59,4.85,4.69;
-10.05,4.09,5.36;
-15.10,2.82,5.71;
-18.07,0.93,4.55;
-17.12,-0.52,3.80;
-11.62,-1.59,3.97;
-5.07,-1.57,3.50;
1.38,-0.08,3.57;
3.84,-0.11,2.79;
5.60,-1.37,2.43;
4.41,-2.00,2.05;
1.49,-1.47,1.28;
-2.60,0.35,0.56;
-5.12,1.47,0.06;
-6.10,2.31,-0.09;
-6.49,1.94,-0.61;
-5.39,1.31,-1.53;
-3.78,0.23,-3.30;
-2.34,-0.38,-4.00;
0.93,-0.43,-4.03;
4.83,0.46,-3.74;
7.28,0.96,-3.16;
7.54,0.08,-2.34;
7.02,0.38,-2.23;
7.09,-0.46,-2.72;
7.54,-0.18,-2.08;
7.06,1.25,-2.41;
7.12,3.80,-2.79;
9.38,4.32,-2.78;
11.48,3.34,-2.11;
10.80,1.85,-1.63;
9.55,0.70,-2.02;
7.75,-0.15,-2.09;
6.64,0.40,-2.49;
3.70,3.59,-2.09;
1.48,6.20,-2.64;
-0.23,5.30,-3.51;
-1.10,4.11,-2.92;
-0.30,2.44,-1.34;
0.65,0.72,-0.93;
0.82,2.72,-0.81;
1.86,4.24,-2.46;
2.47,3.60,-4.09;
4.33,3.60,-4.15;
4.87,2.73,-4.34;
5.81,1.92,-4.15;
6.96,0.70,-3.41;
7.40,-0.50,-2.96;
9.02,-1.13,-2.21;
10.97,-1.11,-2.00;
10.77,-0.93,-2.09;
10.56,-0.95,-2.58;
9.46,-0.89,-3.36;
8.65,-1.54,-3.73;
7.86,-1.94,-2.79;
5.93,-1.63,-1.80;
3.25,-0.24,-1.59;
2.83,0.92,-1.73;
3.23,0.32,-2.70;
4.59,-0.44,-2.69;
5.19,-1.57,-3.01;
5.34,-2.41,-3.73;
5.20,-2.56,-3.99;
7.05,-1.94,-2.90;
7.05,-0.99,-2.57;
6.50,0.21,-2.38;
6.59,0.53,-1.82;
7.22,1.07,-1.47;
5.77,1.92,-0.84;
3.55,5.24,0.37;
0.67,6.79,0.95;
-3.32,6.47,-0.35;
-5.61,6.26,-1.80;
-4.91,5.31,-2.06;
-4.62,4.31,-3.13;
-4.10,3.15,-3.88;
-1.35,2.44,-4.26;
3.28,1.92,-5.21;
9.63,1.63,-4.02;
13.90,1.31,-1.74;
18.58,1.05,-1.19;
21.61,1.27,-1.62;
25.09,0.79,-2.03;
26.73,-1.37,-2.52;
26.45,-3.37,-2.87;
26.35,-5.53,-4.40;
23.89,-6.44,-5.19;
21.38,-5.86,-5.33;
16.90,-4.61,-5.88;
11.98,-2.93,-6.76;
8.88,-1.36,-6.40;
6.45,0.43,-5.53;
4.35,2.27,-4.58;
2.12,3.30,-3.77;
1.54,3.85,-2.96;
3.09,3.57,-2.47;
4.87,2.81,-2.08;
8.39,2.73,-1.45;
11.20,3.34,-2.14;
14.79,4.61,-2.47;
15.60,4.17,-2.38;
13.66,3.51,-2.44;
11.58,1.08,-2.32;
9.83,-0.67,-1.79;
8.50,-1.51,-1.10;
7.22,-1.97,-1.15;
5.52,-2.67,-1.92;
4.58,-3.82,-2.35;
4.56,-4.52,-2.78;
3.19,-4.32,-3.63;
1.77,-3.62,-2.84;
0.45,-2.76,-1.13;
-2.22,-0.92,0.75;
-3.62,2.26,1.53;
-4.36,4.20,2.92;
-4.77,4.96,4.03;
-4.84,5.45,4.52;
-5.13,5.92,3.51;
-6.25,4.92,1.69;
-5.53,3.94,0.03;
-2.25,0.18,-1.33;
0.80,-3.19,-1.22;
4.53,-5.89,-1.10;
7.89,-7.16,-0.17;
9.03,-8.98,-0.55;
9.22,-9.47,-1.44;
7.92,-10.02,-2.50;
6.16,-9.45,-2.87;
3.80,-8.14,-3.13;
1.16,-5.34,-2.35;
-1.67,-1.88,-1.73;
-3.20,-1.85,-0.40;
-3.17,-2.11,0.23;
-0.43,-0.43,-0.08;
3.41,0.72,0.43;
7.90,0.89,-0.03;
13.49,2.72,2.09;
15.28,-1.28,1.82;
19.03,-3.45,2.55;
24.68,-2.55,2.17;
26.56,-2.43,1.85;
26.50,-2.46,2.03;
24.03,-3.39,1.21;
22.50,-4.47,1.04;
20.93,-6.12,0.09;
19.43,-7.92,-2.17;
17.52,-6.38,-2.34;
15.11,-3.42,-0.38;
18.58,-4.41,0.49;
23.64,-5.82,3.48;
26.38,-4.69,6.08;
26.65,-2.69,6.95;
24.88,0.87,7.07;
25.64,1.74,6.90;
28.36,-2.32,6.40;
33.35,-8.60,3.95;
38.67,-17.33,1.37;
41.17,-18.17,-0.66;
38.41,-17.07,-3.31;
38.45,-13.30,-3.24;
42.79,-8.92,-0.50;
46.38,-6.14,4.30;
46.99,-3.74,9.05;
45.17,-3.47,11.19;
38.15,-3.71,12.15;
27.58,-3.48,12.18;
17.87,-5.59,9.54;
9.46,-7.79,7.10;
10.24,-8.96,5.21;
12.42,-9.51,2.61;
16.19,-12.55,-0.55;
18.73,-13.21,-0.64;
22.13,-11.02,1.28;
24.73,-10.56,2.18;
24.19,-10.29,3.30;
23.02,-9.48,4.96;
22.87,-8.61,7.04;
21.70,-7.15,8.47;
21.58,-6.17,9.80;
19.14,-4.29,11.10;
17.83,-1.50,11.77;
15.41,-1.22,11.97;
11.80,-3.02,10.90;
10.87,-4.02,9.59;
12.04,-5.28,8.50;
12.61,-6.03,7.86;
15.54,-6.08,8.90;
16.21,-5.04,8.98;
14.42,-3.66,9.19;
10.87,-2.81,8.95;
5.83,-4.41,7.77;
-0.95,-5.13,6.47;
-1.78,-3.51,6.26;
2.39,-3.53,6.05;
4.67,-4.11,6.58;
6.59,-4.15,8.50;
9.32,-3.18,8.72;
9.25,-3.27,7.60;
8.42,-3.73,5.92;
10.27,-3.34,4.49;
10.85,-3.37,4.14;
11.57,-3.16,4.20;
10.99,-2.69,4.37;
9.17,-1.85,5.04;
7.52,-0.64,4.99;
2.70,-0.53,4.47;
-3.81,-0.43,3.27;
-6.74,-0.35,3.18;
-9.70,0.27,3.39;
-10.66,0.38,3.86;
-12.81,-0.37,2.15;
-11.76,-0.84,0.41;
-7.03,-1.01,-0.43;
-0.37,-0.84,0.93;
4.61,-2.40,2.50;
6.73,-4.50,3.51;
8.33,-4.17,3.59;
11.58,-3.45,2.47;
13.08,-4.27,1.18;
17.16,-7.19,1.21;
21.25,-8.35,2.06;
28.12,-10.02,2.66;
35.38,-13.47,1.69;
46.50,-17.39,0.92;
55.20,-17.28,-0.35;
69.08,-16.02,-2.96;
74.01,-18.17,-6.90;
66.41,-18.37,-8.55;
52.35,-18.84,-9.31;
34.64,-15.59,-9.74;
15.29,-12.93,-10.37;
-2.11,-14.20,-11.47;
-24.84,-15.53,-13.37;
-36.88,-12.87,-11.97;
-34.84,-6.38,-6.38;
-25.78,-0.05,3.59;
-17.52,3.48,12.12;
-8.92,4.93,16.00;
-2.88,4.47,16.89;
0.04,6.43,14.40;
-0.60,8.15,9.95;
-3.97,8.18,5.97;
-8.42,4.96,3.48;
-12.81,1.44,1.74;
-14.22,-1.37,0.06;
-14.19,-4.60,-1.19;
-12.04,-4.31,-0.93;
-5.81,-3.97,0.58;
1.66,-4.96,3.07;
7.19,-5.62,5.80;
8.97,-6.14,7.63;
7.06,-5.74,8.76;
4.19,-4.15,10.05;
0.54,-2.50,11.97;
-1.79,-2.40,14.18;
-5.13,-1.63,17.10;
-9.53,-0.81,18.30;
-11.42,0.79,18.20;
-11.78,1.48,16.59;
-11.99,0.41,14.12;
-11.17,-2.41,13.13;
-8.75,-5.18,14.20;
-3.99,-6.05,16.69;
1.52,-2.63,19.65;
3.25,-1.07,20.61;
-1.10,-0.35,20.49;
-6.62,-0.85,19.50;
-12.51,-1.88,18.98;
-15.71,-2.89,19.14;
-14.77,-1.95,19.27;
-12.71,-1.85,19.18;
-10.04,-1.88,18.23;
-3.47,0.38,17.40;
-2.42,-0.27,16.23;
-2.30,-0.81,15.43;
-1.91,-0.24,14.29;
-2.28,0.32,14.64;
0.07,0.96,15.60;
1.70,1.10,16.30;
-0.34,0.44,15.65;
-5.79,-1.25,12.72;
-9.38,-0.92,10.01;
-9.64,0.29,9.04;
-8.98,0.52,9.86;
-11.30,-0.14,10.61;
-15.30,1.34,11.76;
-16.43,3.08,10.84;
-15.81,4.67,9.30;
-9.94,6.00,7.62;
-4.80,6.66,7.36;
-2.62,6.67,7.13;
0.19,6.11,6.96;
0.88,5.31,5.62;
0.41,5.74,4.78;
-0.23,6.15,4.34;
-2.26,7.21,4.82;
-3.91,7.31,4.70;
-5.85,6.92,3.88;
-10.78,6.02,0.98;
-18.10,5.91,-0.69;
-22.54,5.40,-1.51;
-22.77,3.74,-1.15;
-19.84,2.81,-0.09;
-14.86,1.22,1.65;
-8.26,2.49,3.28;
-3.61,2.66,3.72;
-1.56,1.80,3.50;
-0.62,0.66,3.33;
-1.20,-1.04,3.65;
0.77,-3.10,4.96;
5.57,-2.26,6.12;
11.05,-2.31,5.82;
13.02,-2.92,4.27;
11.81,-2.58,2.44;
11.12,-3.50,1.54;
10.91,-3.19,2.01;
11.22,-1.82,3.07;
10.38,-2.56,3.10;
8.54,-1.39,2.82;
7.90,0.27,3.45;
9.19,2.93,3.85;
11.05,6.06,5.14;
10.99,9.27,6.99;
6.38,8.47,7.86;
-2.11,7.30,8.99;
-11.56,8.12,9.82;
-13.10,7.74,12.20;
-9.99,9.79,17.27;
-5.29,11.54,24.14;
-2.25,15.51,29.13;
-6.78,13.65,31.71;
-15.61,12.56,35.05;
-21.10,12.72,39.83;
-21.39,15.77,44.00;
-12.28,17.85,44.59;
-16.45,20.67,33.76;
-23.65,15.59,24.87;
-22.88,11.98,26.00;
-9.26,10.70,25.22;
-4.43,10.53,24.23;
2.04,15.62,19.76;
-4.84,16.85,16.23;
-3.81,18.21,15.10;
-3.53,16.58,13.25;
-3.64,13.13,13.43;
-3.64,10.61,14.82;
-9.13,9.66,13.63;
-11.85,8.26,12.21;
-8.31,6.79,14.00;
4.38,6.20,19.60;
10.59,9.39,18.90;
5.61,10.58,16.72;
6.16,10.05,15.16;
4.76,8.05,14.64;
9.60,5.60,16.05;
14.82,6.40,16.59;
10.99,6.09,16.06;
7.95,4.47,13.10;
6.47,0.72,11.05;
10.27,-0.76,11.13;
18.25,-2.02,14.14;
22.24,-2.09,15.94;
22.32,-2.15,15.69;
21.87,-2.32,15.63;
18.88,-3.48,17.48;
17.38,-3.95,19.69;
17.45,0.14,18.06;
13.11,-0.02,15.21;
14.15,-3.69,14.29;
13.38,-8.41,12.37;
16.27,-12.47,14.20;
18.16,-11.22,17.66;
21.84,-4.72,18.01;
20.25,-0.75,17.39;
16.03,-0.26,14.56;
5.52,-0.55,10.29;
4.29,1.21,10.72;
2.91,2.11,12.03;
-0.40,3.97,14.93;
2.36,6.56,16.55;
3.08,5.97,15.24;
1.32,3.51,13.79;
4.79,2.82,16.66;
10.79,1.15,19.66;
8.41,1.39,18.63;
5.54,2.44,15.72;
4.27,3.56,13.74;
2.59,4.81,11.65;
5.31,4.52,13.59;
7.60,6.26,17.25;
10.54,7.37,14.26;
7.72,6.70,10.09;
9.28,7.92,8.59;
9.58,9.24,9.08;
7.19,10.96,9.97;
-7.12,11.08,4.66;
-14.34,12.00,1.80;
-16.08,12.05,-1.85;
-11.73,10.52,-2.53;
-2.17,10.21,1.45;
5.52,9.77,7.14;
7.77,9.68,10.35;
4.90,4.73,9.07;
-2.05,2.81,5.62;
-4.40,2.27,2.38;
-7.12,1.95,2.14;
-0.69,4.66,6.17;
-0.74,5.60,7.50;
-6.33,3.22,5.53;
-6.54,3.36,1.85;
-1.52,3.97,-1.24;
12.48,8.24,1.97;
15.69,8.00,4.56;
8.16,4.52,3.69;
6.59,2.56,2.87;
6.18,2.75,1.57;
3.12,2.63,1.74;
0.87,3.57,1.89;
-1.07,4.60,2.24;
-2.80,6.20,3.91;
-12.54,4.15,2.32;
-19.82,2.35,-1.86;
-16.80,2.78,-4.73;
-7.91,3.76,-2.67;
5.69,6.21,1.68;
11.96,5.21,4.43;
14.18,2.92,5.68;
9.80,0.67,4.05;
9.92,-0.89,1.95;
14.53,0.75,2.55;
13.49,1.59,4.40;
5.86,-0.55,6.35;
-5.65,-5.73,4.20;
-11.30,-5.97,0.73;
-7.56,-1.27,-1.04;
-2.30,2.66,-0.03;
0.53,3.01,1.34;
-0.60,3.18,3.85;
-2.00,3.44,4.76;
-7.27,4.26,2.41;
-5.50,8.95,-0.40;
-3.36,12.87,-1.05;
-10.83,11.16,-0.87;
-21.01,11.56,-2.89;
-18.98,14.37,-6.21;
-13.04,18.37,-9.48;
-12.34,17.15,-12.18;
-11.58,15.27,-11.19;
-17.04,13.39,-10.20;
-16.00,15.44,-10.00;
3.63,25.31,-11.80;
3.05,26.67,-18.11;
-6.78,22.00,-22.78;
-11.62,17.62,-23.95;
-17.64,16.29,-24.82;
-15.32,15.69,-24.55;
-16.08,15.45,-25.50;
-19.82,11.94,-31.31;
-13.35,8.55,-33.80;
-12.71,4.96,-34.26;
-11.12,1.28,-34.76;
-6.33,1.11,-32.43;
-5.85,1.69,-30.24;
-10.31,0.85,-30.63;
-20.86,-4.27,-33.51;
-29.12,-9.54,-39.51;
-25.35,-10.64,-42.76;
-11.53,-7.18,-39.48;
-1.78,-4.23,-31.86;
-5.55,-2.53,-27.53;
-10.72,-1.34,-23.59;
-20.30,-4.95,-29.19;
-31.36,-8.92,-40.84;
-17.20,-11.44,-44.15;
-3.06,-14.14,-37.15;
6.24,-15.59,-29.74;
5.14,-12.95,-24.84;
2.82,-8.92,-25.13;
-6.10,-12.00,-35.19;
-3.42,-11.45,-39.85;
18.15,-13.18,-38.89;
17.40,-21.89,-33.99;
15.72,-21.18,-28.57;
13.40,-16.53,-24.70;
2.38,-11.31,-27.08;
-12.45,-12.03,-34.20;
-16.02,-11.07,-38.89;
-15.65,-13.01,-38.34;
-10.59,-16.72,-34.40;
-0.86,-13.77,-28.67;
2.68,-9.21,-25.21;
-0.77,-9.89,-29.51;
-15.82,-17.21,-40.76;
15.03,-11.08,-38.86;
37.64,-11.04,-43.91;
39.05,-18.76,-43.22;
48.18,-16.41,-33.71;
36.58,-13.53,-27.54;
8.93,-13.10,-26.14;
-18.07,-11.33,-27.05;
-26.97,-9.77,-22.40;
-26.95,-8.43,-19.11;
-16.37,-8.00,-16.70;
-5.94,-2.79,-15.30;
1.14,4.55,-15.57;
-5.73,3.13,-17.28;
-15.82,-3.54,-22.72;
-16.68,-4.00,-24.12;
-0.52,-5.97,-24.00;
17.41,-7.54,-22.64;
21.43,-7.80,-19.25;
18.19,-7.54,-16.78;
13.34,-8.08,-14.23;
22.94,-4.82,-10.40;
33.09,-1.34,-5.86;
43.03,-0.60,-2.49;
35.43,-3.65,-2.58;
24.58,-7.89,-4.35;
19.17,-10.09,-6.46;
23.74,-10.35,-8.69;
33.66,-11.19,-9.07;
49.55,-11.54,-8.67;
61.77,-11.85,-9.07;
69.02,-10.12,-11.62;
65.93,-15.48,-17.47;
58.85,-17.36,-22.34;
47.26,-16.46,-25.44;
41.02,-17.76,-24.47;
29.25,-17.89,-25.19;
14.70,-16.82,-20.69;
-2.45,-14.00,-15.10;
-14.17,-9.88,-10.21;
-18.26,-3.39,-5.74;
-12.94,5.19,-0.89;
-14.48,8.79,5.13;
-15.01,11.98,8.38;
-15.75,14.87,10.35;
-12.07,14.44,9.39;
-10.62,11.74,6.12;
-10.92,8.41,2.32;
-12.88,3.10,-2.31;
-14.13,1.27,-5.22;
-6.80,0.64,-5.83;
1.16,-0.90,-5.34;
4.12,-1.59,-2.82;
4.39,-2.12,-1.30;
-1.67,-2.73,-1.74;
-5.20,0.37,-0.69;
-6.88,2.73,0.32;
-9.85,5.60,2.78;
-13.39,3.95,4.11;
-21.55,1.62,2.59;
-24.72,0.75,0.81;
-22.54,1.62,-2.43;
-16.26,2.49,-4.31;
-11.41,1.80,-4.64;
-7.12,-0.38,-3.59;
-0.77,-0.85,-1.31;
6.10,0.60,2.03;
13.35,1.45,2.93;
12.62,2.31,2.85;
6.29,2.99,1.76;
-0.14,2.21,0.15;
-7.90,2.60,-0.95;
-12.02,2.90,-0.82;
-11.64,4.56,0.89;
-8.54,5.53,3.33;
-6.11,5.63,4.30;
-3.32,4.64,3.40;
-1.62,2.17,1.77;
-0.74,1.77,-0.15;
-0.40,1.30,-0.23;
-1.94,1.57,0.78;
-1.42,1.59,2.59;
-0.72,1.88,2.67;
-0.89,2.35,0.89;
-2.26,1.62,-0.63;
-4.84,1.74,-1.39;
-3.87,2.49,-0.92;
-2.66,2.53,1.42;
-4.10,2.40,2.89;
-4.04,2.18,2.84;
-3.32,2.11,1.77;
-4.89,1.97,0.49;
-7.03,1.68,0.14;
-7.17,1.62,1.25;
-5.20,3.83,4.76;
-1.55,6.43,8.24;
-1.47,6.55,8.52;
-6.33,4.85,6.50;
-9.39,4.03,5.22;
-8.49,3.62,6.69;
-3.97,3.39,9.21;
-0.63,4.61,12.37;
1.38,6.40,13.95;
0.21,5.30,14.38;
-2.40,3.76,15.37;
-1.91,5.95,19.82;
0.50,8.05,23.01;
-3.52,8.81,25.22;
-11.52,6.72,25.21;
-16.10,5.08,24.20;
-15.94,1.89,23.62;
-4.94,-0.46,24.14;
12.67,3.21,27.97;
18.99,6.63,31.07;
14.76,3.73,31.94;
11.23,0.32,32.99;
14.62,1.13,34.89;
23.57,2.43,36.72;
15.25,2.00,36.58;
6.41,0.17,33.74;
-0.28,-3.59,29.76;
-0.00,-3.73,26.89;
3.78,-0.20,26.44;
11.25,4.61,26.26;
10.39,7.76,24.95;
7.69,5.37,22.40;
2.96,0.61,21.89;
0.48,1.08,24.75;
3.54,4.69,28.00;
3.12,7.68,27.39;
5.17,8.47,23.11;
5.46,5.24,19.79;
4.24,1.51,20.11;
1.43,2.34,23.07;
2.38,5.25,23.18;
-1.55,7.34,21.25;
0.04,10.08,17.18;
1.90,8.58,13.24;
2.77,6.08,17.10;
3.02,6.21,23.14;
-1.10,6.02,25.04;
-2.63,5.80,21.01;
-1.64,5.15,17.80;
0.93,4.46,14.55;
4.10,0.69,17.98;
7.74,-0.09,22.53;
4.09,1.53,23.39;
5.37,4.89,20.47;
6.03,7.65,16.11;
4.90,6.00,15.16;
4.10,4.64,19.95;
0.79,4.70,22.15;
-3.35,4.78,17.16;
-8.33,5.07,10.61;
-1.76,6.73,8.26;
1.03,6.03,10.01;
1.32,6.24,15.71;
-0.33,6.34,18.24;
-6.57,4.00,15.33;
-9.70,2.32,8.99;
3.96,3.16,7.94;
14.27,4.03,11.37;
13.95,5.94,16.96;
8.64,7.80,19.21;
-0.08,6.85,15.33;
-6.48,5.28,11.42;
-7.58,4.17,7.18;
-4.37,2.37,7.59;
4.19,2.32,12.78;
4.45,5.13,17.01;
-0.07,6.43,15.63;
-1.94,6.55,10.18;
0.94,5.48,6.20;
6.01,3.39,6.67;
13.28,1.04,13.08;
12.38,0.66,17.27;
5.52,1.57,15.80;
6.03,5.50,11.34;
3.57,8.32,8.59;
-0.92,10.69,10.44;
-6.08,11.88,13.51;
-18.69,9.76,12.18;
-22.55,8.00,8.27;
-20.30,8.72,4.30;
-8.95,9.51,6.20;
-3.65,10.93,9.72;
5.08,13.25,14.12;
-4.28,10.32,13.39;
-15.00,7.15,9.16;
-16.49,5.94,4.64;
-9.59,8.44,3.86;
-3.49,11.65,5.86;
-4.46,12.75,8.37;
-9.46,12.00,9.22;
-14.30,10.52,5.92;
-9.18,9.62,3.40;
-0.51,9.74,6.06;
1.26,9.39,9.62;
-2.10,7.79,10.92;
-7.58,6.02,8.63;
-7.87,6.03,4.76;
-6.52,6.64,1.95;
1.28,8.46,4.23;
7.58,9.47,6.69;
3.86,8.96,7.68;
-2.08,8.50,6.29;
-1.87,7.40,3.11;
-1.76,8.14,2.85;
-4.54,8.43,3.88;
-6.40,8.55,8.27;
-6.02,6.96,9.77;
-12.22,2.73,6.99;
-9.00,1.98,5.13;
-5.68,2.18,5.40;
1.96,4.52,7.57;
-3.79,4.46,6.85;
-6.26,4.00,2.01;
-3.15,5.18,-2.23;
9.90,7.24,-0.70;
16.88,8.67,2.87;
10.00,7.02,6.14;
1.22,6.70,6.70;
-5.17,5.74,2.75;
-10.83,4.06,-3.19;
-11.07,2.49,-4.90;
-5.71,2.12,-1.79;
-5.35,3.37,2.84;
-9.21,4.89,2.89;
-9.82,5.36,-0.78;
-10.71,2.38,-5.47;
-1.27,-0.38,-8.21;
1.20,2.79,-4.96;
13.96,6.73,1.74;
7.48,6.02,-2.46;
17.70,6.52,-7.48;
17.26,4.75,-12.55;
8.21,2.78,-10.50;
0.03,1.92,-8.23;
-12.71,-0.20,-11.25;
-4.69,3.16,-13.50;
-2.63,3.86,-14.08;
-0.43,4.76,-10.95;
-8.17,5.18,-10.53;
-20.46,4.41,-14.31;
-24.71,3.10,-18.46;
-21.99,0.37,-23.37;
-8.62,-1.25,-24.35;
2.03,-0.52,-21.51;
12.16,4.96,-17.31;
3.64,7.56,-17.53;
-15.00,3.51,-24.28;
-30.63,-4.98,-34.55;
-29.39,-9.18,-41.54;
-24.91,-11.22,-44.38;
-14.66,-3.89,-42.78;
5.84,6.92,-38.18;
13.51,8.72,-39.31;
14.10,9.74,-40.21;
-2.59,3.04,-43.30;
-23.56,-3.10,-46.06;
-25.29,-5.02,-48.17;
-19.41,-8.23,-51.11;
-1.23,-6.58,-50.73;
12.10,-8.90,-46.86;
16.09,-9.79,-38.73;
11.32,-13.34,-34.69;
-3.44,-18.70,-34.99;
-15.32,-20.56,-37.88;
-17.64,-19.83,-44.21;
-12.26,-17.19,-49.45;
-2.72,-15.88,-48.87;
3.40,-13.40,-42.34;
6.85,-16.31,-34.34;
3.31,-14.82,-29.07;
-0.22,-15.65,-30.12;
4.41,-14.27,-32.82;
9.52,-15.36,-38.89;
1.02,-18.60,-39.74;
-1.84,-19.92,-34.55;
-11.24,-18.55,-32.89;
-21.24,-17.27,-34.18;
-10.66,-13.16,-32.31;
11.84,-12.82,-35.54;
14.82,-15.56,-35.65;
23.78,-18.72,-25.92;
20.70,-19.76,-18.63;
3.96,-20.63,-19.19;
-4.20,-18.02,-20.96;
25.20,-12.34,-19.02;
40.96,-14.44,-30.58;
44.48,-16.46,-30.57;
45.93,-19.02,-23.44;
26.56,-22.35,-20.64;
0.16,-19.74,-19.11;
-20.43,-13.95,-17.94;
-17.15,-8.85,-13.94;
-1.23,-6.02,-11.65;
9.02,-9.05,-12.18;
19.69,-13.08,-11.97;
24.59,-14.38,-11.11;
27.84,-13.71,-12.14;
29.60,-9.56,-13.33;
35.35,-4.40,-11.39;
42.80,0.15,-4.98;
43.14,3.37,0.96;
35.83,3.59,3.95;
21.43,6.27,2.47;
4.04,3.40,-0.52;
-21.81,-0.18,-2.44;
-30.78,1.27,-1.63;
-25.90,1.62,-1.86;
-10.68,-0.69,-2.75;
3.46,-0.29,-3.76;
14.25,-0.17,-5.36;
16.42,-3.21,-6.58;
13.09,-1.74,-6.06;
12.53,-2.38,-6.20;
12.90,-1.97,-5.89;
11.41,-2.23,-4.53;
3.75,-2.61,-3.07;
-3.47,-1.89,-2.72;
-6.30,0.96,-1.77;
-4.43,1.48,-1.71;
-6.05,1.51,-3.48;
-12.08,-0.63,-5.66;
-13.36,-0.98,-6.69;
-7.07,-0.43,-5.83;
2.01,0.06,-5.27;
10.51,-2.44,-5.19;
11.67,-6.96,-6.44;
9.02,-5.10,-7.13;
7.34,-3.60,-7.39;
6.32,-1.54,-6.78;
4.56,-0.15,-5.80;
5.25,-0.37,-5.74;
1.75,-0.82,-5.51;
-1.82,-2.72,-5.65;
-5.24,-2.11,-4.82;
-5.36,1.57,-3.88;
-3.21,2.44,-0.66;
-4.34,3.24,2.09;
-4.20,4.09,4.27;
-3.84,3.36,3.94;
-3.42,3.48,2.56;
-3.79,2.20,0.46;
-5.39,0.60,-1.77;
-5.12,2.31,-0.69;
-1.15,3.45,1.50;
0.87,3.42,3.77;
3.35,2.78,4.64;
1.90,1.68,3.21;
-2.68,0.23,0.47;
-8.05,-1.63,-2.09;
-8.11,-0.43,-2.44;
-4.45,0.85,-0.79;
-1.58,1.16,1.47;
-1.18,1.01,1.86;
-0.45,0.32,1.63;
-1.44,-0.18,0.15;
-1.68,-0.11,-0.69;
-0.66,1.62,0.27;
-0.00,3.07,1.94;
-0.94,3.33,2.75;
-4.43,3.01,2.05;
-8.31,2.41,0.89;
-7.67,2.56,0.43;
-4.43,3.10,1.98;
-1.53,3.79,3.89;
1.23,4.50,5.31;
-0.11,3.51,3.80;
-1.56,1.83,0.92;
-3.52,0.55,-3.07;
-2.84,-0.41,-4.60;
-2.13,-0.49,-3.97;
0.91,0.75,-0.78;
1.90,1.11,2.34;
0.74,1.44,2.59;
-1.76,1.05,1.42;
-4.89,1.16,-0.41;
-5.76,0.96,-0.58;
-5.87,0.89,0.66;
-4.74,1.76,3.43;
-2.95,3.19,5.11;
-1.55,4.17,4.69;
-2.39,3.44,2.89;
-4.51,2.61,0.76;
-6.78,2.08,0.44;
-8.02,1.57,0.89;
-7.90,2.06,2.90;
-6.31,1.92,3.54;
-5.84,2.09,3.05;
-4.71,1.74,1.59;
-6.04,2.47,-0.26;
-6.26,2.03,0.27;
-4.39,1.69,3.30;
-1.42,2.09,6.38;
-0.48,2.99,8.37;
2.07,4.41,8.47;
2.53,5.80,7.18;
-0.37,6.78,6.50;
-1.82,6.40,6.70;
-3.71,5.10,7.83;
-4.45,4.14,9.66;
-5.21,3.97,11.10;
-7.59,3.77,11.24;
-10.97,3.73,10.52;
-10.30,3.31,11.60;
-5.65,3.56,13.50;
0.50,3.22,15.43;
1.29,3.08,16.82;
0.25,2.43,16.70;
-3.42,3.11,16.53;
-2.10,5.40,16.63;
4.99,8.08,16.87;
2.29,7.27,16.26;
-3.97,4.47,14.76;
-8.69,3.01,14.01;
-8.05,1.69,14.34;
-2.95,3.04,15.19;
5.05,5.69,17.10;
11.25,7.65,17.21;
7.35,5.83,16.29;
-1.75,2.17,14.85;
-8.43,-0.50,13.13;
-5.65,-1.53,11.01;
0.12,-1.13,11.60;
6.41,0.56,12.64;
7.45,1.92,12.69;
5.37,2.50,12.85;
-0.00,1.24,12.11;
-1.01,1.71,11.51;
1.58,2.46,10.52;
2.50,3.25,10.50;
2.39,4.11,10.76;
0.65,4.18,10.69;
-0.63,2.43,12.27;
-1.29,2.44,14.06;
-1.94,2.58,14.29;
-1.96,3.74,14.14;
0.33,5.07,15.53;
1.09,5.97,17.94;
2.07,6.43,20.17;
1.22,8.05,19.14;
-2.63,7.92,18.23;
-8.19,6.41,15.50;
-10.75,4.15,14.09;
-6.84,3.04,16.76;
-1.55,2.37,20.08;
4.65,3.57,23.56;
10.56,7.77,23.11;
10.45,9.39,20.98;
6.91,9.01,17.08;
1.05,6.79,16.09;
-3.67,5.65,16.30;
-5.94,5.82,15.30;
-7.76,6.24,15.40;
-4.37,6.21,14.38;
1.20,4.73,16.38;
4.68,3.68,21.27;
8.10,4.49,23.31;
5.03,3.97,19.86;
-1.75,4.87,15.13;
3.52,5.01,10.66;
1.75,3.02,8.56;
-0.07,1.33,9.59;
0.03,4.23,12.72;
-2.78,6.89,12.40;
-5.10,7.39,11.04;
-8.37,5.07,9.76;
-7.88,1.89,10.40;
-4.14,0.53,13.77;
0.12,2.66,17.02;
6.00,2.75,15.56;
1.26,3.13,10.98;
5.75,4.60,8.76;
2.09,4.52,7.72;
2.32,7.63,11.10;
1.23,10.55,12.34;
-3.52,11.69,11.94;
-7.78,9.92,9.11;
-9.62,8.47,6.96;
-3.91,8.47,6.90;
-1.85,8.29,9.18;
-1.09,9.07,12.21;
-1.93,9.74,15.04;
-7.10,8.82,13.95;
-10.62,6.96,12.17;
-13.39,4.18,10.00;
-5.87,3.36,11.80;
-2.83,3.40,14.06;
-1.38,4.81,13.92;
-0.57,6.05,13.56;
-2.31,7.10,10.89;
-4.30,6.38,9.36;
-5.03,5.24,9.51;
-3.44,5.33,11.19;
-0.63,5.89,11.63;
-0.37,5.36,10.96;
-1.70,4.89,7.95;
-1.75,5.08,7.07;
0.06,5.25,8.34;
-3.73,3.97,10.61;
-4.68,3.47,11.07;
-5.44,2.47,7.22;
0.25,4.66,2.66;
5.51,5.59,-1.05;
6.29,5.36,-0.72;
5.87,5.45,2.23;
0.44,6.76,3.51;
-5.26,8.24,1.76;
-12.65,8.52,-1.82;
-10.31,9.76,-2.76;
-6.91,10.23,-0.32;
-5.94,10.31,3.19;
-3.53,10.20,6.15;
-10.89,7.85,3.94;
-9.99,7.79,2.03;
-3.70,8.00,3.08;
-2.78,6.76,6.32;
-2.13,6.76,9.33;
-5.93,4.75,8.17;
-8.97,2.66,5.88;
-8.10,1.60,5.13;
-1.18,1.92,6.69;
3.32,2.92,10.38;
7.80,6.00,12.03;
5.75,6.17,11.68;
-3.42,4.38,9.37;
-1.78,4.46,9.60;
1.02,4.12,11.43;
8.22,5.45,12.95;
4.85,5.27,12.43;
-1.75,4.49,7.60;
-3.18,3.68,3.25;
2.15,1.19,2.23;
6.54,0.56,3.47;
10.70,2.35,6.79;
1.41,2.58,6.23;
-8.69,3.77,-0.63;
-9.91,5.86,-5.89;
-12.72,7.39,-8.69;
-15.18,5.54,-8.24;
-17.94,6.32,-6.29;
-21.10,7.45,-6.52;
-23.76,4.50,-12.98;
-8.08,4.11,-18.32;
19.57,8.03,-16.43;
15.38,3.08,-10.84;
14.38,2.73,-5.70;
-1.93,1.42,-8.60;
-14.78,-0.64,-16.99;
-24.71,-4.14,-23.65;
-27.64,-8.52,-23.88;
-34.63,-9.51,-22.81;
-24.37,-4.08,-21.34;
-18.68,-2.73,-25.21;
-8.04,0.50,-29.50;
10.07,0.50,-32.17;
30.59,-1.08,-27.59;
26.67,-4.89,-23.85;
16.03,-11.30,-18.89;
4.06,-12.15,-19.36;
-15.94,-15.13,-25.07;
-30.13,-17.08,-30.84;
-45.03,-17.86,-33.44;
-50.26,-15.02,-31.86;
-46.51,-13.88,-30.03;
-38.31,-11.07,-32.02;
-23.01,-8.09,-35.28;
-7.50,-6.32,-38.05;
10.99,-10.37,-38.63;
31.41,-12.76,-36.47;
39.89,-8.98,-32.90;
42.19,-8.02,-31.01;
32.04,-8.75,-32.73;
18.15,-9.01,-31.57;
4.76,-8.52,-30.86;
-3.13,-2.84,-29.73;
4.19,6.50,-29.18;
7.09,9.57,-27.97;
10.88,10.84,-26.95;
10.82,6.56,-28.12;
1.78,1.11,-23.27;
-10.62,2.08,-15.88;
-19.07,4.17,-14.09;
-20.83,8.96,-18.93;
-17.03,11.08,-24.47;
-9.15,11.27,-24.57;
-10.25,8.38,-23.02;
-13.67,5.86,-22.37;
-19.41,3.97,-24.21;
-21.50,5.21,-27.24;
-13.23,7.71,-29.07;
-7.53,5.73,-33.11;
-3.99,-0.43,-32.96;
-4.11,-5.27,-31.76;
-8.62,-7.68,-33.18;
-12.88,-7.16,-36.28;
-19.49,-6.47,-40.99;
-20.46,-7.62,-42.76;
-15.18,-10.87,-37.27;
-14.66,-11.19,-25.57;
-18.39,-11.05,-21.24;
-20.39,-8.49,-22.73;
-21.99,-8.23,-33.95;
-18.00,-11.62,-41.48;
-8.95,-18.18,-43.15;
-0.51,-22.64,-40.26;
4.59,-22.47,-38.24;
5.66,-23.37,-39.05;
5.08,-22.11,-40.15;
5.00,-18.14,-39.51;
3.00,-18.53,-38.82;
4.93,-16.99,-35.80;
-5.58,-22.81,-34.98;
-18.95,-24.03,-29.11;
-30.11,-21.30,-28.90;
-36.92,-17.79,-27.97;
-33.97,-13.59,-24.87;
-24.78,-10.06,-20.15;
-6.10,-4.90,-10.49;
10.67,-1.47,0.69;
18.80,-0.56,7.02;
20.36,0.55,11.16;
13.87,3.07,10.58;
2.97,4.56,6.75;
-12.42,1.56,1.53;
-22.26,-3.79,-1.24;
-27.71,-6.70,-1.94;
-29.44,-7.19,-2.14;
-28.68,-5.91,-1.80;
-25.82,-4.20,-1.83;
-21.59,-3.39,-2.11;
-16.13,-4.26,-2.76;
-10.75,-4.84,-1.89;
-4.07,-4.02,0.03;
-0.05,-4.12,0.96;
-1.88,-3.69,1.13;
-7.82,-3.63,-0.08;
-12.20,-2.21,-1.47;
-17.67,-0.37,-2.89;
-21.71,0.18,-2.98;
-23.01,0.06,-1.82;
-20.75,-0.53,-0.08;
-19.55,0.70,1.31;
-18.46,0.73,0.81;
-16.94,0.56,-0.11;
-14.16,-0.15,-0.73;
-8.30,-1.94,0.24;
-7.20,0.23,0.32;
-10.08,6.09,1.28;
-13.10,5.94,1.37;
-12.89,4.75,1.71;
-13.50,4.06,1.59;
-11.94,4.24,1.40;
-8.04,4.92,2.40;
-6.55,4.60,3.14;
-5.41,3.94,3.66;
-5.56,3.95,2.01;
-5.84,2.85,-0.09;
-5.23,1.53,0.24;
-3.24,0.70,1.57;
-1.75,1.16,2.96;
-2.19,2.52,4.24;
-5.35,3.50,4.52;
-8.88,3.85,3.47;
-11.70,2.85,2.72;
-13.26,1.02,2.61;
-12.80,0.37,3.92;
-9.58,1.13,5.07;
-6.86,2.26,5.30;
-3.33,0.75,5.47;
1.89,-1.76,6.64;
8.58,-3.82,8.78;
11.40,-4.61,10.23;
9.17,-3.77,10.81;
5.03,-1.98,9.47;
0.83,-2.31,7.14;
-5.88,-3.04,5.05;
-13.85,-2.79,4.93;
-16.62,-3.11,6.09;
-15.84,-2.52,7.42;
-12.80,-1.91,8.63;
-8.84,-1.92,8.56;
-5.32,-0.79,9.30;
-1.12,0.27,10.03;
1.35,-0.60,9.98;
3.69,0.26,9.11;
5.38,1.05,9.45;
6.47,-1.71,9.59;
4.22,-4.84,8.12;
2.73,-8.75,5.13;
2.73,-11.19,2.37;
2.74,-10.69,0.21;
3.61,-9.66,0.52;
2.59,-10.56,0.72;
-1.33,-7.94,1.24;
-3.13,-7.04,1.40;
-3.82,-4.84,4.09;
-5.75,-2.87,6.66;
-8.62,-1.11,7.89;
-9.61,-1.76,7.95;
-5.01,-1.47,7.56;
2.41,-2.52,7.02;
9.87,-3.18,6.99;
13.61,-3.88,6.46;
17.49,-4.50,6.99;
20.42,-4.98,7.36;
21.67,-5.50,7.59;
18.76,-6.17,7.11;
13.81,-6.75,5.97;
11.31,-6.40,6.40;
10.27,-4.50,6.64;
7.11,-3.15,6.56;
4.97,-2.46,7.33;
4.61,-2.17,7.68;
4.22,-1.77,7.71;
4.96,-1.79,7.60;
6.76,-2.43,7.50;
7.90,-3.16,7.54;
8.45,-4.20,6.92;
7.86,-4.15,5.71;
9.55,-4.26,5.10;
12.22,-3.33,5.66;
13.09,-2.64,6.35;
12.32,-2.29,6.82;
13.25,-2.35,6.76;
15.83,-2.17,7.71;
18.27,-2.55,8.49;
18.39,-2.96,8.70;
18.24,-3.66,8.15;
19.25,-4.63,6.89;
20.15,-5.48,6.01;
20.80,-5.62,5.83;
20.87,-6.29,5.71;
21.19,-6.02,6.29;
22.24,-6.12,6.34;
23.60,-6.87,6.32;
26.03,-6.58,7.07;
29.61,-6.76,6.90;
31.80,-6.29,7.01;
32.35,-5.54,7.24;
31.49,-5.39,7.36;
30.97,-4.75,7.72;
30.58,-3.69,8.26;
29.46,-3.25,8.30;
26.74,-2.75,9.07;
25.08,-2.12,9.76;
25.41,-1.56,9.08;
25.32,-1.66,8.09;
25.25,-2.14,8.01;
25.72,-2.11,7.50;
23.72,-1.89,6.44;
21.69,-1.60,5.53;
21.58,-1.51,5.07;
21.67,-2.20,4.93;
21.87,-2.29,5.79;
23.25,-2.24,5.62;
24.12,-2.27,4.55;
23.90,-2.40,3.86;
24.00,-2.12,2.23;
25.02,-1.76,-0.28;
27.90,-1.66,-1.36;
34.32,-2.75,-0.50;
44.71,-4.63,2.01;
51.25,-6.23,4.47;
55.28,-6.75,6.11;
55.19,-6.09,5.08;
51.48,-5.21,3.31;
45.61,-3.18,3.01;
36.76,1.51,2.21;
27.93,3.89,1.40;
21.78,4.85,1.30;
19.61,5.53,2.08;
19.55,3.94,1.21;
21.80,1.50,-0.24;
29.31,-2.26,-1.65;
38.51,-4.63,-2.70;
44.47,-5.74,-3.59;
47.22,-6.05,-3.10;
43.11,-4.73,-3.56;
37.03,-2.99,-5.13;
27.69,-1.05,-6.37;
20.01,-0.40,-6.03;
9.02,0.73,-5.24;
1.05,2.52,-5.56;
-5.61,3.66,-5.30;
-6.97,4.15,-4.70;
-3.96,4.24,-4.61;
1.03,4.02,-4.63;
4.21,2.60,-4.82;
6.00,2.32,-4.92;
6.77,2.72,-5.70;
4.58,3.42,-7.89;
3.64,1.11,-9.50;
1.90,0.14,-9.71;
-0.94,4.18,-7.82;
-2.54,5.63,-7.19;
-4.95,5.13,-7.71;
-6.55,4.56,-8.70;
-5.94,5.48,-7.89;
-7.39,5.85,-7.76;
-9.71,6.06,-8.37;
-11.50,6.09,-10.28;
-11.36,5.50,-11.57;
-10.68,4.82,-10.95;
-9.67,4.11,-9.44;
-10.23,3.92,-8.11;
-11.30,4.67,-7.76;
-10.31,5.16,-7.54;
-11.32,5.48,-8.66;
-15.04,5.88,-10.02;
-18.14,6.11,-9.88;
-20.43,5.68,-9.92;
-25.06,6.24,-10.87;
-27.76,7.48,-10.60;
-29.01,9.83,-10.41;
-30.52,10.55,-9.73;
-33.27,12.93,-9.54;
-36.49,16.43,-9.77;
-36.33,18.12,-12.17;
-34.42,17.97,-13.30;
-26.59,16.46,-11.70;
-17.55,13.89,-9.71;
-9.36,11.69,-9.11;
-3.59,10.95,-9.77;
3.40,9.44,-10.82;
7.43,7.68,-13.18;
7.87,6.37,-16.03;
5.23,3.63,-18.57;
0.47,1.30,-21.15;
-2.98,0.17,-21.53;
-4.05,0.32,-21.28;
-7.64,0.02,-23.28;
-13.94,0.98,-25.74;
-16.91,2.12,-27.24;
-18.66,3.92,-28.70;
-18.77,5.89,-30.15;
-17.99,5.94,-30.63;
-16.42,4.78,-29.74;
-13.00,3.73,-28.34;
-10.78,3.63,-28.00;
-8.92,4.14,-28.66;
-4.39,4.44,-29.08;
-0.86,5.86,-28.66;
1.34,7.68,-27.36;
1.67,8.75,-26.52;
3.58,8.92,-25.68;
6.07,8.69,-24.50;
6.04,9.83,-24.20;
3.80,10.55,-25.08;
4.27,10.05,-25.70;
4.22,9.22,-26.11;
5.20,8.64,-25.76;
5.54,8.38,-25.19;
3.98,8.61,-25.22;
5.11,7.71,-24.41;
5.74,8.27,-23.57;
2.80,8.50,-23.27;
-0.43,9.40,-22.43;
-1.56,9.39,-22.21;
-2.43,8.66,-21.97;
-2.40,7.59,-20.90;
-3.07,7.63,-19.86;
-3.13,7.31,-19.77;
-3.33,6.89,-19.80;
-3.44,6.66,-19.68;
-3.20,6.03,-20.06;
-3.29,5.76,-18.82;
0.38,5.89,-16.78;
-1.20,6.46,-16.64;
-2.59,7.10,-17.71;
-2.08,6.24,-18.75;
3.41,3.98,-18.46;
12.90,2.44,-16.90;
15.46,3.27,-14.93;
16.94,2.38,-15.16;
17.38,1.83,-17.04;
15.06,2.15,-17.95;
12.25,3.89,-19.13;
7.89,4.29,-18.58;
6.18,3.76,-16.63;
6.73,1.33,-13.25;
7.57,-0.93,-10.79;
11.41,-0.99,-9.68;
12.73,-0.08,-10.90;
11.98,0.26,-11.86;
14.80,-0.38,-10.38;
19.09,0.18,-8.67;
21.66,-0.35,-7.33;
20.45,-1.16,-5.76;
17.80,-0.66,-3.92;
15.32,-2.08,-2.50;
12.33,-2.12,-2.37;
7.98,-1.54,-3.24;
6.82,-2.08,-3.91;
9.95,-1.28,-1.66;
7.89,0.27,-0.63;
3.35,0.61,-0.79;
0.41,0.53,-1.04;
0.93,1.11,-1.70;
0.74,0.85,-1.36;
0.30,0.32,-0.93;
-1.12,1.33,-0.75;
-2.22,0.78,-0.38;
-3.09,0.89,0.84;
-1.96,0.05,1.83;
-2.39,-0.09,1.95;
-1.49,0.23,1.48;
-1.90,-0.67,1.34;
-0.37,-0.76,2.09;
-2.83,0.60,2.05;
-3.30,0.08,1.89;
-1.55,-1.62,1.89;
0.44,-1.42,3.13;
-0.19,-0.69,3.62;
4.87,-0.06,3.30;
8.62,-0.41,2.15;
7.86,-0.18,1.57;
6.32,1.11,1.50;
2.27,2.40,1.31;
-1.29,2.38,1.18;
-4.14,1.18,0.87;
-3.99,0.50,1.04;
-2.36,-0.43,0.35;
-0.52,-0.34,-0.32;
0.90,0.34,-0.89;
3.92,0.75,-0.00;
7.45,-0.14,0.11;
7.32,-1.39,1.16;
8.24,-1.69,2.06;
9.54,-0.44,1.39;
7.48,0.52,0.73;
6.50,0.93,0.03;
5.66,1.21,-0.64;
4.04,1.24,-0.37;
3.57,1.30,-0.43;
5.81,0.64,-0.55;
6.25,-0.12,-0.46;
7.55,-0.18,-0.28;
9.03,0.05,-0.67;
10.27,-0.12,-0.73;
10.70,0.37,-0.47;
6.88,1.15,-0.75;
3.72,1.73,-0.69;
3.23,1.62,-1.21;
2.91,0.70,-1.62;
3.83,0.37,-1.54;
6.09,0.58,-1.70;
8.10,0.20,-1.45;
9.25,0.53,-1.21;
9.43,1.18,-1.91;
8.24,1.01,-1.65;
6.73,0.47,-1.74;
6.41,0.53,-0.92;
7.12,0.64,-1.34;
7.58,-0.02,-1.56;
8.30,-0.46,-1.37;
9.96,-1.04,-0.90;
12.12,-0.95,-0.72;
12.67,-1.08,-1.24;
13.52,-1.01,-1.34;
12.73,-0.96,-1.25;
12.80,-1.18,-0.52;
12.44,-1.11,0.30;
9.16,-0.89,-0.14;
7.32,-0.61,-0.38;
6.10,-0.14,-0.98;
4.27,-0.46,-1.85;
2.42,-0.52,-2.05;
1.00,-0.53,-2.15;
-0.05,-0.66,-1.89;
0.03,-0.03,-1.57;
0.65,-0.08,-1.04;
1.03,-0.08,-0.86;
0.48,-0.70,-1.11;
0.85,-1.89,-1.13;
1.17,-1.63,-0.72;
1.87,-0.90,-0.99;
2.29,-0.53,-1.21;
3.22,-0.21,-0.90;
3.12,0.05,-0.73;
2.61,-0.75,-1.01;
1.06,-1.28,-0.06;
0.83,-1.34,1.18;
-0.78,-1.24,0.84;
-1.09,-0.87,-0.26;
-0.91,-1.51,-1.24;
0.74,-0.38,-0.34;
1.31,0.89,0.87;
-1.26,1.76,0.75;
-4.74,1.42,0.38;
-7.20,0.58,-0.43;
-6.54,0.02,-0.93;
-4.60,0.20,-1.25;
-2.42,0.18,-1.82;
-0.10,-0.06,-1.60;
2.38,-0.20,-0.17;
2.51,-0.31,0.35;
2.01,-0.21,-0.18;
1.54,-0.05,-0.28;
0.65,0.34,-1.21;
-1.64,0.05,-1.22;
-1.56,0.18,-0.44;
-1.21,0.61,-0.78;
-2.30,1.66,-0.93;
-1.53,1.48,-0.55;
-0.25,1.47,-1.01;
-0.81,1.05,-0.58;
-0.55,0.95,-0.58;
-1.03,1.10,-0.47;
-1.01,1.51,-0.53;
-0.69,1.71,-1.10;
-2.54,1.01,-1.10;
-3.58,0.66,-0.86;
-2.75,0.92,-0.44;
-2.92,1.91,-0.38;
-2.75,1.94,-0.50;
-3.27,1.86,-0.72;
-3.62,1.25,-0.50;
-1.81,0.89,-0.15;
-2.07,0.47,-0.35;
-3.76,0.46,-0.03;
-3.42,0.61,-0.29;
-3.41,0.75,-0.47;
-3.64,0.89,-0.21;
-4.13,0.85,-0.08;
-3.56,1.08,-0.09;
-2.13,1.05,0.26;
-1.70,0.98,0.63;
-1.65,1.31,0.47;
-0.89,1.54,0.11;
-0.66,1.60,-0.08;
0.80,1.34,-0.31;
-1.26,0.67,-0.23;
-2.84,0.38,-0.17;
-4.08,0.75,-0.37;
-4.07,0.98,-0.14;
-2.04,1.15,0.17;
-0.84,0.78,0.38;
1.52,-0.38,1.18;
3.05,-0.41,0.81;
3.96,0.06,0.55;
2.24,0.06,0.01;
0.71,0.44,-0.31;
0.09,0.31,-0.29;
-0.71,0.67,-0.23;
-2.28,0.52,0.21;
-4.55,0.49,-0.09;
-3.79,0.79,0.06;
-2.65,0.73,-0.37;
-1.23,0.70,-0.72;
0.32,0.73,-0.05;
1.80,0.72,-0.09;
1.60,0.78,-0.37;
1.23,0.31,0.05;
-0.11,0.02,-0.47;
-0.11,0.20,-0.81;
-0.72,1.07,-1.24;
-2.14,0.56,-1.39;
-1.38,0.46,-1.07;
-0.39,0.41,-0.44;
-1.85,1.01,-0.64;
-2.80,0.98,-1.27;
-1.50,0.70,-1.11;
-1.03,1.19,-1.36;
-0.92,0.40,-1.30;
-1.49,0.60,-0.79;
-0.31,1.22,-0.41;
1.45,1.42,-0.46;
1.64,1.47,-0.89;
-0.00,0.79,-1.07;
-1.47,0.76,-1.50;
-2.37,0.90,-1.59;
-1.53,1.07,-1.28;
-0.22,1.68,-0.69;
-0.05,1.45,0.12;
-0.30,0.53,0.61;
0.19,0.60,1.07;
2.41,0.38,-0.15;
3.11,-0.47,-0.72;
3.49,-0.73,0.81;
1.19,-0.73,0.81;
-2.23,-0.49,0.23;
-4.17,0.14,-0.24;
-5.17,0.44,-0.41;
-3.67,1.73,-0.28;
-2.11,1.04,-0.58;
-2.19,0.15,-0.70;
2.35,0.37,-0.52;
4.19,1.18,-1.73;
3.28,1.16,-2.14;
1.63,0.93,-2.32;
-0.75,1.07,-2.41;
-3.84,1.11,-2.28;
-4.14,0.84,-2.44;
-3.65,0.60,-2.79;
-2.69,0.64,-1.99;
-2.30,0.60,-1.60;
-2.52,0.61,-1.50;
-0.13,0.53,-1.21;
0.93,0.82,-0.53;
1.43,0.99,-0.29;
0.29,1.22,-0.52;
-1.55,0.99,-0.63;
-2.37,1.11,-0.55;
-3.55,1.45,-1.13;
-3.41,1.02,-0.93;
-3.36,1.37,-0.87;
-1.20,1.80,-0.99;
0.18,2.00,-1.25;
1.80,2.09,-1.28;
2.45,1.62,-0.49;
2.41,1.54,-0.15;
1.41,1.74,-0.24;
-0.17,2.92,-1.83;
-0.78,2.70,-2.61;
1.57,2.09,-1.57;
4.94,2.17,-0.55;
5.48,1.91,2.06;
4.10,1.36,4.14;
2.56,1.44,3.51;
-4.13,1.62,0.58;
-8.23,1.53,-1.21;
-7.03,0.26,-1.44;
-4.13,-0.69,0.95;
-1.17,-0.38,2.56;
-0.42,-0.05,2.32;
0.96,-0.32,1.60;
2.38,-0.37,1.21;
4.09,-0.47,2.29;
6.29,-0.40,3.02;
5.48,-0.64,2.38;
3.75,-0.44,1.11;
3.61,-0.02,-0.38;
3.54,0.08,-1.59;
1.72,0.78,-1.97;
-2.00,1.76,-2.17;
-6.00,2.50,-2.44;
-9.94,3.30,-2.63;
-13.78,3.40,-2.81;
-16.54,4.11,-2.55;
-17.64,4.35,-2.23;
-17.03,4.47,-1.80;
-15.65,3.57,-0.90;
-12.23,2.72,0.08;
-7.33,2.21,0.70;
-3.85,1.89,1.02;
-3.52,1.69,0.79;
-2.28,2.37,-0.18;
-2.07,2.63,-0.92;
-1.96,2.75,-2.23;
-1.78,2.58,-2.40;
-3.17,2.55,-2.50;
-3.49,2.75,-0.92;
-0.65,3.25,1.10;
3.11,2.31,1.59;
7.16,1.28,4.00;
5.48,-0.61,5.68;
4.85,-0.21,6.49;
3.49,0.20,3.89;
1.31,0.49,0.78;
-0.46,2.05,-0.52;
0.12,2.70,0.18;
1.14,2.98,1.85;
0.32,3.56,2.06;
-1.06,4.18,0.75;
-2.54,4.26,-1.68;
-4.83,4.69,-4.61;
-7.38,3.71,-5.60;
-5.07,2.55,-4.81;
-0.31,2.34,-3.15;
3.29,1.91,-1.68;
6.12,1.83,-0.44;
4.83,1.91,-1.24;
2.77,1.51,-2.00;
1.81,0.44,-2.37;
2.03,-0.11,-2.24;
2.03,0.69,-1.88;
1.28,1.36,-1.47;
0.62,1.04,-1.63;
0.56,0.52,-1.47;
-1.18,0.58,-1.91;
-2.54,0.43,-2.43;
-3.56,1.01,-2.34;
-4.52,2.24,-1.97;
-3.96,2.32,-1.88;
-1.71,1.04,-1.99;
2.25,0.06,-1.74;
5.06,-0.38,-1.11;
5.74,-0.02,-0.79;
4.77,-0.11,-0.90;
3.95,0.85,-1.68;
3.90,1.28,-2.99;
6.74,1.11,-3.51;
7.19,1.10,-3.16;
7.17,1.85,-0.69;
5.52,0.20,2.75;
5.06,-1.22,3.86;
7.34,-2.14,3.40;
8.62,-2.55,0.30;
7.61,-2.00,-1.02;
8.25,-1.94,-0.53;
6.97,-1.92,0.79;
4.61,-1.44,1.42;
1.89,0.08,0.29;
-2.94,1.33,-2.17;
-3.44,1.22,-2.93;
-3.56,1.42,-2.69;
-4.81,1.07,-1.51;
-3.56,0.63,-0.46;
-1.93,0.18,-1.02;
-0.46,-1.24,-1.91;
0.06,-1.36,-3.02;
1.66,-1.10,-2.50;
2.16,-0.72,-1.62;
2.33,-0.29,-0.26;
1.80,0.15,0.11;
0.35,0.69,-0.81;
-1.33,0.55,-1.91;
-2.68,0.46,-2.15;
-4.25,0.81,-1.85;
-5.38,1.11,-1.39;
-6.22,0.96,-1.19;
-6.10,1.48,-0.84;
-5.71,1.59,-1.01;
-5.26,1.18,-1.41;
-4.37,1.11,-1.74;
-2.74,0.89,-1.63;
-1.65,1.22,-1.04;
-0.55,0.70,0.06;
1.48,0.98,1.14;
2.07,0.99,0.95;
2.29,0.84,0.63;
2.94,0.47,1.11;
4.32,-0.47,2.27;
7.63,-1.18,3.69;
7.98,-0.99,4.08;
5.08,-0.92,3.65;
2.41,-0.89,1.97;
3.06,-1.31,1.51;
3.77,-0.29,1.77;
3.29,0.55,0.96;
0.06,1.10,0.47;
-3.65,0.82,0.99;
-3.81,1.07,0.67;
-5.04,1.95,-0.14;
-8.42,2.58,-1.34;
-9.71,2.14,-2.49;
-8.08,1.30,-2.70;
-5.64,0.89,-1.74;
-4.72,0.61,-1.19;
-4.28,0.02,-1.11;
-2.91,0.02,-1.04;
0.39,0.15,-0.43;
1.29,0.72,-1.10;
0.77,0.40,-0.99;
1.46,0.73,-1.30;
2.38,0.96,-1.34;
1.09,1.66,-1.24;
-0.95,1.59,-0.96;
-3.58,2.40,-1.18;
-5.50,2.55,-2.28;
-7.06,2.43,-2.58;
-8.36,1.95,-2.02;
-5.88,1.60,-1.36;
-3.94,2.05,-1.15;
-4.07,2.23,-1.13;
-3.04,2.38,-1.13;
-2.37,1.11,-0.84;
-2.49,0.76,0.67;
-2.51,1.21,1.14;
-0.81,0.95,1.36;
1.98,0.49,1.98;
4.96,0.09,2.32;
5.26,-0.38,1.47;
4.29,0.08,0.69;
4.18,0.50,0.21;
5.37,0.81,1.04;
2.79,0.75,2.61;
1.64,0.73,2.59;
1.26,2.09,1.36;
-1.41,2.53,0.41;
-3.44,1.98,-0.02;
-5.32,2.26,0.09;
-6.34,2.46,-0.18;
-7.64,1.63,-0.17;
-6.81,0.93,-0.06;
-4.52,0.44,0.66;
-1.88,-0.12,0.85;
