-3.99,-17.54,8.57 
-7.99,-12.85,9.58 
-6.20,-12.47,5.88 
-0.42,-15.66,2.62 
2.79,-19.11,3.18 
2.59,-22.79,7.56 
0.82,-19.92,14.57 
4.47,-18.58,18.86 
13.19,-23.13,13.18 
15.68,-26.27,8.45 
13.93,-29.74,8.57 
11.20,-30.67,12.20 
8.07,-27.01,16.39 
9.23,-23.31,15.64 
16.32,-22.52,11.14 
23.61,-26.04,8.13 
27.77,-29.54,10.42 
23.19,-29.02,18.05 
13.57,-23.65,26.01 
8.52,-17.83,23.40 
10.00,-14.94,15.84 
17.57,-18.24,9.52 
24.71,-22.24,11.75 
27.34,-22.90,17.85 
26.01,-19.65,23.62 
26.91,-19.71,19.32 
26.61,-20.39,12.48 
26.68,-21.92,9.47 
24.33,-20.97,14.25 
28.90,-15.37,19.82 
34.44,-14.52,19.70 
37.37,-19.36,17.95 
30.04,-21.39,17.04 
25.14,-18.82,17.79 
18.09,-12.15,19.81 
27.25,-10.15,16.13 
33.92,-13.52,10.46 
38.38,-18.68,7.50 
40.04,-21.68,11.62 
39.11,-17.07,18.40 
32.81,-10.70,21.38 
27.64,-6.85,18.98 
19.89,-5.62,11.59 
13.66,-4.67,8.27 
13.75,-7.07,10.63 
20.76,-6.84,16.20 
26.67,-7.78,17.62 
26.68,-9.26,14.72 
27.42,-8.96,11.90 
29.51,-5.17,11.27 
26.07,1.56,10.17 
20.64,3.82,6.30 
12.53,0.02,1.09 
8.97,-5.22,-0.50 
13.02,-6.35,1.52 
27.14,-0.33,5.62 
36.22,-0.79,7.11 
29.95,-1.37,5.53 
14.64,0.45,2.16 
-1.38,1.39,-1.29 
-10.58,0.26,-2.83 
-11.50,-0.73,-1.96 
-8.48,2.09,1.32 
-9.42,4.70,6.80 
-15.65,9.19,11.23 
-17.52,12.92,11.62 
-27.61,16.72,7.07 
-49.29,17.68,-0.28 
-66.13,16.81,-0.41 
-59.79,15.82,4.78 
-39.29,11.77,9.84 
-21.58,9.74,10.31 
-14.13,10.90,7.52 
-16.95,11.28,4.98 
-24.77,10.11,3.07 
-28.52,9.42,0.88 
-23.71,5.88,0.91 
-12.46,-0.24,3.46 
-4.89,-3.30,8.42 
-2.29,-0.85,11.70 
-4.86,6.28,13.69 
-9.30,10.60,14.54 
-15.68,12.32,14.37 
-22.92,12.92,13.33 
-27.18,9.38,13.27 
-27.23,6.37,15.20 
-22.37,3.76,16.34 
-14.84,1.67,17.35 
-8.14,1.97,18.17 
-5.35,1.27,17.59 
-4.00,0.37,15.72 
-3.32,1.59,14.72 
-4.28,0.80,12.75 
-7.18,-3.55,10.78 
-3.59,-8.44,9.72 
-0.26,-10.38,9.41 
3.77,-10.90,9.47 
12.44,-10.72,10.94 
16.22,-14.06,6.31 
16.36,-14.93,-0.34 
18.97,-19.46,-13.70 
39.37,-40.73,-26.50 
59.29,-66.01,-29.38 
84.29,-100.79,-26.21 
95.45,-128.46,-19.69 
131.42,-101.68,-44.82 
155.78,-101.36,-40.45 
126.79,-85.69,-42.41 
86.09,-58.20,-37.38 
45.31,-72.09,-32.60 
17.77,-51.20,-32.79 
-18.03,-30.53,-38.99 
-59.18,-6.68,-52.39 
-95.04,20.22,-65.34 
-119.41,41.47,-81.11 
-131.81,58.35,-88.67 
-136.00,72.29,-93.08 
-139.36,93.21,-102.44 
-142.40,95.06,-100.71 
-143.91,102.29,-101.55 
-139.21,109.64,-97.66 
-122.60,114.35,-90.25 
-98.46,105.51,-82.76 
-67.97,92.49,-74.99 
-41.68,85.19,-65.78 
-24.28,82.28,-55.06 
-17.29,75.30,-50.10 
-7.90,77.03,-47.44 
3.23,68.66,-46.59 
16.42,53.65,-43.43 
25.02,36.32,-46.15 
21.98,30.45,-46.31 
19.66,25.18,-43.32 
22.09,25.44,-35.80 
22.38,17.68,-29.06 
20.32,11.30,-17.17 
24.85,8.87,-7.87 
35.83,6.81,-1.23 
40.29,2.58,-0.93 
32.19,1.18,-0.82 
14.21,2.20,5.29 
-9.65,2.11,10.57 
-28.51,7.82,14.85 
-38.54,17.77,15.37 
-42.05,27.24,12.07 
-47.13,31.35,14.45 
-47.24,18.87,30.60 
-30.74,7.22,47.24 
-9.55,1.62,52.71 
-10.49,6.60,50.11 
-37.27,24.26,46.27 
-57.55,30.40,43.03 
-48.13,26.54,37.06 
-24.03,17.03,30.45 
-7.18,9.03,26.02 
-0.86,4.70,22.91 
4.85,4.80,22.65 
6.97,4.38,24.59 
-14.08,4.87,27.90 
-32.63,8.26,31.14 
-35.09,11.99,30.69 
-19.67,5.03,29.11 
-11.45,-4.68,27.79 
-16.58,-2.96,26.59 
-39.68,7.03,25.50 
-57.90,16.63,22.31 
-46.42,17.48,19.85 
-21.74,7.85,20.60 
-10.72,-1.34,22.83 
-16.60,0.51,25.55 
-32.66,11.15,25.09 
-41.87,17.42,22.40 
-45.64,15.76,22.04 
-42.75,7.38,24.82 
-36.22,1.79,25.62 
-33.85,0.48,27.47 
-34.05,1.15,28.49 
-33.65,4.35,29.23 
-30.45,8.81,30.11 
-26.03,5.85,29.66 
-16.52,-0.07,30.16 
-11.52,-1.88,30.17 
-14.08,-1.55,31.27 
-19.03,-1.14,31.95 
-22.78,-0.41,31.56 
-21.64,-0.15,31.82 
-17.07,0.87,32.62 
-16.86,0.72,32.65 
-16.17,0.92,33.27 
-16.36,-0.36,33.98 
-19.70,-0.33,34.05 
-21.96,-1.74,34.25 
-15.30,-0.09,29.82 
-5.12,-2.90,25.43 
6.41,-7.26,24.74 
14.15,-9.83,26.33 
9.93,-10.72,28.25 
3.22,-10.18,28.78 
-1.30,-7.66,29.33 
-5.04,-6.62,31.72 
-10.97,-5.11,33.24 
-14.42,-2.01,31.55 
-16.34,0.29,28.51 
-12.74,2.28,24.11 
3.72,1.50,21.79 
26.65,-4.58,23.06 
43.20,-13.84,27.09 
50.48,-19.62,30.71 
56.39,-19.89,36.51 
56.41,-20.70,41.17 
42.81,-17.01,45.29 
29.89,-9.69,44.53 
22.65,-8.50,40.94 
19.57,-6.94,37.78 
12.67,-7.49,30.56 
8.32,-9.25,22.91 
1.11,-4.59,19.87 
-5.90,-0.64,18.19 
-19.19,6.84,6.94 
-39.29,16.58,-7.70 
-51.68,27.73,-20.27 
-61.79,27.90,-19.52 
-50.20,21.47,-15.25 
-17.29,16.77,-7.83 
5.34,20.75,-2.36 
-3.42,18.72,-3.61 
-14.65,15.47,-2.85 
-19.21,1.35,3.14 
-35.19,-3.20,14.11 
-57.04,5.87,13.58 
-83.70,21.85,3.96 
-79.50,28.51,-7.14 
-54.84,20.58,-12.96 
-20.37,10.23,-12.05 
-3.27,-0.75,-10.71 
3.28,-0.50,-13.37 
1.68,2.61,-16.02 
-0.49,3.94,-15.75 
-1.65,4.16,-13.86 
-5.33,4.78,-11.58 
-17.53,8.96,-7.93 
-38.54,14.46,-6.91 
-54.80,20.19,-10.47 
-57.87,25.28,-17.38 
-45.42,24.03,-19.84 
-31.70,18.31,-18.68 
-22.89,11.62,-18.10 
-15.85,8.46,-15.15 
-5.09,6.69,-10.89 
0.18,6.75,-7.49 
-1.13,6.11,-5.05 
-6.65,4.52,-2.79 
-7.73,2.19,-1.44 
-5.38,0.98,-0.34 
-4.80,1.83,-0.39 
-6.94,5.85,-1.60 
4.44,5.13,-1.55 
24.90,-6.13,-0.63 
36.59,-12.94,2.98 
32.15,-8.61,10.20 
6.50,-3.68,13.64 
1.08,-1.71,7.01 
15.61,-1.84,-0.77 
28.33,-11.31,0.98 
23.52,-11.86,7.20 
10.21,-5.19,9.30 
-4.26,3.36,7.73 
-5.29,1.21,4.13 
-3.23,-4.13,2.60 
-1.18,-6.55,3.26 
-5.56,-3.40,5.23 
-2.94,-2.87,4.92 
6.09,-7.78,3.38 
14.52,-15.45,4.20 
14.77,-21.07,7.29 
8.68,-22.52,9.07 
5.77,-20.85,9.69 
3.19,-15.28,8.88 
1.29,-9.69,6.83 
8.00,-10.81,6.45 
15.51,-18.97,8.31 
12.55,-21.25,9.26 
4.22,-17.43,9.75 
-1.23,-9.30,8.82 
0.91,-8.75,7.56 
8.71,-14.44,4.86 
17.45,-22.23,1.72 
21.92,-25.34,2.74 
20.90,-24.94,6.17 
7.86,-17.46,10.68 
-7.67,-4.04,14.60 
-6.25,4.16,13.98 
-3.38,0.83,8.88 
-5.70,-6.27,3.01 
-10.16,-2.61,5.11 
-16.95,4.78,9.81 
-20.65,10.86,11.11 
-9.84,2.87,6.97 
-3.23,-2.46,5.82 
-8.19,0.17,10.04 
-23.44,8.84,14.20 
-40.37,20.48,14.59 
-42.75,24.67,14.02 
-34.77,19.48,10.33 
-31.00,13.56,4.85 
-27.93,12.05,3.47 
-21.88,13.48,3.38 
-19.84,12.57,3.30 
-19.07,11.12,3.04 
-18.29,9.33,0.71 
-22.63,9.32,-4.31 
-11.67,5.90,-9.02 
1.49,3.62,-8.42 
2.58,4.84,-6.71 
-2.45,5.41,-7.75 
-5.33,8.41,-9.43 
0.81,12.02,-10.30 
13.31,11.47,-12.48 
23.13,11.71,-15.64 
33.16,8.11,-16.60 
39.75,4.81,-9.32 
32.90,6.20,-0.50 
19.20,12.55,3.44 
14.81,12.02,-6.56 
12.47,-0.44,-12.56 
17.10,-9.22,-6.39 
6.45,-1.57,5.64 
-18.78,15.22,9.66 
-16.49,16.67,4.39 
-9.42,12.45,-2.79 
-8.61,9.27,-8.63 
-10.08,8.99,-11.14 
-5.50,3.58,-14.01 
7.06,-5.95,-12.88 
12.30,-9.46,-9.55 
6.58,-2.49,-10.18 
5.25,3.19,-11.75 
17.86,-5.68,-8.67 
15.69,-10.75,-4.50 
-7.65,-5.55,2.04 
-35.07,9.13,2.74 
-37.30,13.71,-0.24 
-25.33,9.59,-2.86 
-16.54,2.84,-1.87 
-19.38,3.15,-1.66 
-17.58,7.09,-2.86 
5.93,4.20,-1.46 
26.99,0.16,3.35 
27.14,2.16,4.33 
11.75,5.77,-0.50 
3.05,8.20,-3.69 
5.05,9.71,-2.42 
9.75,12.32,-3.38 
17.17,13.71,-6.80 
21.84,12.67,-7.90 
20.15,13.06,-5.38 
11.71,14.03,-4.65 
4.45,14.43,-7.43 
4.90,12.67,-9.76 
6.82,12.54,-8.16 
2.62,14.25,-3.73 
-5.12,16.48,-2.28 
-13.62,16.54,-4.39 
-13.04,15.13,-6.60 
-9.97,13.35,-7.11 
-4.20,10.06,-4.59 
-0.98,6.77,-1.28 
-1.19,5.56,-1.08 
2.45,4.86,-3.58 
10.99,0.60,-3.72 
13.92,-1.33,-1.23 
10.76,-1.39,1.38 
6.16,-1.07,1.52 
3.05,-1.33,0.77 
3.17,-0.53,-0.05 
-4.20,1.28,-1.67 
-6.32,1.83,-1.14 
-3.33,0.60,0.57 
4.44,-2.96,4.27 
2.90,-2.41,4.20 
-3.99,2.20,-0.25 
-3.42,0.98,-1.73 
2.33,-2.21,2.54 
1.46,-1.19,4.37 
-1.18,0.98,1.26 
-1.19,1.56,-1.89 
4.41,0.55,-0.74 
9.45,0.95,0.45 
8.56,1.24,0.07 
8.48,-0.88,1.03 
4.15,-2.21,3.55 
1.42,0.98,4.05 
-3.38,3.51,0.71 
1.05,1.74,-0.76 
7.72,-1.34,0.33 
10.47,-3.66,3.50 
5.95,-1.88,4.27 
1.05,1.03,2.20 
0.61,2.17,1.23 
1.97,1.06,1.32 
2.62,0.14,2.27 
0.38,0.28,2.54 
0.91,-0.17,1.72 
4.50,-1.28,0.85 
6.67,-2.85,0.88 
3.61,-2.24,2.04 
-0.92,-0.24,3.58 
-2.66,0.52,3.81 
-1.23,0.45,2.45 
0.27,-1.31,1.87 
-0.07,-3.75,3.04 
-3.29,-3.74,4.68 
-6.43,-1.37,4.54 
-2.31,-2.96,3.20 
5.75,-8.58,2.66 
9.13,-14.50,4.45 
7.83,-15.40,6.75 
2.27,-12.04,7.23 
0.81,-9.77,6.48 
3.95,-9.62,7.11 
8.42,-14.55,9.26 
4.70,-19.10,10.69 
1.17,-22.62,12.43 
1.26,-23.14,13.15 
-2.07,-21.05,13.33 
-2.80,-19.43,13.46 
6.00,-26.10,12.56 
11.19,-35.20,13.58 
12.55,-39.04,16.28 
16.13,-38.07,17.04 
11.57,-30.68,13.46 
6.55,-23.23,9.24 
-2.10,-26.42,9.53 
-0.05,-35.75,13.95 
5.58,-36.65,12.86 
3.71,-27.46,10.60 
-2.69,-18.00,15.11 
-5.91,-15.95,24.49 
-9.65,-24.03,37.91 
-6.37,-44.13,42.56 
-9.15,-46.82,34.48 
-17.19,-21.63,14.28 
-8.71,-14.68,8.51 
-8.78,-28.59,27.09 
-17.41,-41.01,45.07 
-35.32,-44.73,43.70 
-33.26,-20.32,25.37 
-33.45,-7.92,16.19 
-25.35,-6.47,24.53 
-26.61,-15.86,38.62 
-34.13,-25.68,44.34 
-39.01,-23.17,46.71 
-24.13,-19.97,43.18 
-23.38,-13.57,28.43 
-24.78,-12.32,16.95 
-24.40,-23.59,10.78 
-11.50,-41.95,16.75 
2.74,-44.61,26.24 
4.07,-37.51,35.66 
-12.13,-15.26,34.80 
-19.79,-7.91,29.01 
-17.65,-14.30,30.13 
-13.00,-22.73,32.66 
-8.45,-25.78,32.72 
-17.36,-25.40,32.34 
-17.71,-22.82,30.94 
-1.48,-22.58,25.62 
12.55,-28.82,24.33 
6.27,-33.13,26.91 
-16.95,-28.46,29.07 
-20.77,-19.89,25.93 
6.73,-24.44,22.66 
20.19,-38.79,21.99 
1.61,-47.48,24.02 
-14.75,-39.75,28.16 
-6.92,-29.22,29.47 
8.03,-26.32,31.49 
6.50,-24.21,29.35 
-6.10,-22.29,28.07 
-11.24,-17.94,28.91 
1.68,-15.84,28.74 
8.21,-16.24,26.16 
1.34,-15.98,25.84 
1.71,-16.84,27.47 
2.07,-19.68,29.59 
-8.83,-14.96,27.40 
-7.44,-13.17,23.32 
5.68,-17.94,21.67 
7.25,-19.49,20.48 
2.59,-17.25,20.20 
-5.55,-13.23,21.26 
-7.35,-5.07,21.35 
0.13,-1.33,18.43 
10.13,-4.03,15.55 
11.86,-8.61,11.04 
0.70,-8.97,9.38 
-16.46,0.72,11.73 
-7.94,10.03,12.13 
12.71,8.78,11.00 
12.55,9.73,8.53 
6.36,8.72,5.62 
-9.44,9.71,4.22 
-10.14,12.29,3.62 
3.34,12.38,2.36 
10.61,12.38,-1.76 
1.84,13.50,-6.89 
-2.13,11.24,-8.18 
-1.56,13.96,-7.52 
-1.21,21.42,-7.72 
0.91,28.25,-10.42 
9.83,29.91,-12.99 
10.06,28.46,-15.34 
3.10,30.70,-17.06 
1.86,30.55,-18.18 
-0.57,33.06,-18.15 
-0.46,36.45,-18.74 
1.31,39.06,-20.93 
8.26,39.48,-24.18 
2.87,39.38,-30.01 
-7.65,43.04,-31.99 
-0.90,43.07,-33.86 
10.44,38.29,-33.90 
11.37,38.52,-34.39 
15.20,36.90,-34.30 
10.77,40.55,-36.05 
0.42,49.58,-41.43 
0.45,51.91,-44.62 
11.14,47.87,-45.66 
11.60,44.05,-44.89 
4.27,48.40,-45.86 
2.64,56.84,-44.18 
11.14,62.95,-45.05 
21.75,62.22,-50.68 
21.08,58.32,-57.29 
12.06,53.64,-63.18 
0.77,53.28,-61.73 
-3.36,62.77,-55.55 
9.51,71.67,-49.72 
21.81,75.79,-56.53 
25.37,72.60,-70.74 
25.69,58.66,-78.25 
14.45,47.61,-76.51 
-4.69,55.71,-65.89 
-6.75,69.39,-55.20 
11.71,73.80,-58.38 
37.63,65.51,-73.80 
55.54,49.41,-78.04 
56.53,35.04,-71.38 
32.16,36.11,-56.67 
3.84,42.99,-42.89 
-2.28,44.99,-43.64 
22.85,42.89,-52.83 
39.11,36.48,-54.41 
46.27,30.63,-45.99 
42.70,29.59,-31.49 
45.10,24.06,-23.31 
56.65,23.16,-22.45 
60.84,19.07,-21.76 
51.55,13.30,-17.72 
27.40,8.28,-13.87 
2.82,9.13,-8.10 
16.06,10.11,-6.62 
26.52,10.14,-9.58 
23.55,6.02,-3.29 
6.85,-0.46,1.70 
-0.57,2.77,5.67 
0.09,4.19,1.27 
-1.23,8.35,-2.41 
-3.81,12.89,2.37 
-4.86,10.70,4.92 
7.89,-0.81,6.36 
17.83,-8.39,4.85 
10.19,-5.81,2.57 
-0.92,4.86,2.77 
-4.92,7.54,5.66 
9.42,1.56,7.56 
15.75,-5.34,2.40 
11.02,-4.13,-0.13 
-2.52,2.19,1.37 
-11.27,3.64,3.53 
0.97,0.31,5.37 
22.39,-6.33,4.31 
25.49,-9.16,3.46 
6.64,-6.09,3.58 
-20.17,-0.55,6.14 
-28.83,3.16,7.58 
-11.06,-1.42,6.43 
4.70,-8.38,7.81 
11.54,-13.95,11.35 
0.79,-13.43,14.40 
-18.66,-9.13,13.93 
-22.66,-3.51,9.37 
-13.21,-5.59,8.34 
-8.23,-11.31,11.59 
-10.81,-16.82,14.80 
-15.68,-17.80,16.48 
-10.40,-18.62,18.85 
2.62,-17.80,23.53 
-1.94,-17.13,24.91 
-17.76,-21.88,23.56 
-20.25,-25.08,21.26 
-3.71,-26.67,23.03 
14.93,-31.71,27.53 
15.20,-37.81,34.33 
0.18,-44.78,39.85 
-17.50,-40.82,41.06 
-9.50,-35.71,44.48 
-11.64,-40.75,52.57 
-26.63,-50.35,62.27 
-59.24,-43.80,61.03 
-75.12,-13.91,41.09 
-40.08,-11.22,18.22 
4.03,-26.29,20.97 
37.28,-41.98,43.41 
16.97,-52.75,73.87 
-54.48,-48.94,89.35 
-75.35,-26.81,66.20 
-22.52,-14.46,23.79 
31.11,-42.20,14.02 
40.10,-59.19,29.59 
6.35,-66.49,51.44 
-6.89,-64.42,69.20 
-18.54,-64.81,69.95 
-28.75,-61.62,59.04 
-18.07,-41.86,26.36 
8.56,-44.70,10.75 
11.68,-54.09,17.91 
12.73,-54.23,42.60 
17.90,-56.38,66.68 
28.06,-57.49,68.13 
15.92,-56.46,52.08 
-22.83,-34.13,24.11 
-34.75,-30.03,13.61 
-12.43,-45.95,22.85 
22.52,-55.16,40.65 
21.84,-46.20,48.74 
12.56,-36.49,47.38 
1.16,-26.73,40.08 
2.59,-36.61,32.54 
10.56,-50.87,31.20 
19.74,-61.43,33.01 
6.59,-51.17,34.24 
-23.47,-27.86,28.98 
-12.72,-18.04,28.77 
2.35,-30.09,29.59 
15.37,-38.39,31.78 
5.13,-38.97,34.20 
-11.12,-24.64,36.27 
-6.36,-14.53,35.23 
5.43,-14.75,37.50 
16.00,-15.89,37.50 
7.98,-23.49,31.75 
-16.32,-17.71,25.24 
-13.56,-13.26,22.53 
15.74,-16.33,24.77 
28.88,-18.35,26.24 
12.16,-18.87,21.95 
-15.48,-16.35,16.95 
-35.62,-8.96,18.43 
-18.89,0.84,20.01 
24.13,-5.84,19.29 
27.87,-10.00,16.04 
-0.48,-10.07,13.00 
-30.51,-1.83,14.24 
-15.64,6.40,16.20 
18.85,3.65,11.58 
25.75,1.18,6.31 
5.40,-3.45,-2.45 
-19.10,-0.18,-4.50 
-19.91,6.92,-0.83 
4.29,15.21,0.53 
20.61,17.74,-5.81 
16.97,17.70,-11.80 
0.13,12.86,-14.01 
-11.42,12.45,-11.00 
-9.67,19.82,-7.66 
2.68,25.74,-8.19 
13.19,28.63,-12.65 
2.35,32.69,-16.42 
-9.12,35.48,-15.41 
-9.01,38.25,-12.71 
14.52,34.08,-13.84 
24.00,27.10,-19.58 
1.64,27.18,-28.25 
-24.32,31.25,-30.68 
-28.83,43.22,-26.02 
7.46,46.69,-21.75 
26.84,41.90,-25.03 
13.46,37.91,-30.76 
-4.86,33.62,-35.81 
-18.72,42.05,-36.70 
-4.74,57.65,-35.93 
20.19,56.80,-36.45 
29.57,44.52,-39.86 
9.75,38.70,-43.14 
-12.43,45.67,-44.59 
-19.47,64.64,-45.83 
3.80,69.22,-46.25 
22.77,58.55,-47.51 
20.74,49.70,-49.31 
3.81,47.96,-52.62 
-21.03,64.86,-55.54 
-20.98,80.00,-55.75 
2.65,80.84,-57.92 
14.64,71.42,-66.25 
9.92,61.76,-73.46 
-3.42,61.56,-76.16 
-17.52,72.29,-72.27 
-14.36,77.27,-70.96 
3.61,75.53,-72.02 
20.16,57.99,-77.70 
18.62,50.35,-86.48 
8.30,50.63,-84.93 
4.38,65.12,-75.51 
13.08,70.70,-63.93 
33.23,54.54,-58.12 
54.03,29.27,-65.83 
65.23,15.90,-69.73 
49.10,22.72,-59.18 
-1.32,39.91,-49.95 
6.22,46.99,-42.38 
48.90,31.83,-37.44 
76.52,13.71,-34.99 
85.48,9.94,-30.54 
57.10,17.73,-17.00 
30.58,21.97,-5.49 
30.10,12.38,3.11 
19.39,-6.90,-1.75 
-13.96,-2.26,-8.25 
-43.10,25.85,5.44 
-23.38,27.03,15.26 
4.58,-0.94,17.98 
21.55,-6.59,9.20 
9.00,-0.29,-3.32 
-20.60,8.63,0.13 
-23.32,15.18,5.69 
22.67,2.20,7.11 
47.74,-11.10,3.85 
29.40,-10.61,-1.93 
-11.32,3.25,0.08 
-12.68,9.79,6.85 
0.42,6.41,6.89 
17.26,-3.65,2.68 
17.34,-6.15,-3.46 
9.60,-3.94,-4.18 
3.25,4.83,1.15 
-2.63,-0.10,3.88 
3.37,-3.33,5.76 
10.77,-6.15,3.62 
8.58,-6.24,1.49 
-2.05,-2.50,2.75 
-11.26,-2.06,5.95 
-12.92,-2.85,8.94 
-11.79,-4.94,12.82 
-7.27,-8.46,14.83 
-5.35,-9.55,16.24 
-6.72,-11.08,20.20 
-28.11,-11.62,21.38 
-44.13,-13.97,17.03 
-41.50,-15.66,11.70 
-19.71,-12.04,14.34 
-0.66,-13.40,21.95 
9.92,-14.84,31.23 
8.22,-20.44,35.27 
-13.47,-31.84,32.45 
-21.15,-40.20,30.53 
-12.37,-41.63,32.05 
8.27,-39.65,42.97 
20.74,-38.81,55.09 
20.79,-37.83,64.46 
-17.38,-38.56,64.69 
-44.95,-37.48,46.95 
-30.34,-35.92,29.95 
17.22,-43.48,22.57 
44.24,-49.45,32.48 
19.20,-43.49,45.55 
-27.91,-28.78,55.35 
-28.55,-30.35,45.29 
2.41,-43.11,37.23 
22.85,-58.29,35.84 
13.28,-53.94,53.62 
-18.40,-41.80,69.62 
-41.42,-33.26,81.46 
-34.16,-40.62,74.88 
18.96,-64.32,63.35 
19.19,-67.78,41.93 
-1.38,-50.85,33.20 
-18.25,-44.32,39.58 
-25.04,-46.93,52.66 
-21.50,-62.61,62.27 
1.11,-63.10,56.02 
-2.71,-50.44,37.99 
-11.42,-36.73,31.33 
-8.77,-34.79,40.83 
-4.84,-35.48,54.65 
18.15,-43.45,55.40 
23.39,-51.23,52.95 
17.89,-48.09,47.24 
15.80,-39.63,43.01 
13.26,-35.30,37.00 
-1.59,-35.48,32.10 
-3.82,-39.23,31.64 
0.06,-36.32,34.83 
17.54,-35.30,38.40 
6.56,-28.62,37.95 
-5.41,-26.85,34.07 
-7.91,-27.95,34.53 
-3.59,-21.68,34.98 
7.57,-16.62,33.38 
10.76,-17.23,30.05 
4.24,-19.20,27.62 
-1.47,-21.89,26.97 
-0.61,-20.10,23.82 
12.68,-21.74,20.11 
9.43,-21.74,14.62 
-4.84,-17.74,10.36 
-9.84,-11.84,10.05 
-1.79,-7.08,11.75 
1.37,0.95,11.30 
6.09,4.48,8.51 
16.26,3.61,7.70 
13.28,1.85,6.98 
-1.88,4.54,3.47 
-10.74,6.84,1.06 
-7.32,7.99,-1.49 
2.42,5.90,-4.15 
-2.80,10.05,-5.11 
-12.45,17.48,-5.46 
-6.89,22.35,-3.18 
13.05,19.64,-2.57 
20.18,18.28,-5.75 
9.92,17.25,-11.08 
-9.84,17.88,-16.01 
-18.07,21.62,-15.95 
0.15,21.32,-12.04 
21.34,17.62,-11.78 
18.33,18.23,-16.10 
5.05,18.26,-21.15 
-9.90,20.75,-24.09 
-10.08,27.25,-24.27 
3.75,30.23,-22.99 
13.31,28.37,-23.11 
10.76,28.28,-23.93 
0.67,32.57,-24.38 
0.33,38.02,-25.83 
5.37,43.83,-30.77 
17.37,42.12,-34.63 
20.68,35.79,-35.61 
6.62,31.36,-36.99 
-8.17,31.76,-36.86 
-16.19,37.70,-38.24 
-12.39,47.42,-40.53 
1.25,52.09,-43.99 
12.33,47.36,-44.22 
13.34,45.45,-44.80 
12.01,45.71,-45.20 
7.42,49.87,-46.34 
3.48,57.06,-49.11 
-1.79,65.13,-52.85 
-5.85,69.25,-58.51 
-6.86,64.95,-61.75 
-7.19,62.11,-63.69 
-6.57,64.95,-63.60 
-9.67,70.60,-65.32 
-13.23,79.76,-66.76 
-13.85,84.87,-69.86 
-9.38,82.05,-77.37 
-0.66,76.20,-84.59 
13.10,66.74,-85.96 
11.03,57.27,-84.34 
-1.41,56.28,-84.47 
-7.21,56.55,-80.85 
-3.30,54.40,-75.93 
5.61,45.96,-71.98 
7.75,44.14,-69.32 
4.53,45.80,-69.43 
18.81,45.71,-72.99 
43.92,37.58,-66.85 
61.80,23.07,-48.96 
41.00,19.96,-29.18 
7.66,22.77,-18.76 
12.41,27.33,-22.54 
64.76,20.51,-32.96 
114.42,7.53,-32.54 
112.70,1.07,-24.79 
75.26,3.58,8.80 
23.02,-7.65,29.29 
-21.76,-7.81,33.59 
-36.22,1.32,22.91 
-41.24,13.47,2.25 
-46.42,22.22,10.19 
-41.73,22.28,8.40 
-11.32,8.74,7.73 
12.97,-4.64,-6.83 
26.12,-2.18,-9.63 
22.32,3.50,4.53 
21.63,-2.42,13.44 
28.64,-9.94,11.75 
11.58,-12.56,-1.72 
-7.50,0.57,-0.68 
-31.67,11.32,4.88 
-35.52,11.83,7.96 
-0.20,-0.20,10.33 
25.80,-11.26,6.68 
26.59,-12.21,-0.39 
9.34,-4.20,-3.49 
-3.35,1.74,1.73 
2.04,-3.42,5.78 
11.20,-11.23,6.11 
13.81,-12.97,4.72 
1.11,-10.42,4.31 
-6.17,-7.37,8.89 
-2.28,-9.26,15.62 
-8.00,-9.65,20.98 
-23.21,-13.62,20.05 
-33.74,-17.33,11.81 
-29.94,-14.46,11.85 
-16.52,-14.42,18.74 
-3.85,-21.84,27.88 
-22.11,-30.06,36.48 
-29.96,-29.89,42.02 
-24.84,-22.87,37.64 
-6.32,-24.91,36.39 
5.63,-29.28,42.88 
7.54,-37.86,51.26 
-17.78,-41.19,55.75 
-21.88,-32.18,55.67 
-8.05,-28.73,48.20 
9.05,-37.51,41.00 
11.58,-45.22,41.37 
-7.15,-49.98,46.62 
0.07,-47.11,49.46 
-2.48,-43.05,52.53 
9.37,-42.78,56.22 
29.25,-52.39,59.26 
13.37,-67.62,63.20 
-21.94,-54.33,76.24 
-7.61,-38.99,73.21 
14.16,-46.73,62.94 
33.52,-62.99,53.90 
-12.95,-77.11,56.57 
-40.26,-64.90,72.56 
-27.79,-49.52,78.74 
11.13,-45.34,65.35 
9.06,-45.37,52.51 
-2.77,-44.38,39.32 
-21.68,-38.44,35.99 
11.23,-46.20,44.68 
4.26,-60.10,47.11 
-6.05,-72.15,50.89 
-6.63,-70.23,55.37 
-2.26,-63.66,52.71 
-0.29,-49.66,53.29 
-11.73,-37.19,54.27 
-0.55,-24.39,48.40 
18.73,-28.21,41.43 
12.96,-37.19,37.67 
3.43,-42.39,41.50 
-5.91,-36.27,47.09 
-7.36,-21.62,43.99 
5.68,-21.02,36.78 
7.60,-24.78,32.10 
-6.19,-27.30,31.66 
-29.76,-19.84,29.18 
-17.38,-17.37,26.94 
8.13,-16.70,26.69 
12.06,-15.49,22.27 
0.67,-14.70,18.75 
-13.71,-7.92,18.13 
-16.94,-0.23,19.67 
11.29,-0.06,19.17 
22.87,-7.11,14.98 
-1.62,-10.49,6.37 
-25.16,-4.85,2.66 
-8.89,-0.15,2.75 
13.95,5.30,1.43 
23.75,4.20,-1.28 
12.10,3.73,-4.01 
-9.67,9.64,-5.34 
-10.98,17.96,-7.34 
5.13,19.61,-9.18 
18.53,18.61,-11.49 
15.19,16.87,-12.50 
-0.81,17.73,-11.98 
-9.44,24.89,-11.90 
3.28,31.73,-13.02 
14.64,31.71,-16.93 
14.13,30.14,-19.17 
-5.36,27.64,-21.03 
-19.16,33.67,-19.69 
-7.26,35.03,-17.02 
18.87,31.53,-17.92 
25.28,27.42,-21.81 
10.27,26.00,-24.80 
-9.74,29.42,-28.01 
-8.25,32.51,-27.72 
13.20,28.98,-26.07 
16.33,28.17,-28.25 
4.76,26.54,-31.35 
-8.65,30.23,-33.03 
-11.90,37.25,-32.01 
-0.74,46.57,-29.51 
16.01,49.03,-29.81 
23.02,46.60,-32.62 
11.57,39.76,-35.87 
-7.36,37.06,-41.15 
-12.19,41.06,-43.28 
-6.94,50.58,-45.37 
6.42,52.78,-45.87 
8.87,47.06,-44.82 
1.72,45.70,-47.47 
2.29,47.48,-51.25 
4.15,54.22,-54.74 
7.39,60.25,-56.48 
12.03,60.51,-56.96 
1.64,56.38,-60.42 
-1.07,54.90,-64.41 
3.83,53.13,-65.26 
3.77,56.48,-63.67 
-4.16,58.78,-65.80 
-6.48,60.86,-69.75 
-3.13,64.93,-74.31 
8.91,64.84,-77.66 
26.38,61.71,-75.38 
31.11,51.56,-72.48 
30.71,42.32,-67.43 
2.70,39.01,-65.70 
-26.71,46.93,-61.95 
-28.80,54.92,-67.32 
-11.50,51.32,-71.35 
12.74,37.85,-71.57 
19.48,21.80,-58.94 
22.35,17.59,-35.11 
14.90,22.34,-23.67 
43.66,30.86,-21.90 
68.79,17.97,-26.04 
76.42,5.35,-23.17 
45.00,6.98,-13.31 
24.45,10.81,-2.27 
5.43,8.80,-1.17 
7.37,7.80,-6.76 
14.58,14.83,-6.91 
4.33,18.26,-0.01 
-2.95,5.94,13.64 
-3.58,-4.70,10.91 
13.60,-4.50,-5.83 
26.68,6.20,-16.50 
27.84,16.99,-5.26 
14.03,7.94,11.01 
29.98,-6.87,14.65 
30.88,-5.63,8.08 
2.61,-5.97,-10.59 
-17.68,7.18,-5.75 
-33.67,16.05,9.20 
-4.39,7.65,18.04 
22.58,-2.41,9.93 
24.88,-6.55,0.39 
15.84,-2.38,-5.87 
-4.68,1.07,-0.16 
-17.62,-0.27,7.04 
-0.65,-1.17,9.56 
18.58,-2.24,6.53 
20.48,-0.44,1.15 
13.17,-2.27,-1.31 
4.50,-2.17,2.05 
-2.86,-3.37,5.07 
-2.48,-3.04,5.11 
1.61,-2.15,2.95 
3.28,-3.05,1.75 
1.25,-4.17,3.29 
-7.85,-6.01,7.04 
-13.18,-6.65,9.24 
-8.98,-5.05,11.00 
-7.38,-4.82,10.71 
-6.97,-6.24,9.76 
-3.15,-10.58,11.70 
-14.95,-12.50,15.04 
-20.02,-12.68,17.79 
-13.85,-9.88,15.78 
-2.45,-7.68,15.91 
6.65,-9.75,14.75 
1.43,-19.54,13.56 
-12.87,-28.00,16.62 
-40.72,-29.19,28.60 
-24.08,-16.50,35.24 
3.39,-12.26,31.75 
32.71,-13.63,30.49 
55.31,-28.42,32.62 
29.40,-51.59,36.95 
-17.47,-54.55,43.20 
-35.62,-31.19,47.14 
-17.91,-11.02,39.06 
22.97,-20.09,28.22 
43.52,-42.70,28.97 
0.47,-60.00,36.65 
-36.90,-43.33,53.46 
-13.94,-18.88,62.69 
11.87,-16.20,51.56 
28.03,-26.84,32.83 
32.33,-48.35,29.41 
-32.77,-71.63,36.92 
-48.51,-54.20,61.40 
-28.95,-36.41,72.85 
17.80,-32.49,70.24 
29.02,-40.06,56.54 
22.53,-51.11,48.88 
-16.78,-61.92,51.35 
-9.13,-53.45,64.69 
32.84,-54.88,69.37 
70.10,-62.49,64.59 
47.37,-66.30,59.87 
-30.97,-49.25,54.59 
-60.39,-33.07,46.22 
-17.99,-46.50,43.99 
10.71,-72.04,55.58 
9.86,-73.42,48.27 
7.42,-58.20,43.55 
1.60,-51.80,46.86 
3.84,-36.41,56.65 
25.46,-32.29,65.01 
57.16,-43.65,64.97 
27.83,-58.00,53.70 
-9.82,-48.27,47.79 
-12.23,-34.85,45.50 
6.84,-32.72,48.53 
7.64,-31.63,49.41 
-7.27,-32.73,41.47 
-31.19,-26.62,34.63 
-10.51,-14.00,33.81 
12.79,-13.22,34.56 
14.93,-16.58,31.06 
-3.56,-21.75,23.66 
-13.30,-17.51,20.51 
0.90,-7.42,18.68 
24.82,-9.04,16.60 
21.19,-13.77,12.37 
-3.64,-13.63,7.58 
-13.01,-8.44,7.79 
-7.26,-1.55,9.79 
8.94,6.37,10.39 
13.93,4.69,4.65 
2.53,8.61,-0.36 
-4.92,11.96,-1.38 
4.77,13.39,1.04 
10.18,15.96,-0.47 
5.14,17.94,-5.23 
-8.02,17.42,-10.91 
-16.74,16.61,-12.30 
-10.34,22.28,-10.67 
13.19,23.09,-10.16 
21.39,29.67,-13.43 
12.90,32.26,-16.57 
0.68,31.48,-18.12 
-5.64,26.23,-19.18 
0.74,21.35,-19.55 
2.42,20.74,-21.12 
-1.88,25.85,-24.39 
-7.53,30.99,-25.43 
-6.68,34.93,-24.01 
2.96,34.66,-21.70 
14.77,28.41,-23.03 
14.09,26.28,-23.52 
5.89,26.81,-25.18 
-15.87,29.90,-27.25 
-24.90,35.87,-28.24 
-7.97,35.38,-27.93 
14.97,28.46,-27.49 
9.58,25.82,-29.52 
-10.75,28.69,-31.34 
-32.65,38.06,-32.67 
-16.40,53.90,-28.63 
18.09,47.15,-30.56 
24.81,28.02,-38.79 
0.29,18.22,-44.88 
-34.81,28.83,-45.75 
-40.11,51.41,-43.66 
-3.36,62.48,-38.48 
31.45,52.89,-42.33 
37.55,36.29,-47.14 
9.78,28.49,-53.37 
-23.32,41.94,-55.73 
-39.90,64.84,-52.85 
-10.97,69.15,-49.54 
32.52,47.04,-46.56 
23.25,29.74,-56.19 
-12.90,37.06,-66.39 
-26.94,58.90,-65.51 
-12.87,75.47,-59.49 
13.57,72.06,-53.51 
33.05,53.38,-54.62 
17.11,37.36,-68.51 
-5.21,34.34,-74.38 
-18.58,44.98,-70.59 
-6.66,54.78,-64.51 
5.84,52.92,-58.60 
7.43,42.90,-57.76 
13.81,37.88,-62.33 
14.09,36.70,-66.21 
28.42,34.26,-65.43 
26.76,30.12,-58.71 
9.39,30.05,-45.70 
2.59,34.12,-39.46 
15.86,28.61,-43.18 
61.55,19.68,-42.53 
106.65,19.71,-27.29 
107.16,13.80,-9.37 
84.85,1.58,-2.63 
49.77,-1.65,-4.53 
37.39,-2.61,-11.44 
27.17,5.51,-4.97 
7.19,13.71,11.96 
-15.67,12.57,16.02 
-53.18,3.73,13.37 
-48.57,0.28,1.76 
-23.90,8.64,-11.70 
7.37,21.62,-5.81 
12.18,17.51,7.64 
34.48,-2.53,17.27 
47.35,-12.13,10.92 
40.04,-14.96,-3.78 
13.37,-3.31,-10.47 
-17.79,11.93,-0.10 
-28.00,16.86,12.46 
-4.83,1.74,7.62 
5.72,-8.56,-2.02 
7.02,-5.28,-7.22 
-4.69,1.85,-1.75 
-2.68,4.14,9.35 
13.57,-2.39,12.24 
26.48,-10.49,7.85 
13.08,-11.95,-2.94 
-6.83,-0.67,-4.71 
-20.90,6.02,0.66 
-16.13,2.72,5.95 
5.40,-5.98,4.77 
14.45,-11.04,3.44 
8.58,-8.97,2.91 
-2.87,-3.10,5.09 
-4.45,-2.27,8.39 
1.63,-3.89,11.03 
0.65,-7.20,9.46 
-10.74,-5.31,7.56 
-20.63,-6.44,7.03 
-25.90,-6.42,7.88 
-19.16,-6.62,10.75 
-19.21,-9.62,13.70 
-15.94,-10.97,17.88 
-18.42,-12.38,21.47 
-17.87,-16.32,24.20 
-23.65,-22.38,24.65 
-32.71,-26.01,29.47 
-31.56,-26.99,31.47 
-18.11,-21.80,35.04 
-3.58,-16.53,37.40 
9.83,-19.39,41.76 
6.15,-26.09,47.04 
-23.58,-36.85,50.65 
-37.87,-34.41,44.68 
-25.09,-28.27,36.78 
12.65,-24.72,32.62 
35.69,-32.64,36.45 
38.33,-42.01,44.42 
11.64,-47.31,42.95 
4.65,-48.82,41.91 
1.58,-46.78,47.29 
13.97,-41.81,52.43 
9.75,-36.52,41.12 
13.87,-37.36,31.62 
18.16,-43.52,33.49 
4.10,-55.43,47.14 
-24.57,-59.80,63.33 
-7.62,-55.40,66.20 
15.86,-46.46,56.27 
26.36,-37.19,48.59 
23.49,-34.23,42.14 
11.23,-38.76,43.15 
-7.90,-47.63,44.05 
-7.39,-57.40,52.05 
-8.94,-43.28,52.48 
29.34,-41.52,39.73 
50.52,-54.39,33.85 
25.14,-71.80,34.36 
-14.65,-75.75,43.93 
-31.84,-59.07,50.77 
-13.55,-42.35,44.31 
15.60,-39.84,38.88 
32.91,-43.55,41.29 
23.55,-44.35,42.56 
19.19,-46.82,41.30 
12.19,-47.25,43.85 
7.75,-33.78,45.41 
5.40,-23.34,42.28 
-6.57,-20.42,36.94 
-12.08,-20.96,35.50 
2.38,-26.04,35.52 
16.58,-28.27,31.93 
14.07,-27.08,30.28 
-1.38,-19.30,27.44 
-15.04,-13.42,25.64 
-9.26,-13.26,26.57 
-2.68,-12.96,24.42 
-9.74,-10.50,16.98 
-14.77,-4.47,14.82 
-4.95,4.25,16.24 
12.52,4.93,18.53 
23.35,6.28,16.42 
22.30,5.18,10.53 
6.09,2.64,2.60 
-15.24,3.87,-3.66 
-26.00,5.50,-3.18 
-23.67,12.17,0.36 
0.42,18.90,0.24 
19.55,15.97,-5.15 
16.42,14.43,-9.14 
8.33,14.87,-9.26 
5.03,16.63,-9.64 
-0.63,18.58,-12.30 
-3.15,18.06,-15.26 
-4.75,18.70,-17.52 
-5.58,20.28,-17.38 
-4.83,24.60,-16.91 
0.16,30.26,-16.05 
4.15,38.61,-17.81 
17.31,38.46,-20.19 
25.69,31.15,-21.08 
9.98,27.73,-24.16 
-3.99,29.47,-28.68 
-0.17,30.25,-29.09 
3.92,30.66,-30.41 
-0.11,32.29,-34.44 
-3.48,31.90,-34.80 
-12.28,34.93,-35.03 
-2.55,41.09,-33.90 
12.32,47.68,-32.39 
18.47,50.40,-34.79 
14.00,47.93,-38.93 
2.19,43.36,-40.34 
-8.19,47.35,-42.15 
-5.47,50.89,-43.80 
1.86,56.49,-46.24 
0.62,49.12,-50.15 
-11.74,41.27,-54.18 
-22.26,42.58,-52.21 
-25.84,55.74,-50.34 
-10.45,71.25,-50.24 
11.64,73.01,-53.20 
19.55,56.60,-57.38 
4.32,37.39,-62.31 
-18.57,33.42,-65.76 
-24.71,48.05,-64.93 
-20.65,61.76,-63.78 
-20.36,68.00,-61.54 
-24.20,64.75,-65.22 
-18.02,57.44,-66.38 
7.57,53.59,-66.74 
25.00,47.74,-64.85 
24.45,43.56,-65.32 
12.76,44.64,-72.01 
13.25,38.69,-78.76 
16.74,26.00,-75.84 
12.56,26.19,-67.90 
1.66,30.48,-54.51 
-9.42,39.36,-44.56 
0.84,40.00,-46.22 
20.04,32.67,-53.31 
45.57,22.60,-50.96 
60.29,18.22,-39.41 
59.31,23.16,-24.77 
38.58,21.74,-11.72 
25.97,16.66,-8.16 
7.26,15.01,-13.67 
14.04,15.10,-13.28 
30.58,17.10,-2.70 
31.40,9.79,8.94 
9.20,-1.60,18.39 
-25.96,-2.94,14.22 
-27.41,5.12,-3.78 
-9.93,15.07,-13.87 
12.64,24.32,-2.53 
37.64,8.93,13.30 
44.62,-6.59,12.68 
33.34,-14.75,3.33 
1.20,-11.01,-6.56 
-23.71,8.70,-3.29 
-24.10,18.48,7.50 
8.30,8.69,4.69 
27.78,-3.66,-3.58 
27.71,-2.41,-2.68 
8.24,-0.29,6.80 
2.21,-1.86,11.73 
-3.38,-5.68,9.18 
-7.62,-5.19,-2.07 
-16.98,3.35,-5.67 
-19.94,10.11,0.74 
-1.44,6.63,10.46 
22.74,-7.20,10.14 
28.73,-13.63,3.98 
8.03,-9.19,-3.20 
-13.16,1.80,-3.70 
-21.41,4.06,-1.75 
9.45,-1.43,5.70 
26.58,-7.86,5.20 
20.53,-8.35,3.85 
8.56,-7.23,4.48 
-5.70,-4.09,7.53 
-16.69,-2.58,9.29 
-12.95,-3.59,8.37 
4.77,-8.01,6.98 
17.31,-11.72,8.11 
20.64,-15.55,11.32 
-2.37,-14.82,17.79 
-30.05,-12.12,25.07 
-34.66,-8.29,20.74 
-16.54,-9.37,15.49 
13.69,-18.61,16.49 
40.79,-30.46,20.16 
38.52,-37.31,23.84 
-1.21,-39.01,32.95 
-2.23,-30.10,35.00 
15.26,-28.84,33.27 
41.19,-35.72,35.95 
39.58,-38.78,44.86 
5.68,-36.23,48.56 
-18.25,-28.99,40.57 
-4.63,-32.70,31.70 
17.71,-39.11,29.72 
21.83,-35.94,39.85 
5.77,-28.01,48.08 
3.43,-32.13,43.27 
6.06,-43.49,37.01 
12.19,-50.90,33.90 
14.91,-53.10,35.38 
17.17,-46.87,37.78 
14.29,-42.56,40.94 
7.02,-48.15,47.18 
-0.17,-52.26,56.42 
23.08,-53.78,61.78 
10.19,-58.12,59.73 
10.39,-42.44,59.20 
-3.18,-50.23,53.44 
-5.82,-52.61,55.67 
-1.59,-57.07,58.85 
0.77,-50.06,53.73 
21.00,-46.50,49.99 
41.39,-53.65,50.05 
43.54,-58.46,54.30 
3.06,-55.39,53.17 
-12.05,-40.46,43.46 
-13.00,-44.81,39.61 
-18.72,-44.73,46.77 
-5.70,-31.45,53.90 
6.64,-26.84,46.78 
16.04,-29.57,40.04 
13.26,-37.45,40.62 
11.43,-40.87,47.61 
8.59,-33.34,52.92 
-13.81,-24.85,51.37 
-15.62,-22.88,39.14 
1.57,-35.45,32.92 
7.25,-42.88,34.98 
0.38,-35.45,37.04 
-11.58,-19.62,35.09 
-8.37,-13.69,34.31 
3.57,-17.07,34.59 
14.88,-20.59,31.55 
16.00,-20.06,29.81 
2.06,-13.19,27.27 
-15.52,-7.04,24.19 
-16.36,-2.44,22.66 
3.05,-5.94,22.01 
17.45,-11.20,19.47 
5.78,-12.33,13.07 
-11.19,-4.99,11.24 
-19.16,5.48,8.37 
-0.03,8.38,5.46 
11.83,5.38,1.98 
3.34,0.99,-1.75 
-10.20,3.93,-2.79 
-7.45,11.09,-1.09 
6.15,15.94,-1.76 
12.81,18.08,-4.77 
5.40,15.53,-7.26 
-7.01,15.87,-7.28 
-12.78,19.58,-7.64 
-4.87,23.18,-7.78 
1.16,25.44,-9.96 
-3.97,26.40,-11.83 
-16.68,29.15,-12.19 
-6.57,30.67,-10.27 
10.01,34.38,-11.09 
18.67,35.19,-14.21 
9.60,33.80,-16.94 
-3.59,34.08,-19.86 
-10.10,32.86,-21.93 
-6.81,33.67,-24.30 
2.12,32.32,-24.71 
4.30,36.16,-25.00 
4.29,38.58,-25.02 
1.23,38.54,-25.54 
-10.36,38.99,-29.15 
-17.94,44.22,-30.99 
-4.87,46.66,-29.38 
13.45,44.63,-29.20 
14.10,40.64,-30.91 
-5.67,39.09,-34.68 
-26.34,42.00,-38.50 
-28.03,45.18,-40.44 
1.06,46.14,-36.16 
18.39,41.44,-37.37 
9.31,33.53,-41.60 
-10.68,35.88,-44.59 
-25.27,49.68,-44.89 
-21.29,60.05,-44.44 
-0.92,51.62,-47.54 
-3.61,36.67,-51.40 
-24.08,37.76,-52.24 
-29.19,57.06,-50.83 
-6.58,72.11,-49.90 
18.97,67.73,-47.98 
31.80,44.60,-49.31 
2.90,28.38,-60.50 
-28.31,33.38,-69.05 
-42.03,53.01,-71.12 
-14.23,64.96,-64.16 
19.87,51.85,-56.73 
27.51,32.89,-58.12 
21.58,28.12,-66.88 
14.55,39.27,-70.01 
7.87,47.48,-66.62 
-0.08,49.64,-53.95 
3.55,40.98,-46.71 
14.30,32.81,-56.02 
31.66,31.76,-73.96 
36.15,31.61,-77.96 
25.92,35.59,-68.96 
27.58,39.94,-49.61 
44.03,30.46,-40.44 
57.52,18.70,-35.41 
59.64,15.03,-25.28 
41.61,20.29,-7.64 
3.31,19.61,3.43 
-22.52,11.27,6.01 
-13.48,9.21,1.93 
10.41,12.14,-3.20 
16.38,14.95,-2.74 
12.77,10.64,3.23 
10.39,5.44,3.11 
13.28,-2.88,-1.86 
11.25,-4.17,-7.17 
9.40,7.24,-5.20 
3.29,15.74,2.78 
9.34,11.77,9.78 
13.54,-2.23,10.92 
-3.50,-17.37,5.37 
-11.10,-8.79,-8.28 
-11.33,19.73,-10.68 
-5.79,27.76,1.67 
25.81,1.61,14.39 
47.93,-20.30,12.95 
25.83,-25.48,2.16 
-0.37,-1.69,-9.06 
-23.27,19.32,-0.80 
-29.16,16.83,11.14 
7.13,-1.22,14.54 
14.73,-9.98,6.31 
6.19,-5.77,-6.85 
-4.19,2.43,-7.84 
-9.82,8.17,-1.81 
-1.27,4.40,4.60 
15.77,-6.73,6.59 
16.68,-8.29,4.10 
0.68,-3.95,-1.02 
-8.05,3.13,-1.87 
-5.99,1.87,4.19 
-0.63,-1.46,6.77 
2.93,-2.73,2.85 
6.94,-3.17,-1.66 
12.73,-3.66,-1.05 
15.74,-5.40,4.10 
11.40,-5.68,7.24 
4.82,-8.03,7.32 
-4.08,-5.60,6.39 
-9.59,-1.91,6.05 
-8.86,-2.91,7.35 
-3.99,-6.46,10.34 
-0.94,-10.00,14.30 
-4.66,-12.58,15.67 
-17.06,-15.30,11.91 
-19.84,-15.74,10.92 
-13.21,-16.53,15.75 
-12.07,-15.66,23.79 
-13.03,-15.57,30.86 
-9.42,-16.49,28.37 
-3.94,-18.52,23.55 
9.81,-23.49,21.66 
14.19,-29.11,27.49 
-28.69,-34.32,43.38 
-38.10,-20.82,50.40 
-33.32,-18.24,41.82 
19.06,-23.98,33.23 
64.44,-38.21,29.30 
58.74,-46.26,34.92 
16.29,-45.26,56.45 
-4.45,-30.01,66.83 
-16.36,-20.32,52.36 
-10.08,-27.91,28.16 
-0.75,-33.22,22.95 
3.52,-36.93,36.22 
-13.50,-35.89,64.30 
-2.68,-26.29,72.27 
1.34,-33.43,60.94 
3.48,-49.65,43.62 
-22.92,-55.63,43.69 
-19.59,-46.82,61.61 
7.74,-35.80,69.82 
49.64,-39.84,61.56 
64.39,-56.42,51.35 
34.48,-71.37,48.78 
3.05,-65.91,49.67 
-9.44,-58.12,55.43 
-8.80,-48.64,62.94 
4.61,-43.57,60.27 
16.73,-46.59,51.53 
9.69,-49.04,47.01 
-6.17,-47.98,47.99 
-6.57,-43.05,59.58 
2.58,-32.68,70.40 
21.34,-30.00,66.07 
33.74,-39.17,52.10 
15.83,-54.50,41.87 
-14.26,-56.03,45.64 
-17.27,-42.99,48.54 
7.48,-34.62,43.33 
29.20,-39.95,40.92 
3.02,-48.84,39.53 
-16.23,-37.69,38.20 
-14.08,-35.08,34.82 
1.89,-32.94,33.96 
11.61,-27.62,41.20 
4.15,-13.43,40.75 
-5.00,-7.23,32.42 
2.24,-10.13,28.94 
23.13,-13.30,29.93 
27.57,-14.17,28.71 
8.85,-13.63,22.72 
-18.05,-12.93,17.07 
-24.31,-13.46,13.55 
-16.78,-12.26,12.75 
-8.14,-6.12,11.82 
-2.83,0.45,11.53 
-0.58,8.06,10.10 
0.87,13.56,8.49 
1.55,16.64,6.63 
7.45,16.41,5.11 
12.59,13.83,1.95 
7.95,10.02,-2.27 
-2.57,10.63,-3.98 
-11.79,14.38,-6.30 
-8.49,13.68,-8.07 
1.51,13.74,-10.07 
6.07,12.67,-11.81 
-6.16,18.32,-13.38 
-16.94,27.74,-13.67 
-8.16,35.32,-11.73 
10.96,36.63,-9.66 
17.71,36.60,-9.41 
8.62,36.00,-12.50 
-3.59,36.52,-14.86 
-3.73,33.56,-15.47 
-1.35,32.96,-14.67 
-5.01,34.83,-17.31 
-8.95,37.70,-21.78 
-2.39,35.90,-22.60 
11.93,32.93,-20.57 
16.26,31.96,-20.85 
5.42,36.80,-23.06 
-5.76,37.13,-24.41 
-20.32,35.15,-27.64 
-11.88,33.93,-27.52 
5.22,33.47,-25.80 
17.08,33.35,-25.64 
10.76,35.80,-27.44 
-0.02,36.89,-29.96 
-3.45,34.52,-32.41 
-1.71,34.64,-33.15 
4.87,37.93,-34.51 
4.03,39.65,-36.65 
-8.42,38.89,-39.76 
-15.18,39.96,-40.22 
-10.58,35.76,-41.78 
-9.78,34.99,-42.04 
-6.08,42.23,-42.24 
-3.18,46.67,-43.00 
0.13,46.92,-44.96 
2.70,40.78,-46.63 
-11.06,37.06,-51.09 
-25.10,42.14,-54.76 
-24.65,48.35,-54.38 
-7.16,53.61,-50.01 
8.01,52.49,-51.17 
7.14,46.45,-55.67 
-4.13,41.42,-60.89 
-8.55,39.53,-64.45 
-7.41,39.32,-68.57 
-9.03,37.13,-68.48 
-18.32,35.03,-65.03 
-19.42,42.14,-61.58 
-2.49,51.47,-64.51 
10.53,47.09,-70.39 
12.10,38.46,-70.45 
16.16,31.38,-61.09 
13.61,34.06,-55.81 
6.44,35.07,-59.44 
2.21,34.00,-65.86 
13.71,28.93,-63.31 
31.63,26.12,-58.82 
50.01,26.52,-53.75 
57.75,22.49,-49.93 
53.81,17.68,-43.69 
43.32,14.43,-39.41 
37.28,14.05,-32.82 
49.06,18.83,-23.81 
51.87,19.77,-14.36 
52.52,11.68,0.59 
55.63,-2.32,1.50 
63.75,-3.39,-2.07 
69.43,1.12,-3.90 
55.92,1.88,-1.90 
36.56,2.37,4.69 
8.13,0.22,0.48 
-7.53,-0.30,-5.22 
-3.65,18.12,-8.31 
1.13,21.70,-0.89 
17.80,8.25,11.37 
29.63,-9.10,12.95 
13.57,-17.68,1.69 
-0.42,-2.76,-11.81 
-4.37,17.24,-0.74 
-13.41,18.25,8.37 
3.34,-0.47,13.50 
27.00,-11.91,5.23 
30.90,-11.08,-0.91 
17.00,-1.91,2.31 
-22.54,4.69,6.83 
-37.68,7.68,5.59 
-19.33,4.16,-0.41 
11.05,-0.39,-4.13 
23.92,-0.09,1.49 
21.51,0.83,7.91 
10.77,-2.41,7.03 
11.19,-7.55,-1.34 
13.68,-9.07,-4.41 
5.72,-6.49,-0.80 
-14.14,1.99,8.05 
-29.65,8.64,9.98 
-21.65,5.03,5.98 
-1.91,-2.67,0.19 
10.45,-5.49,1.11 
8.03,-5.19,4.77 
-2.52,-1.68,6.14 
-5.42,-2.49,4.16 
-3.30,-4.33,2.33 
-3.70,-8.21,4.59 
-5.15,-8.75,10.48 
-10.87,-6.78,13.84 
-18.65,-6.91,14.11 
-25.85,-9.08,14.13 
-26.00,-9.36,15.49 
-31.10,-9.68,16.92 
-31.19,-10.42,20.36 
-28.81,-11.91,20.97 
-25.88,-11.28,20.88 
-11.99,-13.34,19.53 
0.88,-18.20,19.67 
4.90,-22.46,23.55 
-1.78,-26.72,34.30 
-12.72,-22.41,38.97 
-23.44,-16.42,37.35 
-8.78,-20.23,34.77 
13.77,-27.74,32.27 
7.45,-31.89,34.46 
-7.23,-26.72,39.41 
-18.46,-15.40,40.10 
-11.23,-20.72,37.81 
14.65,-31.04,39.15 
18.19,-37.04,37.43 
-16.74,-34.78,37.50 
-15.99,-26.76,39.56 
-0.43,-34.82,40.51 
5.68,-37.07,46.97 
-1.58,-37.89,58.40 
10.82,-35.10,56.69 
4.58,-29.54,42.80 
2.16,-28.59,36.36 
6.24,-33.19,37.59 
-4.94,-41.33,49.46 
-5.55,-39.74,65.03 
6.27,-38.82,58.62 
3.58,-35.52,44.60 
15.11,-36.09,32.14 
12.79,-45.30,30.36 
-9.74,-46.01,34.78 
-14.25,-43.07,45.01 
1.23,-43.01,54.01 
3.81,-43.10,54.60 
4.16,-41.16,49.56 
-7.33,-36.15,38.95 
-1.55,-35.43,29.40 
-4.22,-39.78,30.46 
-15.16,-40.64,34.94 
9.46,-35.57,45.12 
33.80,-40.49,51.43 
39.97,-48.56,49.95 
27.90,-48.36,39.67 
14.30,-47.19,33.59 
-12.03,-42.94,28.92 
-8.05,-34.97,33.01 
6.70,-35.65,38.75 
-0.39,-34.30,39.41 
-7.35,-26.55,35.53 
0.01,-22.52,29.37 
10.58,-25.07,30.05 
14.73,-26.00,35.12 
2.56,-25.46,36.51 
-7.15,-21.45,33.41 
-6.78,-23.07,29.66 
-6.80,-19.22,29.93 
1.02,-15.25,29.44 
-1.71,-14.04,24.95 
-10.94,-13.11,20.74 
-16.98,-9.77,20.92 
-1.85,-4.04,21.20 
11.02,-0.90,20.80 
12.65,1.44,17.17 
7.08,-0.06,11.98 
-7.61,-3.49,6.01 
-10.75,-1.94,5.04 
-6.08,-2.97,5.99 
-7.27,3.13,6.05 
-15.65,9.82,3.91 
-17.87,15.19,2.43 
-1.52,17.67,3.27 
14.26,14.66,3.46 
12.33,17.93,0.92 
0.21,19.54,-3.55 
-11.21,20.89,-5.64 
-12.87,20.92,-5.76 
-6.16,20.95,-6.09 
4.79,20.14,-8.51 
-1.32,22.98,-11.37 
-5.93,26.45,-11.05 
-5.42,30.05,-10.30 
-5.19,35.27,-11.98 
3.42,36.28,-12.74 
7.46,34.03,-12.10 
3.92,34.57,-12.16 
-1.96,35.90,-12.70 
-7.50,38.86,-15.37 
0.82,37.12,-17.31 
11.97,32.78,-18.28 
15.68,27.62,-19.29 
6.56,23.91,-20.74 
-5.52,27.80,-22.28 
-9.41,32.75,-22.33 
-4.02,33.10,-23.28 
-1.24,27.30,-26.51 
-11.82,25.91,-26.57 
-18.77,27.53,-24.71 
-7.52,35.91,-22.44 
23.98,38.46,-20.24 
40.42,35.73,-22.70 
27.89,30.26,-29.55 
-7.70,26.11,-37.22 
-30.98,30.40,-38.42 
-19.50,34.26,-34.07 
14.50,39.41,-28.34 
22.19,30.08,-33.87 
3.93,23.93,-41.55 
-16.55,27.73,-43.93 
-22.52,42.20,-39.67 
-7.29,54.16,-36.54 
21.13,55.25,-34.79 
29.72,42.86,-40.65 
10.19,32.20,-48.24 
-5.91,32.87,-50.83 
-20.39,43.58,-50.33 
-11.94,56.16,-47.72 
2.65,57.41,-48.47 
16.15,44.38,-51.93 
11.97,27.18,-53.63 
-11.42,29.56,-56.22 
-14.54,46.96,-59.51 
2.88,61.15,-58.89 
20.85,53.93,-60.07 
26.77,35.01,-61.54 
17.63,27.56,-63.75 
8.19,33.91,-66.65 
7.55,39.13,-66.44 
23.29,39.35,-60.57 
26.58,28.35,-57.11 
17.02,21.50,-55.00 
0.06,20.52,-55.26 
0.65,28.58,-56.85 
20.42,30.25,-51.47 
47.25,24.11,-42.59 
45.17,15.64,-37.38 
36.26,12.81,-35.25 
29.55,16.58,-29.73 
24.97,21.48,-15.23 
20.59,18.14,-1.49 
22.33,10.90,2.65 
13.83,8.52,-3.40 
16.59,12.23,-11.64 
27.92,15.80,-14.94 
48.12,13.82,-10.30 
54.39,3.97,-1.17 
49.23,-2.33,1.29 
32.61,-3.22,-7.55 
16.70,5.70,-11.00 
5.28,13.73,-0.76 
9.58,10.64,9.59 
9.86,0.84,11.87 
5.83,-7.60,0.49 
7.61,-0.15,-7.41 
9.08,16.22,-2.22 
8.73,12.77,6.57 
15.35,0.35,7.67 
21.68,-11.20,1.50 
12.22,-8.10,-7.05 
-1.36,5.94,-2.48 
-7.99,12.80,6.51 
-14.17,9.21,8.16 
5.31,-0.68,5.69 
15.31,-6.30,0.65 
4.96,-4.79,-7.23 
-9.56,8.26,-4.21 
-14.75,11.61,5.64 
-1.12,4.11,9.23 
18.58,-9.04,4.54 
20.77,-11.25,-3.83 
11.98,-1.45,-5.64 
0.15,10.48,0.80 
-5.44,8.58,5.41 
3.86,-1.68,5.62 
13.06,-9.10,1.62 
6.06,-8.38,-0.68 
-10.77,2.78,0.97 
-17.39,9.35,6.28 
-10.13,5.82,9.95 
3.13,-2.32,8.92 
5.74,-7.33,4.24 
-0.46,-1.25,-2.09 
-0.98,2.11,-0.47 
-1.19,1.70,5.67 
2.00,-2.21,6.25 
4.21,-5.42,5.11 
1.28,-5.66,4.08 
-3.06,-4.00,3.38 
-9.21,-0.30,2.95 
-10.43,1.06,4.78 
-9.76,-2.72,6.49 
-8.72,-6.00,8.04 
-7.50,-5.63,7.40 
-4.71,-3.98,6.05 
-1.27,-4.10,5.53 
2.13,-7.88,7.11 
4.65,-10.56,8.51 
5.35,-10.46,8.05 
6.65,-8.81,5.98 
12.84,-7.37,5.35 
14.64,-7.97,5.43 
12.56,-10.99,7.73 
3.16,-13.13,11.66 
-9.71,-11.84,15.20 
-18.19,-11.20,14.22 
-16.45,-9.02,14.72 
-3.71,-10.07,18.37 
9.11,-12.88,22.49 
-0.42,-20.13,25.55 
-24.89,-20.64,28.40 
-33.76,-15.57,24.68 
-16.29,-12.53,19.35 
17.84,-18.55,20.04 
27.19,-21.81,24.68 
4.73,-26.47,32.69 
-10.37,-22.41,37.64 
-10.37,-17.26,31.27 
4.93,-17.20,22.74 
19.63,-22.15,19.04 
13.55,-25.84,29.61 
-15.76,-26.99,43.09 
-32.46,-22.65,50.83 
-25.81,-23.69,43.01 
-8.89,-25.33,31.11 
-1.39,-27.72,23.23 
-11.03,-23.10,30.60 
-19.00,-22.58,40.88 
-14.13,-28.03,45.24 
1.71,-40.23,41.53 
15.64,-42.46,38.13 
-1.99,-36.90,41.72 
-20.74,-23.08,51.33 
-6.95,-26.67,48.25 
4.85,-44.18,43.26 
-2.25,-56.67,35.75 
-4.29,-45.66,41.50 
-8.54,-27.91,48.13 
-5.06,-10.29,47.47 
-1.36,-14.21,41.00 
3.22,-32.35,35.21 
-2.68,-38.75,31.52 
-4.63,-29.02,34.37 
2.15,-22.90,39.67 
11.66,-21.43,43.73 
6.62,-26.68,42.45 
6.65,-35.60,39.81 
15.10,-41.45,39.09 
8.79,-42.39,40.19 
-15.41,-36.78,39.55 
-27.58,-26.29,34.94 
-15.13,-22.27,27.35 
-2.34,-25.97,22.34 
5.25,-29.02,24.39 
10.03,-26.20,29.93 
14.82,-18.59,30.98 
24.97,-21.31,28.86 
15.19,-27.16,27.21 
0.22,-31.45,29.18 
-1.32,-33.88,32.89 
0.15,-30.32,34.69 
0.97,-23.08,32.39 
0.50,-21.42,31.49 
-8.83,-21.69,30.82 
-7.74,-17.78,30.83 
-1.82,-14.46,28.14 
15.97,-14.47,27.27 
23.20,-17.22,26.08 
13.49,-17.89,23.81 
-7.78,-23.48,17.87 
-17.70,-23.22,16.05 
-23.01,-21.33,15.18 
-3.04,-16.42,14.63 
22.79,-14.62,14.01 
20.84,-11.72,11.85 
8.09,-12.21,11.30 
-9.04,-6.44,13.18 
-3.90,-3.23,13.01 
11.77,-4.29,10.80 
7.49,-1.22,5.73 
-8.46,0.19,3.59 
-18.86,4.16,6.43 
-12.03,8.75,8.16 
4.91,8.95,7.40 
13.86,8.29,5.64 
10.85,8.00,2.77 
2.00,6.72,0.05 
-3.47,6.41,-2.12 
-4.55,3.94,-3.51 
-10.19,6.40,-4.45 
-17.82,10.40,-4.59 
-17.61,17.74,-5.05 
0.09,21.90,-5.58 
9.98,23.24,-8.18 
10.94,23.32,-9.47 
0.56,20.93,-9.17 
-9.07,21.74,-7.92 
-8.69,24.84,-7.75 
7.49,26.20,-9.86 
22.71,24.61,-12.10 
18.99,21.68,-15.38 
0.19,14.81,-16.89 
-15.09,11.77,-17.83 
-18.32,12.57,-16.67 
-12.71,18.95,-17.14 
-0.60,28.02,-18.62 
8.26,29.25,-18.96 
11.55,30.26,-19.99 
15.40,27.83,-20.04 
20.93,23.36,-19.05 
19.08,22.09,-21.26 
8.74,22.09,-23.99 
-7.61,25.45,-26.85 
-16.36,27.91,-28.57 
-9.59,26.29,-29.06 
3.14,22.28,-29.75 
-2.02,24.54,-29.29 
-9.38,33.01,-27.90 
-10.51,39.54,-28.15 
3.22,42.48,-29.54 
21.37,36.84,-30.28 
20.19,29.93,-33.61 
-4.84,30.41,-37.51 
-20.61,38.09,-37.87 
-18.68,45.33,-35.47 
-3.82,46.84,-37.44 
6.68,40.55,-40.86 
7.05,34.74,-45.22 
-1.13,32.14,-47.11 
-3.70,38.43,-45.73 
-0.45,44.23,-45.02 
4.73,42.31,-47.57 
-5.01,37.32,-52.18 
-16.05,34.51,-53.87 
-17.01,37.94,-51.05 
-3.07,46.26,-49.38 
3.60,50.23,-48.74 
5.35,50.17,-48.82 
2.27,48.26,-52.04 
7.97,45.91,-55.78 
7.39,37.19,-60.04 
3.80,28.29,-62.02 
-5.87,28.23,-59.03 
-5.74,38.20,-54.18 
10.52,42.16,-50.34 
30.29,33.16,-50.36 
44.84,22.81,-53.63 
49.80,19.85,-56.12 
51.93,20.40,-59.87 
50.88,24.28,-62.54 
57.10,24.67,-60.34 
72.85,18.70,-52.07 
78.13,14.52,-43.20 
78.48,16.84,-31.00 
88.48,14.61,-16.15 
98.97,4.70,-0.62 
107.19,-9.23,8.33 
111.52,-14.39,-1.11 
106.87,-7.46,-17.92 
115.11,-2.79,-28.10 
124.58,-1.02,-29.70 
133.29,-0.04,-19.96 
134.96,0.25,-5.29 
128.36,-1.01,0.48 
107.48,-4.64,-4.53 
70.55,-11.78,1.96 
33.35,-3.43,4.04 
-8.90,9.19,3.38 
-48.92,20.54,0.53 
-69.44,21.18,1.98 
-66.22,18.66,5.88 
-41.87,11.19,9.95 
-7.71,7.01,7.41 
13.84,2.43,1.32 
26.41,-3.97,-2.70 
26.65,-1.83,0.68 
18.03,-0.03,3.17 
7.77,-0.91,1.99 
-0.57,2.41,0.65 
-6.03,7.35,-0.96 
-8.83,7.15,0.66 
-6.51,4.51,4.56 
2.82,0.16,6.37 
10.90,-3.46,5.20 
16.99,-3.30,0.13 
13.58,0.86,-3.14 
10.44,6.26,0.34 
6.16,3.12,5.75 
0.55,-3.31,3.91 
-4.58,-2.00,0.22 
-7.52,3.61,-1.67 
-6.75,7.70,1.06 
-2.65,2.61,3.61 
0.87,-0.81,3.23 
0.50,-1.16,0.75 
-3.79,2.95,-1.58 
-2.08,6.25,0.40 
5.74,3.15,1.88 
6.88,-2.85,1.50 
3.80,-1.98,0.46 
0.26,1.50,0.51 
-3.35,2.98,1.26 
-3.04,0.16,2.31 
-1.64,-1.84,2.31 
-5.10,-1.02,1.09 
-11.26,3.24,1.27 
-10.37,6.83,3.47 
-3.58,5.74,4.22 
3.08,2.55,1.85 
5.86,0.02,0.25 
3.93,0.64,1.47 
-2.22,6.14,4.08 
-9.36,8.98,4.88 
-9.99,6.54,3.38 
-6.49,1.07,3.14 
-1.55,0.31,4.39 
0.16,4.41,5.18 
-0.00,6.95,4.40 
3.71,3.21,3.33 
10.77,-1.48,3.01 
9.58,0.61,2.94 
1.13,6.93,3.24 
-7.18,9.01,2.31 
-5.93,8.86,2.28 
-4.31,8.55,2.16 
-7.18,10.95,2.27 
-7.10,16.02,2.40 
1.25,13.39,2.19 
10.94,6.22,2.62 
15.13,5.61,1.46 
11.39,9.88,1.27 
8.32,12.78,2.66 
11.25,12.58,2.14 
14.01,10.60,0.80 
16.19,9.87,0.43 
14.61,8.77,0.05 
16.47,6.29,-0.25 
18.32,2.63,-1.51 
17.03,1.99,-2.67 
9.83,5.13,-2.73 
4.24,8.69,-0.60 
4.81,7.83,-0.28 
7.93,2.72,-2.47 
12.55,-2.44,-3.66 
15.31,-1.71,-3.20 
13.78,1.70,-1.09 
9.35,-0.58,-2.42 
9.45,-3.40,-5.35 
14.93,-5.49,-6.38 
18.58,-4.90,-4.21 
16.58,-3.22,-2.79 
8.52,-3.63,-2.76 
2.58,-2.97,-3.40 
3.93,-3.72,-2.30 
7.74,-3.91,-2.91 
7.86,-2.70,-4.48 
5.69,0.48,-4.30 
3.25,3.16,-3.73 
4.84,1.09,-4.02 
10.91,-2.13,-2.88 
19.81,-5.36,-1.49 
23.57,-4.18,-0.28 
19.05,-1.49,-2.28 
11.84,0.23,-2.51 
4.94,0.20,-2.73 
3.83,0.83,-2.63 
6.09,3.80,-1.38 
9.81,3.99,-1.12 
12.90,-1.13,-0.83 
10.16,-7.07,-2.76 
-0.71,-6.12,-4.07 
-14.54,4.74,-2.86 
-25.59,11.61,-3.00 
-23.56,9.62,-3.73 
-5.85,1.12,-2.82 
9.19,-7.45,0.45 
14.88,-10.01,0.42 
15.14,-8.17,-1.26 
9.77,-3.40,-3.08 
4.45,-1.91,-4.16 
-0.48,-1.83,-5.05 
-1.48,-1.66,-4.68 
-0.81,-2.94,-3.64 
-1.74,-4.29,-2.99 
-1.76,-5.94,-2.59 
0.15,-7.19,-2.27 
0.04,-6.58,-1.99 
-2.94,-5.07,-1.52 
-3.88,-4.78,-1.28 
1.64,-6.59,-2.59 
7.95,-8.91,-4.50 
11.11,-7.49,-6.53 
12.47,-6.65,-5.73 
14.73,-6.38,-4.45 
17.51,-6.42,-4.13 
20.97,-8.64,-3.99 
21.39,-7.19,-5.35 
14.91,-5.68,-7.93 
7.08,-2.67,-9.47 
5.81,0.08,-9.09 
9.93,1.53,-7.12 
15.86,0.63,-5.44 
20.65,-1.14,-5.46 
23.25,-2.59,-6.70 
24.10,-1.28,-8.60 
24.07,1.44,-9.63 
24.55,2.96,-9.41 
26.67,4.12,-8.59 
32.97,4.58,-7.92 
38.41,3.82,-8.83 
42.13,3.36,-8.88 
40.99,3.97,-8.91 
38.03,6.78,-9.89 
36.27,8.95,-10.28 
34.12,10.66,-10.48 
29.64,13.47,-10.07 
26.45,15.16,-10.71 
24.30,16.09,-12.16 
23.34,16.03,-11.66 
23.37,16.46,-10.96 
23.75,14.83,-9.70 
23.00,14.16,-9.96 
21.97,12.14,-10.10 
20.12,13.71,-8.18 
16.90,13.53,-6.41 
16.12,13.22,-7.25 
20.04,13.77,-7.98 
22.06,12.99,-8.24 
18.52,11.64,-7.51 
14.77,11.77,-6.68 
13.35,11.56,-5.66 
12.48,12.29,-6.42 
9.89,12.64,-7.23 
6.65,12.78,-7.67 
4.84,12.05,-7.38 
2.38,11.33,-6.85 
1.61,11.35,-5.29 
0.35,12.60,-4.68 
-1.97,12.69,-5.96 
-4.36,12.72,-7.43 
-4.90,11.65,-7.55 
-1.70,10.02,-6.36 
1.22,10.67,-5.80 
3.31,11.96,-6.73 
5.05,13.38,-8.62 
5.93,13.39,-9.26 
4.96,12.14,-9.06 
4.18,11.51,-7.28 
4.91,12.46,-8.18 
6.01,11.82,-8.15 
3.61,13.30,-8.48 
-1.35,14.41,-7.38 
-6.14,15.96,-7.86 
-8.02,16.98,-7.44 
-7.30,15.07,-7.95 
-6.22,14.72,-7.93 
-4.57,14.74,-7.22 
-3.99,15.12,-7.41 
-3.42,16.72,-8.44 
-2.98,18.37,-8.89 
-2.74,19.07,-9.18 
-8.68,17.42,-8.62 
-14.43,17.32,-7.64 
-17.56,21.59,-6.85 
-15.61,26.98,-8.28 
-13.79,28.98,-8.83 
-8.89,28.17,-9.95 
-0.86,28.32,-11.81 
4.00,29.27,-12.89 
5.55,30.20,-12.71 
5.13,32.84,-12.02 
5.40,34.12,-11.41 
8.00,33.30,-11.70 
13.66,30.75,-11.35 
18.65,28.32,-11.72 
22.48,28.69,-10.96 
23.34,32.05,-10.57 
21.63,34.75,-9.76 
19.97,36.43,-9.38 
19.23,38.09,-9.72 
19.80,29.33,-10.53 
23.06,27.27,-12.96 
25.84,25.97,-12.04 
31.93,25.13,-10.56 
38.48,22.12,-7.37 
42.81,17.15,-2.85 
45.57,16.02,0.48 
46.16,13.59,0.77 
48.58,10.75,-0.33 
54.55,8.46,-0.30 
63.89,5.77,1.53 
69.45,1.96,6.20 
69.34,-2.58,9.52 
69.26,-6.78,11.43 
77.02,-11.25,13.24 
82.82,-16.00,15.85 
90.68,-19.81,23.01 
91.83,-21.49,29.03 
83.78,-20.79,30.48 
75.95,-16.79,30.46 
68.79,-11.75,31.75 
65.28,-7.72,36.59 
59.93,-7.40,41.11 
52.24,-4.17,44.69 
45.26,1.65,45.46 
41.37,5.51,46.16 
36.74,11.91,47.72 
36.32,16.34,47.84 
40.06,14.61,46.48 
45.32,17.85,48.49 
51.74,17.32,48.92 
57.51,15.12,48.65 
65.64,13.10,48.13 
77.49,11.83,48.10 
81.57,11.83,47.91 
74.06,13.62,46.68 
63.98,17.30,43.52 
59.23,19.85,39.70 
56.99,21.39,37.20 
52.79,22.70,33.01 
47.66,21.62,29.59 
39.52,19.10,28.16 
34.70,15.62,26.57 
31.00,12.78,22.10 
33.28,14.08,17.55 
37.06,15.90,12.57 
44.22,18.49,6.19 
46.64,21.58,3.61 
42.35,21.77,4.85 
44.52,19.01,6.08 
46.32,18.77,4.83 
48.13,19.13,2.17 
47.86,20.57,-0.91 
39.25,21.97,-2.34 
29.78,22.14,-1.87 
31.80,21.24,-0.74 
34.56,20.08,0.92 
33.63,22.02,1.61 
33.92,24.19,1.93 
33.19,25.62,2.36 
33.28,26.55,2.11 
37.89,27.80,1.38 
41.25,24.77,0.53 
47.43,28.05,0.08 
46.10,29.33,1.58 
43.84,29.41,3.23 
45.61,32.81,2.85 
43.61,35.90,-0.80 
42.85,42.00,-2.88 
40.67,47.53,-2.57 
43.26,48.02,-3.34 
49.00,49.10,-2.76 
47.02,54.28,-2.44 
42.06,59.64,-1.96 
40.19,60.20,-1.17 
35.95,58.90,0.31 
33.92,59.04,2.16 
35.48,60.45,1.21 
35.75,63.30,-0.28 
28.79,67.35,-3.14 
24.38,66.49,-5.05 
25.95,64.90,-5.87 
20.09,68.90,-7.75 
9.42,72.37,-7.51 
3.52,67.38,-7.81 
7.75,63.04,-6.99 
6.47,62.09,-5.64 
-2.20,62.29,-5.69 
-14.07,60.12,-4.62 
-21.03,55.88,-4.39 
-16.83,49.93,-2.93 
-13.45,48.28,-1.72 
-13.41,45.87,-1.47 
-16.69,42.23,-2.99 
-15.41,38.89,-3.51 
-8.92,35.45,-3.76 
0.53,36.69,-4.93 
3.89,40.77,-5.64 
-1.30,37.83,-6.45 
-2.57,33.19,-5.76 
3.64,30.98,-6.65 
6.64,30.72,-6.76 
0.79,23.10,-4.60 
-3.85,15.24,-1.35 
-4.84,12.26,0.22 
-3.74,10.98,1.46 
-2.52,8.26,1.27 
-0.37,4.22,2.02 
1.02,-1.19,1.56 
3.23,-4.39,1.67 
4.06,-5.34,1.70 
3.89,-3.66,1.84 
3.92,-2.67,2.20 
8.24,-0.03,0.98 
8.52,3.68,-0.02 
3.93,4.63,0.01 
2.13,5.06,0.80 
2.64,6.28,0.11 
2.38,5.48,-0.38 
6.50,5.99,0.13 
6.58,8.43,0.34 
4.00,9.41,1.21 
1.93,8.46,2.72 
3.80,7.61,4.20 
6.39,7.12,4.69 
5.58,6.84,5.24 
1.84,6.41,4.74 
2.21,4.17,4.51 
5.00,3.32,3.75 
6.36,2.83,5.27 
7.83,1.85,5.79 
7.72,1.50,6.89 
9.26,2.11,8.08 
10.22,1.22,8.71 
11.16,1.39,7.84 
9.52,1.90,6.85 
6.88,-0.03,6.51 
6.16,-2.09,6.72 
3.51,-3.28,7.79 
2.07,-3.19,8.98 
0.65,-3.30,9.33 
2.30,-2.82,8.95 
7.02,-3.11,8.19 
11.22,-2.15,6.62 
12.07,-3.17,6.66 
11.55,-5.39,7.59 
8.65,-6.61,8.51 
8.96,-6.01,8.57 
6.48,-5.08,8.63 
4.16,-5.17,7.67 
4.70,-5.37,7.79 
5.90,-5.84,8.97 
6.59,-6.59,8.80 
7.20,-4.64,6.71 
7.71,-2.85,6.22 
5.83,-2.81,5.79 
6.47,-3.40,6.20 
9.06,-2.10,7.20 
6.64,-0.90,7.00 
5.06,0.60,6.62 
6.35,0.22,6.02 
8.82,-0.17,5.37 
8.19,0.05,4.22 
6.73,1.24,3.17 
5.00,3.27,2.53 
3.22,3.90,1.06 
4.04,5.28,-0.09 
2.76,5.85,-1.69 
-0.65,5.04,-2.45 
-3.04,4.49,-1.22 
-1.19,4.60,1.17 
-1.55,4.14,1.26 
-5.47,2.78,1.52 
-7.74,2.66,1.66 
-9.85,2.87,1.99 
-13.35,3.22,2.13 
-17.16,3.96,2.25 
-18.74,6.95,2.31 
-22.48,8.41,1.66 
-22.83,6.86,1.91 
-20.31,2.41,4.05 
-16.71,0.05,4.57 
-16.19,-0.55,3.79 
-20.71,0.25,3.15 
-23.41,-0.27,3.73 
-23.58,-2.91,3.64 
-22.54,-5.78,3.52 
-22.37,-8.15,3.17 
-22.63,-10.79,3.33 
-20.80,-14.44,4.53 
-19.82,-19.17,5.18 
-18.65,-23.68,6.80 
-18.63,-25.89,6.91 
-18.61,-28.23,6.33 
-18.08,-30.88,6.28 
-18.07,-31.40,5.90 
-17.45,-31.08,5.72 
-18.17,-31.74,5.27 
-21.48,-34.52,5.17 
-24.95,-36.49,5.67 
-25.44,-36.21,6.98 
-23.93,-35.77,8.13 
-25.15,-37.68,7.40 
-26.25,-40.03,7.27 
-23.74,-41.20,7.69 
-21.99,-43.19,7.53 
-18.54,-44.50,7.99 
-15.56,-44.82,8.98 
-14.05,-44.50,8.07 
-12.83,-45.48,7.38 
-10.23,-45.88,7.29 
-7.61,-45.65,7.30 
-6.54,-45.36,7.67 
-6.66,-45.07,7.07 
-6.08,-44.50,6.51 
-4.34,-43.54,5.40 
-0.74,-42.12,4.13 
2.58,-40.81,3.78 
1.74,-41.10,3.15 
0.56,-40.52,3.46 
-0.63,-40.46,3.29 
-1.26,-40.87,3.15 
-2.25,-42.96,4.08 
-1.73,-43.01,5.03 
2.55,-39.81,5.20 
6.82,-35.86,3.76 
9.63,-34.52,1.33 
10.65,-35.02,2.04 
7.66,-34.79,2.65 
3.66,-35.46,2.89 
-0.16,-35.46,3.01 
-3.04,-34.24,3.32 
-4.19,-31.40,2.28 
-4.81,-30.03,1.88 
-3.62,-28.13,-0.13 
-0.94,-25.65,-2.04 
-2.94,-26.20,-2.50 
-7.01,-28.78,-1.86 
-9.85,-27.46,-1.06 
-11.85,-28.44,-0.02 
-10.68,-28.18,0.13 
-6.78,-26.94,-1.35 
-3.26,-23.92,-1.78 
-1.90,-22.01,-3.40 
-2.10,-23.91,-2.89 
-0.80,-25.23,-0.53 
0.85,-25.66,0.65 
5.22,-28.26,1.61 
14.74,-28.53,2.92 
22.04,-30.07,3.04 
21.72,-34.64,1.00 
21.75,-34.09,0.43 
31.39,-30.09,1.24 
36.38,-31.68,0.43 
33.63,-29.54,-1.02 
26.79,-25.52,-3.03 
24.48,-23.86,-1.99 
27.90,-17.65,1.33 
28.44,-16.24,1.98 
26.85,-21.26,2.11 
25.32,-21.36,2.68 
22.94,-22.67,4.69 
20.68,-24.32,6.86 
18.44,-24.27,7.17 
15.25,-27.23,5.35 
15.90,-29.13,3.98 
15.26,-30.30,3.09 
8.97,-31.19,-0.19 
0.76,-30.50,3.09 
-0.45,-25.57,8.51 
-10.00,-28.47,2.56 
-2.77,-40.61,7.58 
-0.11,-37.25,7.07 
-0.48,-29.77,6.91 
-1.55,-24.96,6.92 
-2.51,-23.43,4.10 
-0.65,-19.02,0.40 
4.19,-45.34,22.11 
5.84,-20.00,8.83 
2.96,-14.96,10.16 
-0.39,-16.90,5.17 
-3.33,-17.92,6.13 
-1.68,-19.60,7.62 
2.81,-24.46,13.44 
6.58,-18.53,10.95 
11.19,-10.64,13.07 
4.76,-27.34,19.87 
6.81,4.20,12.53 
-0.66,-18.78,4.22 
0.96,-19.43,11.01 
-3.30,-1.14,10.69 
-10.65,-15.22,5.98 
-10.43,-17.46,7.91 
-8.95,-5.22,2.01 
-8.22,-1.13,2.91 
-7.87,-0.41,3.03 
-7.84,-4.53,3.00 
-9.12,-4.55,1.52 
-7.65,-4.42,-0.07 
-7.26,-5.88,-2.28 
-5.04,-14.44,-2.21 
-1.71,-13.94,-4.09 
0.88,-13.48,-4.38 
1.83,-11.17,-3.70 
2.99,-11.36,-2.16 
3.77,-12.47,-0.96 
2.77,-13.89,-0.04 
1.32,-10.41,-1.99 
0.56,-9.39,-3.20 
0.94,-10.15,-2.51 
1.40,-11.07,-1.08 
0.06,-11.25,0.11 
-2.63,-7.42,0.51 
-6.61,-3.23,-2.24 
-8.40,-0.84,-3.73 
-11.93,-2.12,-3.37 
-19.21,-2.32,-0.86 
-29.12,-2.24,2.19 
-33.00,-2.67,5.47 
-33.04,-3.02,4.10 
-28.11,-4.47,3.43 
-23.03,-7.33,2.05 
-18.39,-9.42,4.43 
-14.92,-12.76,4.22 
-12.81,-14.23,3.75 
-11.85,-16.39,5.99 
-9.55,-20.88,7.50 
-6.05,-25.88,9.12 
-0.37,-37.30,11.78 
-7.15,-49.75,3.03 
0.68,-16.64,5.32 
-3.42,-6.91,2.33 
-13.18,1.74,0.69 
-23.73,9.59,0.54 
-22.90,5.82,0.85 
-23.19,-2.39,3.06 
-29.85,1.85,4.94 
-37.87,2.64,5.76 
-43.30,5.07,5.56 
-41.45,6.12,6.37 
-35.62,3.93,6.53 
-24.34,-0.03,5.85 
-14.07,-5.81,2.92 
0.16,-12.61,0.13 
13.31,-19.65,-1.98 
19.72,-20.39,-3.75 
22.10,-16.33,-5.63 
20.53,-16.01,-6.02 
18.06,-15.81,-6.44 
16.13,-15.81,-6.09 
17.78,-13.80,-5.05 
16.93,-10.17,-4.25 
14.64,-8.82,-3.26 
12.29,-4.84,-2.93 
8.74,-2.42,-2.96 
7.46,-1.01,-2.83 
5.92,0.43,-3.31 
5.52,0.92,-5.26 
3.80,0.55,-7.55 
7.84,-0.42,-7.89 
19.63,-4.68,-6.82 
27.02,-10.01,-5.93 
29.13,-12.01,-5.54 
29.86,-11.77,-5.60 
27.20,-13.10,-5.25 
24.09,-13.98,-4.13 
22.61,-12.27,-2.56 
20.47,-11.14,-1.84 
16.58,-11.39,-0.86 
15.52,-9.92,-0.16 
16.53,-8.30,0.39 
16.52,-7.52,1.33 
14.10,-6.64,1.79 
11.86,-4.82,1.82 
12.41,-4.04,2.53 
13.95,-4.56,2.31 
14.94,-5.97,1.91 
14.82,-6.81,1.53 
14.10,-7.01,1.26 
12.07,-7.52,1.81 
10.88,-7.98,2.42 
12.70,-8.72,3.35 
15.39,-9.39,3.15 
14.73,-9.46,2.75 
11.71,-6.52,2.48 
7.61,-5.01,3.27 
5.55,-4.55,3.62 
3.75,-2.79,3.87 
1.13,-0.17,3.75 
-0.68,2.37,2.54 
0.32,3.71,2.51 
2.36,3.13,2.69 
4.33,0.80,3.26 
4.36,-0.24,3.95 
3.92,-0.79,3.59 
4.48,-0.82,3.29 
3.97,-1.65,3.76 
3.31,-3.19,3.98 
2.61,-3.69,3.50 
3.29,-2.88,3.44 
1.90,-2.88,3.46 
-0.02,-3.11,3.56 
-3.10,-2.38,4.28 
-5.58,-1.13,4.92 
-9.03,-0.35,5.20 
-12.94,0.17,5.21 
-15.82,2.11,5.64 
-13.52,3.19,6.49 
-10.14,2.64,6.22 
-7.32,2.19,5.18 
-7.09,3.09,4.78 
-8.97,3.22,4.82 
-9.76,2.46,5.58 
-7.90,0.55,6.10 
-5.07,-0.12,5.93 
-2.02,0.54,4.71 
-0.48,1.39,4.05 
1.03,0.93,3.69 
3.66,0.23,3.69 
6.27,-0.76,3.73 
6.85,-1.60,3.35 
6.39,-1.52,2.71 
6.15,-1.57,2.42 
6.01,-1.05,2.07 
5.34,-0.03,2.37 
4.38,1.47,2.78 
3.11,1.19,2.66 
2.45,0.98,3.27 
1.64,1.18,3.30 
1.42,1.44,3.04 
0.93,1.99,2.71 
0.61,2.46,3.23 
1.58,2.63,2.97 
3.14,2.77,3.00 
3.92,2.26,3.06 
2.96,1.47,2.94 
2.30,0.49,2.83 
2.84,-0.07,2.88 
3.26,-0.47,2.71 
3.14,-0.36,2.39 
3.20,0.34,1.90 
3.48,0.66,1.75 
4.45,0.22,1.73 
4.71,-0.10,1.96 
4.33,0.55,2.07 
2.97,1.22,1.93 
1.02,2.25,1.82 
0.27,3.03,1.44 
0.73,3.36,1.30 
1.29,2.77,1.30 
2.19,2.14,1.30 
2.79,2.23,1.43 
3.42,2.06,1.23 
2.84,1.67,1.20 
1.51,1.41,1.12 
1.02,1.87,1.24 
1.48,2.03,1.09 
3.39,1.32,1.30 
3.66,0.49,0.83 
3.87,1.09,0.07 
4.01,1.58,0.14 
4.38,1.32,0.54 
4.82,1.35,0.34 
3.46,1.80,0.56 
3.03,2.11,0.46 
3.35,2.05,0.42 
2.99,1.68,0.57 
2.84,1.50,0.92 
2.55,1.28,1.11 
2.73,0.96,1.20 
2.97,1.03,0.94 
3.34,0.86,0.68 
3.81,0.67,0.68 
3.29,0.57,0.74 
2.48,0.61,1.11 
1.92,0.20,0.91 
1.49,0.61,1.14 
1.29,1.48,1.03 
1.22,1.70,0.48 
2.07,1.94,0.13 
2.88,1.87,0.31 
3.46,0.92,0.42 
3.93,0.67,0.71 
3.84,0.93,0.68 
3.71,1.48,0.57 
3.37,1.50,0.37 
2.24,1.09,0.27 
1.71,0.78,0.39 
2.24,1.12,0.75 
3.17,0.61,0.78 
3.42,0.45,0.62 
3.25,0.46,0.59 
2.39,1.21,0.65 
1.98,1.73,0.42 
1.60,1.50,0.75 
1.83,1.07,0.86 
2.03,0.95,0.92 
2.39,0.96,1.26 
2.58,1.22,0.91 
2.67,1.80,0.77 
2.58,1.06,0.97 
2.44,0.80,0.95 
2.64,0.80,1.07 
2.88,0.83,1.00 
2.82,0.54,0.94 
2.47,0.55,0.82 
2.29,1.41,0.91 
3.13,1.21,0.92 
2.97,0.64,1.24 
2.21,-0.09,1.59 
2.00,0.20,1.52 
2.04,0.48,1.66 
2.45,1.21,1.20 
2.68,1.36,0.82 
2.55,1.36,0.57 
2.81,0.87,1.14 
2.73,1.10,1.06 
3.63,0.98,1.24 
3.83,0.38,0.85 
2.74,0.72,0.51 
2.71,2.06,0.20 
3.02,1.61,0.66 
3.40,0.78,0.71 
3.97,0.46,0.56 
4.47,0.45,0.40 
3.92,0.45,0.89 
2.84,0.61,0.94 
2.01,1.39,0.86 
2.42,1.65,1.27 
2.64,1.61,0.69 
2.64,0.99,0.49 
2.84,0.96,0.78 
2.74,0.83,1.00 
2.91,1.19,0.91 
2.55,1.18,1.30 
2.56,0.67,1.18 
3.03,0.75,1.20 
3.16,0.55,1.17 
3.20,0.54,1.07 
3.42,0.45,0.95 
3.17,0.75,1.23 
2.10,1.50,1.12 
1.26,1.56,1.24 
1.34,1.59,1.12 
2.04,1.88,0.91 
2.21,1.38,1.01 
2.15,1.35,0.80 
2.88,1.90,0.66 
4.01,1.54,0.60 
4.29,1.01,0.62 
4.07,0.84,0.68 
2.61,0.90,1.06 
2.13,1.13,0.94 
2.48,1.21,0.74 
3.23,1.21,0.51 
3.95,0.28,0.65 
3.74,-0.06,0.97 
3.29,0.48,0.77 
2.85,1.22,0.78 
2.82,1.56,0.74 
3.52,1.88,0.31 
3.49,1.30,0.31 
3.51,0.90,0.77 
3.87,0.86,1.23 
3.90,1.06,1.07 
3.48,1.10,1.03 
2.68,0.98,0.77 
2.39,1.13,0.86 
2.48,0.81,0.83 
3.03,0.49,0.88 
3.46,-0.04,1.20 
3.42,0.31,1.00 
3.92,0.99,0.43 
4.53,0.74,0.97 
3.78,0.40,0.65 
2.77,0.80,0.42 
2.70,1.50,0.57 
2.76,0.92,0.77 
2.84,0.72,0.97 
3.19,1.01,0.63 
3.63,0.89,0.42 
4.30,0.49,0.51 
3.55,-0.18,0.75 
2.59,-0.01,1.35 
1.69,0.17,1.43 
1.08,0.83,1.43 
1.58,0.60,0.82 
1.68,0.58,0.86 
2.45,-0.01,0.94 
2.88,0.35,1.04 
2.99,0.40,1.11 
2.84,0.41,1.12 
2.93,0.96,0.88 
3.17,0.54,0.80 
2.91,0.67,0.98 
2.76,0.57,1.04 
3.16,0.46,1.09 
3.51,0.03,1.14 
3.34,-0.24,1.11 
3.31,0.20,0.91 
3.25,0.72,1.18 
2.79,0.93,1.03 
2.06,1.09,0.95 
2.45,1.77,0.62 
3.39,1.87,0.43 
3.97,1.12,0.57 
3.98,0.49,1.18 
3.54,0.54,1.43 
2.96,1.13,1.12 
2.41,1.53,1.20 
2.42,1.36,0.82 
2.97,1.58,0.80 
3.66,0.90,0.85 
3.74,0.16,0.71 
3.45,-0.24,1.27 
3.00,0.77,1.30 
2.13,1.38,1.11 
2.71,1.90,1.12 
3.28,1.04,0.95 
3.54,0.38,0.97 
3.83,0.78,0.98 
3.80,0.98,0.68 
3.26,1.04,0.77 
3.00,0.99,0.92 
3.05,0.96,1.14 
2.93,1.53,1.18 
3.34,1.44,0.94 
4.41,0.37,0.97 
5.51,0.31,0.14 
5.42,0.51,-0.04 
5.06,0.86,0.16 
4.26,0.58,0.62 
4.01,0.77,1.06 
3.95,0.86,0.62 
4.12,0.43,0.74 
3.90,0.28,0.62 
3.05,0.48,0.34 
3.22,0.64,0.68 
3.57,0.63,0.89 
3.52,0.63,0.71 
2.79,0.40,1.07 
2.29,0.31,1.14 
1.77,0.22,0.88 
1.55,0.34,1.12 
1.84,0.80,1.50 
2.45,0.86,0.97 
3.06,0.52,0.88 
3.23,0.48,0.85 
3.00,0.51,0.62 
3.13,0.25,0.74 
2.55,0.28,1.04 
