-3.16,-0.04,1.04;
-7.50,1.47,2.90;
-12.55,1.98,4.12;
-6.75,0.66,1.83;
-6.99,-0.18,-0.38;
-9.89,0.47,-0.81;
-11.34,0.86,0.58;
-8.32,-0.19,1.08;
-1.86,-0.27,0.41;
-0.83,0.94,-0.98;
-1.45,0.82,-1.32;
-2.86,0.57,0.15;
-1.89,-0.77,1.74;
-6.26,-0.27,1.91;
-11.53,0.42,-0.03;
-10.08,-0.01,-1.33;
-3.85,0.80,-0.28;
1.04,1.20,-0.02;
-1.79,2.07,0.18;
-2.60,2.05,0.04;
0.50,1.44,0.18;
-0.31,0.43,0.17;
-10.79,0.63,1.08;
-14.70,-0.73,1.40;
-10.09,0.10,1.37;
-3.60,0.76,0.59;
-7.48,0.74,1.14;
-10.84,0.80,0.81;
-1.86,1.60,-1.06;
5.33,2.37,-1.54;
3.37,2.62,-0.34;
-3.56,0.47,1.83;
-7.27,0.27,2.20;
-7.12,1.44,1.46;
-10.00,1.32,0.76;
-11.08,1.15,0.18;
-8.34,0.28,0.17;
-7.27,0.80,1.10;
-5.25,1.56,0.96;
-2.02,1.50,-0.05;
-0.35,1.05,-0.70;
-1.95,0.25,0.24;
-7.89,1.41,-0.11;
-7.41,1.50,-0.29;
-1.99,2.13,-0.54;
0.15,1.96,1.42;
-7.41,0.53,2.30;
-14.90,0.21,2.17;
-13.48,1.52,0.62;
-8.15,3.20,-0.19;
0.95,2.85,0.14;
1.74,2.33,0.88;
-4.72,1.38,1.69;
-9.74,1.29,1.49;
-8.05,1.61,-0.40;
-5.04,0.94,-1.32;
-6.38,1.50,-1.15;
-8.92,1.81,0.04;
-6.05,1.60,0.44;
2.38,1.73,-0.51;
2.21,2.37,-1.47;
-4.92,1.96,-1.59;
-11.44,0.42,-0.93;
-11.70,0.28,-0.22;
-12.09,2.07,-0.19;
-5.94,0.50,-0.72;
-5.33,1.15,-1.22;
-4.98,3.12,-1.94;
-3.70,3.17,-2.51;
1.91,2.07,-2.95;
2.96,1.70,-2.89;
-3.89,0.56,-2.58;
-12.60,0.31,-1.74;
-14.20,2.25,-1.07;
-8.14,2.86,-0.06;
-6.79,0.47,0.64;
-19.28,0.22,2.73;
-26.24,1.40,3.69;
-24.15,2.59,3.69;
-13.65,3.79,2.38;
-10.24,2.71,-0.80;
-20.37,2.62,-1.10;
-24.79,2.04,2.30;
-19.80,2.13,4.00;
-9.66,1.03,2.68;
-16.61,1.76,1.66;
-22.12,1.93,0.79;
-21.83,2.43,1.28;
-15.60,3.11,2.20;
-14.35,2.74,2.33;
-15.65,1.41,2.88;
-19.92,1.23,3.77;
-16.32,1.92,4.55;
-12.67,0.43,4.12;
-9.45,0.77,3.52;
-8.03,1.37,3.22;
-13.05,2.27,3.01;
-14.95,2.83,2.93;
-2.73,2.92,2.14;
0.75,3.64,2.79;
-7.77,2.69,2.85;
-8.31,1.47,1.63;
1.54,1.05,1.17;
8.47,4.07,2.06;
11.42,6.50,2.82;
12.20,6.80,4.12;
17.82,5.27,4.17;
17.82,2.63,5.75;
3.91,2.24,8.64;
-10.64,-0.36,9.43;
-23.76,-2.62,10.18;
-28.03,-2.63,9.89;
-17.05,-0.94,10.12;
-7.76,-0.59,10.93;
-3.66,-2.30,12.14;
-0.29,-1.76,11.85;
0.63,-2.02,11.14;
-2.52,0.01,10.09;
2.70,-1.40,9.27;
-8.11,-2.25,11.13;
-21.25,-1.29,10.47;
-27.76,-0.91,10.21;
-11.71,2.69,9.68;
11.30,4.01,9.04;
14.63,3.46,5.13;
6.88,2.14,-0.08;
-0.26,-0.28,0.50;
3.82,2.91,4.76;
11.42,2.77,4.85;
8.78,1.12,0.18;
-8.78,1.00,-2.15;
-20.53,-0.53,-0.22;
-10.83,0.92,1.92;
10.37,4.43,0.61;
28.69,1.30,-5.21;
17.79,-2.21,-9.82;
6.34,-2.62,-10.14;
6.81,-0.73,-6.14;
15.57,1.46,-4.22;
19.45,1.49,-3.65;
5.59,1.75,-3.15;
-15.42,4.02,-1.04;
-25.89,5.79,1.52;
-23.56,7.34,2.21;
-10.05,5.14,2.68;
-4.57,4.56,2.12;
-17.28,4.21,0.04;
-17.95,3.43,-2.26;
-3.45,5.55,-2.61;
14.41,3.58,-4.05;
8.70,2.05,-4.06;
-2.66,-1.34,-2.70;
-3.31,-2.80,-1.51;
-8.23,-1.12,-0.55;
-15.79,3.05,-0.43;
-20.32,4.01,2.78;
-14.03,2.98,5.68;
-9.19,0.30,4.07;
-9.88,-0.44,-0.87;
-8.03,0.07,-4.95;
-2.31,0.14,-4.38;
5.14,2.51,-0.48;
10.18,2.31,2.15;
8.43,1.27,2.33;
-11.21,1.58,2.03;
-21.88,0.45,2.23;
-17.77,-0.82,2.44;
-10.35,-1.79,2.62;
-9.73,1.56,3.60;
-6.50,2.59,2.36;
-6.41,2.50,2.03;
-5.41,1.15,1.34;
-0.76,-0.63,-1.15;
-0.43,-1.35,-2.43;
-3.92,-3.76,-4.69;
-14.02,-2.89,-4.75;
-4.78,0.02,-3.04;
11.51,-1.03,-2.05;
18.17,2.18,-1.73;
11.98,4.25,-2.12;
7.11,4.22,-1.38;
11.39,5.30,-1.86;
8.85,6.21,-3.48;
0.82,7.40,-3.47;
-1.59,9.20,-1.13;
-0.93,10.33,0.50;
2.23,10.34,-2.87;
9.24,5.90,-8.26;
12.03,2.92,-10.25;
19.98,2.66,-8.20;
25.97,1.89,-7.85;
31.40,0.05,-9.32;
22.06,-0.56,-7.41;
13.86,3.96,-1.99;
22.12,5.43,-0.48;
32.64,4.54,-2.93;
26.50,3.87,-3.65;
14.79,-2.88,1.62;
1.66,-6.27,8.44;
-7.76,-7.06,9.92;
-11.15,-5.93,8.87;
-11.50,-0.89,10.06;
-4.46,-0.92,11.78;
6.88,-1.46,10.26;
15.69,-6.01,8.39;
7.22,-7.90,9.23;
-2.00,-7.95,11.23;
5.22,-5.70,10.67;
13.72,-3.69,7.89;
10.93,-3.08,8.32;
8.53,-4.77,12.49;
1.72,-7.44,17.98;
-13.47,-8.56,17.31;
-25.47,-7.70,13.94;
-36.84,-5.57,12.62;
-28.11,-4.65,14.06;
-8.12,-3.14,13.28;
13.94,-3.46,11.13;
18.59,-0.39,11.28;
13.53,-1.35,11.31;
6.43,-1.84,9.08;
-18.08,-2.07,5.37;
-39.39,-3.35,4.67;
-37.22,-0.97,5.98;
-13.74,1.85,5.33;
14.46,4.56,-0.08;
22.41,4.51,-2.08;
18.29,3.79,0.65;
16.73,2.02,-0.09;
5.74,2.62,-3.28;
-10.72,4.60,-5.15;
-18.41,5.41,-3.12;
-6.58,6.31,-0.64;
7.68,4.69,-2.15;
10.18,4.98,-4.98;
6.41,3.70,-4.05;
4.61,3.44,1.28;
8.27,6.62,3.13;
16.79,6.04,-2.09;
18.14,4.47,-6.43;
8.78,4.53,-3.21;
11.48,7.43,5.30;
16.41,11.21,12.99;
16.50,10.34,14.73;
16.11,7.92,13.69;
6.32,5.23,11.83;
-19.60,6.62,14.14;
-34.40,7.35,19.62;
-17.79,6.92,24.07;
21.72,9.66,24.12;
41.39,11.05,19.10;
45.05,3.99,12.91;
41.25,4.22,14.03;
35.43,5.67,21.72;
34.84,6.02,30.12;
37.50,1.70,30.59;
41.98,7.46,23.95;
21.79,6.30,25.30;
-12.67,4.77,39.11;
-4.81,7.34,52.64;
14.40,10.79,49.68;
19.40,10.45,38.81;
6.53,5.66,33.30;
-5.28,7.01,38.52;
-9.10,10.77,42.94;
6.24,6.85,42.18;
20.01,9.50,41.88;
28.95,10.50,42.18;
45.82,12.13,44.20;
15.56,13.55,44.61;
-1.37,10.45,51.42;
19.59,5.58,58.67;
20.46,8.25,60.15;
-2.05,15.05,45.23;
-22.86,23.24,42.79;
-8.14,16.69,47.14;
-5.66,8.95,55.85;
-4.78,0.76,53.25;
-5.95,3.26,47.66;
38.26,8.24,49.27;
32.41,15.66,45.27;
35.42,4.43,32.06;
5.34,13.18,14.99;
-19.39,24.40,33.98;
-13.24,23.06,53.80;
-13.12,18.50,66.62;
5.11,12.72,51.16;
-10.47,6.86,25.81;
-10.66,5.30,14.87;
-15.56,3.81,15.97;
1.28,8.40,24.43;
25.16,14.43,34.61;
22.61,19.05,46.23;
20.67,9.14,40.49;
-1.19,8.62,33.10;
9.04,8.63,25.10;
9.01,4.50,15.80;
13.76,4.47,13.33;
-14.72,12.21,16.61;
-26.20,18.83,35.74;
-12.96,20.66,45.97;
1.43,2.19,35.17;
31.68,-2.79,7.85;
30.06,4.57,-2.70;
27.37,14.10,10.79;
14.37,15.82,30.17;
-4.93,5.03,35.10;
-3.07,7.24,28.46;
-1.73,10.39,25.13;
9.36,11.78,21.14;
1.16,11.61,18.07;
-2.60,9.08,11.49;
-13.31,7.85,9.39;
-2.67,13.00,14.44;
1.39,14.95,20.96;
8.55,10.54,16.50;
-2.49,8.82,6.01;
-6.46,9.50,1.37;
-16.75,9.03,8.32;
-12.49,8.94,19.25;
-3.92,4.72,19.78;
3.69,-0.22,10.96;
-3.71,-1.73,-2.55;
-6.03,-0.31,-6.67;
-0.60,5.38,3.85;
16.43,4.02,17.51;
17.57,-1.17,14.70;
1.10,0.33,0.82;
-9.60,8.66,-6.22;
-11.10,10.74,1.71;
-12.41,4.11,6.04;
-8.64,-3.41,-0.44;
3.77,0.33,-5.19;
11.31,3.90,-1.54;
9.51,4.16,0.88;
-14.23,-3.18,-6.86;
-22.17,-1.75,-11.90;
-21.47,-2.76,-9.57;
-8.41,-5.21,-8.37;
11.71,-3.12,-8.17;
21.08,-4.04,-9.51;
17.88,-4.37,-13.59;
-10.93,-4.73,-18.22;
-31.13,-3.34,-17.15;
-36.18,-1.14,-15.01;
-19.44,-0.34,-14.28;
0.59,-0.94,-20.61;
-2.46,-6.92,-30.77;
-8.58,-6.36,-34.37;
-12.81,-2.95,-28.77;
-4.11,-4.42,-23.42;
-7.10,-13.43,-31.88;
-14.70,-12.59,-41.65;
-24.37,-9.29,-43.16;
-29.89,-1.29,-35.57;
-23.19,-2.54,-32.49;
-15.27,-6.18,-38.28;
-21.70,-11.72,-50.11;
-30.06,-9.95,-54.96;
-33.18,-7.34,-48.61;
-26.95,-6.83,-47.07;
-16.60,-9.96,-52.81;
-17.24,-13.20,-59.68;
-37.76,-13.24,-60.49;
-47.05,-13.52,-57.88;
-35.45,-14.83,-58.64;
-16.14,-17.03,-61.67;
-1.45,-22.44,-66.31;
5.88,-21.47,-70.23;
-1.56,-16.77,-70.08;
-16.14,-12.53,-66.84;
-30.75,-14.01,-63.10;
-49.94,-16.60,-60.54;
-54.24,-20.25,-60.34;
-49.83,-18.83,-61.36;
-39.18,-22.28,-61.99;
-23.85,-17.73,-61.39;
-17.54,-19.23,-66.60;
-24.31,-20.50,-71.50;
-44.61,-15.81,-64.09;
-34.40,-15.92,-49.57;
-21.95,-22.15,-41.32;
-10.70,-26.13,-48.89;
-10.95,-21.82,-58.64;
-5.51,-16.15,-62.58;
8.24,-13.08,-64.19;
11.39,-16.07,-60.57;
1.69,-16.42,-50.86;
-9.48,-13.90,-44.06;
-0.67,-13.58,-43.10;
-3.48,-17.47,-49.83;
-1.13,-16.05,-54.64;
18.55,-18.07,-57.28;
24.26,-21.95,-54.44;
25.51,-23.35,-56.14;
40.93,-29.86,-57.99;
69.71,-23.17,-47.38;
100.49,-16.07,-33.13;
96.23,-9.05,-25.56;
81.53,-1.09,-14.38;
27.40,10.82,-0.38;
-21.95,20.63,11.20;
-73.25,18.13,18.15;
-105.41,4.04,22.12;
-78.86,-6.07,15.75;
-49.34,-3.44,6.61;
-5.63,7.66,-1.99;
9.30,10.42,1.65;
6.59,9.44,9.89;
-1.37,5.50,12.53;
1.45,-2.79,6.79;
6.76,-3.95,2.18;
-19.68,1.82,0.53;
-30.72,3.21,0.43;
-14.49,3.20,-0.63;
11.42,3.11,-0.95;
11.77,3.67,1.77;
-3.10,1.89,10.46;
-17.44,0.56,17.68;
-17.94,3.46,16.00;
-3.89,8.02,9.05;
-19.45,6.74,6.72;
-33.59,4.91,11.62;
-28.34,5.56,17.17;
2.81,8.59,15.78;
8.38,9.29,13.60;
3.51,9.21,12.84;
5.53,8.13,15.31;
-4.76,4.24,18.75;
-18.41,6.95,18.97;
-11.60,7.15,19.13;
12.27,2.53,21.20;
15.82,5.46,27.27;
2.03,10.95,32.81;
4.08,12.36,38.07;
37.16,7.82,38.23;
45.42,7.14,28.49;
1.68,8.85,18.75;
-45.42,4.98,22.85;
-27.22,1.58,31.14;
0.32,6.97,37.20;
18.08,9.85,37.31;
16.37,5.30,35.36;
40.69,10.60,37.04;
42.55,15.72,41.54;
20.18,14.37,41.83;
9.02,11.14,41.83;
0.88,11.63,45.31;
-8.89,10.36,50.32;
-13.70,10.45,53.54;
-2.08,13.63,51.51;
-16.37,17.03,53.83;
-6.14,18.27,53.08;
16.01,10.62,49.37;
26.26,6.72,46.18;
2.90,13.70,49.04;
11.31,14.28,54.52;
26.41,18.51,60.82;
42.69,15.44,66.14;
3.47,11.17,58.00;
-8.63,9.30,46.58;
14.01,9.87,34.47;
-5.97,17.38,31.43;
-6.12,24.86,38.78;
0.34,24.22,58.49;
35.95,17.44,71.80;
25.68,10.89,70.18;
9.10,8.33,46.70;
-18.63,15.66,33.46;
-14.35,11.53,35.49;
-20.93,10.11,49.23;
-0.50,7.70,49.85;
3.07,15.82,39.52;
15.16,24.05,41.92;
11.14,22.10,46.26;
16.56,16.57,45.19;
8.61,14.28,34.84;
15.45,13.15,32.35;
-0.40,15.40,31.62;
-5.16,17.14,34.96;
-8.17,11.95,38.53;
-1.37,-1.61,39.48;
5.72,-0.59,32.99;
17.85,4.40,29.25;
25.39,11.32,25.13;
24.38,9.58,24.32;
12.29,14.57,25.05;
8.00,15.17,28.94;
13.37,21.64,30.79;
8.37,20.51,30.87;
6.56,15.60,23.74;
1.80,12.36,23.63;
4.35,10.65,24.55;
7.62,10.25,23.48;
-1.37,7.30,19.27;
-11.04,6.25,15.28;
-2.06,4.02,11.78;
19.47,9.21,11.39;
31.94,12.83,9.19;
24.59,13.08,4.26;
6.72,12.56,4.62;
-9.22,12.95,9.52;
-13.95,13.00,13.75;
-12.58,10.53,10.52;
-1.71,6.98,-1.24;
6.47,7.17,-6.19;
6.03,9.53,-3.62;
-12.15,8.98,-1.94;
-22.78,4.68,-4.75;
-17.47,3.21,-10.23;
-1.73,7.64,-11.45;
7.07,10.39,-6.64;
2.75,8.82,-7.83;
-20.38,2.63,-13.86;
-38.12,-0.42,-17.32;
-46.32,3.76,-12.90;
-34.84,6.69,-5.76;
-19.01,0.94,-12.80;
-5.56,0.08,-21.99;
-9.53,-1.28,-28.15;
-23.97,0.80,-33.25;
-34.02,5.92,-32.38;
-31.79,5.38,-31.09;
-27.56,3.60,-34.66;
-30.47,3.40,-41.42;
-31.02,3.21,-46.54;
-34.38,2.86,-49.99;
-34.09,1.47,-50.83;
-29.25,-2.54,-52.51;
-29.83,-7.35,-57.13;
-37.89,-9.23,-60.83;
-42.32,-8.99,-62.86;
-45.19,-11.40,-62.06;
-41.54,-13.52,-61.61;
-34.83,-13.98,-60.51;
-28.57,-16.28,-65.35;
-35.21,-20.66,-74.83;
-43.22,-17.05,-72.72;
-41.73,-19.87,-68.58;
-39.02,-20.24,-68.06;
-30.55,-21.32,-69.90;
-38.17,-26.53,-73.15;
-61.51,-22.27,-76.14;
-69.07,-18.53,-71.99;
-66.93,-19.61,-65.45;
-46.92,-23.03,-64.37;
-22.64,-31.24,-70.48;
-17.31,-30.70,-79.03;
-20.24,-25.84,-77.32;
-15.99,-27.84,-66.28;
-6.61,-28.56,-63.76;
8.67,-26.97,-65.91;
-4.32,-22.97,-65.30;
-9.25,-23.78,-62.32;
-16.95,-31.41,-57.25;
-20.06,-38.08,-54.55;
-13.42,-30.68,-57.12;
-12.24,-27.21,-61.79;
-16.83,-20.04,-60.60;
-16.67,-18.57,-52.92;
-13.33,-22.85,-52.80;
-16.66,-28.30,-56.15;
18.78,-28.53,-52.12;
63.51,-29.44,-40.43;
38.87,-27.76,-30.93;
0.81,-22.13,-31.91;
10.30,-16.25,-38.35;
42.24,3.56,-34.86;
96.00,14.07,-22.63;
102.27,6.19,-7.07;
20.59,4.43,12.79;
-51.97,9.43,15.66;
-81.71,4.21,-0.57;
-63.36,-5.12,-14.54;
-50.95,-3.81,-7.51;
-27.50,-1.18,11.33;
7.21,3.17,12.99;
26.15,1.52,-0.14;
8.67,7.29,-7.03;
-13.60,7.40,-6.32;
-18.31,3.53,-0.87;
-14.89,-3.84,1.92;
-9.65,-6.97,4.06;
-13.63,4.83,8.15;
-15.05,8.43,9.56;
-0.50,1.67,8.65;
-13.48,-2.31,7.13;
-32.32,2.60,3.23;
-32.18,7.43,2.81;
-14.81,8.40,5.27;
16.81,5.06,10.88;
11.04,3.84,14.18;
-10.37,4.28,12.67;
-17.83,3.43,14.72;
0.03,6.76,17.27;
9.69,7.58,11.37;
-4.63,4.80,3.54;
-12.84,2.66,6.33;
4.11,3.11,14.81;
27.48,9.49,25.36;
36.05,15.40,24.88;
29.72,15.17,18.96;
15.13,11.56,17.56;
6.67,7.79,27.56;
22.47,8.18,36.30;
14.67,18.05,37.56;
15.42,16.60,33.14;
18.11,9.81,32.03;
22.85,12.28,32.41;
-4.12,20.53,34.70;
4.40,18.92,37.88;
14.29,14.77,44.23;
62.18,5.82,42.94;
60.79,8.68,31.56;
24.47,15.06,21.11;
6.95,14.27,24.96;
25.82,10.85,37.07;
50.17,5.09,43.72;
28.40,17.24,40.09;
0.59,21.01,35.10;
-5.05,15.34,40.24;
-19.42,11.78,51.14;
-21.79,17.90,56.47;
-28.92,23.92,51.60;
-27.79,20.13,48.88;
-4.78,13.60,57.04;
29.98,7.58,62.85;
40.20,18.80,51.85;
29.56,20.71,42.99;
4.03,21.32,41.34;
-10.52,11.92,46.76;
3.39,11.56,49.28;
28.82,18.14,54.68;
35.36,20.43,54.15;
20.72,7.98,52.82;
11.40,15.14,46.10;
-13.95,17.92,44.82;
-2.40,22.77,44.64;
7.76,16.69,46.29;
15.77,19.08,48.03;
-7.37,20.08,50.81;
-19.66,24.83,50.91;
-4.18,17.35,54.43;
28.72,9.37,47.92;
23.17,9.14,38.38;
7.08,14.63,34.61;
-14.41,18.01,45.31;
13.59,14.48,54.79;
10.79,4.43,51.74;
39.71,1.63,29.97;
16.92,11.73,20.09;
4.70,18.16,24.26;
-15.44,28.34,31.88;
-9.41,26.51,39.17;
18.43,14.66,35.89;
15.13,11.09,31.07;
28.03,16.25,26.15;
22.05,14.51,22.46;
22.20,7.84,19.40;
-5.66,9.73,20.23;
-25.60,11.12,27.13;
-28.17,16.79,29.69;
-10.70,17.70,31.91;
14.93,13.89,25.42;
23.97,10.33,18.33;
27.17,7.89,12.82;
18.96,9.81,11.25;
8.17,10.69,13.39;
-3.85,10.28,12.46;
-9.16,11.63,13.57;
-10.14,14.89,18.01;
-8.64,13.23,18.38;
-5.56,12.11,12.00;
0.88,7.35,10.62;
4.12,5.85,13.16;
14.17,6.97,11.88;
9.62,6.62,3.98;
-5.76,5.56,-1.53;
-24.12,7.75,0.61;
-19.92,8.18,7.75;
-8.89,10.25,7.86;
2.32,8.71,0.82;
10.64,6.05,-11.53;
-2.09,7.52,-14.48;
-14.87,6.91,-8.58;
-30.84,5.49,-0.66;
-28.75,3.93,0.18;
-21.86,2.71,-4.22;
-14.21,-0.18,-11.79;
-11.31,-4.28,-19.30;
-12.00,-6.48,-20.63;
-5.79,-2.86,-15.96;
-3.16,2.11,-10.54;
-9.57,0.82,-15.44;
-13.68,-0.39,-24.51;
-25.94,-2.15,-30.34;
-26.17,-1.89,-26.55;
-16.35,-2.04,-24.00;
-4.93,-3.70,-26.95;
-7.04,-4.77,-34.86;
-24.55,-8.77,-42.73;
-41.01,-7.67,-44.72;
-40.67,-5.76,-42.98;
-27.45,-5.14,-40.84;
-12.11,-8.65,-45.94;
-8.08,-12.30,-57.65;
-19.02,-12.60,-62.89;
-29.73,-11.08,-59.28;
-36.69,-12.13,-52.93;
-38.17,-14.71,-55.53;
-37.76,-16.21,-61.51;
-44.12,-19.75,-67.45;
-44.50,-22.31,-72.70;
-36.63,-21.41,-70.60;
-25.24,-19.38,-71.67;
-15.16,-22.77,-77.83;
-14.79,-27.37,-80.57;
-25.85,-29.50,-81.47;
-37.07,-28.07,-81.36;
-39.65,-27.76,-77.76;
-51.54,-29.73,-74.98;
-58.92,-31.60,-73.77;
-45.88,-29.98,-73.57;
-48.72,-23.38,-70.34;
-38.58,-22.66,-65.24;
-39.37,-26.95,-70.78;
-33.82,-34.97,-81.15;
-37.39,-37.11,-75.86;
-28.31,-34.63,-65.35;
-5.50,-32.70,-56.44;
9.88,-21.73,-57.93;
11.14,-22.18,-75.22;
13.97,-32.04,-86.83;
6.40,-38.53,-85.03;
19.16,-39.92,-71.82;
40.81,-30.07,-51.70;
49.27,-26.97,-33.97;
20.34,-16.82,-22.25;
7.45,-5.69,-25.90;
36.37,-1.05,-32.25;
65.31,3.11,-27.99;
53.11,-6.05,-15.80;
6.15,-8.70,-2.32;
-34.58,-8.47,-2.37;
-60.76,6.83,-5.74;
-32.21,15.47,-8.72;
-11.36,3.66,-1.77;
-16.73,-0.40,5.14;
-13.51,-2.16,1.56;
-4.79,0.68,-2.48;
19.91,2.62,-7.41;
12.49,1.53,0.49;
-39.76,7.01,9.43;
-48.63,4.72,6.61;
-39.42,-1.64,2.85;
-24.06,2.50,2.10;
14.41,4.05,0.88;
31.40,0.48,1.62;
7.19,-1.34,1.60;
-15.18,0.66,4.67;
-30.96,5.87,11.08;
-32.92,7.20,13.07;
-36.05,4.39,14.07;
-23.04,-0.66,11.57;
-6.73,-1.49,5.28;
1.76,4.59,2.14;
5.95,9.23,5.46;
24.92,12.53,14.32;
32.03,7.79,19.88;
31.60,6.24,16.29;
7.24,5.84,10.00;
-23.42,3.08,6.90;
-31.68,2.59,16.65;
-18.84,0.97,28.78;
29.86,6.94,37.68;
52.70,10.72,27.85;
29.13,12.31,16.30;
-1.94,7.78,15.56;
8.20,0.63,28.82;
68.17,10.30,46.44;
53.76,16.31,44.23;
28.03,12.60,35.80;
2.46,8.33,47.30;
57.34,11.01,60.84;
76.79,20.04,55.14;
46.58,14.47,35.91;
8.01,10.10,33.22;
-1.10,11.67,45.92;
30.43,7.30,43.30;
5.57,16.04,29.88;
-1.54,18.01,19.23;
-21.24,6.50,27.25;
-2.20,0.82,48.58;
-1.71,15.69,61.01;
40.59,19.12,62.78;
26.75,12.95,43.22;
13.74,15.89,34.20;
-27.36,26.98,40.04;
-15.24,15.76,53.78;
-13.73,11.85,65.69;
14.35,12.94,66.49;
3.22,13.96,65.36;
23.25,13.26,58.26;
16.69,29.49,49.42;
1.65,38.62,48.49;
-14.20,30.77,63.56;
-1.95,11.56,74.01;
48.43,2.28,73.23;
12.56,10.68,50.67;
-11.36,29.32,36.82;
-0.90,24.51,43.36;
-16.32,15.17,43.86;
-10.90,17.47,50.24;
2.21,19.38,56.43;
36.43,12.30,51.89;
25.31,15.61,34.00;
9.16,19.85,27.57;
-8.49,22.82,35.60;
12.32,8.54,42.29;
3.07,9.44,34.97;
1.10,14.92,28.90;
-13.42,29.34,29.27;
-10.11,33.00,37.33;
-1.30,29.93,41.80;
24.27,12.72,41.04;
40.21,6.36,28.03;
35.43,13.14,23.69;
9.33,18.95,28.38;
-20.53,12.31,32.70;
-20.70,6.07,29.20;
1.88,11.29,30.06;
19.69,14.60,29.68;
32.59,14.19,23.97;
24.30,14.24,20.70;
15.34,10.21,25.34;
5.05,10.77,28.23;
7.54,11.63,26.39;
5.80,13.92,18.26;
3.82,14.91,13.22;
6.88,13.24,13.92;
8.56,14.77,18.24;
7.13,13.06,19.17;
11.13,10.27,10.61;
15.50,8.85,4.90;
15.43,10.85,3.80;
2.37,13.08,5.94;
-12.99,15.78,7.63;
-28.63,15.56,10.35;
-31.47,9.93,8.90;
-16.49,5.49,2.18;
6.40,4.89,-0.22;
16.00,4.74,-0.99;
11.54,0.80,-6.14;
-8.72,-0.39,-9.51;
-31.53,1.67,-7.07;
-34.55,5.26,-1.86;
-25.27,3.98,-1.73;
-6.96,0.27,-10.11;
9.34,-2.47,-19.45;
7.47,-0.76,-21.62;
-12.02,3.06,-17.83;
-32.73,7.90,-12.31;
-44.43,7.09,-12.89;
-50.52,3.37,-20.05;
-40.44,-0.94,-26.78;
-22.21,-2.28,-32.46;
-6.38,-1.73,-35.71;
3.48,-3.49,-36.60;
-8.29,-2.91,-36.14;
-27.16,-2.04,-34.28;
-51.91,-2.83,-35.03;
-60.83,-3.02,-39.65;
-46.53,-3.82,-46.14;
-27.91,-7.86,-51.28;
-13.15,-9.18,-53.62;
-9.71,-14.42,-57.42;
-15.76,-16.60,-63.10;
-31.73,-16.70,-66.66;
-43.99,-17.26,-66.81;
-53.76,-15.21,-67.28;
-49.59,-12.37,-69.82;
-40.55,-14.47,-73.77;
-30.87,-16.80,-79.48;
-22.53,-20.97,-86.05;
-30.58,-25.69,-86.86;
-41.94,-26.07,-82.31;
-40.89,-27.12,-74.98;
-39.91,-32.13,-79.47;
-40.81,-35.06,-91.74;
-46.86,-34.80,-95.90;
-26.83,-41.12,-90.08;
-31.79,-41.40,-78.25;
-29.34,-43.69,-73.56;
-45.99,-44.91,-73.71;
-63.34,-42.59,-71.35;
-83.07,-38.27,-66.14;
-74.31,-33.82,-58.84;
-45.13,-34.86,-60.25;
-23.08,-41.38,-70.00;
-2.86,-35.86,-76.83;
-9.80,-24.34,-78.25;
-0.87,-24.77,-71.74;
11.01,-30.18,-62.43;
52.32,-29.96,-56.06;
71.63,-31.63,-50.51;
60.03,-14.40,-45.90;
43.89,-5.92,-41.25;
62.43,-0.79,-26.12;
81.17,-9.96,-16.75;
57.57,-21.63,-23.10;
19.16,-20.88,-34.32;
-5.50,-9.28,-29.04;
3.40,1.61,-19.77;
43.02,-0.85,-2.03;
-2.38,0.77,9.62;
-33.56,1.34,2.91;
-54.23,-0.07,-7.15;
-38.34,9.81,-13.32;
-8.64,-0.45,-4.34;
-14.47,-3.32,7.57;
0.26,-3.73,8.75;
6.27,2.48,8.23;
1.07,8.19,3.42;
-7.66,8.28,-2.23;
-33.80,2.85,2.55;
-46.81,2.53,3.78;
-29.28,-3.28,0.91;
-5.27,-0.77,2.30;
10.84,5.20,5.27;
19.79,6.19,6.94;
2.46,3.05,0.79;
-16.11,0.39,-2.20;
-20.38,2.88,4.76;
-11.63,2.43,14.29;
-18.34,5.73,17.78;
-19.88,5.53,11.52;
-20.66,0.11,4.75;
-21.79,2.05,5.02;
-7.89,2.79,7.04;
-0.14,4.43,9.69;
6.23,4.25,8.53;
1.79,3.64,7.46;
1.92,4.33,10.90;
11.60,5.50,14.46;
18.55,8.62,15.17;
0.98,12.79,16.35;
-2.34,8.51,18.15;
16.56,8.76,21.88;
31.39,7.24,24.35;
27.34,6.80,24.23;
8.05,9.73,22.35;
-7.13,8.02,23.07;
2.44,7.30,27.20;
18.41,9.12,27.11;
13.04,9.11,21.86;
5.47,4.83,17.85;
8.12,5.34,31.01;
39.45,8.94,47.62;
93.68,12.69,53.37;
75.30,21.38,40.00;
25.21,22.47,31.89;
-13.57,19.09,38.61;
37.72,15.84,51.46;
36.46,14.19,56.46;
26.82,12.79,42.30;
-17.92,15.20,25.01;
-61.05,19.06,40.85;
-62.93,27.55,61.57;
-17.48,32.94,69.46;
27.53,19.63,57.86;
8.38,11.55,42.20;
-25.71,15.18,47.52;
-15.57,21.18,59.60;
49.02,20.28,59.22;
68.61,32.10,45.01;
29.08,26.72,51.60;
-9.42,17.82,75.89;
0.95,14.83,88.01;
15.88,18.16,86.46;
-4.66,29.70,71.02;
19.34,20.82,51.30;
0.17,17.15,37.91;
-13.53,16.14,41.34;
-36.21,25.47,52.91;
-12.34,31.90,66.88;
40.63,26.94,70.96;
44.67,24.40,56.10;
45.54,25.63,29.95;
8.47,27.67,28.29;
-1.19,27.99,41.01;
-6.95,29.69,52.26;
-12.73,33.40,57.78;
-30.31,35.79,59.57;
-18.17,32.89,52.09;
-10.89,27.81,49.20;
26.01,13.63,44.41;
36.73,13.93,33.98;
36.49,23.23,26.52;
22.15,33.55,35.45;
10.21,24.65,43.88;
3.63,19.70,43.65;
17.05,19.40,38.96;
28.43,25.30,32.96;
25.34,28.95,28.58;
18.37,23.96,25.80;
16.96,16.14,28.27;
18.08,16.47,30.27;
23.16,19.64,29.37;
19.53,24.18,22.43;
8.11,23.40,17.23;
-4.49,24.16,17.83;
-5.54,21.34,20.03;
-0.41,18.72,19.54;
4.24,19.11,19.69;
6.72,13.67,16.75;
4.21,5.85,6.35;
-4.47,3.24,-0.28;
-8.75,6.25,0.87;
-12.98,6.60,0.32;
-18.52,4.89,-5.47;
-24.40,7.63,-7.35;
-21.94,9.29,-7.62;
-19.15,8.88,-8.83;
-17.77,3.18,-9.96;
-16.17,-1.50,-12.98;
-18.84,-0.77,-16.25;
-19.86,4.14,-15.83;
-27.24,5.70,-14.87;
-41.41,5.01,-17.73;
-45.18,1.89,-23.64;
-39.62,1.98,-27.70;
-36.35,5.58,-28.26;
-30.31,5.26,-32.73;
-27.70,5.41,-38.38;
-33.12,3.73,-39.86;
-41.99,1.60,-40.34;
-48.38,-0.54,-42.14;
-49.42,-3.05,-43.88;
-42.08,-7.82,-49.61;
-35.31,-10.74,-57.70;
-30.61,-8.42,-61.42;
-31.30,-8.88,-63.03;
-33.33,-10.22,-63.03;
-38.57,-12.53,-63.18;
-45.89,-14.94,-65.90;
-43.97,-18.76,-72.95;
-43.36,-16.74,-76.98;
-35.08,-17.49,-81.82;
-32.64,-20.08,-87.45;
-34.92,-23.08,-91.19;
-45.76,-26.73,-89.85;
-51.73,-31.47,-84.86;
-62.73,-32.34,-81.77;
-63.30,-36.74,-85.27;
-58.44,-34.48,-89.45;
-48.24,-33.82,-89.88;
-29.54,-48.62,-87.42;
-32.18,-49.50,-83.57;
-48.66,-47.08,-79.61;
-73.41,-37.03,-78.28;
-77.47,-37.90,-76.86;
-67.70,-42.56,-75.79;
-19.24,-50.68,-69.80;
-8.34,-40.45,-67.74;
-2.46,-33.76,-71.96;
-12.21,-28.05,-71.32;
-14.73,-31.32,-66.17;
7.85,-32.34,-58.86;
39.47,-26.95,-53.39;
32.00,-14.18,-56.84;
33.08,-8.28,-62.29;
35.94,-14.66,-63.30;
36.09,-26.54,-55.19;
82.23,-30.11,-45.25;
113.33,-37.89,-41.51;
64.61,-21.92,-40.67;
34.40,2.34,-35.10;
40.95,-2.39,-18.23;
27.17,-1.49,-2.29;
18.46,2.04,-2.44;
-29.39,3.56,-0.29;
-59.89,2.76,-3.45;
-82.98,3.37,0.14;
-66.47,1.20,5.81;
-41.59,0.21,7.72;
5.97,1.78,1.71;
31.42,-4.44,-2.12;
16.20,-2.59,-0.75;
-14.58,3.70,-0.87;
-28.26,1.17,-1.74;
-19.24,2.40,0.93;
-2.43,2.66,4.85;
-6.44,3.58,6.55;
-15.25,2.27,3.43;
-11.27,0.36,0.26;
3.25,-0.92,-0.15;
18.46,-0.85,-0.09;
6.32,0.25,4.06;
-8.31,1.66,7.16;
-20.89,-0.77,6.91;
-34.47,-0.18,7.23;
-28.52,6.11,6.90;
4.64,6.14,5.80;
28.61,1.82,5.16;
25.82,1.38,5.02;
18.56,4.77,6.64;
25.74,9.41,7.95;
35.71,5.56,9.60;
8.08,7.72,16.15;
-14.11,10.22,22.90;
-19.70,8.89,31.22;
12.37,8.01,33.92;
33.80,11.90,32.47;
20.55,10.39,26.59;
5.74,6.25,23.07;
4.53,9.14,25.49;
48.99,8.80,29.80;
58.41,8.27,32.06;
45.02,9.05,31.42;
17.36,11.61,35.01;
27.77,15.41,38.38;
44.43,14.01,37.77;
36.79,20.79,41.13;
8.49,18.57,42.52;
-21.53,22.98,49.10;
-8.93,18.11,55.17;
19.69,19.35,62.18;
33.68,19.18,59.91;
31.51,15.73,54.20;
6.82,17.73,50.29;
-1.42,13.69,45.59;
-19.21,14.25,43.01;
-15.97,13.81,43.72;
4.76,18.94,47.74;
18.90,23.70,49.94;
23.82,34.92,50.18;
4.26,26.24,60.67;
14.52,6.88,61.63;
16.47,6.71,48.15;
13.50,14.34,38.56;
12.67,28.28,41.56;
45.31,22.94,54.14;
10.29,28.08,63.20;
8.59,22.05,61.89;
-0.12,27.70,53.86;
0.85,29.09,43.16;
-23.12,37.32,43.36;
-17.54,36.47,51.74;
0.95,31.87,52.20;
16.21,21.89,51.89;
22.81,15.93,49.25;
0.43,15.41,48.61;
9.71,21.49,43.40;
3.21,21.73,44.36;
1.69,22.59,41.98;
1.68,23.44,50.35;
16.21,24.05,54.33;
7.30,19.98,44.44;
12.99,21.93,29.91;
8.00,24.79,28.73;
5.56,25.38,34.75;
10.88,16.79,42.33;
28.61,13.98,36.72;
19.28,16.91,23.48;
18.20,21.87,17.11;
-0.00,23.37,28.65;
-13.85,17.99,34.58;
-13.54,12.28,31.69;
1.63,12.98,17.69;
10.37,18.54,11.56;
16.15,20.57,13.11;
7.74,18.10,14.85;
3.97,13.87,9.01;
-1.74,14.65,3.05;
-8.20,13.93,1.59;
-9.57,11.14,3.89;
-4.84,9.70,5.65;
-2.90,8.74,3.88;
-0.05,7.95,-3.30;
-7.70,9.37,-10.37;
-25.97,8.66,-11.38;
-35.79,9.79,-3.13;
-24.18,9.55,3.40;
-7.45,4.40,-3.27;
-7.65,2.48,-14.22;
-13.63,2.66,-20.95;
-27.73,3.49,-17.04;
-27.85,1.60,-14.26;
-24.28,1.03,-17.62;
-23.34,3.64,-24.35;
-26.86,5.26,-24.96;
-41.16,3.82,-23.79;
-39.08,3.03,-28.02;
-29.95,2.19,-33.82;
-23.76,-0.68,-38.83;
-20.89,-5.75,-41.88;
-23.18,-5.60,-37.96;
-28.08,-5.15,-34.06;
-34.03,-8.16,-37.16;
-47.12,-11.66,-46.15;
-53.91,-11.46,-49.77;
-52.78,-10.25,-48.67;
-33.15,-10.89,-50.90;
-16.84,-13.57,-59.04;
-16.84,-18.01,-69.51;
-30.18,-16.70,-74.55;
-46.41,-12.73,-71.50;
-47.08,-15.08,-67.44;
-48.26,-18.25,-66.69;
-54.64,-24.05,-71.48;
-63.15,-23.58,-71.76;
-79.71,-21.90,-70.31;
-66.96,-20.77,-71.54;
-50.75,-26.15,-72.54;
-20.75,-32.19,-78.66;
-12.40,-38.10,-82.06;
-19.54,-35.38,-77.67;
-23.31,-33.32,-73.42;
-36.49,-31.78,-75.82;
-42.17,-35.55,-78.06;
-36.73,-46.60,-75.12;
-27.04,-42.92,-65.35;
-18.69,-39.40,-61.97;
-6.75,-36.66,-61.97;
-18.24,-37.09,-65.18;
-36.87,-31.76,-71.07;
-30.96,-33.23,-72.17;
-14.46,-35.67,-66.75;
12.35,-29.69,-57.47;
47.07,-30.57,-52.02;
44.38,-24.89,-50.86;
31.43,-24.60,-61.79;
47.45,-25.57,-65.39;
83.59,-18.99,-60.49;
144.50,-29.67,-52.43;
122.52,-34.56,-34.35;
81.27,-12.13,-23.90;
50.98,7.05,-19.33;
43.95,13.55,-8.92;
-17.48,4.86,-0.48;
-68.47,-4.48,1.52;
-82.08,-6.16,0.27;
-68.05,-0.74,-1.19;
-34.89,6.65,0.35;
-13.31,8.27,5.86;
5.36,3.50,9.30;
6.11,1.30,-0.48;
4.75,-0.39,-9.67;
-7.60,-0.48,-6.08;
-21.42,2.69,7.78;
-15.41,1.99,14.15;
-33.59,-2.04,14.21;
-47.97,-7.90,7.95;
-48.87,-5.47,3.49;
-15.21,2.91,-0.40;
7.98,8.92,2.26;
24.15,8.53,6.88;
18.41,2.51,9.85;
3.97,-0.44,8.07;
-19.04,1.43,7.86;
-23.62,1.69,10.61;
-31.79,3.00,15.25;
-26.46,4.74,16.73;
-17.54,7.29,16.10;
21.79,10.19,12.06;
22.84,10.18,9.86;
-1.85,8.76,10.99;
-7.42,2.77,13.16;
-1.27,0.11,16.30;
10.82,5.66,22.85;
13.34,12.13,27.91;
6.99,12.95,30.12;
-2.76,11.30,32.50;
-14.52,10.08,36.06;
13.65,15.84,37.92;
24.66,19.78,34.01;
19.91,17.61,30.01;
21.88,14.77,24.87;
20.38,6.80,23.05;
22.81,9.15,32.53;
23.95,14.21,44.47;
60.55,23.05,55.16;
58.49,25.87,51.78;
-1.80,32.65,41.75;
-22.46,31.05,29.85;
-36.78,18.80,35.92;
-21.65,8.01,48.04;
4.55,19.01,52.43;
33.21,29.64,52.09;
15.30,29.99,44.30;
8.18,21.78,38.96;
-9.13,15.30,39.51;
-8.20,15.82,48.79;
9.10,26.48,51.25;
49.08,25.52,52.00;
13.95,22.88,54.01;
12.75,23.72,50.67;
-3.30,27.29,48.32;
-1.28,27.29,46.43;
6.84,28.62,53.37;
-2.50,28.34,63.20;
7.56,19.85,74.78;
19.88,14.86,59.25;
32.92,9.26,44.27;
27.57,24.91,39.30;
15.42,25.61,51.05;
-17.01,26.91,61.66;
-7.02,17.52,56.21;
-1.66,26.69,46.06;
8.05,30.14,46.56;
-7.83,42.24,50.68;
5.79,35.53,51.60;
5.88,28.53,50.49;
16.27,24.50,47.08;
8.43,28.89,44.00;
6.75,29.49,42.76;
-12.31,34.40,41.75;
-1.15,40.82,43.65;
-5.59,37.72,47.17;
6.47,28.25,47.07;
-4.96,30.91,41.46;
-7.39,40.62,36.96;
-9.77,40.65,46.73;
11.42,32.63,48.68;
12.41,18.56,46.27;
12.53,17.93,36.49;
0.15,20.14,35.62;
0.90,20.94,40.73;
1.40,16.37,44.43;
6.64,17.17,40.35;
10.23,18.40,33.69;
15.28,22.97,26.78;
10.46,26.53,23.66;
4.75,26.48,25.23;
7.37,24.88,29.05;
14.44,22.43,33.51;
13.19,20.79,31.85;
0.12,16.62,24.96;
-13.45,13.99,19.75;
-12.23,10.72,16.50;
-5.60,9.40,15.05;
0.96,8.16,9.91;
2.70,10.57,8.20;
-1.91,11.75,10.84;
-9.80,11.82,14.82;
-16.23,9.49,11.78;
-17.34,5.61,2.29;
-10.35,7.56,-4.48;
-0.02,12.85,-4.54;
2.96,9.20,-5.74;
-6.12,2.97,-7.03;
-19.59,-1.52,-6.29;
-24.21,-0.79,-3.79;
-16.86,0.77,-4.83;
-4.57,2.24,-13.01;
-2.23,-0.94,-21.16;
-5.37,-3.38,-22.86;
-14.90,-2.48,-16.67;
-20.23,2.92,-12.31;
-22.50,5.12,-15.35;
-25.39,4.39,-21.44;
-28.32,-0.65,-28.75;
-30.03,-3.58,-28.40;
-25.83,-0.19,-22.31;
-18.34,4.27,-18.51;
-17.80,2.08,-24.99;
-25.95,-2.13,-37.74;
-29.63,-2.65,-44.92;
-27.33,-2.24,-45.39;
-20.09,0.28,-41.57;
-15.83,1.11,-38.86;
-19.39,0.01,-38.29;
-31.56,-4.80,-40.38;
-37.60,-9.60,-41.35;
-32.44,-11.95,-44.08;
-24.28,-14.63,-49.54;
-18.98,-15.34,-56.96;
-20.81,-13.95,-63.01;
-27.19,-12.24,-66.54;
-31.47,-10.70,-65.57;
-35.07,-12.76,-62.19;
-34.60,-14.97,-61.15;
-35.44,-12.79,-64.63;
-38.55,-12.91,-69.67;
-42.44,-14.88,-76.69;
-48.41,-19.79,-78.20;
-51.48,-20.05,-75.45;
-44.98,-23.53,-78.73;
-34.92,-28.16,-85.36;
-36.73,-29.44,-85.67;
-44.28,-33.87,-85.93;
-47.24,-35.17,-88.43;
-43.08,-37.20,-89.74;
-42.52,-40.25,-88.81;
-43.34,-45.63,-87.48;
-43.71,-48.27,-83.77;
-54.70,-51.28,-78.95;
-73.13,-49.98,-73.25;
-80.75,-45.11,-71.38;
-64.57,-53.90,-76.06;
-71.85,-50.94,-78.09;
-47.10,-48.50,-75.70;
-14.09,-48.25,-67.04;
3.53,-41.05,-64.63;
28.18,-46.16,-75.19;
41.24,-46.70,-83.47;
36.23,-43.05,-79.47;
53.08,-26.92,-71.16;
89.57,-27.84,-63.22;
97.54,-36.89,-55.85;
70.61,-34.91,-46.28;
49.82,-22.63,-35.41;
71.74,-7.73,-22.90;
73.71,10.63,-7.13;
39.60,16.54,4.88;
-55.37,15.08,13.33;
-121.83,8.97,6.26;
-117.34,-9.78,-5.27;
-76.24,-16.51,1.68;
-28.14,-8.02,7.71;
27.76,1.70,4.84;
41.22,7.98,-0.26;
26.56,12.31,-3.73;
-3.34,4.86,-2.34;
-50.24,-1.14,3.34;
-56.43,-3.05,2.20;
-27.30,-6.71,4.12;
5.13,-8.02,5.51;
20.67,-2.79,3.10;
25.48,4.40,-0.03;
22.55,6.36,2.85;
-6.58,8.30,11.08;
-21.73,10.08,16.64;
-16.96,11.67,16.26;
-7.80,3.12,14.85;
-21.16,3.05,17.63;
-16.21,9.63,19.02;
1.72,9.38,13.56;
12.52,10.56,6.39;
21.22,4.85,2.81;
20.69,6.01,7.72;
39.39,8.80,17.11;
60.11,8.72,21.92;
66.96,8.53,24.41;
70.47,9.66,22.01;
54.27,9.35,17.59;
34.50,8.36,18.23;
34.18,9.99,28.99;
83.69,1.76,38.58;
101.57,4.34,44.50;
74.27,11.50,35.14;
32.43,14.72,24.61;
1.40,13.00,24.81;
17.76,4.65,28.97;
41.57,-0.15,24.21;
38.18,1.53,14.52;
19.08,11.72,16.21;
0.59,18.77,31.43;
-2.61,16.28,55.48;
41.02,13.63,62.82;
56.82,13.99,49.66;
24.72,14.07,30.41;
0.82,20.40,25.40;
-9.22,16.97,45.17;
19.68,11.09,71.10;
9.45,17.84,72.20;
25.28,20.04,43.71;
11.39,24.34,17.71;
-23.74,28.10,31.77;
-41.80,25.05,57.95;
-12.20,17.12,71.98;
15.37,17.60,59.04;
25.07,19.08,38.24;
24.27,21.40,20.39;
-4.81,20.43,24.73;
-11.74,22.04,38.18;
-15.31,23.35,52.87;
13.33,27.27,58.49;
11.88,24.25,51.23;
18.05,22.71,30.14;
9.36,22.95,21.48;
-3.97,25.27,29.23;
-11.66,22.59,40.52;
-3.62,22.66,45.28;
-8.41,27.69,46.44;
8.38,28.21,42.49;
18.81,23.87,35.54;
24.06,26.85,28.99;
-4.64,29.06,35.11;
-20.84,34.31,38.61;
-24.60,34.94,49.34;
-9.12,29.76,56.14;
-2.75,19.58,57.27;
9.53,17.58,43.59;
18.09,12.88,30.50;
4.23,18.51,24.65;
3.92,16.51,25.36;
8.50,19.21,26.52;
25.79,23.03,28.87;
23.08,26.10,29.83;
13.19,25.38,25.04;
0.08,24.79,20.59;
3.31,21.93,23.88;
3.45,19.95,25.46;
7.85,21.14,23.74;
9.40,22.56,21.97;
6.56,21.14,23.16;
-4.90,19.63,26.14;
-9.54,14.08,27.25;
-6.49,13.82,27.23;
6.72,13.55,20.04;
14.20,12.77,10.49;
17.92,12.80,7.20;
2.06,14.04,10.75;
-14.12,10.88,15.62;
-16.86,6.60,14.68;
-6.96,6.40,10.41;
0.30,8.47,7.28;
2.92,8.19,5.16;
-2.28,7.17,1.57;
-8.53,4.60,-3.53;
-15.63,7.35,-5.24;
-18.81,7.29,-3.94;
-17.05,6.71,-1.32;
-12.49,4.22,-0.95;
-12.09,0.63,-6.19;
-16.46,0.56,-12.58;
-21.68,2.37,-17.48;
-30.57,6.37,-18.95;
-36.53,8.08,-17.28;
-41.77,5.90,-14.31;
-38.90,2.16,-16.51;
-31.70,2.51,-18.70;
-26.79,2.83,-22.84;
-24.78,0.57,-29.04;
-27.91,-1.63,-31.71;
-29.10,-3.79,-33.64;
-32.15,-3.15,-37.33;
-37.21,-2.34,-37.73;
-42.34,-0.97,-36.86;
-50.47,-1.52,-38.15;
-56.34,-1.57,-41.85;
-63.95,-2.05,-45.22;
-61.36,-1.98,-48.95;
-56.69,-3.81,-50.57;
-49.27,-7.05,-53.67;
-43.91,-11.70,-60.25;
-30.47,-13.32,-65.68;
-30.96,-12.88,-69.39;
-31.70,-16.10,-73.74;
-36.43,-15.78,-74.49;
-38.75,-15.26,-70.86;
-39.91,-16.76,-70.92;
-45.50,-19.76,-72.83;
-54.15,-23.60,-76.44;
-53.89,-23.44,-80.77;
-48.26,-31.20,-79.45;
-44.55,-40.51,-76.63;
-52.79,-40.50,-74.11;
-62.29,-36.83,-71.50;
-82.73,-33.21,-69.47;
-79.45,-37.26,-69.42;
-67.19,-40.10,-72.43;
-47.86,-40.86,-83.38;
-9.80,-42.71,-79.21;
6.00,-49.53,-64.73;
9.04,-47.37,-63.83;
0.82,-40.97,-68.87;
-21.13,-34.27,-71.21;
-21.76,-36.82,-70.96;
-23.70,-38.53,-70.77;
6.09,-42.97,-72.58;
20.56,-38.88,-64.75;
59.94,-25.92,-51.48;
95.92,-13.73,-47.61;
94.85,-6.01,-51.21;
84.15,-5.76,-51.41;
94.15,-31.64,-51.83;
64.50,-40.37,-37.32;
44.61,-24.36,-26.17;
18.95,-0.76,-14.46;
12.67,17.90,-9.77;
5.34,24.33,-5.30;
-17.47,9.49,-1.39;
-55.92,-2.22,-2.96;
-54.17,-4.47,-7.47;
-36.84,-4.40,-6.67;
-0.05,-0.39,0.88;
3.60,3.09,8.36;
-8.20,3.53,4.38;
-9.42,3.61,-4.54;
-19.44,7.27,-9.82;
-25.86,14.45,-8.02;
-12.02,10.71,5.20;
-0.23,2.13,15.22;
21.07,-9.55,11.54;
14.88,-10.15,-1.56;
-6.49,-4.99,-9.03;
-34.38,3.24,0.50;
-35.31,6.77,11.08;
-16.32,2.43,15.94;
-8.93,-1.58,11.07;
-12.50,1.20,3.66;
-19.18,2.98,0.41;
-24.55,3.76,3.07;
-17.16,2.92,6.35;
4.24,0.85,4.67;
28.14,4.04,-0.34;
21.88,7.37,-1.82;
13.51,6.18,2.20;
6.18,3.41,7.46;
-4.60,0.59,8.09;
-20.03,3.08,7.91;
-25.89,6.66,12.04;
-10.73,8.68,17.46;
3.17,7.75,19.94;
12.11,8.04,17.39;
2.93,10.01,15.40;
-8.00,10.28,21.19;
6.55,13.00,24.30;
33.89,11.38,21.98;
25.27,12.51,19.13;
13.76,8.59,18.04;
4.81,5.40,23.97;
30.35,5.24,28.91;
40.05,11.21,31.19;
35.72,14.62,30.55;
28.98,11.89,34.30;
33.97,8.28,37.71;
62.18,7.82,37.30;
47.42,18.74,34.59;
39.86,21.81,35.40;
20.85,18.42,43.63;
26.99,14.19,60.52;
69.24,19.35,67.46;
69.45,20.60,58.58;
26.56,23.06,46.47;
-16.52,20.76,40.44;
-10.15,16.36,45.63;
-3.01,14.72,51.83;
5.60,23.98,48.30;
-3.13,17.76,51.27;
-5.33,15.98,61.13;
9.08,16.56,67.54;
46.78,25.30,59.16;
34.64,33.52,52.23;
26.85,28.36,47.60;
8.55,22.82,48.27;
21.89,19.47,56.09;
6.23,31.47,66.32;
15.80,35.00,69.16;
-24.35,33.47,70.23;
-15.66,31.11,60.87;
-12.61,24.47,48.56;
-2.58,24.30,38.75;
-18.24,22.82,40.93;
2.26,13.11,45.52;
18.93,13.06,43.19;
39.21,18.28,37.98;
24.98,22.63,34.61;
3.57,27.64,31.23;
1.85,25.03,32.36;
8.67,21.15,31.49;
22.49,20.25,32.58;
35.04,20.01,35.74;
14.79,20.08,34.03;
-17.01,18.97,29.17;
-23.22,18.36,26.07;
-6.64,19.75,28.38;
16.17,19.11,26.46;
23.08,16.95,25.16;
17.63,20.36,22.30;
16.30,20.24,22.62;
13.28,22.79,21.40;
16.84,21.14,19.75;
14.67,20.07,17.68;
8.21,17.64,15.40;
4.67,18.47,14.38;
5.98,17.55,13.89;
10.30,16.97,15.46;
6.44,15.76,16.27;
7.59,13.27,12.97;
5.94,10.77,8.70;
1.91,12.08,6.10;
-2.06,11.90,9.56;
-3.42,10.07,12.06;
5.43,8.43,8.91;
4.40,10.71,0.85;
-2.24,12.11,-4.57;
-10.98,12.21,-4.54;
-19.39,11.08,-0.49;
-19.53,10.68,1.75;
-8.83,11.84,-2.92;
-6.79,13.60,-8.70;
-18.53,12.83,-10.28;
-34.03,6.89,-9.56;
-37.73,6.25,-9.41;
-26.61,8.13,-10.19;
-14.26,9.44,-14.35;
-14.11,9.23,-20.12;
-29.21,4.83,-24.80;
-41.28,6.45,-24.51;
-37.92,8.22,-22.37;
-31.21,6.80,-24.83;
-21.92,6.71,-30.90;
-25.91,5.15,-32.46;
-37.99,2.65,-30.41;
-51.82,0.19,-28.14;
-55.25,0.85,-31.93;
-43.02,2.14,-36.03;
-35.70,2.43,-37.82;
-36.50,-1.15,-40.31;
-39.10,-5.90,-45.62;
-37.99,-6.77,-52.43;
-41.68,-5.37,-54.75;
-42.93,-5.03,-54.28;
-41.22,-6.39,-55.13;
-37.10,-10.83,-61.35;
-38.21,-13.93,-66.61;
-46.21,-15.20,-69.39;
-38.70,-18.47,-69.73;
-27.24,-21.53,-66.93;
-23.34,-23.20,-69.88;
-32.28,-26.92,-78.99;
-52.83,-29.00,-80.77;
-76.05,-31.23,-75.39;
-86.23,-29.11,-67.54;
-65.19,-37.47,-63.32;
-41.73,-43.57,-67.13;
-40.64,-45.90,-74.34;
-47.48,-50.48,-76.58;
-54.61,-47.66,-74.49;
-52.75,-41.87,-74.51;
-18.23,-49.89,-78.61;
-11.63,-48.92,-81.27;
-8.89,-40.40,-83.03;
16.69,-38.34,-85.13;
62.12,-56.62,-84.26;
78.37,-71.17,-84.12;
65.39,-58.76,-90.15;
49.79,-40.13,-93.16;
53.34,-38.50,-81.64;
60.17,-40.44,-57.39;
78.43,-29.15,-34.99;
89.28,-14.19,-24.17;
101.85,-2.07,-22.95;
75.53,12.07,-19.25;
31.97,17.03,-9.38;
14.12,10.83,-0.52;
-26.40,-2.99,4.76;
-81.42,-5.09,4.59;
-104.87,-2.63,-0.29;
-71.95,6.36,-0.12;
-1.28,3.96,0.64;
25.30,-5.66,-0.22;
28.79,-5.03,-7.68;
20.23,-0.31,-9.39;
-0.47,6.72,-0.80;
-14.87,9.63,6.33;
-29.37,0.60,7.86;
-34.58,-7.55,5.04;
-37.42,-9.17,2.07;
-34.50,-0.91,2.53;
-5.71,2.30,5.23;
18.56,0.53,7.08;
26.59,-1.57,3.07;
8.82,1.99,-0.58;
-9.02,6.88,3.36;
-13.21,5.98,8.85;
-5.05,2.92,12.99;
-15.56,1.41,12.07;
-27.22,-1.41,7.66;
-28.81,-0.42,7.23;
-18.47,4.31,12.72;
7.50,5.15,16.67;
25.80,4.07,11.95;
1.62,5.00,6.64;
-21.01,3.40,8.15;
-24.15,5.00,15.10;
-7.82,8.01,23.60;
11.08,10.33,26.93;
25.79,8.63,24.12;
11.95,8.56,20.88;
-11.65,9.40,24.47;
-10.17,9.87,28.72;
12.99,7.26,30.75;
0.58,14.02,33.95;
-11.57,20.56,37.23;
0.63,18.50,36.07;
29.83,21.37,31.62;
12.76,24.48,27.78;
13.65,21.95,28.53;
-1.27,19.49,37.01;
-0.26,18.14,48.59;
32.55,24.43,49.56;
43.21,28.89,48.06;
32.46,27.23,44.91;
18.87,15.34,42.62;
-3.37,13.47,42.78;
-4.11,14.80,51.16;
1.72,14.08,60.43;
19.30,9.67,67.37;
24.24,14.07,55.62;
13.72,19.01,38.09;
-5.27,21.67,40.35;
5.72,22.04,56.91;
38.24,15.49,70.01;
63.62,4.80,67.69;
38.29,15.70,49.80;
2.27,27.56,33.81;
-2.66,25.34,42.79;
-19.63,17.96,59.22;
-27.15,26.43,64.26;
-12.08,28.85,57.07;
-4.52,27.90,49.39;
1.28,22.43,43.88;
-9.66,23.49,40.99;
-14.44,18.18,44.50;
-2.41,16.57,45.74;
20.70,16.11,45.27;
6.00,18.07,44.36;
6.96,18.51,41.62;
5.65,21.67,42.43;
33.07,16.89,49.30;
25.43,10.72,50.97;
34.69,6.83,40.38;
3.42,16.34,29.28;
-12.35,24.42,31.81;
-29.31,29.52,38.07;
-29.10,29.35,43.43;
-27.15,25.05,43.59;
-5.33,20.91,37.85;
18.99,15.08,29.59;
39.45,11.87,24.88;
34.88,9.92,25.95;
16.18,12.39,26.27;
-8.66,12.13,29.56;
-20.28,15.08,34.94;
-14.34,11.96,36.56;
0.11,15.08,33.17;
22.29,15.05,27.65;
31.21,15.00,22.58;
26.99,15.52,16.73;
18.41,16.24,13.94;
2.38,14.56,19.54;
-6.66,14.88,25.31;
-9.01,15.35,23.22;
-7.47,15.67,11.83;
-1.62,12.48,2.97;
3.91,11.96,2.97;
4.29,10.72,3.69;
5.66,9.21,2.33;
2.32,10.98,0.10;
-4.81,12.40,0.79;
-11.54,9.03,0.79;
-13.57,2.91,-4.49;
-10.67,2.97,-11.39;
-4.67,6.22,-13.39;
-2.11,7.35,-13.30;
-13.51,7.95,-15.47;
-28.49,9.92,-14.96;
-32.29,10.13,-14.81;
-24.26,8.47,-19.33;
-10.66,7.27,-24.00;
-5.27,6.05,-23.35;
-10.44,6.62,-19.56;
-22.67,6.72,-20.96;
-36.46,5.03,-28.23;
-44.64,5.08,-33.85;
-46.57,7.00,-31.86;
-38.11,8.05,-25.59;
-31.19,8.79,-23.38;
-29.01,7.63,-27.53;
-37.15,5.06,-35.91;
-41.83,3.01,-42.02;
-46.14,3.76,-44.69;
-41.53,1.63,-43.19;
-36.03,0.02,-44.61;
-33.42,-1.44,-49.51;
-36.78,-1.76,-54.26;
-34.49,-3.26,-56.40;
-35.68,-8.44,-56.80;
-32.61,-12.44,-57.85;
-33.99,-12.10,-59.33;
-32.69,-12.99,-59.42;
-43.73,-13.35,-62.83;
-46.93,-14.97,-69.85;
-45.33,-20.86,-71.88;
-43.37,-22.13,-69.35;
-35.42,-22.54,-69.47;
-33.08,-25.40,-72.64;
-35.76,-29.58,-73.70;
-47.08,-33.84,-68.09;
-61.53,-33.02,-61.01;
-58.03,-31.38,-60.89;
-47.27,-37.57,-65.80;
-50.34,-41.32,-68.78;
-45.02,-41.78,-69.28;
-42.53,-40.47,-70.77;
-33.41,-39.58,-72.09;
-27.37,-38.76,-68.70;
-13.30,-45.03,-65.93;
-1.74,-49.43,-63.24;
-6.00,-44.44,-60.61;
0.55,-42.22,-59.68;
2.73,-41.47,-59.88;
14.64,-33.11,-61.42;
27.76,-26.44,-60.58;
50.05,-18.48,-56.20;
64.01,-16.82,-53.07;
54.14,-11.90,-48.15;
43.74,-6.60,-47.18;
45.02,-15.61,-46.46;
37.86,-23.44,-40.54;
33.14,-31.23,-32.43;
24.03,-27.99,-31.73;
13.47,-14.71,-28.25;
8.29,1.38,-19.09;
29.91,16.30,-7.50;
37.48,18.62,-2.66;
1.88,13.43,-1.99;
-35.37,3.03,-6.58;
-45.27,-8.56,-9.36;
-38.72,-6.66,-6.22;
-8.32,-1.32,-0.93;
10.47,3.50,3.34;
14.05,2.42,1.57;
2.59,4.07,-2.32;
-6.49,9.98,-6.25;
-11.36,7.79,-5.62;
-8.24,5.67,-0.63;
-6.55,-3.93,7.98;
-17.28,-4.53,9.22;
-17.37,-1.05,4.23;
-9.57,0.10,1.95;
-2.75,4.27,5.81;
-16.92,7.61,11.75;
-26.26,7.81,14.58;
-24.96,3.41,15.71;
-11.34,0.18,13.23;
-10.17,-2.15,8.44;
-15.63,-1.15,2.04;
-5.53,1.21,2.62;
9.43,3.47,7.52;
32.49,9.64,14.20;
51.60,11.41,14.03;
38.69,8.83,11.39;
23.42,3.99,12.44;
9.89,3.66,19.23;
15.54,2.40,24.20;
19.60,3.23,24.84;
19.27,6.21,24.36;
39.88,9.30,23.46;
68.43,10.79,25.34;
88.38,7.35,28.79;
85.72,9.23,34.58;
90.72,10.47,35.20;
87.40,14.80,31.81;
48.53,14.83,26.39;
10.55,6.48,26.00;
-5.41,-0.95,29.49;
-27.08,4.39,33.91;
-18.87,13.99,37.92;
4.64,16.43,48.84;
32.21,7.70,60.35;
32.50,5.64,54.72;
16.58,9.81,43.42;
5.98,17.40,39.85;
42.52,21.49,47.43;
26.78,23.67,53.56;
18.40,21.95,48.33;
4.96,12.89,42.46;
2.47,15.73,44.53;
-17.62,20.91,42.06;
-34.84,29.41,42.17;
-34.69,27.03,51.97;
-19.24,22.24,56.84;
8.43,21.82,49.48;
26.78,22.43,44.68;
-1.79,24.24,49.62;
-13.31,26.04,58.00;
-12.64,29.81,61.65;
21.98,20.47,59.20;
0.46,21.06,51.91;
-9.33,20.94,45.25;
5.40,13.99,50.36;
32.87,12.66,47.77;
26.44,12.04,33.02;
8.85,18.89,23.68;
-18.14,30.83,34.68;
-11.83,32.77,47.95;
2.17,24.65,53.95;
10.01,19.14,52.46;
16.88,15.14,53.98;
11.25,16.50,55.02;
5.53,14.10,52.72;
-7.71,11.75,39.23;
0.30,13.34,30.27;
3.11,19.64,35.88;
11.07,22.85,48.44;
10.23,19.78,51.02;
5.47,17.49,41.72;
-1.68,12.51,28.99;
9.36,11.81,25.60;
26.63,14.48,25.89;
40.41,11.30,21.08;
32.64,9.29,15.88;
12.99,7.47,10.68;
-10.35,11.41,12.62;
-12.00,15.87,14.90;
1.92,17.14,14.68;
22.90,17.93,11.65;
30.72,14.82,10.12;
19.88,10.24,8.72;
-0.50,8.76,6.15;
-7.83,8.48,3.49;
-2.03,8.14,-0.73;
1.97,8.76,-3.06;
-1.28,8.37,-0.99;
-10.96,11.79,2.65;
-16.24,10.92,3.19;
-17.99,9.27,-1.94;
-16.70,6.98,-7.21;
-7.88,5.79,-7.71;
1.33,2.36,-5.48;
6.44,0.13,-6.46;
-1.10,-0.04,-9.64;
-24.40,3.69,-12.83;
-42.44,6.37,-10.52;
-44.79,9.29,-6.51;
-31.71,7.90,-6.77;
-11.05,6.39,-12.28;
0.59,7.15,-19.18;
-7.74,9.85,-21.10;
-27.70,10.76,-19.67;
-49.59,11.81,-15.93;
-56.47,7.21,-17.59;
-48.20,5.96,-23.96;
-32.83,5.46,-30.49;
-22.29,6.28,-32.60;
-24.28,3.92,-33.88;
-34.05,1.99,-38.05;
-48.31,2.77,-42.25;
-54.95,5.00,-43.88;
-50.17,7.41,-44.19;
-41.08,6.24,-44.99;
-35.88,2.88,-47.03;
-37.33,-4.83,-50.73;
-49.34,-7.86,-53.44;
-55.41,-5.38,-54.03;
-53.71,-7.08,-55.25;
-44.09,-10.51,-58.20;
-33.83,-12.77,-66.96;
-32.03,-13.50,-73.38;
-30.78,-12.25,-73.70;
-38.41,-13.79,-66.17;
-45.73,-17.41,-61.93;
-50.50,-21.90,-62.09;
-55.73,-22.68,-64.81;
-63.66,-17.41,-69.36;
-50.75,-19.38,-71.50;
-32.76,-26.47,-71.35;
-19.70,-29.23,-75.53;
-22.57,-30.16,-79.03;
-39.95,-27.23,-76.57;
-50.23,-30.94,-65.86;
-49.66,-31.24,-56.03;
-32.86,-33.06,-51.27;
-17.77,-41.98,-60.77;
-31.27,-34.82,-70.37;
-48.52,-25.38,-71.28;
-49.44,-20.39,-63.50;
-36.02,-25.84,-54.89;
-7.91,-37.02,-51.67;
18.58,-38.11,-51.21;
14.72,-23.50,-48.52;
3.98,-15.20,-42.17;
-7.57,-14.31,-31.76;
-0.64,-13.61,-29.53;
11.45,-12.62,-36.12;
34.88,-17.03,-40.00;
27.76,-10.25,-41.71;
33.85,-5.72,-47.30;
62.75,-10.53,-52.48;
96.34,-22.71,-51.35;
97.94,-24.71,-44.26;
92.78,-23.69,-45.28;
86.01,-24.07,-45.13;
75.43,-13.69,-35.61;
68.46,3.21,-20.54;
46.21,11.00,-10.09;
7.68,11.84,-1.33;
-27.07,3.20,-2.20;
-37.65,-3.37,-4.43;
-36.78,-4.54,-2.35;
-23.97,-1.29,6.72;
-20.05,2.68,10.94;
-14.53,4.24,7.25;
-18.03,8.47,3.77;
-16.21,8.82,4.85;
-18.92,4.66,8.47;
-30.09,4.66,8.91;
-27.24,3.32,5.36;
-18.15,3.93,4.14;
-1.12,3.70,4.65;
5.63,4.13,3.74;
11.04,0.47,-3.50;
1.40,-0.28,-6.23;
-1.02,5.52,-0.41;
2.58,7.49,6.35;
9.36,6.39,11.68;
9.47,5.85,13.10;
-7.37,4.48,9.98;
-23.94,5.23,10.26;
-31.50,8.04,15.02;
-11.16,9.29,20.06;
10.41,4.85,23.60;
0.40,7.50,23.94;
-6.52,8.62,17.30;
-5.77,10.45,14.39;
8.75,11.09,15.22;
17.54,13.12,20.04;
19.53,10.77,26.58;
11.02,9.41,32.61;
9.63,6.65,36.55;
37.97,11.90,33.04;
25.34,20.18,26.96;
12.03,19.66,24.46;
0.56,12.50,29.17;
23.27,3.38,36.12;
44.30,7.60,41.36;
39.33,16.07,44.49;
26.56,18.42,44.65;
27.31,15.50,42.65;
22.84,14.27,38.07;
14.17,17.26,29.80;
0.82,18.45,27.33;
0.67,15.96,33.91;
-4.05,20.88,46.04;
-2.40,22.79,53.91;
-9.36,25.09,56.64;
-19.21,27.29,60.59;
15.24,23.66,62.87;
14.43,24.24,59.30;
16.43,20.01,44.53;
3.40,14.01,39.11;
-7.79,14.42,47.33;
6.75,14.05,56.12;
6.85,23.41,54.84;
10.85,24.13,52.07;
3.56,21.38,49.25;
3.33,15.50,43.77;
5.97,17.24,38.81;
5.43,19.35,37.01;
1.77,26.37,40.14;
6.15,23.85,50.03;
2.69,22.77,56.20;
15.85,12.07,53.52;
11.17,12.14,43.31;
12.49,14.91,42.88;
-0.03,13.60,47.72;
10.78,9.37,45.20;
1.54,16.04,38.75;
0.18,20.86,39.20;
-8.05,25.03,46.56;
-0.95,23.70,51.72;
14.58,22.88,51.28;
32.82,9.69,45.28;
16.55,14.83,36.96;
1.30,18.07,36.26;
-13.01,20.94,37.25;
-2.55,21.34,34.82;
-2.93,20.95,33.11;
1.65,20.80,34.00;
-2.20,20.40,38.07;
7.98,17.78,38.85;
19.13,15.89,31.34;
38.21,10.98,18.72;
28.05,12.40,17.68;
9.07,10.66,25.42;
-5.88,12.07,26.70;
-7.15,14.65,24.84;
-3.48,15.87,17.10;
3.92,14.48,12.32;
6.05,12.63,10.24;
5.91,12.21,10.87;
2.49,14.10,9.04;
-5.22,15.38,4.10;
-12.76,13.40,1.36;
-15.86,9.64,-2.19;
-11.92,10.42,-2.08;
-1.42,8.83,-3.54;
-2.35,7.81,-5.25;
-8.78,6.28,-6.80;
-23.79,2.86,-7.56;
-26.09,2.02,-6.99;
-16.95,2.71,-8.02;
-0.58,3.38,-11.70;
5.31,5.23,-17.21;
-4.08,6.37,-18.86;
-28.06,6.33,-16.77;
-44.34,8.71,-13.61;
-45.71,9.18,-12.09;
-38.28,10.47,-11.90;
-27.56,7.98,-15.13;
-27.08,6.13,-20.19;
-32.09,3.47,-23.85;
-35.50,-1.38,-29.91;
-32.21,-2.07,-34.99;
-29.02,-0.18,-34.66;
-27.91,-1.53,-33.91;
-27.51,-0.28,-37.62;
-41.05,2.34,-39.27;
-57.80,0.28,-39.41;
-62.76,-1.34,-43.83;
-49.48,-2.95,-51.51;
-35.39,-2.74,-53.54;
-22.95,-6.15,-56.38;
-26.23,-8.60,-61.19;
-34.49,-8.76,-64.19;
-43.70,-11.96,-62.22;
-43.48,-14.68,-58.83;
-41.25,-15.40,-57.96;
-40.43,-13.96,-59.44;
-45.51,-16.59,-67.21;
-54.28,-17.50,-73.48;
-64.69,-18.47,-73.38;
-62.23,-17.89,-69.91;
-45.21,-23.89,-69.44;
-38.84,-26.19,-71.21;
-42.58,-29.12,-73.47;
-58.63,-33.66,-71.65;
-73.21,-35.00,-65.93;
-73.42,-39.23,-58.31;
-63.57,-40.51,-54.55;
-55.07,-36.22,-56.29;
-53.74,-33.87,-62.46;
-44.32,-33.60,-66.09;
-44.28,-29.09,-61.51;
-24.26,-27.21,-59.09;
-11.31,-26.51,-54.44;
0.64,-26.22,-48.92;
5.85,-26.63,-51.71;
-5.62,-30.66,-58.28;
-7.92,-30.27,-58.32;
-0.08,-28.63,-58.49;
22.67,-30.74,-56.58;
36.23,-25.14,-54.06;
45.02,-19.18,-53.54;
46.92,-21.09,-51.51;
44.53,-28.60,-48.11;
26.35,-19.98,-31.64;
23.79,-4.27,-16.08;
40.08,8.91,0.97;
33.80,10.02,5.40;
-1.21,9.53,1.66;
-52.69,3.99,-5.07;
-59.31,-1.87,-17.68;
-24.57,2.19,-15.73;
23.28,7.09,-2.32;
57.59,4.74,6.26;
41.30,1.15,8.43;
4.95,4.54,5.91;
-32.66,6.51,1.36;
-48.47,3.40,2.23;
-42.67,-0.86,1.22;
-37.13,-3.82,-0.46;
-12.47,-3.35,-1.01;
15.74,0.08,-0.11;
34.72,3.01,-0.89;
32.21,2.88,-2.98;
7.82,-0.27,-0.19;
-6.02,0.85,5.14;
-11.48,2.04,5.85;
-18.60,-0.89,2.65;
-21.59,-1.44,1.14;
-16.44,0.34,1.83;
-0.08,2.97,4.65;
22.63,5.00,4.55;
34.90,5.34,2.76;
31.54,4.04,3.39;
7.89,7.56,7.49;
0.84,8.62,11.27;
10.84,5.34,10.85;
15.08,3.40,8.21;
4.93,4.33,9.74;
-0.11,5.96,13.46;
9.74,9.44,18.14;
17.74,10.56,18.76;
24.09,8.34,16.15;
35.88,1.98,12.55;
33.74,1.85,13.72;
33.25,10.18,20.55;
45.28,15.84,27.97;
64.81,14.65,28.09;
53.02,13.73,27.95;
22.84,15.63,31.19;
14.00,10.91,32.65;
43.54,11.09,33.46;
71.05,12.54,32.90;
60.93,19.89,30.56;
43.66,22.27,27.83;
40.82,17.08,29.48;
37.22,9.47,33.83;
5.74,14.53,43.07;
-14.23,17.70,50.88;
1.02,20.56,52.58;
16.03,16.77,51.89;
8.27,14.10,50.41;
23.54,12.85,48.79;
41.04,12.14,48.35;
43.01,9.61,46.26;
33.39,10.11,43.22;
6.61,16.82,45.54;
10.30,14.30,51.80;
10.03,7.18,53.46;
10.15,4.02,42.03;
-8.69,16.80,31.48;
-18.55,25.79,39.34;
-0.32,22.74,50.06;
17.30,15.76,53.01;
26.95,19.98,52.24;
22.47,20.83,56.01;
26.12,21.27,58.91;
23.91,12.37,57.60;
5.19,17.82,51.63;
6.69,12.48,48.79;
-9.15,13.50,49.52;
-3.42,15.18,48.53;
-1.54,18.68,43.10;
-0.32,20.98,31.68;
-5.02,25.08,26.94;
-0.46,28.72,27.46;
2.76,26.13,25.66;
16.63,23.46,19.81;
17.43,24.25,20.21;
0.64,26.10,24.91;
-16.83,27.56,30.50;
-21.39,26.02,32.43;
-13.62,24.28,31.45;
15.65,18.47,29.01;
26.96,16.24,32.38;
26.96,15.47,41.30;
10.26,13.38,47.20;
-2.24,12.25,43.59;
-11.07,15.37,39.28;
-4.21,18.08,40.44;
-3.91,20.08,38.00;
4.40,20.83,31.54;
5.57,20.42,28.27;
13.24,20.47,28.70;
12.92,18.45,31.40;
13.05,13.15,29.54;
12.82,9.55,20.84;
13.10,11.92,13.36;
4.05,16.77,16.26;
-4.02,12.45,16.59;
-11.74,8.34,14.58;
-11.07,9.23,12.62;
2.99,15.01,11.72;
6.92,17.41,8.30;
2.63,15.55,6.04;
-6.70,11.67,4.88;
-10.66,9.75,2.33;
-13.73,11.98,0.72;
-9.97,13.60,1.56;
-10.05,10.04,0.82;
-8.23,6.92,-2.03;
-12.79,7.50,-5.50;
-14.08,11.05,-7.59;
-20.02,12.69,-6.66;
-25.01,11.58,-5.67;
-29.15,9.18,-5.32;
-27.41,10.19,-7.76;
-21.12,12.86,-12.61;
-21.08,12.51,-13.73;
-26.50,8.60,-12.89;
-31.30,4.82,-13.99;
-29.80,5.14,-16.32;
-26.21,6.57,-20.23;
-23.27,8.24,-24.32;
-27.65,6.76,-27.16;
-34.46,5.63,-28.26;
-40.21,5.06,-24.41;
-37.28,5.03,-20.38;
-31.50,1.81,-21.07;
-26.29,-0.40,-28.02;
-30.15,-0.36,-35.39;
-33.30,0.86,-37.85;
-39.51,0.11,-36.72;
-42.43,-4.89,-35.91;
-38.26,-7.95,-39.36;
-30.35,-6.40,-45.99;
-28.21,-2.56,-44.67;
-26.31,-3.96,-43.61;
-33.02,-8.02,-49.19;
-42.58,-10.74,-53.39;
-39.21,-9.09,-54.98;
-28.03,-11.17,-54.54;
-16.67,-16.77,-57.57;
-18.41,-20.62,-66.00;
-34.61,-21.08,-70.51;
-52.63,-15.58,-70.64;
-56.08,-13.99,-69.13;
-49.30,-20.07,-68.08;
-38.32,-21.50,-69.56;
-34.28,-23.35,-74.11;
-40.00,-24.59,-75.10;
-47.30,-27.98,-74.95;
-55.70,-28.57,-75.25;
-52.93,-30.60,-77.83;
-55.74,-32.56,-77.90;
-56.00,-33.17,-76.15;
-48.83,-36.86,-76.92;
-45.79,-38.73,-77.64;
-37.02,-38.31,-76.00;
-24.72,-44.16,-73.54;
-14.98,-46.24,-71.59;
-21.28,-45.32,-72.49;
-27.70,-42.62,-74.34;
-21.41,-44.08,-73.48;
-16.76,-41.58,-69.36;
0.47,-34.21,-67.97;
12.78,-38.39,-65.54;
23.95,-44.16,-61.56;
22.09,-35.67,-54.06;
30.17,-26.86,-45.79;
21.21,-20.57,-38.60;
4.61,-9.96,-25.90;
13.98,0.36,-13.61;
24.95,9.46,-8.60;
30.18,12.62,-5.41;
-1.39,11.17,-1.16;
-46.35,9.03,0.14;
-45.47,2.65,-3.74;
-18.31,-5.29,-1.25;
12.35,-6.11,4.03;
9.10,-3.93,7.92;
-8.95,2.72,0.93;
-22.76,6.69,-4.80;
-28.03,11.12,-3.36;
-13.86,9.40,0.06;
4.24,-0.89,2.73;
-8.52,-5.28,5.81;
-16.87,-4.94,6.01;
-11.79,-3.31,5.49;
3.10,0.02,3.88;
8.81,3.38,2.64;
2.53,3.64,0.99;
-8.84,3.53,0.52;
-8.15,2.21,2.10;
-5.70,6.47,4.64;
-1.19,8.53,5.28;
-0.95,4.54,3.52;
-2.29,1.49,0.62;
2.20,-2.22,-1.36;
10.50,1.63,3.07;
28.75,7.32,8.17;
38.73,9.00,9.60;
27.34,9.82,7.98;
6.64,10.05,8.26;
-6.28,12.37,13.01;
-7.86,14.79,23.89;
27.53,15.69,32.26;
41.62,14.08,33.66;
14.09,18.22,30.56;
6.14,18.42,27.27;
34.50,12.04,22.68;
55.80,8.39,18.43;
64.32,12.54,17.08;
60.76,13.03,18.17;
54.50,10.24,23.37;
56.82,9.26,29.77;
56.53,10.53,24.67;
36.69,14.56,20.53;
11.08,16.77,24.06;
-10.34,10.95,36.91;
3.28,7.44,45.91;
28.43,13.90,46.59;
31.65,21.37,37.34;
29.21,22.66,28.33;
16.82,14.24,32.15;
14.14,10.98,50.78;
54.88,10.43,64.41;
49.79,23.53,63.54;
26.98,32.24,51.51;
11.56,28.65,48.82;
9.53,11.72,59.20;
10.87,3.12,65.31;
25.92,9.76,55.31;
25.68,15.63,41.89;
32.30,21.27,38.96;
9.53,25.21,48.01;
4.82,25.76,53.97;
14.20,22.65,55.56;
37.05,23.21,53.14;
37.92,19.79,48.24;
37.39,21.14,44.46;
-0.60,25.99,47.51;
-25.99,24.04,53.37;
-36.90,22.60,58.87;
-25.07,25.08,58.43;
-13.62,25.12,54.44;
-5.50,30.68,44.47;
-0.20,31.24,43.89;
13.45,24.57,43.81;
25.43,19.14,40.91;
19.43,20.43,38.87;
9.88,23.76,41.77;
-2.61,27.20,45.51;
-8.81,23.52,47.10;
-7.68,21.41,39.92;
0.63,18.45,32.26;
8.63,20.92,33.81;
23.10,20.91,39.69;
27.95,21.93,41.92;
17.39,18.92,40.56;
-1.48,17.21,35.17;
-15.71,17.37,35.36;
-12.47,20.91,34.47;
7.95,19.29,31.52;
12.66,18.13,30.62;
6.85,17.01,28.04;
-2.29,14.51,21.17;
-8.37,16.80,16.35;
-4.18,17.92,13.01;
7.11,17.05,11.57;
9.01,15.87,12.01;
0.40,12.59,14.01;
-2.87,10.04,13.74;
-6.43,7.41,7.52;
-8.21,9.89,1.49;
-14.44,10.24,-1.44;
-12.55,9.44,-1.71;
-10.83,8.25,-0.31;
-0.34,6.34,-1.47;
5.34,6.76,-7.03;
3.22,7.23,-12.23;
-7.89,5.00,-12.37;
-23.79,2.79,-8.44;
-31.68,4.45,-4.95;
-32.58,6.83,-6.19;
-32.29,8.91,-10.86;
-28.26,8.36,-13.94;
-22.79,5.78,-16.00;
-16.46,3.38,-20.14;
-9.68,4.97,-20.60;
-14.23,5.38,-18.69;
-23.82,3.89,-19.15;
-35.50,3.21,-20.25;
-44.08,3.21,-20.77;
-44.20,1.70,-23.09;
-36.37,1.69,-27.53;
-33.01,2.02,-30.61;
-29.50,2.22,-31.48;
-24.64,2.18,-32.87;
-25.53,-0.97,-34.81;
-26.79,-3.53,-36.51;
-29.62,-5.82,-40.93;
-28.95,-4.80,-45.39;
-30.05,-5.00,-47.25;
-32.75,-5.37,-45.80;
-43.04,-7.03,-46.51;
-52.63,-6.73,-48.31;
-59.04,-7.14,-47.97;
-60.35,-8.18,-47.83;
-51.24,-11.17,-52.52;
-47.97,-11.20,-56.52;
-50.15,-10.33,-59.15;
-49.05,-13.50,-61.28;
-53.85,-16.70,-63.80;
-49.28,-15.52,-66.22;
-42.72,-16.04,-63.59;
-34.70,-18.34,-61.62;
-29.34,-19.58,-65.97;
-31.85,-25.24,-69.97;
-44.47,-26.70,-68.29;
-49.76,-26.30,-64.06;
-47.99,-30.42,-59.04;
-43.82,-33.76,-58.49;
-43.44,-35.38,-61.45;
-49.63,-33.86,-65.30;
-48.31,-33.20,-68.38;
-41.60,-30.59,-65.21;
-20.50,-31.79,-64.38;
-8.79,-31.00,-67.82;
10.29,-35.63,-69.03;
16.70,-42.71,-69.47;
12.87,-41.37,-72.81;
0.56,-39.32,-73.65;
-4.75,-37.66,-69.86;
1.72,-39.52,-64.72;
14.26,-40.80,-67.32;
22.76,-43.64,-74.58;
39.47,-44.86,-77.39;
44.99,-41.26,-69.38;
50.95,-27.23,-49.62;
60.41,-11.73,-27.33;
68.84,3.72,-4.60;
44.37,17.26,7.71;
3.13,24.94,7.80;
-56.57,21.26,7.75;
-96.08,3.01,2.75;
-90.08,-4.28,4.64;
-58.75,-3.93,10.38;
-13.88,0.08,11.48;
17.97,-0.76,2.46;
27.72,4.39,-3.65;
19.10,8.82,-4.89;
6.46,9.93,-3.82;
-2.95,2.86,-2.93;
-12.05,-3.92,-0.77;
-19.57,-3.03,3.74;
-22.78,1.29,8.14;
-21.36,2.30,6.09;
-17.04,1.82,0.33;
-2.15,2.39,-3.53;
12.46,4.40,-4.00;
24.87,4.28,-2.28;
25.65,1.00,-1.97;
20.26,-0.76,-0.87;
11.14,1.05,0.81;
3.13,7.96,5.81;
1.59,13.84,13.98;
20.56,16.18,17.83;
23.50,13.75,16.87;
-5.89,14.98,17.07;
-19.30,15.63,19.36;
-8.18,9.69,20.78;
-5.63,3.95,21.80;
-13.19,6.56,22.26;
-0.43,12.74,16.29;
12.38,12.59,10.33;
28.41,7.09,11.51;
44.56,5.30,17.59;
60.55,6.98,27.02;
66.06,15.49,33.54;
51.97,21.27,37.25;
33.56,26.89,41.68;
26.64,25.63,44.49;
30.03,19.43,45.80;
1.79,19.35,44.65;
-3.99,19.85,44.84;
13.45,20.07,43.75;
25.40,18.28,40.75;
20.96,23.18,32.17;
15.22,16.97,29.62;
4.40,8.34,35.31;
8.73,11.40,43.95;
18.59,22.88,45.42;
32.41,27.43,38.73;
25.88,29.84,37.91;
7.69,21.18,47.04;
23.54,15.63,58.32;
24.35,16.40,65.42;
17.08,22.22,65.11;
7.24,30.76,57.95;
-5.79,29.08,61.65;
-7.71,24.69,67.20;
2.88,21.18,64.55;
12.70,25.11,61.05;
8.98,23.98,62.82;
25.79,15.43,54.76;
2.75,16.04,39.25;
-14.21,27.67,34.20;
-9.95,31.56,42.76;
10.69,23.56,48.99;
-0.43,18.62,45.11;
-6.02,24.25,35.01;
2.69,23.23,32.94;
-3.25,23.18,33.56;
1.33,19.47,35.33;
9.19,17.05,40.04;
19.31,13.73,43.52;
24.17,14.01,41.34;
17.48,10.24,34.72;
-4.23,12.18,28.93;
-4.66,9.82,27.75;
3.33,13.47,35.02;
13.02,17.66,43.89;
4.37,18.83,44.52;
-6.14,18.86,37.22;
1.43,15.08,33.40;
-0.15,14.24,36.14;
14.30,9.73,37.62;
26.21,9.43,30.65;
25.72,11.69,24.61;
7.48,12.19,22.07;
-18.47,12.24,23.13;
-27.56,14.72,25.54;
-16.72,15.27,25.51;
3.25,15.49,22.59;
13.37,14.51,18.50;
7.01,12.72,14.76;
3.69,11.58,11.83;
-2.09,10.33,7.83;
-12.00,11.24,4.29;
-16.81,11.99,2.12;
-18.58,10.79,-0.35;
-14.75,10.13,-1.86;
-10.95,10.91,-1.67;
-10.24,9.52,-2.12;
-11.99,5.01,-6.43;
-8.84,2.08,-9.22;
-0.60,0.83,-9.94;
5.16,-0.39,-12.58;
3.54,-0.02,-16.19;
-11.88,4.16,-15.28;
-39.42,5.38,-9.27;
-48.40,1.12,-6.28;
-40.32,0.97,-10.61;
-15.30,3.66,-19.03;
10.56,5.95,-24.37;
13.25,5.49,-23.83;
-13.25,3.82,-22.83;
-45.30,4.68,-20.83;
-61.73,7.34,-19.71;
-55.07,7.93,-20.84;
-38.67,5.72,-25.77;
-18.26,3.98,-33.09;
-10.37,2.97,-37.25;
-16.73,1.15,-37.73;
-33.19,-1.82,-36.31;
-41.63,-3.35,-35.74;
-45.15,-1.66,-35.07;
-37.86,-1.78,-36.58;
-32.64,-3.03,-43.74;
-32.78,-4.33,-48.55;
-46.09,-4.73,-48.52;
-53.25,-4.51,-44.63;
-47.65,-5.37,-44.32;
-37.56,-8.08,-47.07;
-27.15,-10.28,-49.80;
-24.40,-15.08,-53.04;
-37.41,-14.92,-55.09;
-47.48,-14.62,-55.38;
-55.27,-15.75,-55.04;
-53.47,-17.50,-56.19;
-42.81,-19.09,-56.25;
-39.22,-20.66,-56.69;
-40.96,-22.22,-57.85;
-48.24,-23.49,-60.26;
-60.14,-25.00,-60.25;
-59.47,-25.72,-60.22;
-49.91,-26.10,-60.69;
-39.28,-26.10,-64.96;
-26.69,-29.38,-70.34;
-22.40,-32.15,-70.46;
-26.12,-35.67,-66.11;
-45.37,-34.10,-60.23;
-59.15,-31.78,-53.70;
-57.42,-33.70,-51.07;
-48.23,-39.73,-52.95;
-44.64,-37.69,-54.48;
-37.54,-33.66,-52.06;
-36.00,-28.10,-42.55;
-29.04,-29.86,-38.22;
-21.94,-30.08,-41.21;
-26.89,-28.40,-44.58;
-23.27,-28.85,-46.66;
-7.12,-34.48,-46.63;
7.79,-35.58,-44.81;
7.98,-26.51,-42.34;
13.40,-23.82,-40.55;
5.13,-19.52,-36.99;
16.84,-9.61,-32.57;
40.41,0.51,-24.80;
60.79,5.76,-15.90;
41.16,6.95,-11.94;
13.02,10.65,-9.96;
-7.76,7.52,-6.14;
-19.07,5.56,0.14;
-23.73,5.84,4.03;
-10.96,5.99,4.46;
-10.96,4.56,8.73;
-12.06,2.07,9.11;
-13.44,-1.41,6.33;
-17.53,0.74,2.85;
-15.07,5.09,0.58;
-7.53,6.16,0.49;
10.63,1.49,-2.54;
14.58,-2.51,-2.86;
-0.21,-0.16,2.90;
-7.56,3.64,5.91;
-7.36,3.47,4.67;
1.60,1.76,-0.66;
7.82,0.45,-3.01;
7.19,0.94,-0.52;
10.03,2.60,4.90;
20.47,3.30,6.18;
16.87,4.69,4.20;
12.14,6.01,1.05;
10.59,4.28,0.35;
17.56,4.89,3.66;
42.43,4.74,8.35;
60.55,2.66,7.34;
58.93,3.82,3.68;
43.04,5.73,0.82;
28.50,10.08,8.15;
34.46,10.68,14.78;
52.50,9.79,17.05;
50.78,9.89,13.65;
32.26,11.32,7.46;
14.87,11.58,8.55;
7.16,13.38,16.82;
30.92,14.43,20.87;
39.89,15.17,19.14;
41.83,13.89,15.72;
35.48,12.30,14.23;
36.55,14.47,16.23;
54.95,11.63,20.27;
57.42,10.89,26.53;
59.31,14.05,27.91;
33.89,19.43,27.74;
7.59,22.62,31.04;
-10.34,27.23,40.56;
-15.04,31.32,49.27;
2.49,29.66,53.88;
31.04,19.46,46.84;
7.24,19.70,37.86;
13.13,21.79,30.30;
17.21,17.63,26.70;
29.69,12.02,31.77;
18.84,12.57,38.03;
19.92,16.97,38.61;
13.36,22.43,36.15;
6.24,24.94,35.34;
-1.21,22.79,37.28;
3.97,17.46,42.06;
7.66,17.23,50.04;
32.03,15.64,52.49;
21.79,25.79,50.64;
12.34,34.14,54.90;
-7.36,31.93,64.99;
-3.15,24.57,70.29;
11.85,20.53,68.79;
11.82,18.25,61.31;
-1.48,26.85,55.66;
-2.86,25.32,59.72;
0.90,19.61,60.43;
8.52,14.88,51.78;
-0.38,19.52,44.61;
-4.93,25.96,44.59;
-5.05,29.40,45.68;
0.46,24.34,39.43;
1.33,24.69,28.76;
3.72,29.12,29.68;
6.78,31.90,41.78;
10.67,24.39,50.84;
2.73,21.23,50.76;
-0.44,20.43,46.30;
0.46,19.64,46.87;
11.65,16.60,47.92;
6.99,11.38,44.87;
-0.46,17.15,41.92;
-4.81,17.73,46.67;
-6.55,17.17,44.67;
-8.93,13.98,35.22;
-15.21,18.71,29.63;
-6.84,19.81,31.39;
-0.76,21.67,32.17;
1.50,19.11,27.65;
0.84,15.64,22.53;
-0.98,10.77,17.59;
1.76,10.95,13.85;
8.18,10.80,12.14;
4.84,10.65,11.42;
-5.95,11.60,12.75;
-16.87,11.17,13.05;
-18.60,8.69,8.85;
-13.07,10.43,1.19;
-2.38,11.93,-4.08;
6.01,10.31,-4.98;
2.61,10.07,-5.12;
-5.21,7.58,-3.68;
-16.15,5.15,-3.44;
-19.28,4.65,-6.22;
-22.72,6.63,-9.62;
-22.92,7.70,-11.24;
-22.26,8.18,-12.83;
-25.80,6.50,-15.04;
-25.82,8.40,-14.99;
-18.17,9.84,-14.67;
-11.18,8.45,-17.62;
-10.32,4.57,-22.87;
-15.01,4.10,-26.99;
-18.41,6.47,-26.22;
-26.92,6.74,-21.94;
-34.81,5.89,-19.54;
-37.57,4.31,-21.41;
-34.50,3.38,-27.68;
-30.35,6.47,-32.67;
-26.75,8.13,-32.75;
-25.66,5.93,-31.18;
-27.25,1.26,-32.29;
-26.32,-1.28,-35.79;
-27.70,-1.38,-39.18;
-26.53,-0.77,-41.91;
-27.37,0.01,-41.79;
-29.56,-0.15,-40.95;
-30.90,-2.82,-41.85;
-32.58,-4.97,-45.44;
-31.63,-6.65,-49.19;
-33.39,-5.75,-46.64;
-39.37,-8.73,-43.53;
-46.03,-11.93,-44.26;
-49.27,-10.16,-47.61;
-47.21,-12.76,-51.67;
-47.92,-14.80,-53.18;
-46.98,-16.50,-52.19;
-41.47,-16.42,-49.93;
-28.86,-17.35,-52.06;
-20.03,-18.77,-56.31;
-15.62,-23.47,-63.93;
-25.21,-25.81,-66.98;
-27.86,-26.86,-63.47;
-19.42,-28.89,-59.19;
-16.02,-31.38,-59.79;
-22.37,-33.03,-64.23;
-32.58,-32.73,-64.87;
-46.12,-32.13,-60.19;
-41.71,-35.08,-57.79;
-31.73,-34.89,-57.73;
-16.86,-36.68,-63.12;
-5.71,-38.24,-74.60;
-4.50,-37.55,-77.57;
-0.46,-35.53,-74.25;
9.54,-38.45,-71.24;
20.35,-45.18,-68.15;
19.71,-46.85,-67.41;
16.08,-42.36,-69.94;
13.66,-41.69,-70.20;
23.24,-44.40,-68.77;
29.91,-44.70,-69.30;
42.40,-38.63,-71.65;
53.27,-34.10,-69.86;
66.06,-28.95,-60.25;
87.94,-22.25,-46.60;
101.42,-15.29,-36.12;
102.06,-3.28,-24.19;
85.94,8.88,-14.87;
58.06,12.63,-8.75;
20.06,13.73,-3.68;
-20.05,3.60,1.01;
-50.35,-3.98,1.37;
-55.66,-0.85,-0.51;
-29.08,5.50,-1.61;
7.34,8.97,2.21;
13.91,3.84,9.08;
-6.75,-0.89,8.56;
-27.50,-6.48,2.33;
-35.31,-2.40,-1.67;
-30.11,3.38,-1.50;
-3.94,5.52,0.87;
9.28,3.92,4.14;
4.52,1.79,5.95;
-7.56,1.49,8.70;
-12.23,5.11,10.88;
-9.31,4.39,8.29;
-3.95,3.99,5.20;
-3.12,2.31,5.72;
-7.10,3.89,8.30;
-4.86,6.76,10.79;
1.80,9.96,13.92;
9.43,8.40,15.36;
7.11,7.66,15.91;
-3.33,4.51,16.49;
-13.94,4.04,18.90;
-14.89,7.70,21.65;
-5.89,11.06,21.42;
-3.02,11.03,18.64;
0.41,7.84,14.70;
0.27,2.68,14.17;
2.46,2.88,20.61;
16.15,8.72,27.04;
24.84,11.69,27.20;
16.53,12.88,25.52;
-3.25,13.15,29.30;
-7.60,12.25,35.36;
3.16,14.33,41.48;
17.01,17.82,42.23;
18.81,18.97,39.98;
17.72,21.24,38.27;
20.34,22.51,40.93;
14.40,20.91,45.11;
19.59,20.39,46.65;
31.88,25.37,45.19;
19.62,30.11,45.98;
5.79,28.10,48.61;
-5.44,18.83,51.86;
11.82,13.09,50.09;
14.73,15.29,43.56;
7.24,22.53,33.43;
-2.05,26.39,36.81;
-9.80,23.95,52.44;
5.59,23.18,59.95;
11.13,20.60,56.88;
-3.13,28.76,45.48;
-3.36,27.01,41.22;
-6.40,27.50,47.31;
-2.79,22.77,55.80;
-15.50,24.16,60.90;
-11.37,27.24,56.35;
-6.84,29.35,51.57;
9.39,19.49,46.93;
4.58,19.67,41.69;
11.68,21.35,41.43;
19.17,21.61,51.36;
27.02,16.07,55.51;
16.66,15.32,52.79;
4.01,19.15,47.78;
-7.60,23.56,47.81;
-2.15,24.94,49.05;
13.69,20.36,48.82;
30.73,16.66,46.72;
21.22,16.21,45.25;
15.83,21.00,43.49;
-3.92,23.35,43.63;
-14.61,25.69,43.13;
-20.61,21.89,40.59;
-8.29,22.10,37.46;
-1.77,22.83,33.05;
-1.42,23.41,29.33;
-9.12,19.72,26.41;
-12.83,17.95,23.02;
-9.56,18.60,24.46;
0.03,18.47,29.94;
9.10,15.15,33.14;
4.21,8.47,29.80;
-9.57,8.37,22.14;
-12.79,11.09,21.17;
-9.68,13.01,23.52;
-2.67,12.40,25.27;
-3.97,11.96,25.30;
-1.85,11.89,27.46;
-4.95,9.00,25.74;
-8.24,8.07,18.90;
-5.22,8.66,13.75;
1.80,9.56,13.91;
-0.73,9.87,15.46;
-12.20,8.54,14.73;
-18.95,5.30,11.83;
-17.68,2.50,6.58;
-6.28,4.13,1.22;
11.88,5.14,-2.46;
13.36,5.69,-7.88;
2.88,6.05,-13.65;
-11.18,7.96,-13.01;
-19.85,8.10,-11.56;
-25.60,8.89,-10.31;
-24.66,9.26,-10.37;
-23.37,8.53,-12.61;
-19.77,6.86,-19.38;
-21.59,6.33,-26.31;
-24.46,8.30,-30.29;
-24.11,12.11,-28.51;
-30.29,10.91,-23.96;
-34.02,8.76,-23.54;
-36.03,8.34,-25.01;
-33.31,11.09,-26.66;
-30.02,10.62,-27.09;
-28.31,7.11,-27.97;
-27.76,2.91,-30.32;
-22.72,1.43,-32.26;
-18.31,1.92,-32.58;
-15.79,-0.54,-33.88;
-21.77,-2.01,-36.70;
-28.96,-1.60,-38.60;
-38.67,-1.60,-38.22;
-41.62,-2.04,-38.37;
-34.73,-2.89,-40.49;
-26.63,-4.71,-43.56;
-21.27,-6.71,-47.74;
-22.44,-6.24,-50.43;
-28.92,-6.73,-50.31;
-35.92,-8.66,-49.51;
-42.32,-10.71,-51.13;
-43.15,-12.65,-54.92;
-37.97,-13.60,-57.04;
-36.03,-15.96,-55.77;
-35.48,-18.45,-56.61;
-38.11,-17.63,-57.83;
-36.55,-17.76,-57.85;
-33.70,-21.82,-61.83;
-31.19,-21.99,-66.60;
-28.81,-23.89,-67.16;
-30.43,-28.60,-63.18;
-31.59,-31.84,-63.54;
-42.93,-34.16,-62.55;
-43.30,-32.68,-59.38;
-33.62,-33.86,-57.97;
-20.61,-36.31,-61.24;
-11.60,-36.13,-67.96;
-3.71,-31.78,-71.33;
4.35,-35.82,-70.34;
4.90,-41.03,-68.57;
-0.11,-40.18,-69.18;
-1.70,-38.36,-70.73;
5.98,-43.81,-70.75;
15.36,-50.50,-70.09;
18.24,-50.21,-73.22;
18.14,-46.80,-79.47;
21.34,-46.82,-82.09;
23.60,-46.59,-82.00;
37.05,-48.86,-78.34;
48.49,-48.07,-66.49;
62.84,-35.81,-43.24;
74.78,-13.82,-21.30;
95.48,14.01,-11.88;
110.76,26.66,-14.70;
79.10,26.76,-13.70;
7.85,25.00,-6.90;
-33.85,19.24,1.43;
-54.64,6.50,8.94;
-53.07,-4.65,13.49;
-48.09,-4.36,8.96;
-30.73,-6.28,2.35;
-16.09,0.47,-1.74;
3.95,5.52,-2.14;
13.97,6.39,-0.89;
7.48,4.65,0.30;
-3.16,2.89,0.78;
-2.44,2.56,3.07;
0.14,4.08,6.07;
-6.75,4.89,6.09;
-12.40,3.01,5.89;
-12.08,3.23,9.71;
-8.20,4.88,13.51;
0.90,6.72,11.36;
-1.70,4.22,3.71;
-10.38,3.64,1.27;
-10.05,5.21,3.80;
1.66,8.94,6.21;
19.11,10.18,7.40;
33.57,7.52,6.55;
24.08,5.58,5.80;
2.59,8.31,7.56;
-1.59,9.20,10.09;
5.80,6.71,12.76;
8.27,4.16,13.16;
3.07,3.63,10.99;
-6.63,3.34,11.60;
-9.28,5.43,16.91;
6.18,8.22,20.70;
27.42,9.11,20.33;
43.62,6.34,12.01;
47.54,5.09,5.98;
39.05,6.50,9.31;
30.08,11.23,22.21;
30.64,11.66,34.15;
36.40,12.91,36.68;
30.66,12.34,32.32;
12.43,14.13,24.00;
13.14,12.33,18.55;
21.53,13.11,16.39;
26.78,18.43,18.04;
32.05,16.25,20.76;
21.22,8.71,23.71;
4.98,8.92,31.75;
-0.99,11.84,39.16;
14.01,10.62,36.76;
9.24,13.64,30.59;
-6.15,17.72,34.06;
-9.34,19.93,42.33;
12.14,18.45,45.34;
14.87,21.05,46.24;
11.80,21.55,45.66;
12.29,22.04,46.35;
31.71,21.64,44.90;
16.24,21.70,40.91;
1.08,23.76,37.04;
-12.02,22.36,40.04;
-10.96,19.99,47.22;
-9.85,17.73,49.04;
-9.63,26.05,43.66;
0.50,32.82,41.27;
7.25,30.85,45.02;
30.11,18.54,46.06;
18.58,14.68,45.80;
3.10,20.27,41.23;
-11.05,23.49,43.60;
-22.64,23.05,48.43;
-20.31,22.56,51.43;
-12.72,20.28,48.49;
-10.76,20.54,42.00;
-5.53,23.46,36.50;
4.63,20.27,38.88;
8.30,17.43,42.59;
8.09,18.08,43.23;
14.23,18.85,43.25;
15.28,15.32,40.76;
10.09,13.64,35.37;
3.25,14.18,31.57;
2.20,17.26,35.10;
5.25,20.86,37.51;
2.63,21.79,35.66;
-12.06,24.31,29.20;
-17.65,25.09,24.38;
-17.97,26.39,24.33;
-6.15,24.65,29.80;
1.53,21.67,32.00;
8.38,17.14,28.73;
-5.56,16.31,23.33;
-24.35,15.95,21.80;
-28.38,14.33,22.76;
-23.63,12.51,24.55;
-11.89,11.60,25.74;
-3.25,13.96,24.07;
-3.34,10.39,18.87;
-4.67,8.33,14.21;
2.41,6.83,13.54;
0.58,5.85,12.52;
0.99,8.43,10.67;
-3.42,8.85,10.26;
-13.02,8.10,8.82;
-20.11,6.50,6.68;
-14.99,6.18,4.61;
-6.52,6.10,3.52;
1.05,7.23,2.26;
-1.07,5.96,-0.93;
-8.69,3.34,-3.68;
-17.62,2.18,-5.96;
-16.60,3.82,-7.36;
-13.13,3.90,-9.06;
-16.96,4.68,-11.73;
-24.93,6.94,-13.32;
-28.47,7.27,-12.96;
-23.12,5.53,-13.70;
-14.28,2.94,-19.77;
-8.53,3.43,-23.99;
-16.09,5.32,-23.03;
-29.77,6.77,-20.69;
-41.92,3.58,-22.22;
-39.48,1.15,-25.86;
-31.59,0.53,-27.06;
-21.02,-1.09,-26.29;
-15.12,-2.97,-26.26;
-21.12,-4.34,-26.03;
-30.29,-5.99,-27.09;
-32.26,-5.20,-31.09;
-33.25,-2.97,-32.41;
-25.80,-2.56,-32.66;
-19.68,-5.58,-36.69;
-21.99,-5.75,-39.42;
-32.11,-4.47,-40.02;
-33.12,-5.50,-39.97;
-30.15,-5.84,-39.67;
-30.14,-10.16,-41.19;
-37.76,-12.74,-44.86;
-45.74,-12.60,-45.56;
-48.18,-10.71,-43.50;
-46.86,-10.04,-44.02;
-48.37,-11.15,-47.82;
-46.60,-11.96,-50.64;
-41.71,-11.89,-52.54;
-35.02,-12.89,-51.71;
-26.76,-16.44,-49.71;
-21.22,-19.89,-49.01;
-27.27,-21.64,-51.10;
-37.92,-20.60,-53.33;
-46.72,-22.24,-52.44;
-54.72,-21.79,-47.30;
-55.97,-22.10,-42.67;
-45.89,-21.57,-43.86;
-38.03,-22.63,-50.83;
-30.44,-23.47,-58.05;
-21.01,-25.92,-60.48;
-10.00,-27.61,-56.69;
-8.43,-28.70,-51.51;
-9.73,-27.99,-50.38;
-12.11,-26.36,-48.98;
-10.83,-25.89,-49.38;
-7.66,-24.60,-53.30;
1.02,-26.04,-55.53;
11.65,-31.47,-56.00;
15.24,-32.44,-55.44;
2.72,-25.95,-56.19;
3.11,-24.62,-55.65;
-0.84,-32.85,-53.39;
-8.12,-38.63,-51.70;
-16.38,-36.11,-49.85;
-16.24,-28.65,-46.44;
-14.41,-21.90,-39.41;
-7.44,-15.20,-28.80;
3.33,-5.87,-17.70;
19.19,0.62,-10.28;
27.13,7.76,-3.64;
23.53,11.01,0.62;
13.21,6.60,4.49;
-11.85,3.53,8.32;
-43.51,4.04,10.93;
-42.40,0.53,8.03;
-35.73,-0.68,4.94;
-26.60,1.52,3.94;
-11.33,6.62,0.70;
1.22,7.32,-2.06;
18.47,4.18,-3.86;
21.98,4.02,-2.49;
19.43,5.60,1.37;
16.01,4.60,2.91;
3.92,3.64,3.74;
-13.13,5.03,5.57;
-17.04,7.66,6.84;
-12.44,8.50,6.91;
-1.71,7.14,6.85;
5.69,5.05,5.02;
6.20,2.11,1.49;
8.23,3.35,-1.32;
11.53,4.62,-2.15;
12.98,5.92,-0.66;
17.76,6.89,3.13;
23.62,4.97,5.27;
21.17,5.08,6.17;
9.02,8.65,7.19;
8.21,10.65,9.34;
16.82,7.76,11.52;
22.43,7.05,13.43;
17.79,10.28,13.22;
16.01,11.23,8.39;
13.43,10.77,7.92;
9.80,10.50,11.34;
11.62,11.37,18.43;
21.21,10.19,21.62;
29.57,9.99,19.56;
24.46,14.71,18.52;
13.89,17.37,21.46;
16.69,17.01,25.01;
23.31,16.39,29.60;
20.95,22.79,33.40;
19.45,22.56,33.59;
15.72,22.16,32.50;
11.57,21.63,30.75;
3.21,21.50,29.91;
3.39,20.04,32.72;
17.31,15.47,36.29;
22.24,17.90,36.30;
20.03,19.81,33.27;
2.12,24.83,32.78;
1.37,24.05,34.88;
2.29,21.17,34.29;
10.18,20.77,31.02;
13.82,26.56,34.10;
13.63,23.81,40.93;
5.47,21.95,44.32;
-1.76,20.56,40.39;
-9.53,23.60,38.00;
-2.66,24.50,36.52;
-6.81,24.34,42.56;
-3.21,24.40,48.93;
-1.25,24.97,52.91;
5.25,24.40,49.92;
-0.58,21.32,45.33;
4.35,20.19,43.22;
8.98,16.16,41.62;
9.42,17.37,40.46;
10.55,22.33,43.30;
17.53,18.39,44.79;
19.89,19.84,42.38;
16.81,19.40,41.05;
31.85,17.17,40.26;
27.79,15.56,41.42;
6.43,16.66,39.39;
-11.24,18.28,39.59;
-16.75,18.13,43.14;
-10.38,17.46,44.72;
0.44,15.27,40.78;
6.30,16.86,31.85;
4.09,21.41,28.04;
10.32,21.09,32.18;
9.92,18.63,35.78;
3.88,16.79,35.51;
-0.02,17.79,33.02;
-5.91,20.42,30.90;
-11.95,23.38,31.08;
-11.63,23.76,34.23;
-8.44,16.65,35.31;
-0.23,10.42,33.02;
3.83,9.79,31.59;
8.90,9.60,34.56;
15.86,8.13,35.23;
2.00,4.54,30.91;
-11.31,4.59,24.17;
-19.88,5.98,21.56;
-19.74,9.23,22.06;
-12.63,11.95,21.65;
-8.32,9.41,18.33;
-4.92,8.33,11.25;
3.56,9.37,4.46;
8.61,9.32,1.39;
6.79,8.74,-0.66;
-3.31,6.89,-2.90;
-15.70,6.54,-3.33;
-24.67,6.79,-3.09;
-27.71,5.26,-3.03;
-26.95,5.84,-3.77;
-21.34,5.92,-5.57;
-14.73,5.84,-8.23;
-15.05,7.18,-9.56;
-19.05,5.87,-9.85;
-22.69,4.33,-11.85;
-24.50,4.27,-14.75;
-21.83,7.47,-15.93;
-23.45,7.18,-16.15;
-25.71,6.45,-16.46;
-29.73,5.69,-16.32;
-33.76,5.52,-16.69;
-29.99,3.90,-17.82;
-20.06,1.35,-21.06;
-16.12,0.98,-24.66;
-18.72,3.11,-25.93;
-28.75,2.71,-27.67;
-33.34,0.01,-29.85;
-31.77,-0.42,-29.91;
-20.11,0.36,-28.54;
-16.37,-0.28,-32.00;
-18.23,0.04,-37.38;
-29.80,-1.75,-39.90;
-40.14,-5.08,-37.68;
-41.27,-6.15,-35.42;
-33.68,-9.21,-33.73;
-22.05,-12.42,-36.55;
-13.53,-15.44,-44.77;
-15.76,-13.92,-49.33;
-27.94,-12.15,-48.99;
-38.99,-13.29,-45.35;
-42.75,-14.73,-42.44;
-35.53,-15.43,-40.06;
-25.33,-16.80,-40.98;
-22.99,-18.48,-45.16;
-26.32,-17.82,-48.52;
-33.01,-19.43,-47.13;
-33.01,-20.74,-45.30;
-29.85,-21.70,-46.70;
-23.71,-21.44,-50.12;
-20.96,-21.90,-51.13;
-20.89,-21.82,-48.05;
-18.28,-23.72,-43.80;
-20.98,-24.62,-43.93;
-29.89,-25.02,-44.80;
-40.49,-24.47,-45.51;
-41.13,-26.08,-46.70;
-36.64,-26.36,-47.64;
-19.44,-27.84,-47.36;
-1.34,-30.92,-47.32;
8.87,-31.17,-51.04;
3.39,-28.13,-51.97;
-6.31,-27.46,-50.35;
-20.34,-27.46,-47.32;
-25.28,-31.90,-44.51;
-28.43,-34.94,-40.92;
-30.83,-33.58,-39.85;
-28.47,-29.73,-41.18;
-13.91,-26.54,-45.85;
-2.31,-26.33,-49.70;
2.29,-28.66,-53.32;
9.92,-35.20,-55.25;
18.20,-41.58,-54.63;
15.69,-41.79,-51.82;
12.92,-37.63,-47.32;
1.11,-31.82,-39.10;
-13.73,-27.15,-30.14;
-20.86,-24.60,-21.83;
-24.64,-11.75,-12.32;
-8.55,5.67,-2.11;
16.35,15.03,4.18;
26.53,15.82,5.66;
9.63,14.51,5.89;
-7.16,5.93,4.76;
-11.19,-1.29,3.16;
-6.95,-3.40,1.37;
8.63,0.43,1.60;
8.84,3.15,3.04;
-2.23,4.48,4.44;
-11.63,5.60,3.60;
-11.07,7.18,3.05;
4.05,7.72,3.05;
9.14,7.82,5.34;
4.09,8.08,8.91;
0.18,8.04,11.37;
0.50,7.69,11.05;
3.59,7.03,8.94;
8.05,5.24,3.69;
2.96,5.24,2.91;
5.33,5.85,4.53;
14.23,9.01,10.76;
29.14,11.55,14.41;
43.54,12.36,12.81;
28.82,14.48,9.17;
13.34,15.92,8.91;
7.07,15.85,12.04;
26.93,12.95,15.48;
42.88,10.45,16.73;
53.65,11.29,15.40;
49.42,15.32,11.88;
33.57,15.44,10.50;
17.50,11.50,10.44;
4.46,8.82,17.04;
2.11,10.74,25.19;
6.73,15.47,31.04;
-5.01,22.72,34.64;
-11.76,27.89,36.61;
12.70,24.91,35.60;
20.96,20.19,34.91;
22.64,19.23,29.75;
21.53,22.71,28.72;
16.38,24.68,33.05;
15.62,26.43,38.12;
25.07,20.04,34.47;
16.73,23.95,30.58;
11.56,25.92,31.40;
2.47,23.92,36.87;
10.49,19.96,39.39;
4.05,25.24,42.23;
2.35,30.18,44.70;
0.29,27.79,45.89;
0.40,25.08,45.65;
2.43,19.85,43.17;
10.64,15.38,39.57;
6.84,15.21,38.64;
-1.77,21.46,42.50;
-5.77,23.05,46.64;
6.61,20.79,48.20;
18.76,16.92,43.98;
17.21,18.16,39.69;
28.84,13.98,34.72;
31.37,12.04,31.78;
14.61,17.93,33.13;
3.69,16.14,35.63;
-2.98,15.29,37.14;
-0.92,13.09,38.27;
-3.04,16.33,38.09;
-0.66,18.79,37.27;
-0.34,20.27,35.14;
-1.74,21.53,34.39;
3.01,23.37,37.36;
12.56,20.79,40.49;
20.41,17.00,41.23;
20.52,13.06,37.39;
7.31,15.17,34.04;
-4.12,18.45,34.91;
-7.73,15.87,38.49;
-3.56,9.92,38.41;
0.41,9.21,34.56;
-0.18,12.83,32.29;
-6.05,14.42,31.14;
-11.97,11.60,28.20;
-9.21,11.61,23.85;
-0.70,10.21,22.21;
8.11,8.94,20.85;
14.69,10.63,18.99;
14.49,10.43,18.68;
3.54,9.29,18.01;
-15.86,9.66,15.78;
-27.34,8.01,13.52;
-22.89,6.83,11.77;
-4.35,7.29,11.98;
5.11,6.91,12.33;
4.90,7.72,9.07;
-7.77,6.98,6.90;
-18.84,6.53,7.07;
-22.95,4.50,8.32;
-18.76,2.63,7.54;
-9.60,0.62,3.40;
-1.16,2.27,-0.22;
-0.35,5.81,-1.25;
-12.35,7.30,-4.63;
-28.41,4.80,-6.99;
-38.69,5.09,-6.02;
-35.31,6.57,-5.28;
-16.64,7.55,-8.29;
-4.93,6.31,-14.93;
-4.79,4.43,-18.75;
-16.89,2.89,-18.95;
-21.82,1.95,-17.28;
-24.28,1.63,-17.06;
-24.15,1.47,-19.15;
-16.57,1.72,-22.67;
-14.05,1.50,-27.13;
-19.16,2.04,-29.38;
-30.78,0.68,-29.36;
-35.01,2.04,-28.57;
-31.65,1.66,-28.00;
-25.28,0.25,-29.44;
-24.87,-1.44,-33.96;
-28.41,-2.08,-35.70;
-33.68,-2.54,-33.80;
-36.14,-3.98,-31.04;
-38.23,-5.06,-30.29;
-32.32,-7.15,-32.08;
-27.70,-7.40,-35.48;
-23.13,-8.05,-38.81;
-20.05,-8.33,-41.33;
-21.73,-9.18,-40.43;
-19.41,-11.11,-40.52;
-13.71,-13.78,-44.19;
-9.62,-15.23,-47.44;
-14.38,-15.76,-47.77;
-23.53,-16.51,-48.34;
-32.58,-19.14,-49.01;
-33.25,-19.40,-48.61;
-25.57,-20.51,-46.89;
-14.93,-23.81,-47.73;
-19.92,-27.11,-52.20;
-31.76,-23.53,-52.69;
-44.69,-21.84,-49.39;
-42.14,-22.16,-47.54;
-32.31,-24.57,-49.68;
-22.02,-26.66,-52.26;
-17.41,-27.06,-51.88;
-16.84,-30.08,-50.67;
-13.33,-32.27,-48.81;
-19.60,-31.69,-44.69;
-25.94,-28.95,-42.44;
-24.00,-27.50,-40.49;
-19.42,-28.04,-42.05;
-14.70,-27.73,-49.88;
-8.57,-25.08,-57.19;
6.46,-26.30,-57.96;
18.56,-31.73,-52.49;
21.74,-32.56,-48.37;
26.44,-29.06,-54.05;
19.50,-27.72,-56.87;
6.08,-29.93,-55.32;
0.84,-31.06,-52.75;
2.43,-31.90,-48.96;
6.29,-38.11,-46.46;
5.88,-44.11,-45.74;
-1.53,-40.50,-44.70;
-5.01,-28.15,-37.19;
-0.38,-9.96,-20.60;
10.53,7.24,-1.77;
26.98,16.94,6.93;
22.44,14.74,6.43;
-15.13,6.22,5.17;
-45.70,-1.34,3.56;
-39.39,-1.55,5.52;
-14.43,-0.04,7.05;
8.87,3.69,9.27;
14.06,6.51,8.79;
-0.89,5.52,8.62;
-20.40,3.90,9.10;
-19.59,1.92,6.88;
-7.54,3.29,3.80;
-2.02,6.11,3.46;
1.63,9.44,7.28;
9.16,9.64,11.74;
13.85,9.17,14.85;
13.25,10.72,17.11;
13.94,12.13,16.59;
18.81,11.79,15.20;
30.27,11.17,11.14;
29.19,13.67,8.41;
29.24,15.75,9.14;
26.98,19.92,15.57;
26.30,23.05,22.52;
26.66,24.77,26.72;
22.12,22.62,26.75;
14.69,19.63,25.65;
23.56,16.24,25.11;
26.81,16.88,27.62;
37.13,19.15,28.97;
39.68,20.91,28.84;
27.25,21.76,29.68;
14.63,24.54,34.04;
16.35,23.81,37.89;
27.72,23.64,41.28;
52.14,27.87,41.83;
56.50,23.96,38.50;
41.95,22.72,37.89;
29.43,21.15,41.78;
13.33,22.21,46.21;
6.01,22.42,48.38;
-1.42,23.52,48.81;
-3.27,22.62,43.23;
-2.23,21.41,39.68;
-1.22,22.07,43.68;
2.64,20.04,50.90;
21.39,15.17,54.97;
24.34,18.39,57.52;
24.14,24.27,52.96;
12.30,27.30,45.33;
7.04,24.85,43.97;
-3.82,23.26,50.73;
7.59,21.06,52.53;
0.26,19.75,45.13;
4.67,20.85,35.56;
-0.34,21.92,32.50;
5.24,21.95,33.01;
18.40,18.21,36.21;
29.43,14.10,37.97;
24.66,16.74,36.18;
10.87,19.35,34.06;
1.62,20.98,34.93;
-4.76,21.55,38.79;
-2.58,19.82,40.72;
0.27,16.50,40.06;
2.09,18.85,37.88;
4.93,21.30,37.81;
12.50,17.14,39.49;
7.85,14.14,41.19;
4.41,17.49,39.54;
-0.41,17.27,35.40;
-5.59,17.30,33.88;
-8.24,14.45,30.23;
-7.37,13.03,25.17;
-2.86,12.56,23.83;
4.85,13.53,25.92;
11.02,13.32,26.68;
8.72,9.49,23.77;
5.66,7.14,21.19;
-2.84,8.10,20.73;
-0.18,9.50,20.72;
-0.40,11.21,18.91;
-2.83,12.92,16.39;
-9.21,14.31,15.56;
-14.63,12.76,16.09;
-12.90,12.48,14.94;
-3.88,10.69,12.61;
4.96,11.17,11.13;
6.85,10.89,12.78;
2.35,8.31,14.87;
-6.70,6.94,12.35;
-17.62,7.49,8.18;
-26.14,9.50,5.23;
-26.66,10.69,7.30;
-19.34,10.14,9.63;
-4.32,8.45,7.88;
7.47,5.24,0.29;
9.92,5.27,-6.87;
2.95,6.37,-7.04;
-14.43,7.95,-2.81;
-32.34,8.13,-0.73;
-37.94,7.17,-3.80;
-34.05,8.21,-9.42;
-24.12,8.31,-12.17;
-9.53,7.12,-9.76;
-6.21,6.79,-7.94;
-11.19,6.11,-10.87;
-22.61,5.37,-15.01;
-29.41,4.85,-18.06;
-25.45,3.78,-17.82;
-16.60,3.35,-16.81;
-12.38,5.00,-16.38;
-21.07,5.47,-18.63;
-29.41,7.01,-22.11;
-35.62,7.52,-23.13;
-34.24,7.56,-23.67;
-26.32,6.54,-24.34;
-16.17,5.64,-27.18;
-13.01,3.15,-30.20;
-18.50,2.95,-30.75;
-29.70,3.00,-28.69;
-42.17,3.09,-26.51;
-49.88,4.02,-26.89;
-48.66,4.53,-29.21;
-40.18,3.17,-30.41;
-27.44,-0.01,-31.91;
-17.30,-2.05,-36.63;
-15.31,-1.06,-40.92;
-20.83,0.22,-42.06;
-28.64,-0.63,-39.27;
-36.02,-2.83,-36.25;
-33.63,-5.69,-35.12;
-36.86,-6.86,-34.93;
-39.94,-8.57,-36.12;
-42.23,-10.45,-36.57;
-38.75,-11.58,-36.83;
-27.42,-12.04,-37.15;
-19.76,-12.39,-38.08;
-15.02,-14.79,-40.99;
-16.60,-16.76,-43.15;
-21.21,-18.60,-44.75;
-18.34,-19.86,-46.90;
-11.92,-19.64,-45.68;
-9.02,-21.41,-43.73;
-15.86,-24.40,-44.35;
-32.69,-23.61,-42.23;
-42.15,-22.21,-37.56;
-34.38,-20.76,-36.20;
-21.82,-21.66,-38.48;
-7.39,-23.98,-43.01;
3.48,-28.28,-48.17;
-1.86,-28.70,-51.91;
-5.22,-27.55,-48.86;
-7.21,-28.73,-39.44;
-8.02,-30.04,-36.89;
-4.81,-31.47,-43.67;
-4.72,-30.24,-52.75;
-3.77,-30.01,-55.70;
-4.99,-28.60,-51.99;
-1.28,-27.35,-44.98;
8.27,-28.31,-40.64;
18.70,-29.64,-43.80;
27.02,-28.18,-48.38;
35.14,-29.89,-51.64;
38.08,-35.09,-47.42;
46.92,-37.58,-42.69;
64.55,-37.81,-42.95;
74.61,-36.10,-49.09;
78.55,-31.89,-56.73;
82.20,-29.32,-57.54;
76.50,-30.28,-54.78;
72.32,-27.93,-48.81;
72.69,-20.48,-37.93;
79.10,-11.29,-26.64;
90.98,-2.04,-20.77;
91.51,1.85,-21.51;
72.85,3.52,-20.58;
46.30,1.56,-12.09;
25.47,3.69,-3.12;
17.21,6.14,1.65;
20.37,5.49,-0.54;
23.01,2.89,-5.54;
25.89,-1.84,-9.65;
26.84,-1.37,-12.37;
20.98,-2.71,-10.83;
14.67,-0.08,-7.59;
12.41,1.95,-4.84;
13.37,2.11,-4.22;
15.33,0.51,-5.61;
5.11,-3.38,-5.77;
-5.15,-4.68,-2.44;
-9.08,-1.57,4.24;
-5.28,2.01,10.27;
-5.15,4.71,11.81;
-7.28,3.92,11.54;
-4.14,2.31,11.04;
-7.05,3.96,12.15;
-11.51,4.02,14.06;
-15.79,5.92,15.91;
-14.79,9.05,16.43;
-11.76,9.58,14.61;
-7.56,12.89,12.91;
-6.23,12.86,11.69;
-7.28,9.89,12.41;
-6.15,5.87,13.45;
-4.15,6.57,13.27;
-12.00,7.12,11.30;
-20.75,4.25,9.04;
-22.60,1.06,5.49;
-18.53,0.54,2.61;
-21.12,-0.40,1.60;
-26.78,-2.30,2.03;
-24.09,-0.74,4.24;
-14.14,2.37,2.64;
-3.92,3.40,-2.81;
-0.15,1.69,-3.80;
-3.08,1.09,0.38;
-11.30,2.18,4.35;
-23.25,1.79,6.49;
-27.94,2.13,7.45;
-29.97,4.25,7.71;
-33.89,5.44,5.91;
-33.30,5.69,2.36;
-27.05,4.85,-2.80;
-17.21,5.30,-7.85;
1.25,1.66,-12.87;
31.77,2.27,-13.50;
43.68,1.85,-7.12;
41.47,3.12,-2.67;
28.20,1.20,-6.14;
5.04,-3.46,-8.87;
-25.99,-6.24,-10.22;
-48.92,-4.40,-10.66;
-53.80,-1.32,-10.70;
-43.37,2.47,-9.86;
-22.08,4.65,-9.28;
-6.12,5.95,-7.54;
-1.34,5.76,-5.59;
3.54,7.30,-4.96;
8.87,8.07,-6.44;
-2.34,7.96,-9.22;
-17.62,6.14,-12.67;
-26.90,2.71,-14.38;
-28.02,0.77,-13.79;
-20.55,1.53,-13.03;
-9.07,3.20,-12.63;
-3.63,5.53,-10.54;
-9.33,8.45,-9.25;
-18.43,8.69,-8.77;
-26.98,7.01,-8.52;
-32.67,5.38,-8.96;
-33.48,4.39,-8.61;
-28.03,4.30,-9.10;
-19.04,4.65,-10.05;
-11.86,4.88,-11.86;
-7.08,4.34,-14.03;
-6.12,4.79,-14.23;
-7.15,5.52,-12.73;
-10.43,5.34,-11.51;
-15.18,4.56,-10.25;
-18.43,3.76,-8.87;
-20.03,4.94,-6.81;
-20.53,5.99,-6.54;
-19.37,6.76,-7.44;
-20.66,7.08,-7.96;
-19.31,6.31,-8.58;
-14.18,5.46,-10.05;
-10.03,4.86,-11.77;
-6.83,5.44,-12.09;
-2.29,5.41,-11.16;
4.11,7.15,-8.80;
2.30,8.74,-8.11;
-3.36,8.95,-9.21;
-11.48,7.96,-10.61;
-21.02,5.18,-12.03;
-27.13,3.84,-11.61;
-28.72,4.77,-9.85;
-28.66,6.04,-7.35;
-24.86,6.91,-4.81;
-21.99,6.97,-4.46;
-18.00,6.82,-5.80;
-19.77,7.95,-7.93;
-22.17,8.69,-8.61;
-22.17,7.82,-8.37;
-16.58,6.11,-8.51;
-10.02,5.96,-8.86;
-9.77,6.86,-8.86;
-12.46,8.14,-8.64;
-15.62,8.04,-8.38;
-17.31,7.61,-8.08;
-20.43,7.43,-7.50;
-26.72,9.21,-6.29;
-29.42,9.76,-5.10;
-30.24,9.66,-4.22;
-32.28,10.02,-4.09;
-31.99,9.66,-4.06;
-25.79,8.65,-5.76;
-22.99,8.27,-7.47;
-25.60,8.94,-8.00;
-27.36,7.44,-7.53;
-25.45,5.98,-7.15;
-22.55,5.00,-6.19;
-20.55,5.32,-5.54;
-19.53,6.56,-4.41;
-19.77,9.96,-5.99;
-23.36,10.21,-9.13;
-25.53,7.79,-12.51;
-27.10,7.09,-12.37;
-24.84,7.40,-8.70;
-22.24,8.04,-5.25;
-24.58,9.08,-2.89;
-28.11,6.25,-4.98;
-31.05,2.65,-9.38;
-35.18,1.96,-11.48;
-35.99,2.37,-12.46;
-32.40,3.63,-11.53;
-29.22,5.17,-10.31;
-25.36,6.59,-9.16;
-25.04,6.54,-8.37;
-27.88,6.71,-8.22;
-32.23,7.49,-8.64;
-38.32,8.71,-8.70;
-43.92,9.58,-7.27;
-47.56,9.37,-6.06;
-49.63,8.92,-3.07;
-48.37,8.91,-2.22;
-44.93,8.34,-3.62;
-37.53,8.05,-5.42;
-33.54,6.80,-7.67;
-31.30,5.60,-8.34;
-28.06,4.95,-9.01;
-23.83,4.07,-8.77;
-21.57,3.60,-8.48;
-20.92,3.66,-7.38;
-22.28,4.27,-7.35;
-22.53,3.79,-7.28;
-23.88,3.26,-7.79;
-27.66,2.40,-8.86;
-29.99,1.50,-10.20;
-30.76,0.97,-10.92;
-30.03,0.31,-11.25;
-31.41,-0.85,-11.65;
-32.20,-1.28,-11.50;
-30.37,-1.73,-12.05;
-27.94,-1.57,-12.86;
-25.56,-1.37,-13.70;
-24.60,-1.69,-14.57;
-25.53,-2.79,-14.96;
-27.68,-3.82,-15.01;
-31.05,-4.65,-14.32;
-34.79,-5.41,-13.47;
-38.79,-5.90,-13.83;
-41.57,-6.11,-14.03;
-42.73,-5.96,-13.65;
-41.50,-4.73,-13.45;
-39.71,-4.50,-12.84;
-36.63,-3.99,-10.95;
-33.27,-2.86,-8.87;
-29.47,-1.24,-6.72;
-26.05,0.91,-4.95;
-23.25,2.31,-2.89;
-20.92,3.24,-0.72;
-21.07,3.17,1.42;
-23.19,3.37,2.96;
-25.51,3.35,4.12;
-27.04,3.00,4.87;
-25.51,1.78,5.07;
-23.74,1.35,4.76;
-23.34,0.89,4.38;
-20.79,0.62,4.09;
-15.71,-0.11,3.42;
-10.53,-0.47,2.52;
-6.92,-0.83,1.59;
-1.92,-1.43,1.16;
2.26,-1.28,1.25;
5.19,-0.88,1.56;
4.93,-1.35,2.23;
4.08,-2.13,3.10;
2.87,-2.79,4.33;
-0.28,-3.34,4.64;
-2.99,-3.61,5.36;
-4.23,-3.90,6.81;
-3.05,-4.31,8.62;
-1.34,-4.56,9.66;
-0.76,-3.78,9.10;
-3.13,-2.44,8.23;
-1.89,-1.81,7.20;
-0.67,-4.83,7.92;
-8.75,-10.33,9.66;
-8.40,-8.65,8.49;
-3.79,-10.89,7.22;
-8.83,-14.76,9.34;
-8.53,-15.00,9.86;
0.44,-15.26,7.43;
3.60,-18.57,5.68;
3.27,-18.95,5.33;
8.38,-19.32,4.68;
19.85,-19.32,4.04;
37.27,-17.20,3.16;
57.82,-13.70,3.49;
73.22,-14.54,3.88;
80.44,-18.37,2.55;
87.07,-22.97,1.27;
89.04,-23.21,1.17;
87.47,-18.92,1.88;
78.84,-14.47,1.42;
65.40,-14.08,-2.20;
60.08,-16.18,-4.03;
59.72,-19.63,-3.33;
53.17,-18.25,-0.23;
47.89,-15.43,3.92;
48.03,-14.91,7.08;
48.56,-15.69,8.70;
51.65,-15.60,8.15;
49.89,-16.44,6.26;
45.86,-15.06,5.46;
47.83,-13.75,6.06;
51.47,-14.31,8.20;
55.66,-15.05,10.38;
52.49,-14.47,11.74;
39.95,-12.37,12.44;
34.53,-13.38,12.36;
31.88,-14.71,11.43;
30.56,-14.04,11.65;
26.59,-11.76,13.42;
22.30,-10.21,16.99;
25.47,-11.15,19.10;
34.12,-13.66,18.61;
39.01,-15.02,17.42;
35.80,-13.02,15.28;
32.88,-10.07,14.87;
33.07,-8.11,15.07;
39.82,-10.08,15.45;
45.54,-12.07,15.91;
43.51,-13.18,15.37;
39.11,-13.03,14.97;
35.48,-12.34,16.46;
35.83,-11.96,18.26;
28.35,-9.40,22.32;
18.96,-8.88,25.62;
12.15,-9.02,27.11;
11.11,-8.24,29.36;
16.78,-8.04,30.75;
16.46,-9.38,31.85;
20.12,-10.30,32.12;
26.12,-10.79,33.16;
32.09,-7.73,34.01;
30.96,-1.63,36.75;
29.50,0.80,40.30;
30.27,-2.94,41.23;
25.91,-5.49,38.29;
17.98,-5.37,37.72;
13.22,-5.23,41.98;
14.03,-3.98,44.41;
10.96,0.04,46.88;
3.13,2.66,49.27;
-3.53,5.66,52.35;
-9.16,9.34,52.30;
-8.41,9.93,46.44;
-18.29,13.60,38.17;
-20.83,12.31,29.48;
-20.55,9.90,26.64;
-22.89,11.98,29.48;
-19.36,15.99,33.05;
-16.03,18.51,34.17;
-14.44,19.11,29.77;
-15.80,18.94,27.52;
-18.34,18.37,26.18;
-16.31,23.93,26.50;
-14.38,30.86,29.28;
-6.95,35.53,30.33;
-6.44,32.37,28.30;
-13.48,36.01,23.83;
-13.50,38.57,25.14;
-7.85,38.77,28.79;
8.12,29.64,25.13;
7.97,28.34,15.43;
5.62,33.41,7.43;
1.54,35.38,7.57;
1.50,37.49,8.35;
12.23,40.53,9.07;
38.88,39.09,7.13;
58.09,30.97,1.72;
57.88,30.39,-4.61;
54.79,29.79,-10.29;
39.59,28.39,-11.35;
28.61,24.07,-13.07;
13.54,21.01,-13.06;
13.62,22.86,-8.80;
12.96,22.05,-6.03;
14.38,14.07,-8.58;
10.05,14.27,-16.08;
12.93,18.65,-17.68;
16.03,21.79,-16.00;
21.48,25.38,-13.54;
25.57,26.77,-11.15;
35.07,21.30,-10.00;
30.52,16.92,-9.33;
24.29,18.68,-8.09;
17.97,19.26,-5.12;
7.62,17.69,-1.13;
-1.22,17.63,0.44;
-6.08,19.01,0.64;
-5.77,19.85,0.29;
-2.23,20.97,1.17;
2.26,24.98,1.75;
2.09,29.23,2.73;
1.63,33.46,3.69;
-0.23,34.19,3.40;
1.36,32.86,1.54;
8.41,30.95,-1.25;
20.64,29.09,-5.77;
26.27,26.18,-9.68;
31.92,24.56,-10.78;
42.56,21.72,-9.91;
53.94,19.18,-4.48;
63.10,17.89,-0.55;
70.93,12.76,3.45;
73.37,7.38,6.39;
76.34,1.81,9.88;
78.26,-2.18,13.42;
74.63,-5.60,14.94;
67.19,-7.34,14.58;
59.65,-7.55,13.80;
50.40,-6.47,14.59;
42.09,-5.20,15.59;
36.82,-4.04,15.78;
31.72,-1.81,16.23;
30.44,1.55,18.93;
32.20,2.25,19.45;
35.60,4.80,23.07;
32.20,5.44,25.56;
26.75,7.23,25.98;
19.01,10.54,26.46;
8.72,13.84,27.04;
-0.66,16.51,28.06;
-7.79,17.72,28.39;
-15.85,19.17,28.33;
-22.99,20.45,28.29;
-29.74,24.37,28.96;
-30.09,27.11,32.03;
-31.56,24.98,33.74;
-33.37,21.73,33.33;
-29.76,20.18,31.94;
-21.04,19.69,29.16;
-13.01,17.93,24.78;
-10.64,14.56,20.82;
-12.46,10.62,18.21;
-14.50,8.36,18.35;
-14.47,8.16,18.91;
-10.50,9.75,18.38;
-5.99,9.70,17.16;
-4.86,8.30,15.11;
-5.53,5.90,12.47;
-5.18,3.30,11.08;
-3.56,0.42,10.79;
-2.87,-1.18,10.14;
-4.12,-3.15,8.88;
-5.56,-3.92,7.57;
-5.37,-3.82,6.94;
-4.00,-3.29,6.75;
-3.22,-2.89,7.02;
-3.59,-2.68,6.59;
-4.37,-2.45,5.94;
-4.86,-2.54,4.27;
-4.08,-1.95,2.23;
-2.67,-1.64,1.05;
-1.25,-1.47,0.99;
0.05,-1.38,1.51;
0.61,-1.55,0.87;
0.40,-1.81,0.75;
-0.79,-1.81,0.04;
-1.94,-1.93,-0.66;
-2.70,-1.12,-1.56;
-2.83,-0.47,-1.30;
-2.64,0.11,-0.20;
-2.38,0.71,0.85;
-2.05,0.45,1.91;
-2.52,-0.30,2.78;
-3.02,-0.59,2.68;
-3.08,-0.30,2.14;
-2.63,-0.63,1.68;
-2.58,-0.63,1.40;
-0.99,1.72,1.30;
2.05,3.82,1.66;
1.98,4.86,2.18;
-0.87,4.77,2.70;
-4.06,4.69,2.73;
-5.82,4.56,3.07;
-6.90,4.16,3.28;
-8.95,3.82,2.59;
-10.84,4.27,2.07;
-10.53,4.56,2.27;
-9.21,5.08,2.23;
-8.57,4.82,2.09;
-7.99,4.42,2.27;
-6.95,4.13,2.30;
-5.05,3.69,2.36;
-3.02,3.27,2.24;
-1.88,2.97,1.97;
-1.47,3.15,1.46;
-1.04,3.18,1.01;
-1.86,3.00,0.68;
-2.75,2.95,-0.03;
-3.77,2.83,-0.14;
-4.81,2.76,-0.09;
-5.82,2.62,0.33;
-6.55,2.54,0.65;
-6.60,2.47,1.33;
-6.09,2.31,1.94;
-5.37,2.30,2.65;
-4.70,2.11,2.78;
-5.08,2.13,2.64;
-4.95,2.14,2.10;
-4.64,2.72,2.04;
-4.95,3.17,2.14;
-5.68,3.18,1.68;
-6.99,3.87,1.07;
-6.90,4.48,1.13;
-6.64,4.33,1.56;
-8.06,3.81,1.57;
-9.45,3.47,1.31;
-9.56,3.60,1.11;
-9.12,3.66,0.55;
-8.64,2.91,0.29;
-8.81,2.94,-0.25;
-8.49,2.94,0.07;
-6.76,2.37,0.46;
-5.22,1.96,0.73;
-4.26,1.35,0.58;
0.00,0.00,0.00;
