2.33,-0.46,0.93;
2.13,-0.20,0.96;
2.36,-0.33,0.89;
2.35,-0.43,0.55;
1.98,-0.57,0.80;
2.22,-0.56,0.71;
2.22,-0.56,0.69;
2.65,-0.69,0.86;
2.24,-0.46,0.84;
2.62,-0.46,0.78;
2.38,-0.19,0.67;
2.73,-0.49,0.77;
2.01,-0.28,0.81;
2.56,-0.31,0.61;
2.59,-0.33,0.60;
2.24,-0.54,0.74;
2.35,-0.89,0.83;
2.87,-0.77,0.63;
2.96,-0.91,0.63;
2.42,-0.60,0.61;
2.61,-0.80,0.63;
2.53,-0.60,0.46;
2.82,-1.04,0.69;
2.67,-0.71,0.63;
2.79,-0.77,0.67;
1.71,-0.43,0.61;
1.92,-0.56,0.87;
2.29,-0.40,0.74;
2.68,-0.53,0.46;
2.19,-0.39,0.83;
2.21,-0.46,0.54;
2.33,-0.49,0.63;
2.15,-0.56,0.69;
2.26,-0.91,0.71;
2.18,-0.75,0.52;
2.67,-0.83,0.63;
2.88,-0.85,0.61;
2.88,-0.63,0.52;
2.03,-0.59,1.00;
2.30,-0.48,0.63;
2.47,-0.74,0.45;
2.42,-0.86,0.66;
2.71,-1.08,0.75;
2.58,-0.85,0.41;
2.64,-0.95,0.37;
2.79,-0.83,0.49;
2.65,-0.82,0.67;
2.36,-0.42,0.67;
2.26,-0.71,0.80;
1.86,-0.68,0.64;
2.21,-0.71,0.64;
3.06,-0.88,0.61;
2.58,-0.77,0.49;
2.35,-0.46,0.69;
2.62,-0.80,0.69;
2.01,-0.69,0.58;
2.64,-0.72,0.66;
2.47,-0.78,0.74;
2.27,-0.63,0.57;
2.96,-0.75,0.74;
2.74,-0.60,0.61;
2.85,-0.74,0.54;
3.14,-0.78,0.66;
2.62,-1.01,0.64;
2.30,-0.54,0.77;
2.16,-0.62,0.71;
2.01,-0.53,1.00;
2.93,-0.56,0.69;
3.23,-0.80,0.58;
2.64,-0.57,0.81;
2.56,-0.57,0.92;
2.36,-0.56,0.64;
2.24,-0.37,0.89;
1.92,-0.33,0.72;
2.03,-0.56,0.93;
2.21,-0.71,0.69;
3.23,-0.72,0.67;
2.91,-0.46,0.45;
2.73,-0.17,0.64;
2.38,-0.36,0.64;
2.24,-0.40,0.58;
1.90,-0.34,0.52;
1.35,-0.48,0.61;
1.97,-0.68,0.52;
2.76,-0.71,0.64;
2.79,-0.83,0.61;
2.18,-0.49,0.57;
2.27,-0.65,0.64;
2.07,-0.48,0.55;
1.17,-0.05,0.72;
0.47,0.13,0.67;
0.88,-0.05,0.72;
2.64,-0.30,0.67;
2.21,0.33,0.67;
2.03,0.59,0.75;
1.08,1.03,1.07;
2.62,0.73,0.71;
3.64,0.44,0.96;
3.35,0.65,0.37;
2.88,1.15,0.51;
2.10,1.17,0.95;
1.90,1.51,0.84;
2.68,1.51,0.87;
1.71,2.34,1.10;
0.73,2.54,1.09;
0.29,2.76,1.24;
1.16,2.60,0.67;
1.20,2.12,0.72;
2.36,1.78,0.64;
1.48,2.12,0.46;
1.51,1.83,0.77;
2.50,1.12,0.32;
2.74,0.74,0.38;
2.50,0.27,0.25;
3.58,-0.40,0.03;
4.68,-0.97,-0.09;
4.13,-1.24,-0.23;
3.22,-1.18,-0.04;
3.54,-1.43,0.06;
3.52,-1.72,0.12;
2.93,-1.91,0.54;
2.41,-2.20,0.29;
2.30,-2.74,0.41;
3.49,-3.53,0.46;
5.46,-4.46,-0.07;
5.93,-4.62,0.41;
5.84,-4.63,0.17;
6.44,-4.22,0.12;
7.51,-4.39,0.11;
7.03,-3.81,0.40;
5.22,-3.24,0.51;
3.77,-2.94,0.64;
2.30,-2.80,0.86;
2.68,-3.09,0.57;
3.02,-2.98,0.49;
3.37,-2.95,0.17;
3.05,-2.14,0.57;
0.74,-1.23,0.63;
-0.10,-0.51,0.81;
-0.49,-0.07,1.22;
-0.77,0.22,0.98;
-1.30,0.47,1.15;
-0.42,0.53,1.09;
-2.40,1.20,1.10;
0.01,0.63,0.81;
-1.01,1.43,0.98;
-1.81,1.78,0.98;
-2.78,2.36,1.29;
-1.85,2.27,1.07;
-1.29,2.01,0.86;
-1.65,1.89,1.15;
-2.20,1.99,1.01;
-1.65,1.32,1.01;
0.87,0.82,0.45;
0.29,1.03,0.74;
-0.68,1.38,0.86;
-1.52,1.69,0.92;
-2.58,1.66,0.89;
-1.26,0.97,0.84;
0.27,0.41,0.96;
0.90,-0.62,0.90;
3.89,-1.55,0.22;
3.80,-1.67,0.26;
2.00,-1.56,0.77;
2.36,-1.84,0.60;
3.22,-2.07,0.54;
1.69,-1.91,0.93;
0.70,-1.81,1.12;
-0.16,-1.49,1.03;
1.80,-2.62,0.71;
3.74,-3.17,0.89;
6.44,-3.58,0.41;
4.68,-2.65,0.60;
3.06,-1.87,0.34;
1.69,-1.53,0.83;
0.76,-1.70,0.84;
1.37,-2.20,0.45;
5.28,-3.18,-0.30;
4.51,-3.20,-0.41;
4.36,-3.52,-0.35;
1.86,-3.06,0.06;
4.19,-3.37,-0.18;
4.94,-2.75,-0.42;
4.39,-2.24,-0.21;
2.01,-0.82,0.61;
1.40,-0.16,1.16;
2.10,0.70,1.06;
2.82,0.99,1.07;
3.17,1.43,1.39;
4.44,1.44,1.18;
3.64,2.19,1.12;
3.49,2.70,1.06;
2.06,2.97,1.45;
2.84,2.85,1.24;
3.78,2.74,1.47;
3.83,2.96,1.27;
4.12,2.44,1.48;
3.52,2.42,1.67;
2.77,2.07,1.64;
3.74,1.73,1.65;
3.42,1.69,1.45;
2.90,1.35,1.71;
3.28,0.92,1.68;
4.44,0.56,1.74;
4.24,0.04,1.24;
4.21,-0.01,1.22;
3.52,-0.22,1.48;
4.26,-0.75,0.95;
4.13,-0.78,1.01;
3.77,-1.27,0.83;
2.68,-1.09,0.81;
0.15,-1.55,0.57;
3.54,-2.51,-0.09;
2.15,-3.30,-0.32;
3.37,-4.75,-1.02;
3.75,-5.37,-1.72;
3.90,-6.37,-2.18;
7.77,-8.80,-2.61;
5.25,-8.83,-4.00;
6.71,-9.87,-4.52;
3.10,-10.39,-4.52;
-1.79,-10.94,-4.75;
-1.01,-12.71,-5.43;
-3.50,-13.50,-6.39;
-10.49,-14.07,-6.46;
-11.55,-16.63,-6.93;
-12.16,-19.98,-8.85;
-13.56,-24.22,-10.71;
-17.76,-29.17,-11.52;
-20.07,-34.24,-12.42;
-18.52,-43.30,-14.44;
-19.09,-52.24,-17.28;
-22.31,-59.52,-19.62;
-32.05,-69.85,-21.62;
-32.23,-81.18,-22.23;
-33.90,-88.14,-23.37;
-47.52,-93.56,-22.12;
-46.45,-101.24,-21.33;
-46.45,-103.93,-21.07;
-34.22,-109.53,-24.44;
31.06,-126.57,-30.68;
83.25,-129.03,-31.89;
102.51,-130.51,-35.43;
-2.13,-108.37,-25.40;
-119.97,-95.23,-8.12;
-99.26,-110.80,-5.48;
19.08,-134.08,-8.29;
53.06,-130.83,-23.89;
6.74,-123.30,-14.64;
-10.37,-116.98,2.25;
-5.01,-110.02,-5.25;
17.45,-104.16,-4.42;
27.40,-92.25,-2.52;
12.07,-73.73,1.85;
2.12,-54.36,9.68;
13.08,-39.12,4.23;
30.21,-19.62,-6.49;
26.79,4.15,-2.33;
26.88,30.48,-0.23;
22.64,53.61,6.34;
20.70,82.38,12.55;
21.72,111.70,19.39;
22.06,137.22,22.84;
18.67,167.31,27.93;
13.06,192.36,29.07;
2.44,209.83,21.83;
-40.75,229.69,17.48;
-86.74,247.72,30.05;
-85.76,253.14,42.66;
-88.32,249.02,55.38;
-113.47,228.74,57.87;
-125.49,210.94,39.77;
-64.16,176.47,4.06;
31.26,106.99,-39.37;
37.37,46.30,-56.07;
-43.56,21.46,-44.85;
-89.42,12.97,-30.17;
-86.40,8.56,-30.38;
-68.39,3.12,-30.61;
-44.42,-12.78,-35.31;
-38.97,-28.85,-48.36;
-17.00,-54.49,-61.95;
12.91,-73.14,-71.28;
46.99,-87.93,-79.48;
86.24,-101.78,-86.67;
72.06,-97.62,-88.68;
70.55,-96.74,-88.24;
83.43,-92.68,-82.39;
186.58,-145.90,-92.00;
121.81,-183.82,-74.12;
84.18,-217.33,-80.88;
18.18,-202.51,-78.88;
-75.26,-174.66,-35.13;
-10.43,-185.40,-44.56;
179.00,-214.65,-60.84;
33.66,-167.11,-19.84;
46.62,-153.64,-34.20;
0.91,-135.58,-30.41;
8.88,-116.91,-56.59;
-24.68,-84.30,-36.24;
-13.26,-67.72,-30.23;
-16.83,-48.11,-45.26;
33.13,-25.20,-49.42;
7.03,17.23,-24.35;
-13.50,57.03,12.77;
-9.81,86.74,27.03;
9.00,117.57,28.54;
42.67,139.89,18.71;
47.98,154.48,19.48;
21.80,170.44,30.89;
-56.23,193.28,48.80;
-103.55,206.53,59.94;
-140.22,215.41,74.17;
-117.13,204.50,100.35;
-57.64,181.18,123.83;
-54.13,165.83,126.22;
-46.81,129.15,121.77;
27.45,83.89,111.50;
56.30,56.94,93.38;
52.94,64.88,84.43;
67.93,73.95,86.92;
104.61,75.29,78.89;
109.00,76.42,70.34;
71.14,74.88,68.93;
6.45,66.74,74.46;
-19.30,58.21,79.32;
-47.71,46.51,77.38;
-9.42,19.25,56.52;
27.69,-1.99,35.04;
24.44,-14.66,21.56;
-0.20,-29.96,19.62;
-21.90,-43.62,14.93;
-21.38,-49.81,2.20;
30.15,-59.78,-17.74;
179.83,-165.43,-35.48;
192.73,-290.27,-22.01;
-160.34,-247.62,-40.38;
-179.59,-152.07,-25.55;
81.52,-208.78,-23.77;
73.45,-202.48,-12.00;
58.70,-163.96,-45.59;
-16.63,-138.53,-34.75;
56.22,-142.95,-25.07;
96.44,-140.14,-14.97;
123.69,-103.85,-41.28;
23.63,-58.40,-5.59;
-119.56,-89.78,31.94;
-60.89,-45.96,-37.43;
60.36,-61.15,-52.91;
123.51,-36.48,-59.54;
42.80,6.07,-18.49;
-3.64,39.69,22.54;
-35.78,58.57,30.12;
-7.36,72.79,21.44;
35.20,79.93,11.74;
42.51,87.32,10.05;
36.26,95.09,11.21;
22.77,101.18,14.89;
8.16,104.44,20.66;
-8.90,109.95,26.41;
-20.16,110.56,26.63;
-16.25,105.93,25.67;
-13.45,100.94,23.51;
-8.28,97.32,21.65;
-0.39,91.25,19.87;
-0.77,87.28,19.10;
-10.03,82.27,20.00;
-16.90,74.27,22.09;
-11.45,65.69,21.22;
-12.86,58.99,21.41;
-15.50,55.31,20.57;
-10.10,50.05,17.01;
6.55,44.12,12.71;
19.92,39.18,9.07;
27.86,34.24,5.16;
41.17,29.66,3.06;
43.26,29.67,3.58;
20.33,32.31,6.72;
2.97,34.60,12.12;
-18.65,38.74,16.14;
-24.17,40.36,17.96;
-19.99,41.75,16.71;
21.68,39.72,12.26;
1.10,52.50,14.72;
-20.07,57.15,18.66;
-29.41,41.17,16.46;
-20.29,44.51,15.38;
-8.74,33.60,8.92;
1.68,23.51,6.06;
8.32,11.64,2.17;
14.26,3.38,0.89;
18.76,0.57,-0.24;
29.23,-2.25,-1.36;
-5.85,7.64,1.01;
-24.02,11.86,4.09;
-26.46,13.26,5.58;
-18.48,12.51,3.51;
-4.29,10.57,1.19;
5.89,7.75,0.09;
3.14,6.83,1.16;
0.82,5.60,2.57;
3.29,3.90,2.26;
3.60,3.11,1.90;
4.41,2.22,1.39;
7.64,2.42,0.37;
12.33,2.24,-0.73;
11.75,2.68,-0.87;
9.43,2.86,-0.73;
9.03,2.48,-0.78;
9.23,1.90,-0.62;
13.42,0.62,-1.86;
13.42,-1.62,-2.18;
10.39,-2.24,-1.94;
10.39,-3.18,-1.98;
11.74,-3.59,-2.29;
12.67,-4.13,-2.10;
11.23,-3.73,-1.95;
9.84,-3.53,-1.75;
9.23,-3.26,-1.71;
4.64,-2.02,-0.68;
-4.02,0.18,0.60;
-5.18,-0.05,0.51;
-1.27,-0.49,0.46;
0.45,-0.69,0.14;
1.05,-0.92,0.00;
3.16,-0.94,-0.35;
6.67,-0.74,-0.82;
7.28,-0.25,-0.52;
4.22,1.00,0.17;
2.71,2.30,0.31;
4.06,2.60,0.09;
4.50,2.86,-0.06;
2.96,3.17,0.54;
-1.33,3.31,1.44;
-3.82,3.02,1.59;
-1.91,2.24,1.45;
0.24,0.60,0.72;
-0.45,0.42,1.06;
0.45,-0.02,0.55;
2.04,-0.24,0.49;
3.86,-0.80,0.48;
3.58,-1.27,0.67;
2.64,-0.53,0.58;
0.32,0.76,0.67;
1.02,0.73,0.35;
2.85,0.44,0.28;
3.13,0.27,0.40;
0.87,0.57,0.49;
3.39,-0.10,0.37;
7.16,-0.85,0.03;
6.03,-0.48,0.09;
7.87,-0.77,-0.47;
6.99,-0.82,-0.24;
5.29,-0.94,0.11;
3.19,-0.39,0.32;
3.40,-0.33,0.25;
3.10,-0.25,0.03;
1.72,-0.22,0.25;
1.05,-0.39,0.12;
0.68,-0.30,0.55;
2.61,-1.04,0.29;
3.49,-1.38,0.45;
1.63,-0.56,0.43;
2.65,-0.69,0.09;
2.77,-0.97,0.57;
0.79,-0.71,0.92;
-0.02,-0.62,1.00;
-1.24,-0.05,1.10;
-0.43,-0.57,0.67;
1.00,-0.80,0.35;
1.29,-1.11,0.23;
2.99,-1.72,-0.13;
1.54,-1.49,0.32;
0.26,-1.30,0.29;
0.38,-1.15,0.38;
-0.52,-0.82,0.00;
-0.13,-1.03,0.35;
1.22,-1.47,0.61;
0.70,-1.14,0.37;
-0.13,-0.80,0.52;
0.36,-0.66,0.38;
2.07,-0.69,0.31;
3.23,-1.09,0.29;
1.71,-0.34,0.16;
2.09,-0.62,0.31;
4.55,-1.26,-0.15;
3.13,-0.57,0.09;
2.65,-0.56,0.41;
0.93,0.25,0.35;
0.59,0.44,0.52;
0.59,0.21,0.28;
1.48,0.27,0.23;
1.40,0.18,0.31;
0.06,0.57,0.26;
-0.42,0.25,0.37;
0.58,-0.11,0.20;
0.84,-0.14,0.11;
1.66,-0.10,0.32;
0.13,0.19,0.41;
0.67,-0.02,0.35;
0.74,0.54,0.11;
2.18,-0.19,-0.07;
3.58,-0.69,0.02;
3.06,-0.66,0.02;
3.31,-0.82,-0.17;
3.64,-0.48,0.25;
3.64,-0.59,0.17;
2.15,-0.04,0.66;
1.02,-0.10,0.83;
2.27,-0.16,0.93;
2.35,-0.85,0.57;
2.00,-0.51,1.10;
2.59,-0.92,0.90;
2.48,-1.04,0.78;
3.39,-1.18,1.10;
2.18,-0.83,1.12;
2.22,-0.51,0.98;
2.51,-0.69,1.54;
1.17,-0.39,1.41;
1.81,-0.49,1.39;
4.33,-0.80,0.75;
4.30,-0.74,0.83;
4.47,-0.86,0.90;
2.29,-0.37,1.13;
0.62,-0.05,1.35;
0.67,-0.05,1.42;
1.84,-0.14,0.86;
2.93,-0.51,0.61;
2.55,-0.74,0.77;
2.59,-1.30,0.89;
0.55,-0.71,1.13;
2.61,-1.00,0.31;
3.35,-0.72,0.38;
2.33,-0.53,0.35;
2.12,-0.51,0.58;
2.22,-0.82,0.61;
3.32,-0.92,0.23;
3.45,-0.88,0.43;
3.13,-0.56,0.40;
3.14,-0.57,0.63;
2.45,-0.22,0.32;
3.75,-0.46,0.31;
2.90,-0.42,0.28;
2.65,-0.39,0.48;
1.02,0.01,0.87;
2.39,-0.49,0.52;
1.93,-0.16,0.63;
1.17,-0.42,0.55;
1.63,-0.08,0.55;
1.75,-0.54,0.67;
2.10,-0.59,0.63;
1.92,-0.45,0.64;
1.17,-0.10,0.92;
1.49,0.10,0.71;
0.55,0.34,0.87;
2.71,0.21,0.95;
1.80,0.22,0.95;
0.67,0.56,1.00;
1.34,0.53,0.96;
0.87,0.38,0.83;
0.96,0.51,0.81;
1.90,0.24,0.84;
2.59,-0.39,0.80;
1.98,-0.16,0.48;
1.69,-0.08,0.64;
1.29,-0.08,0.58;
2.48,-0.46,0.46;
2.61,-0.82,0.60;
2.13,-0.65,0.43;
2.50,-0.72,0.46;
2.55,-0.45,0.51;
1.72,-0.33,0.86;
2.18,-0.37,0.77;
2.26,-0.30,0.55;
2.29,-0.11,0.57;
3.35,-0.42,0.38;
2.74,-0.30,0.40;
2.12,-0.25,0.52;
2.42,-0.37,0.49;
2.15,-0.34,0.60;
2.62,-0.49,0.54;
3.26,-0.80,0.80;
2.44,-0.43,0.52;
2.07,-0.57,0.31;
1.68,-0.43,0.54;
1.45,-0.57,0.63;
1.26,-0.60,0.78;
2.74,-0.53,0.66;
1.81,-0.33,0.81;
2.22,-0.72,0.46;
3.11,-0.85,0.58;
2.53,-0.51,0.66;
2.61,-0.46,0.84;
2.41,-0.19,0.64;
2.24,-0.51,0.75;
1.60,-0.25,0.80;
1.93,-0.63,0.75;
2.94,-0.82,0.78;
2.10,-0.72,1.06;
1.98,-0.45,0.66;
2.79,-0.85,0.60;
2.29,-0.54,0.96;
1.87,-0.78,0.66;
2.12,-0.62,0.77;
2.07,-0.74,0.83;
1.93,-0.85,0.89;
2.04,-0.80,0.75;
2.77,-0.86,0.55;
3.10,-1.06,0.72;
3.02,-1.11,0.74;
2.73,-0.86,0.96;
3.06,-0.65,0.81;
2.77,-0.59,1.09;
2.09,-0.51,1.38;
2.07,-0.27,1.39;
1.72,-0.20,1.25;
1.71,-0.48,1.33;
1.78,-0.17,1.25;
1.86,-0.36,0.96;
2.62,-0.53,1.07;
2.70,-0.53,1.09;
2.56,-0.37,1.09;
2.29,-0.51,1.25;
1.68,-0.30,1.15;
1.08,-0.27,1.35;
1.80,-0.30,0.98;
2.73,-0.69,0.95;
3.14,-0.66,0.51;
1.98,-0.36,0.66;
1.35,-0.39,0.81;
1.14,-0.53,0.83;
2.55,-0.88,0.64;
3.45,-1.09,0.14;
2.59,-0.91,0.57;
2.50,-1.09,0.41;
2.74,-0.91,0.19;
2.22,-1.03,0.63;
2.38,-0.98,0.11;
1.81,-0.88,0.35;
2.53,-1.06,0.22;
3.49,-1.11,0.02;
2.87,-0.85,0.03;
1.95,-0.56,0.32;
2.27,-0.57,0.48;
2.90,-0.71,0.28;
2.07,-0.56,0.09;
2.18,-0.63,0.45;
2.01,-0.69,0.48;
2.12,-0.72,0.38;
2.93,-1.03,0.09;
3.03,-0.77,0.29;
3.00,-0.92,0.12;
2.85,-0.59,0.49;
2.53,-0.71,0.25;
1.98,-0.63,0.77;
1.17,-0.37,0.63;
1.25,-0.78,0.38;
2.07,-0.68,0.38;
2.73,-1.03,0.37;
2.00,-0.74,0.22;
0.99,-1.04,0.17;
1.83,-1.23,0.38;
1.83,-1.32,0.32;
1.71,-1.24,0.11;
2.19,-1.03,-0.04;
2.74,-1.20,0.38;
2.45,-1.73,0.49;
2.58,-2.48,0.45;
3.29,-2.63,0.34;
4.56,-2.88,-0.01;
5.00,-3.06,-0.12;
4.87,-2.91,-0.49;
5.63,-4.13,-1.02;
8.58,-4.66,-1.39;
8.22,-4.31,-1.78;
3.77,-4.88,-1.40;
5.05,-6.95,-2.76;
8.15,-8.77,-4.00;
14.70,-10.72,-5.77;
14.94,-13.70,-6.70;
11.37,-14.75,-7.00;
9.39,-16.01,-7.46;
9.69,-19.29,-8.32;
-0.32,-20.13,-7.91;
-2.65,-22.16,-8.13;
-11.97,-23.99,-7.83;
-18.29,-27.81,-7.66;
-23.87,-31.76,-9.14;
-34.87,-36.62,-10.07;
-44.75,-43.18,-11.33;
-48.46,-50.77,-13.68;
-48.40,-59.43,-18.18;
-55.79,-66.71,-21.46;
-65.10,-76.80,-21.68;
-64.37,-86.83,-23.51;
-63.78,-95.55,-25.62;
-48.10,-105.66,-28.39;
-20.19,-118.45,-32.26;
36.26,-135.30,-36.03;
49.08,-132.86,-37.19;
18.24,-128.24,-36.53;
-80.74,-113.64,-29.14;
-64.72,-132.89,-19.43;
-9.73,-140.49,-15.05;
39.52,-144.30,-20.41;
-1.06,-134.97,-19.28;
-10.92,-133.81,-11.55;
-9.32,-132.94,-13.86;
16.79,-127.09,-13.97;
21.84,-116.51,-14.50;
-35.94,-93.93,2.12;
-21.90,-90.63,11.21;
1.72,-71.70,9.33;
32.70,-52.02,-7.05;
27.26,-33.17,-5.59;
27.40,-8.24,-2.73;
32.68,16.74,2.90;
43.45,33.03,10.25;
42.29,63.22,15.61;
27.26,91.92,27.68;
24.16,120.71,40.86;
12.09,145.29,51.09;
-1.18,171.92,62.29;
-25.04,194.96,66.83;
-38.63,210.42,62.05;
-125.73,245.35,58.28;
-133.71,262.67,47.51;
-113.42,272.30,39.59;
-49.10,255.87,19.06;
-59.32,224.07,22.09;
-27.91,177.11,13.54;
44.88,125.00,-37.40;
29.22,87.98,-85.23;
-11.29,60.73,-71.16;
-24.74,46.51,-50.99;
-39.64,34.10,-34.07;
-61.00,25.38,-29.62;
-57.41,8.02,-33.20;
-53.53,-8.91,-45.07;
-56.66,-21.15,-57.37;
-21.26,-36.24,-68.29;
20.80,-44.53,-73.39;
66.71,-54.39,-78.30;
106.27,-70.24,-86.04;
108.45,-77.62,-89.43;
100.79,-84.48,-95.19;
113.57,-96.53,-105.94;
212.55,-166.02,-122.07;
117.26,-206.49,-93.43;
64.47,-211.79,-81.14;
59.52,-210.94,-71.07;
-26.28,-195.44,-54.03;
37.17,-206.83,-31.51;
71.32,-198.10,-50.56;
34.00,-181.49,-61.74;
-23.82,-160.13,-31.11;
-69.00,-139.79,-39.45;
-7.93,-124.86,-62.27;
-24.77,-102.19,-47.65;
-63.09,-72.75,-25.69;
-42.11,-55.98,-26.23;
-22.77,-30.34,-23.97;
-15.56,-2.05,-6.99;
0.29,25.76,3.82;
28.88,55.03,13.79;
60.55,81.00,18.00;
59.46,113.02,22.78;
69.72,144.30,35.67;
65.43,179.44,51.68;
36.39,205.54,68.75;
2.79,217.87,71.21;
-64.78,229.63,74.23;
-106.40,237.25,78.58;
-93.94,234.47,79.51;
-91.87,214.50,116.08;
-52.20,201.67,130.32;
-15.00,169.92,127.33;
-23.82,136.59,109.27;
-21.74,87.87,90.71;
-18.16,43.92,79.19;
-19.73,30.10,77.61;
24.99,19.09,75.88;
75.90,19.66,71.76;
114.24,16.85,61.85;
121.86,12.30,53.53;
65.02,16.79,53.53;
0.26,20.36,55.74;
-47.85,16.57,61.32;
-28.81,-2.01,58.22;
1.20,-20.57,50.49;
7.35,-25.23,48.23;
20.94,-36.74,43.30;
2.09,-47.41,38.81;
-32.05,-53.84,29.77;
-44.19,-123.82,27.82;
-150.74,-192.71,39.39;
-275.58,-129.59,-12.84;
-72.66,-150.30,12.26;
-115.96,-184.91,7.38;
-54.29,-160.86,-29.88;
76.42,-181.69,-35.86;
110.90,-183.90,-48.41;
-4.34,-153.18,-13.20;
20.67,-129.76,-5.40;
66.58,-105.12,-19.34;
-12.78,-73.70,-4.93;
-92.72,-101.24,-10.90;
-34.26,-66.95,-62.04;
152.50,-70.92,-73.49;
80.41,-31.90,-47.25;
-59.91,0.18,12.95;
-60.19,9.37,40.54;
-24.32,20.59,14.38;
30.67,21.32,1.24;
46.00,33.78,-1.74;
28.33,46.89,10.38;
29.81,55.23,14.37;
38.21,64.22,16.09;
37.13,73.60,15.19;
29.89,81.08,14.16;
28.56,86.09,7.56;
47.06,87.46,0.58;
55.49,90.86,-3.59;
48.90,92.67,-2.99;
40.59,93.14,-1.14;
28.73,94.02,2.17;
24.42,91.18,4.22;
36.68,86.56,5.38;
42.61,84.70,6.48;
33.22,84.15,10.25;
6.88,84.91,16.63;
6.15,78.71,18.89;
12.27,72.30,17.59;
12.74,67.60,17.51;
11.63,62.42,17.42;
18.50,55.00,17.09;
21.69,51.14,16.35;
16.29,48.86,15.96;
8.15,46.44,16.98;
2.50,44.01,16.86;
13.75,36.63,14.06;
23.19,34.45,12.03;
-12.31,40.24,17.79;
-28.86,41.60,18.64;
-10.00,35.23,16.61;
4.48,30.22,11.91;
4.71,26.44,10.05;
0.85,21.00,9.27;
6.67,10.62,7.79;
25.89,1.25,3.19;
24.16,-0.31,1.03;
10.91,-0.14,2.08;
-1.61,0.82,3.87;
-5.42,0.89,3.96;
-3.26,-0.20,2.92;
-2.37,-1.53,1.76;
3.00,-4.17,0.90;
7.64,-5.47,1.56;
1.00,-2.37,2.19;
0.44,-1.50,2.48;
4.47,-0.78,2.46;
0.73,1.86,3.07;
-0.77,3.57,2.49;
0.27,3.90,2.64;
4.65,2.68,1.30;
9.71,1.37,0.02;
9.06,2.57,-0.04;
7.11,2.41,1.24;
5.61,2.99,0.52;
6.94,3.23,0.81;
0.51,4.86,1.56;
-7.79,6.07,2.46;
-7.32,5.35,1.97;
-1.29,3.31,0.26;
4.96,0.79,-0.59;
5.48,0.36,-1.37;
3.02,-0.11,-0.82;
1.16,-0.16,-0.84;
6.10,-1.41,-1.55;
4.91,-0.88,-1.07;
4.62,-1.14,-1.19;
4.24,-0.85,-1.46;
6.29,-1.50,-1.62;
8.73,-2.10,-1.88;
2.90,-0.43,-1.19;
0.77,-0.31,-0.68;
1.46,-0.24,-0.94;
3.77,-0.69,-1.42;
5.17,-1.59,-1.48;
2.56,-1.26,-0.85;
0.90,-0.78,-0.96;
1.08,-0.89,-0.61;
0.82,-0.69,-0.67;
2.33,-1.24,-0.84;
0.48,-0.60,-0.71;
1.52,-0.95,-0.65;
-0.98,-0.80,-0.17;
-1.35,-0.66,0.08;
1.51,-0.74,-0.52;
2.35,-0.10,-0.39;
1.14,0.56,-0.12;
1.66,1.22,-0.13;
0.56,1.69,0.02;
0.19,1.69,0.06;
0.51,1.20,0.09;
1.72,0.88,-0.04;
2.45,0.71,-0.47;
2.87,0.68,-0.27;
1.83,0.96,-0.30;
1.64,1.18,-0.29;
0.19,1.28,0.02;
1.48,0.56,-0.03;
1.00,0.39,-0.12;
1.66,-0.05,-0.41;
2.97,-0.69,-0.36;
1.64,-0.36,-0.50;
0.71,-0.19,-0.07;
0.42,-0.11,0.06;
-0.08,0.10,0.14;
-0.05,0.47,-0.15;
1.39,-0.11,-0.07;
4.27,-0.65,-0.26;
2.22,0.34,0.08;
-1.36,1.20,0.90;
-1.41,1.46,0.41;
0.73,0.92,0.32;
1.95,0.31,0.11;
3.68,-0.02,0.08;
2.76,0.16,0.40;
2.55,0.57,0.51;
2.33,0.85,0.57;
0.18,1.09,1.06;
0.30,0.76,1.01;
2.29,0.24,1.00;
3.77,-0.82,0.74;
4.39,-0.53,0.46;
4.58,-0.66,0.55;
2.10,-0.16,0.92;
1.34,-0.31,1.06;
2.53,-0.30,0.93;
2.97,-0.31,0.95;
3.60,-0.10,0.66;
2.74,-0.11,1.09;
3.68,-0.24,1.12;
1.92,-0.30,1.29;
1.10,-0.17,1.74;
2.07,-0.62,1.50;
3.97,-0.69,0.93;
4.73,-0.97,0.81;
3.46,-0.39,1.10;
2.73,-0.60,0.78;
1.48,-0.34,1.07;
0.21,-0.66,1.12;
2.88,-1.59,0.81;
2.55,-1.18,0.84;
1.92,-1.14,0.87;
1.51,-0.98,0.96;
1.55,-0.86,1.04;
1.03,-0.42,1.36;
2.32,-0.11,0.96;
3.95,-0.13,0.67;
3.43,-0.13,0.95;
2.62,-0.25,1.00;
1.14,-0.16,1.29;
0.85,-0.14,0.90;
1.02,-0.19,1.06;
3.90,-0.92,0.66;
4.36,-0.72,0.52;
2.93,0.02,0.63;
1.80,0.10,1.01;
1.10,-0.13,1.24;
1.40,-0.08,0.93;
3.16,-0.36,0.87;
4.99,-0.98,0.63;
3.22,-0.54,0.69;
1.64,-0.40,1.25;
1.31,-0.37,1.30;
3.03,-0.42,0.86;
3.40,-0.43,0.57;
2.65,-0.53,0.87;
1.37,-0.69,1.03;
1.58,-0.53,0.90;
2.39,-0.56,0.89;
2.15,-0.43,0.81;
2.00,-0.43,0.93;
3.22,-0.60,0.61;
2.79,-0.88,0.69;
3.64,-0.85,0.17;
3.55,-0.85,0.41;
1.90,-0.49,0.67;
1.97,-0.28,0.71;
2.65,-0.20,0.69;
3.06,-0.24,0.28;
2.73,-0.10,0.46;
2.32,-0.11,0.35;
3.14,-0.49,0.46;
2.97,0.04,0.37;
1.69,0.13,0.63;
2.06,0.16,0.60;
2.32,0.19,0.51;
3.42,0.19,0.26;
3.14,-0.02,0.51;
1.57,0.22,0.57;
0.76,0.01,0.86;
2.71,-0.43,0.57;
2.96,-0.53,0.54;
3.29,-0.42,0.35;
2.90,-0.27,0.32;
0.42,0.28,0.72;
-1.42,0.80,1.44;
-0.48,0.62,1.27;
0.84,0.44,1.00;
2.73,-0.22,0.54;
4.80,-0.74,0.29;
2.79,-0.14,0.58;
1.17,-0.16,0.69;
1.10,0.07,1.03;
1.06,0.30,0.83;
2.82,-0.34,0.61;
3.93,-0.30,0.67;
2.67,0.09,0.38;
2.30,0.05,0.67;
2.21,0.16,0.83;
1.40,0.28,0.92;
2.27,0.04,0.51;
3.31,-0.08,0.55;
2.80,-0.27,0.43;
2.24,0.02,0.71;
1.20,0.21,0.84;
0.79,0.50,0.83;
2.29,0.13,0.83;
2.76,0.22,0.31;
2.29,0.27,0.57;
2.68,-0.08,0.74;
0.38,0.54,0.95;
0.12,0.27,0.77;
1.29,0.27,0.84;
2.64,-0.39,0.26;
3.78,-0.62,0.28;
3.42,-0.63,0.54;
1.45,-0.45,0.55;
2.39,-0.34,0.51;
2.88,-0.36,0.37;
2.41,-0.30,0.28;
2.84,-0.27,0.60;
3.11,-0.75,0.37;
3.35,-0.39,0.34;
2.80,-0.46,0.60;
2.12,-0.28,0.63;
2.51,-0.22,0.69;
1.86,0.01,0.55;
2.47,-0.37,0.66;
4.12,-0.74,0.45;
2.74,-0.34,0.37;
2.68,-0.60,0.46;
1.86,-0.25,0.48;
2.47,-0.62,0.40;
2.77,-0.65,0.32;
2.82,-0.59,0.40;
2.73,-0.62,0.51;
2.80,-0.40,0.49;
2.79,-0.19,0.55;
2.06,-0.27,0.78;
2.16,-0.05,0.35;
3.39,-0.36,0.32;
3.51,-0.17,0.29;
2.76,-0.16,0.52;
1.72,-0.13,1.03;
1.83,0.04,0.77;
2.15,0.05,0.74;
2.24,0.04,0.67;
3.19,-0.17,0.63;
3.42,-0.37,0.51;
1.83,-0.19,0.75;
2.04,-0.39,0.64;
2.70,-0.57,0.38;
3.02,-0.85,0.43;
3.16,-0.80,0.51;
2.97,-0.92,0.31;
3.14,-0.95,0.66;
3.78,-0.85,0.61;
1.64,-0.45,0.67;
1.22,-0.04,1.25;
1.40,0.05,1.06;
2.09,-0.28,1.06;
3.74,-0.69,0.61;
4.47,-0.95,0.64;
3.49,-0.56,0.77;
1.54,0.12,1.18;
1.35,-0.08,1.21;
2.53,-0.08,0.87;
4.06,-0.63,0.90;
2.97,-0.43,0.81;
1.35,-0.45,1.25;
0.87,-0.46,1.25;
2.24,-0.72,0.83;
3.66,-1.09,0.34;
4.32,-1.40,0.57;
3.55,-1.23,0.38;
2.15,-0.54,1.07;
1.89,-0.39,0.92;
2.07,-0.34,0.67;
3.02,-0.63,0.35;
3.00,-0.74,0.54;
2.79,-0.98,0.38;
2.41,-1.32,0.23;
3.57,-2.22,-0.04;
3.98,-2.33,-0.20;
4.70,-2.77,-0.47;
5.42,-3.58,-0.79;
2.99,-3.47,-0.96;
2.39,-4.63,-1.57;
1.31,-6.57,-2.00;
-0.40,-8.72,-2.61;
-0.23,-11.81,-3.72;
-0.60,-14.28,-4.71;
3.40,-19.18,-6.93;
1.13,-23.01,-7.20;
6.58,-30.10,-9.66;
4.41,-33.58,-11.51;
2.65,-37.17,-13.46;
-10.23,-40.82,-13.17;
-22.11,-45.96,-14.55;
-25.65,-54.08,-17.20;
-24.28,-63.06,-20.81;
-26.77,-75.35,-25.92;
-30.58,-89.73,-28.09;
-30.75,-101.73,-26.85;
-49.79,-107.01,-19.89;
-55.35,-111.84,-20.03;
-59.33,-111.46,-24.04;
-16.03,-124.10,-33.77;
49.77,-136.86,-33.86;
86.84,-141.58,-31.59;
49.49,-134.05,-22.73;
-85.79,-107.96,-3.69;
-142.75,-108.82,2.81;
-78.40,-129.67,9.50;
48.42,-140.42,-5.17;
46.58,-131.62,-22.20;
-12.46,-122.08,-5.81;
-0.65,-122.86,3.70;
13.95,-112.37,-2.36;
-25.91,-91.66,8.08;
-34.65,-79.11,17.74;
-17.10,-60.27,16.05;
13.31,-41.01,1.33;
19.22,-22.57,-5.10;
16.33,5.14,-2.32;
2.85,32.79,8.38;
7.97,59.34,14.72;
25.17,82.86,16.32;
34.59,109.78,18.52;
36.55,135.78,22.69;
20.35,159.72,28.26;
-4.75,181.81,28.80;
-11.30,190.89,16.41;
-66.34,213.67,12.95;
-63.52,225.95,6.63;
-41.85,233.58,4.48;
-39.41,226.41,13.27;
-55.13,201.37,22.19;
-97.65,196.31,17.85;
-42.51,174.74,-11.74;
59.46,119.32,-46.06;
75.05,77.09,-63.80;
16.80,52.16,-59.94;
-29.42,45.11,-46.87;
-43.36,38.10,-41.19;
-30.52,31.28,-43.14;
-23.10,19.51,-41.83;
-8.36,3.11,-47.94;
7.75,-14.66,-60.30;
22.48,-31.66,-69.68;
46.07,-53.47,-76.52;
62.12,-67.93,-81.97;
82.33,-82.33,-87.74;
86.87,-87.67,-91.46;
108.62,-99.18,-95.65;
159.87,-128.80,-109.92;
265.17,-198.78,-128.27;
135.03,-244.65,-120.88;
45.02,-218.22,-99.23;
23.54,-185.35,-88.01;
159.37,-218.17,-94.91;
82.07,-234.83,-69.51;
-131.49,-157.35,-29.69;
40.76,-184.31,-81.25;
31.17,-152.49,-58.10;
-30.29,-134.56,-33.36;
-51.74,-110.91,-19.05;
-51.90,-90.48,-10.17;
-20.97,-74.69,-7.16;
-19.10,-54.60,-6.68;
-12.36,-27.37,-6.06;
15.51,5.47,-14.64;
33.45,40.01,-7.62;
46.68,77.58,5.83;
44.15,116.56,22.86;
43.60,150.25,39.90;
37.63,179.57,51.09;
36.00,195.98,51.29;
9.00,211.26,51.67;
-29.62,221.05,56.23;
-75.13,231.96,70.17;
-85.30,232.85,83.06;
-76.89,211.28,102.87;
-113.32,193.72,120.80;
-105.50,185.41,119.29;
-31.38,158.41,114.11;
28.71,106.56,103.87;
2.24,81.25,90.20;
-33.01,74.36,90.54;
-16.25,66.91,95.19;
40.12,56.01,90.60;
84.18,48.76,75.48;
84.27,41.44,67.33;
35.35,37.78,66.26;
-13.52,34.04,67.74;
-50.32,30.97,68.41;
-56.36,16.25,60.32;
-29.21,-7.32,42.89;
-20.89,-25.46,30.14;
-5.96,-43.61,22.32;
47.40,-65.61,8.58;
63.05,-73.96,-2.04;
23.17,-64.95,-5.69;
140.96,-173.56,-23.88;
8.09,-296.40,0.14;
-203.20,-229.18,-42.79;
-40.26,-137.27,-41.40;
87.40,-217.11,-11.68;
-3.32,-193.50,-25.86;
165.81,-213.23,-50.76;
68.03,-188.17,-23.02;
-112.86,-147.64,31.22;
-71.32,-124.53,17.91;
-67.06,-87.55,13.93;
-57.71,-63.49,28.20;
-62.78,-56.31,33.96;
-29.07,-57.20,23.79;
-32.90,-42.94,-3.33;
1.48,-36.91,-15.75;
44.68,-21.61,-18.01;
22.26,2.63,-11.97;
-5.12,24.30,11.19;
-16.48,44.70,23.61;
-27.10,67.81,31.07;
-27.52,88.83,34.71;
4.93,95.28,30.09;
36.29,101.61,17.18;
40.97,106.44,9.80;
32.03,111.92,11.03;
16.76,118.42,13.41;
6.67,120.45,13.09;
-2.08,121.99,11.45;
1.60,116.79,7.53;
5.58,113.28,6.58;
27.55,103.44,4.54;
32.04,99.47,6.22;
40.33,93.41,3.35;
46.91,87.99,0.54;
36.93,86.30,1.25;
27.51,81.40,3.88;
20.10,75.09,6.08;
34.65,66.54,5.65;
59.17,56.16,4.69;
65.29,48.80,3.94;
39.45,47.15,6.71;
6.91,44.65,12.38;
-8.75,40.53,15.03;
4.64,30.63,11.15;
31.90,22.62,5.24;
22.06,22.74,5.44;
11.40,20.10,9.15;
4.70,19.60,10.40;
-2.48,19.02,11.61;
-6.54,17.99,11.80;
-7.09,17.02,11.56;
0.38,12.82,9.73;
30.12,5.20,6.25;
22.09,7.64,4.03;
6.03,8.27,7.90;
1.72,8.74,10.29;
-2.63,11.83,9.44;
0.71,11.46,7.90;
7.00,10.25,6.72;
8.06,11.96,5.25;
14.32,8.60,4.51;
12.55,8.91,5.21;
-0.13,9.54,5.70;
-5.61,7.61,6.11;
-4.32,5.67,5.94;
4.00,2.18,3.47;
8.76,-0.53,1.50;
6.90,-1.24,0.72;
7.78,-2.16,-0.01;
15.31,-4.28,-0.59;
7.71,-2.30,0.46;
2.71,-0.66,0.54;
-6.52,1.93,1.93;
-6.89,2.47,1.79;
-0.58,1.25,0.75;
5.26,0.86,-0.53;
6.85,0.33,-1.13;
5.13,0.21,-0.38;
4.16,0.88,-0.17;
0.53,1.93,0.05;
0.68,2.12,-0.04;
0.96,2.63,-0.56;
2.38,2.57,-0.84;
4.12,2.21,-1.08;
4.10,1.93,-0.88;
-1.88,3.40,-0.46;
-2.22,3.00,0.06;
0.09,2.67,-0.07;
-0.65,3.02,0.11;
1.05,2.09,0.00;
1.69,2.36,-0.21;
2.70,1.95,-0.04;
3.20,1.64,-0.26;
0.58,2.02,0.29;
1.97,0.97,0.55;
2.18,1.14,0.40;
1.87,1.14,0.40;
-0.16,0.77,0.90;
0.12,0.70,0.74;
2.26,0.16,0.81;
-0.19,0.83,0.84;
1.63,0.54,0.35;
2.91,0.01,0.34;
0.51,0.07,0.57;
0.22,-0.14,0.38;
4.12,-1.14,0.45;
1.31,-0.63,0.72;
-2.46,0.16,1.36;
-0.98,-0.16,0.83;
3.68,-1.56,-0.50;
4.77,-1.91,-1.07;
4.35,-2.28,-0.18;
2.62,-2.34,-0.32;
3.63,-2.05,-0.62;
4.74,-2.28,-0.41;
2.59,-1.52,-0.36;
3.45,-1.44,-0.82;
6.15,-2.01,-1.13;
3.13,-1.58,-0.59;
2.04,-1.23,-0.32;
1.42,-1.04,-0.15;
-1.01,-0.43,0.22;
-0.26,-0.43,0.22;
2.93,-0.95,-0.15;
3.02,-1.00,0.00;
0.67,-0.14,0.16;
1.68,-0.63,0.31;
1.00,-0.16,0.54;
-0.23,0.15,0.75;
1.39,-0.57,0.38;
2.91,-0.74,0.02;
2.06,-0.43,0.32;
1.80,-0.42,0.38;
4.32,-1.00,-0.01;
3.58,-0.78,0.09;
1.87,-0.34,0.51;
1.57,-0.56,0.86;
1.03,-0.36,0.60;
1.52,-0.27,0.49;
2.76,-0.46,0.31;
2.50,-0.25,0.67;
2.24,-0.07,0.60;
0.64,0.42,0.83;
1.84,-0.22,0.96;
1.22,0.10,0.80;
1.68,-0.24,0.77;
2.61,-0.66,0.64;
3.43,-0.65,0.48;
3.55,-0.51,0.37;
2.48,-0.57,0.63;
1.83,-0.53,0.95;
-0.13,0.28,1.09;
2.42,-0.28,0.66;
3.58,-0.54,0.46;
3.32,-0.54,0.28;
3.05,-0.51,0.51;
0.70,-0.07,0.92;
1.00,-0.20,0.66;
1.23,-0.02,0.80;
4.00,-0.97,0.26;
4.29,-0.91,0.16;
3.80,-0.62,0.11;
1.40,0.04,0.54;
0.80,0.16,0.45;
1.34,-0.30,0.41;
2.35,-0.43,0.20;
1.43,-0.19,0.38;
0.80,-0.22,0.34;
1.22,-0.36,0.05;
1.32,-0.46,0.12;
2.38,-0.68,0.20;
2.21,-0.40,-0.03;
0.22,-0.01,0.14;
0.79,-0.19,0.29;
2.50,-0.27,-0.44;
4.04,-0.42,-0.65;
3.13,-0.27,-0.29;
2.07,0.25,-0.18;
1.74,0.30,-0.32;
2.29,0.19,-0.29;
3.20,0.02,-0.39;
3.95,-0.08,-0.36;
4.07,-0.07,-0.61;
2.29,0.54,-0.21;
1.25,0.56,-0.13;
1.02,0.34,0.11;
2.24,-0.11,-0.35;
3.37,-0.43,-0.18;
2.30,-0.34,-0.38;
0.91,-0.30,-0.04;
-1.90,0.07,0.84;
-0.43,-0.05,0.54;
1.68,-0.13,0.23;
2.90,-0.05,0.17;
1.61,0.39,0.83;
0.65,0.74,0.64;
-0.29,1.29,1.32;
-0.22,1.40,1.04;
0.58,1.28,1.07;
1.93,0.82,0.78;
2.35,0.85,0.72;
2.24,0.59,0.64;
1.97,0.48,0.57;
2.64,-0.08,0.60;
3.83,-0.72,0.63;
3.77,-0.77,0.77;
1.39,-0.27,1.16;
3.86,-1.08,0.71;
4.90,-0.95,0.43;
3.89,-0.98,0.57;
2.85,-0.66,0.78;
2.04,-0.71,1.01;
1.54,-0.72,1.32;
1.90,-1.04,1.15;
4.47,-1.17,0.43;
3.57,-0.80,0.87;
3.78,-0.60,0.51;
3.42,-0.39,1.03;
1.55,0.25,1.44;
1.74,0.12,1.42;
1.92,0.50,1.44;
0.74,0.67,1.48;
1.25,0.47,1.39;
1.32,0.18,1.36;
1.60,0.07,1.19;
2.09,-0.40,1.45;
1.75,-0.60,1.27;
2.50,-0.53,1.35;
3.81,-0.48,1.13;
2.96,-0.42,1.25;
2.13,-0.10,1.51;
1.46,0.02,1.94;
0.79,0.33,1.76;
2.47,0.02,1.51;
3.35,-0.45,1.45;
3.78,-0.59,1.53;
3.08,-0.40,1.67;
1.10,-0.07,1.91;
1.10,-0.05,2.03;
1.20,-0.24,2.11;
3.95,-0.71,1.56;
3.83,-0.71,1.68;
1.52,-0.57,2.12;
1.39,-0.60,2.06;
2.41,-0.78,1.88;
3.92,-0.77,1.33;
4.84,-0.95,1.50;
3.86,-0.78,1.56;
3.64,-0.86,1.48;
2.53,-0.46,1.32;
2.76,-0.48,1.25;
3.80,-0.59,0.84;
4.30,-0.71,0.51;
3.17,-0.71,0.96;
1.57,-0.49,1.07;
2.59,-0.88,0.92;
3.77,-0.78,0.29;
4.09,-0.78,0.34;
3.17,-0.57,0.46;
2.13,-0.37,0.72;
0.96,-0.16,0.87;
1.74,-0.28,0.80;
2.76,-0.16,0.55;
3.42,-0.33,0.43;
2.39,-0.24,0.72;
1.77,-0.01,0.69;
1.72,-0.08,0.87;
1.58,0.04,0.51;
2.13,-0.05,0.78;
3.10,-0.28,0.64;
2.71,-0.04,0.80;
1.60,-0.04,1.12;
1.42,0.15,0.78;
1.05,0.41,1.06;
1.42,0.24,0.64;
1.83,-0.05,0.61;
1.75,0.01,0.55;
2.45,-0.25,0.58;
2.73,-0.51,0.45;
3.71,-0.59,0.25;
4.29,-0.88,0.46;
5.06,-0.92,0.05;
4.48,-0.60,0.22;
3.57,-0.20,0.41;
3.32,-0.08,0.37;
1.89,0.05,0.66;
1.86,-0.19,0.74;
2.22,-0.31,0.64;
2.68,-0.33,0.49;
2.58,-0.45,0.54;
2.55,-0.34,0.51;
2.82,-0.60,0.67;
2.50,-0.08,0.67;
1.80,-0.34,0.49;
2.70,-0.59,0.38;
3.48,-0.34,0.40;
2.65,-0.33,0.55;
1.35,0.04,0.69;
1.40,0.28,1.10;
1.49,0.19,0.77;
0.67,0.45,0.89;
2.41,-0.16,0.89;
3.23,-0.24,0.81;
3.16,-0.33,0.60;
2.80,-0.31,0.80;
2.33,-0.37,0.95;
2.26,-0.34,0.92;
2.76,-0.51,0.83;
3.17,-0.83,0.57;
3.98,-0.98,0.71;
3.16,-0.85,0.71;
2.94,-0.68,1.09;
2.77,-0.54,0.77;
2.19,-0.46,0.69;
2.35,-0.57,1.06;
4.21,-1.21,0.71;
4.48,-1.38,0.48;
3.72,-1.00,0.81;
1.17,-0.37,1.44;
0.82,-0.36,1.15;
1.93,-0.28,0.78;
3.68,-0.62,0.64;
4.00,-0.78,0.74;
3.48,-0.95,0.51;
1.71,-0.83,0.95;
1.90,-0.82,0.83;
1.98,-0.60,0.55;
2.94,-0.91,0.22;
4.47,-1.21,-0.04;
4.06,-1.03,-0.04;
2.82,-0.65,0.02;
0.94,-0.27,0.60;
0.44,-0.16,0.43;
1.31,-0.27,0.60;
3.05,-0.39,0.03;
2.96,-0.37,0.26;
1.11,-0.07,0.58;
1.60,0.12,0.71;
1.64,0.01,0.51;
1.00,0.47,0.71;
0.65,0.39,0.75;
0.77,0.15,0.66;
1.72,-0.22,0.57;
2.53,-0.49,0.69;
2.15,-0.49,0.80;
2.10,-0.37,0.61;
1.43,-0.19,0.66;
1.08,-0.17,0.72;
2.09,-0.45,0.89;
2.76,-0.56,0.61;
2.26,-0.31,0.78;
1.52,0.02,0.93;
1.45,-0.17,1.13;
1.83,-0.22,1.10;
2.35,-0.36,1.10;
2.77,-0.42,1.04;
2.79,-0.51,0.89;
2.87,-0.65,0.93;
2.91,-0.82,0.98;
2.76,-0.97,0.95;
3.05,-1.09,0.93;
4.07,-1.35,0.72;
3.54,-1.21,0.80;
2.70,-1.30,0.96;
2.47,-1.37,1.07;
3.19,-1.53,1.09;
3.29,-1.33,1.12;
2.79,-1.09,0.81;
2.65,-1.03,0.71;
2.22,-1.00,1.21;
1.31,-0.77,1.33;
1.74,-0.83,1.36;
1.63,-0.46,1.16;
2.18,-0.46,1.15;
1.80,-0.08,1.36;
1.61,-0.33,1.62;
1.48,-0.36,1.85;
1.22,-0.02,1.62;
1.11,-0.19,1.70;
1.58,-0.33,1.35;
3.11,-0.75,0.98;
2.61,-0.95,1.33;
2.15,-0.97,1.19;
2.38,-1.04,1.18;
3.54,-1.30,1.13;
3.29,-1.35,1.29;
2.55,-0.95,1.22;
2.44,-1.00,1.36;
2.73,-0.77,1.16;
3.29,-1.11,1.25;
5.23,-1.44,1.32;
4.18,-1.12,1.22;
4.10,-0.77,1.22;
3.72,-0.59,1.27;
4.04,-0.56,1.58;
4.35,-0.30,1.21;
4.64,-0.40,0.78;
4.77,-0.56,0.84;
3.90,-0.89,0.66;
4.70,-1.73,0.03;
3.46,-1.73,-0.41;
2.82,-2.51,-0.55;
0.16,-2.37,-0.30;
-0.84,-2.66,-0.85;
-1.32,-3.56,-1.66;
0.35,-4.86,-2.61;
1.66,-6.77,-3.77;
0.36,-8.36,-4.73;
-0.51,-9.90,-5.08;
2.21,-12.94,-6.26;
0.38,-14.53,-6.65;
-1.39,-16.77,-8.38;
-1.52,-19.32,-9.94;
-5.12,-22.24,-10.99;
-7.36,-26.98,-12.07;
-10.34,-32.36,-13.66;
-11.90,-38.46,-16.15;
-16.45,-45.78,-19.54;
-22.63,-55.90,-22.61;
-24.77,-68.78,-25.48;
-34.16,-76.75,-26.03;
-47.58,-83.38,-26.30;
-56.31,-93.64,-25.65;
-46.84,-103.11,-26.42;
-36.98,-110.97,-30.33;
-8.40,-121.70,-32.97;
35.48,-130.17,-31.42;
61.80,-136.33,-29.81;
17.28,-126.42,-25.42;
-63.18,-118.82,-15.40;
-67.21,-126.71,-5.34;
-0.57,-143.99,-3.65;
8.22,-138.05,-10.97;
-7.07,-137.32,-8.17;
-6.46,-134.42,1.30;
11.48,-128.71,-5.07;
23.42,-118.86,-10.76;
16.91,-104.82,-3.97;
-0.10,-83.91,3.87;
-3.44,-64.05,2.26;
5.57,-47.24,1.70;
23.34,-24.85,-5.46;
33.49,-1.87,-6.30;
26.19,19.95,-0.81;
20.39,47.96,9.96;
14.67,73.95,24.46;
14.67,102.86,34.25;
9.19,134.73,41.99;
15.89,162.01,45.54;
-0.71,186.91,44.67;
-31.90,213.51,40.51;
-110.66,251.14,39.47;
-118.49,274.56,34.02;
-107.33,278.70,36.12;
-98.26,268.38,35.85;
-84.94,245.55,33.51;
-38.54,211.00,13.77;
22.65,140.79,-26.87;
22.27,85.28,-55.55;
-5.61,50.71,-55.08;
-26.20,29.57,-39.86;
-0.98,20.47,-35.94;
2.97,16.39,-35.46;
-22.78,14.51,-28.06;
-71.41,13.40,-22.56;
-94.90,6.82,-26.94;
-84.00,-2.94,-33.42;
-47.29,-16.36,-40.64;
0.76,-29.75,-43.49;
41.90,-45.75,-48.38;
67.80,-57.82,-60.32;
103.32,-76.83,-76.24;
121.55,-93.33,-91.37;
130.56,-103.32,-100.12;
214.09,-165.29,-116.39;
141.05,-230.48,-101.83;
45.80,-230.59,-89.05;
95.28,-243.76,-90.27;
-8.28,-194.28,-59.10;
-4.31,-225.96,-31.95;
105.25,-240.78,-49.63;
72.51,-204.57,-65.69;
12.29,-176.66,-40.30;
-33.03,-146.51,-25.60;
-39.42,-116.30,-42.61;
-13.74,-91.27,-47.49;
-52.13,-67.17,-25.48;
-67.33,-70.62,-31.65;
5.58,-43.70,-49.10;
49.35,-0.68,-36.09;
-22.13,36.28,8.78;
-31.85,65.61,58.06;
24.82,95.86,41.62;
65.23,122.09,33.47;
74.24,154.02,42.12;
58.09,177.40,58.49;
12.65,190.80,63.18;
-48.80,196.65,66.66;
-111.03,208.67,65.18;
-108.92,206.57,61.77;
-105.44,198.77,78.23;
-95.16,194.07,97.16;
9.61,156.73,97.18;
43.45,130.45,90.78;
110.01,82.71,79.21;
112.13,58.74,68.80;
41.23,48.54,67.82;
-24.07,50.67,74.38;
7.84,42.45,73.13;
31.45,39.12,74.22;
62.33,30.88,64.48;
48.21,17.87,57.64;
-16.02,12.07,58.80;
-52.61,4.48,54.51;
-57.26,-6.92,48.35;
-19.91,-25.17,36.43;
16.85,-36.48,25.48;
37.68,-38.49,16.45;
46.87,-37.91,9.35;
62.38,-38.65,1.33;
135.02,-145.85,11.00;
11.66,-202.17,28.31;
-147.67,-192.46,-10.26;
-179.45,-131.76,-21.19;
-50.36,-180.71,4.67;
-111.87,-161.55,3.58;
-4.66,-156.04,-28.24;
-4.22,-157.58,-41.26;
-57.06,-153.69,-16.13;
-38.08,-145.30,-22.00;
17.66,-117.12,-17.13;
-58.90,-79.62,15.99;
-156.95,-69.82,45.19;
-138.81,-86.46,22.69;
-4.83,-86.97,-34.81;
164.33,-62.45,-54.10;
129.54,-25.81,-67.45;
-13.99,-1.23,-17.42;
-34.55,7.52,25.82;
23.68,17.63,0.81;
78.15,30.48,-18.75;
64.51,45.87,-16.29;
31.63,59.63,1.35;
39.28,67.23,5.65;
65.03,74.10,3.48;
64.03,82.42,5.10;
52.13,88.62,11.00;
36.94,94.05,17.79;
36.84,98.39,19.47;
34.51,102.91,17.76;
37.10,103.70,15.13;
33.34,105.46,15.01;
38.03,103.35,13.97;
48.42,100.27,12.90;
29.00,101.61,12.03;
9.40,98.76,12.69;
7.98,92.30,15.47;
30.32,85.80,17.85;
25.61,82.02,13.45;
15.14,74.74,11.74;
34.97,63.93,12.14;
60.42,52.94,11.88;
59.03,47.34,9.97;
35.86,47.54,11.16;
10.67,45.70,14.86;
12.64,39.26,17.30;
18.18,37.05,16.90;
9.77,35.35,15.39;
9.58,31.60,13.93;
22.77,27.87,12.95;
28.29,27.06,10.00;
26.79,25.17,9.19;
21.35,25.32,9.56;
18.91,24.21,9.54;
10.36,23.73,11.03;
7.55,22.02,11.22;
16.21,19.69,10.02;
11.17,20.65,9.09;
10.67,25.22,12.95;
0.07,24.59,12.25;
6.03,23.41,10.80;
9.00,23.32,10.37;
-0.11,23.80,9.00;
1.10,21.43,8.41;
7.46,16.12,6.20;
8.74,9.92,4.31;
15.00,4.33,2.90;
19.19,0.01,1.39;
13.37,-1.06,0.49;
8.29,-2.11,0.20;
2.16,-3.70,1.06;
3.03,-4.37,0.02;
1.66,-4.43,-0.23;
-1.45,-4.31,0.40;
0.39,-5.01,0.49;
-2.26,-4.28,1.12;
-4.28,-4.30,1.01;
-4.49,-3.87,0.83;
-0.20,-4.28,0.29;
1.20,-4.20,-0.55;
0.77,-3.59,-0.36;
-0.28,-2.98,-0.30;
2.16,-2.49,-0.82;
1.92,-1.33,-1.46;
3.03,-1.17,-0.70;
3.19,-0.69,-0.29;
4.32,0.12,-1.20;
4.51,0.91,-1.10;
2.47,1.60,-0.73;
3.45,0.92,-0.90;
2.70,0.88,-0.79;
4.04,-0.14,-1.16;
5.89,-0.86,-1.42;
7.66,-1.72,-1.86;
5.34,-0.59,-1.86;
-0.40,0.25,-0.73;
-7.49,1.58,0.83;
-9.67,1.55,0.69;
-4.75,0.80,-0.32;
-0.94,-0.31,-0.81;
-0.37,-0.86,-0.61;
3.39,-1.24,-1.02;
4.68,-0.83,-0.81;
3.16,-0.07,-0.55;
3.35,0.25,-0.93;
0.97,0.77,-0.50;
0.65,0.80,-0.36;
4.80,-0.49,-1.10;
5.39,-0.56,-1.48;
6.00,-1.01,-1.25;
5.84,-0.83,-0.84;
4.55,-0.43,-0.81;
3.06,-0.37,-0.04;
2.41,-0.28,-0.23;
2.93,-0.39,-0.01;
2.32,-0.01,-0.12;
1.26,0.34,0.17;
1.87,0.12,0.14;
3.10,-0.39,-0.03;
1.57,0.27,0.08;
-0.46,1.12,0.61;
-0.45,1.41,0.61;
-1.07,1.81,0.75;
-0.69,1.72,0.95;
-0.19,1.51,1.04;
-0.55,1.58,0.98;
0.62,1.14,1.04;
2.10,1.02,0.77;
-0.49,1.54,1.45;
-1.78,1.80,1.48;
-1.29,1.99,1.38;
-1.49,2.10,1.35;
-2.40,1.92,1.44;
-2.26,1.61,1.47;
-1.01,1.18,1.33;
-0.00,0.73,1.22;
0.88,0.70,1.35;
0.71,1.05,1.38;
2.42,1.12,0.93;
2.04,1.17,1.25;
1.98,1.02,1.27;
3.13,0.76,1.04;
2.88,0.57,0.74;
2.47,0.24,0.81;
2.50,-0.22,0.61;
3.14,-0.24,0.63;
4.26,-0.49,0.46;
3.34,-0.05,0.49;
1.72,0.57,0.96;
1.68,0.73,0.84;
3.06,0.21,0.63;
2.26,0.54,1.03;
2.01,0.65,1.01;
2.21,0.48,0.78;
3.20,0.45,0.46;
3.52,0.15,0.77;
1.34,0.63,1.15;
1.11,0.82,1.36;
2.77,0.96,0.92;
2.36,1.18,0.87;
2.18,0.91,1.33;
1.23,1.09,1.21;
2.50,0.65,1.24;
1.61,0.80,1.67;
0.80,0.88,1.41;
2.38,0.47,1.30;
1.77,0.76,1.18;
1.66,0.63,1.51;
2.27,0.62,1.50;
2.55,0.47,1.36;
3.48,0.09,1.04;
3.51,0.01,1.33;
2.44,0.16,1.44;
2.73,-0.16,1.27;
3.39,-0.46,1.15;
3.81,-0.63,0.77;
4.19,-0.85,0.60;
3.55,-0.69,0.90;
3.06,-1.14,1.03;
4.61,-1.35,0.66;
3.17,-1.38,0.84;
2.68,-1.35,1.00;
3.28,-1.15,0.90;
4.19,-1.66,0.51;
5.19,-1.66,0.37;
3.58,-1.41,0.69;
1.98,-0.94,1.10;
2.56,-1.04,1.03;
1.90,-0.74,1.09;
2.27,-0.80,1.07;
4.09,-1.14,0.71;
4.03,-1.09,0.52;
3.61,-1.21,0.60;
1.69,-1.00,1.13;
-0.51,-0.56,1.29;
2.67,-1.18,0.71;
4.24,-1.27,0.34;
1.39,-0.78,0.80;
-0.51,-0.85,1.21;
0.16,-0.69,0.96;
0.88,-0.92,0.75;
1.19,-0.95,0.51;
3.93,-1.49,0.28;
3.48,-1.26,0.16;
1.90,-0.95,0.23;
1.86,-0.94,0.45;
2.44,-0.77,0.25;
3.37,-0.86,0.03;
2.79,-1.20,-0.03;
2.48,-1.23,0.16;
2.73,-1.23,0.14;
1.39,-0.94,0.40;
1.74,-0.98,0.26;
3.64,-1.56,-0.18;
2.88,-1.23,-0.12;
1.89,-1.12,0.19;
1.77,-1.14,0.49;
2.35,-1.06,0.03;
3.57,-1.38,-0.09;
2.04,-1.30,0.17;
2.01,-1.26,0.32;
2.73,-1.30,0.06;
2.70,-1.33,0.09;
4.10,-1.29,-0.26;
4.09,-1.29,0.12;
1.48,-0.54,0.28;
2.70,-1.01,0.48;
1.22,-0.57,0.23;
1.43,-0.89,0.48;
2.90,-1.21,0.22;
3.34,-1.43,0.02;
1.69,-1.20,0.25;
2.73,-1.56,0.17;
2.96,-1.44,-0.04;
3.57,-1.67,-0.27;
3.43,-1.43,0.32;
3.54,-1.17,-0.03;
3.17,-1.20,0.22;
1.81,-0.74,0.54;
0.87,-0.57,0.61;
1.74,-0.75,0.71;
3.20,-0.49,0.11;
4.15,-0.49,0.17;
3.34,-0.42,0.34;
2.70,-0.42,0.14;
1.77,-0.04,0.84;
0.74,-0.07,0.81;
1.28,-0.10,0.71;
2.42,-0.33,0.46;
2.30,-0.46,0.72;
1.72,-0.49,0.69;
1.13,-0.10,0.71;
1.11,-0.05,0.81;
1.28,0.27,0.45;
2.06,0.05,0.32;
2.73,-0.02,0.48;
2.13,0.15,0.63;
0.99,0.59,0.58;
0.61,0.77,0.31;
0.94,0.38,0.43;
1.92,0.04,0.37;
3.05,0.33,0.02;
3.00,0.18,0.23;
0.74,0.76,0.60;
1.22,0.67,0.54;
1.48,0.34,0.29;
1.83,0.05,0.22;
2.16,0.36,0.49;
3.89,-0.45,-0.06;
2.22,0.05,0.26;
1.77,-0.16,0.22;
1.31,-0.02,0.54;
2.45,-0.27,0.52;
4.18,-0.46,0.00;
4.12,-0.24,0.06;
2.79,0.09,0.51;
2.71,0.13,0.32;
1.51,0.51,0.60;
1.10,0.33,0.61;
3.74,-0.33,0.51;
3.98,-0.56,0.37;
3.63,-0.74,0.37;
3.25,-0.45,0.54;
1.78,0.07,0.86;
1.55,-0.05,0.78;
1.55,0.21,0.69;
1.60,0.42,0.51;
1.83,0.18,0.77;
2.06,-0.02,0.61;
2.12,0.34,0.48;
1.06,0.54,0.72;
0.36,0.76,0.69;
1.93,0.41,0.20;
2.16,0.09,0.20;
2.01,-0.08,0.29;
1.13,0.44,0.35;
1.64,0.12,0.31;
1.66,0.01,0.03;
1.95,0.22,0.14;
1.13,0.27,0.00;
1.72,0.18,0.00;
2.32,-0.16,-0.15;
1.42,0.07,-0.09;
1.02,-0.13,0.02;
1.64,-0.13,-0.07;
2.76,-0.48,-0.53;
3.89,-0.69,-0.56;
3.46,-0.80,-0.62;
0.64,-0.46,-0.18;
0.32,-0.30,-0.01;
3.48,-1.09,-0.59;
4.27,-0.91,-0.52;
3.86,-1.12,-0.42;
2.65,-0.85,-0.20;
1.89,-0.48,-0.09;
1.81,-0.56,-0.09;
1.95,-0.60,0.16;
2.15,-0.65,-0.12;
3.16,-0.82,-0.18;
3.26,-0.86,-0.04;
2.77,-0.88,-0.27;
1.13,-0.59,0.22;
1.05,-0.54,0.16;
2.70,-0.68,-0.04;
3.06,-0.57,-0.03;
2.16,-0.45,0.12;
1.87,-0.30,0.49;
0.39,0.02,0.64;
1.48,-0.01,0.89;
2.13,-0.42,0.61;
3.51,-0.68,0.54;
3.54,-0.88,0.28;
2.94,-0.74,0.58;
2.03,-0.49,0.48;
2.12,-0.62,0.35;
2.35,-0.78,0.54;
2.62,-0.95,0.43;
2.67,-0.72,0.61;
3.16,-0.85,0.32;
2.36,-0.62,0.72;
1.98,-0.25,0.67;
2.04,-0.34,0.69;
1.60,0.27,0.86;
2.00,0.18,1.09;
2.82,-0.08,0.98;
3.19,-0.13,1.00;
2.01,0.47,0.98;
2.15,0.15,0.95;
3.05,-0.14,1.09;
1.78,0.27,0.89;
0.32,0.24,1.29;
0.85,-0.74,0.90;
2.96,-1.06,0.02;
4.27,-1.76,0.60;
3.51,-1.81,0.35;
3.54,-2.10,-0.07;
2.47,-2.30,0.05;
2.82,-2.75,-0.30;
0.56,-2.48,-0.61;
3.14,-3.91,-0.64;
2.90,-4.19,-1.29;
3.83,-5.38,-2.24;
3.57,-5.91,-2.24;
1.97,-6.45,-2.49;
-0.22,-7.04,-2.87;
-0.14,-8.83,-4.17;
5.55,-12.59,-5.75;
9.49,-15.44,-6.73;
9.40,-16.85,-7.55;
4.70,-18.40,-7.94;
-4.98,-18.11,-7.26;
-12.86,-18.65,-6.97;
-14.22,-21.49,-7.95;
-10.00,-26.31,-10.55;
-12.02,-31.30,-12.42;
-22.46,-37.09,-12.70;
-29.36,-46.42,-14.73;
-27.64,-57.14,-18.04;
-27.26,-68.43,-20.96;
-25.93,-82.19,-22.75;
-31.81,-92.16,-22.26;
-49.65,-97.49,-20.03;
-52.19,-108.37,-19.74;
-53.01,-114.78,-21.02;
-35.73,-122.63,-23.60;
-7.50,-133.41,-24.62;
1.17,-138.54,-24.26;
3.31,-142.19,-28.42;
10.32,-146.74,-26.91;
31.05,-152.31,-16.70;
-7.58,-142.27,-4.17;
-14.87,-140.97,1.85;
9.69,-141.03,4.55;
14.76,-132.82,-2.42;
21.05,-124.56,-4.35;
23.08,-107.30,-3.08;
-23.85,-81.27,10.23;
-34.57,-61.87,18.54;
-15.61,-43.75,11.45;
7.45,-18.98,-1.37;
2.50,7.09,1.73;
-4.02,29.67,11.32;
6.71,54.39,19.01;
7.25,84.99,27.94;
6.39,116.30,38.66;
2.39,148.42,47.99;
-8.34,177.90,55.19;
-44.26,203.60,48.26;
-97.53,229.02,40.55;
-93.79,247.54,20.22;
-95.32,270.57,10.60;
-67.70,270.05,10.38;
-64.26,267.22,10.29;
-74.19,239.72,22.55;
-3.59,175.12,-0.93;
58.96,120.91,-55.05;
73.52,72.65,-74.27;
32.21,47.78,-52.23;
33.74,34.44,-37.89;
0.79,35.80,-32.68;
-46.72,36.42,-20.10;
-68.95,28.91,-12.13;
-71.13,13.26,-18.09;
-39.73,-7.56,-34.20;
-0.42,-25.87,-46.87;
44.45,-42.92,-58.82;
65.48,-52.94,-64.78;
75.83,-62.43,-69.74;
73.29,-74.65,-73.19;
73.84,-91.03,-77.88;
105.68,-116.16,-95.33;
176.59,-166.59,-122.39;
79.69,-226.11,-116.67;
-1.12,-216.92,-101.65;
111.16,-215.98,-98.70;
190.24,-201.95,-106.82;
60.21,-225.08,-51.37;
-95.84,-190.20,-20.13;
-32.77,-180.34,-34.09;
46.68,-205.11,-44.99;
-97.84,-154.78,-10.88;
-53.74,-150.31,-21.42;
-11.71,-127.78,-34.21;
-41.12,-97.85,-23.20;
-62.34,-78.24,-12.30;
-15.50,-67.11,-39.55;
54.51,-43.85,-57.88;
31.97,-1.76,-35.66;
14.33,23.84,-9.98;
31.52,55.17,15.04;
44.16,89.38,18.84;
55.80,116.92,25.15;
71.78,154.19,34.38;
59.87,186.76,52.06;
37.23,203.17,69.50;
-7.84,213.38,81.76;
-97.70,221.34,88.95;
-165.13,224.74,100.61;
-132.69,216.63,99.36;
-170.36,211.73,131.01;
-79.91,180.53,129.97;
-36.36,162.38,122.75;
14.18,120.16,97.85;
88.55,70.68,64.78;
78.67,46.38,57.56;
52.07,38.59,60.03;
48.33,41.54,63.53;
88.32,43.80,63.03;
116.85,40.76,60.22;
118.27,35.40,60.05;
81.00,31.86,58.20;
14.19,30.83,60.49;
-23.13,16.85,59.00;
-19.18,-1.69,50.69;
5.58,-17.53,36.19;
17.54,-34.56,23.04;
20.65,-50.01,17.94;
28.65,-63.53,6.78;
71.40,-143.44,2.96;
-25.79,-243.21,14.71;
-147.78,-202.40,-38.67;
-42.89,-144.17,-36.35;
110.91,-185.29,-10.13;
-90.98,-181.90,23.24;
-76.86,-152.71,-7.92;
48.64,-162.22,-30.04;
45.64,-151.87,-17.46;
-12.69,-114.66,-11.62;
17.35,-83.08,-18.88;
-57.96,-40.14,8.35;
-78.69,-12.30,48.25;
-39.47,-6.40,46.20;
-71.47,-50.01,13.62;
-43.26,-16.33,-21.23;
68.70,-44.13,-22.70;
116.30,-9.95,-45.46;
14.32,23.14,-15.83;
-7.59,45.06,28.16;
-5.53,63.46,30.46;
-24.46,83.61,23.07;
-6.60,91.64,19.77;
7.93,97.73,9.79;
27.98,99.11,3.88;
46.39,97.58,5.13;
44.68,97.58,9.82;
14.03,100.33,19.07;
-21.30,101.28,23.06;
-11.03,94.33,19.12;
9.98,87.67,15.13;
33.42,76.96,10.05;
36.91,69.64,8.78;
32.24,64.73,10.72;
21.74,60.02,13.73;
21.00,55.35,12.05;
31.86,50.50,9.15;
35.28,48.36,7.85;
28.03,45.69,11.16;
21.22,44.22,11.29;
20.84,40.89,10.46;
22.21,36.86,10.54;
26.06,31.41,8.35;
24.65,28.19,7.54;
4.21,29.26,10.55;
-12.55,30.07,14.52;
-17.94,31.44,14.87;
-14.61,30.71,13.71;
-2.61,27.63,11.01;
14.51,23.60,8.89;
22.64,21.86,6.61;
36.30,20.70,8.43;
19.83,22.92,8.49;
10.36,24.38,9.87;
9.00,25.28,11.16;
14.88,22.74,8.11;
12.24,20.56,6.35;
1.26,18.13,7.15;
-3.26,14.39,6.89;
1.02,9.38,5.04;
17.19,2.60,1.85;
18.44,1.83,0.08;
14.70,2.41,-0.29;
3.57,4.44,1.25;
-2.61,4.09,1.99;
-3.36,2.38,1.83;
0.77,-0.37,0.71;
12.47,-4.56,-1.36;
16.01,-5.12,-1.72;
5.68,-2.11,-0.35;
-5.39,0.86,1.47;
-7.38,2.13,1.93;
-2.95,2.19,1.07;
-0.07,2.56,0.60;
0.64,2.47,0.12;
3.19,1.87,-0.23;
2.44,1.66,-0.09;
4.56,0.73,-0.46;
3.52,1.12,-0.07;
1.34,1.61,0.12;
0.56,1.47,0.54;
-1.09,2.38,0.84;
-0.36,1.57,0.75;
0.50,1.32,0.75;
-0.80,1.54,1.06;
1.35,0.51,1.27;
0.79,0.71,1.29;
-0.36,0.68,1.36;
-2.08,1.23,1.73;
-2.43,0.56,2.08;
-3.82,0.85,1.96;
-3.15,0.67,1.88;
0.91,-0.45,0.95;
1.93,-0.46,0.60;
0.19,-0.07,0.64;
-0.54,-0.13,1.27;
-0.49,-0.30,0.81;
-1.41,-0.01,0.84;
-1.01,-0.24,0.89;
2.35,-0.74,0.34;
3.43,-0.54,-0.03;
3.60,-0.43,0.32;
-2.69,0.99,0.98;
-5.00,0.99,1.42;
-3.03,0.24,1.00;
1.87,-0.95,-0.27;
8.38,-2.22,-1.07;
6.97,-2.10,-0.85;
4.27,-0.94,-0.06;
-0.92,0.21,0.78;
-1.94,0.47,0.69;
0.64,0.01,0.26;
4.99,-1.56,-0.84;
7.31,-2.40,-1.22;
8.68,-2.78,-1.08;
4.74,-1.29,-1.02;
1.78,-1.04,-0.23;
2.38,-0.77,-0.44;
0.90,-0.31,-0.36;
1.48,-0.43,-0.38;
2.84,-0.75,-0.79;
3.40,-0.98,-0.93;
1.66,-0.37,-0.39;
-0.84,0.45,0.11;
-1.68,0.82,-0.06;
-1.32,0.54,0.34;
-2.00,0.60,0.41;
-1.06,0.47,0.38;
3.61,-0.53,-0.55;
4.85,-0.62,-0.56;
5.25,-0.65,-0.09;
4.67,-0.33,-0.01;
2.97,0.57,0.16;
1.95,0.60,0.43;
0.51,1.03,0.48;
1.10,0.33,0.35;
4.38,-0.48,0.06;
3.78,-0.49,-0.10;
4.50,-0.75,-0.20;
5.20,-0.88,-0.26;
1.52,0.45,0.40;
-1.39,0.79,0.64;
3.00,-0.57,0.19;
3.63,-0.22,0.16;
2.61,-0.49,0.61;
3.75,-0.82,0.34;
4.91,-0.83,-0.03;
2.26,-0.20,0.45;
1.45,0.48,0.75;
2.80,0.30,0.55;
2.47,0.80,0.19;
1.89,1.05,0.37;
1.39,0.91,0.49;
2.91,0.38,0.23;
3.35,0.28,0.25;
3.16,0.34,0.26;
2.70,0.53,0.23;
2.44,0.48,0.17;
3.81,0.42,0.08;
2.53,0.82,0.29;
0.41,1.23,0.43;
0.38,1.31,0.40;
1.58,1.05,0.55;
3.25,0.50,-0.17;
4.70,0.02,-0.23;
2.65,0.31,0.25;
2.27,0.34,0.32;
1.97,0.77,0.25;
2.07,0.47,0.06;
3.13,0.24,0.12;
3.60,0.44,0.28;
1.68,0.68,0.34;
1.19,0.76,0.41;
2.59,0.56,0.16;
4.06,-0.14,-0.27;
4.15,-0.43,-0.06;
3.19,-0.20,0.09;
1.14,0.18,0.38;
1.11,0.13,0.45;
0.84,0.01,0.14;
3.31,-0.42,-0.13;
3.42,-0.57,-0.35;
2.62,-0.40,0.38;
1.87,0.01,0.31;
1.86,-0.01,0.09;
1.90,-0.01,0.29;
3.57,-0.37,-0.06;
3.64,-0.53,0.11;
2.85,-0.36,-0.03;
4.07,-0.97,0.22;
1.64,-0.11,0.49;
0.88,0.02,0.78;
1.71,0.07,0.54;
1.98,0.21,0.29;
2.22,0.10,0.52;
3.10,-0.31,0.23;
1.80,-0.16,0.51;
2.91,-0.42,0.08;
2.76,-0.56,0.26;
2.12,-0.46,0.40;
2.59,-0.33,0.37;
2.51,-0.56,0.16;
2.62,-0.49,0.09;
2.90,-0.75,0.05;
1.75,-0.54,0.37;
-0.19,-0.17,0.66;
1.43,-0.51,0.46;
2.76,-0.39,0.41;
2.91,-0.31,0.02;
3.28,-0.25,0.23;
0.19,0.45,0.72;
-0.19,0.51,0.95;
1.19,0.59,0.57;
2.41,0.27,0.11;
2.71,0.16,0.28;
2.82,0.02,0.19;
2.79,-0.05,0.08;
0.62,0.38,0.54;
0.22,0.42,0.58;
0.91,0.30,0.43;
1.86,0.04,0.35;
2.82,0.02,0.22;
1.89,0.24,0.20;
0.53,0.18,0.52;
0.91,0.18,0.60;
-0.08,0.09,0.81;
0.26,-0.10,0.45;
-0.87,0.27,0.75;
0.64,0.02,0.80;
1.42,0.53,0.52;
1.69,1.00,1.06;
0.33,1.40,1.04;
-0.83,1.87,1.25;
-2.61,2.47,2.00;
-2.22,2.24,1.99;
-0.22,2.12,1.38;
0.62,2.41,0.92;
0.85,1.70,0.80;
1.28,1.75,0.75;
2.48,0.86,0.64;
2.61,0.73,0.58;
3.74,0.48,0.28;
4.50,0.27,-0.07;
4.13,0.19,0.06;
4.12,-0.10,0.25;
3.25,0.24,0.38;
1.52,0.28,0.57;
2.65,0.16,0.25;
3.71,0.18,-0.13;
4.85,-0.31,-0.27;
4.67,-0.19,0.02;
3.52,0.09,0.25;
3.60,0.18,-0.01;
3.90,0.19,0.16;
2.65,0.51,0.09;
4.03,0.27,0.11;
4.06,0.18,-0.06;
4.15,-0.20,-0.06;
4.16,-0.22,-0.10;
5.34,-0.51,-0.61;
2.77,0.02,0.08;
2.01,0.22,-0.01;
1.95,0.18,0.06;
1.40,0.24,0.08;
1.31,0.31,0.09;
1.68,0.16,-0.21;
1.68,0.41,-0.04;
2.44,0.33,-0.46;
3.19,0.57,-0.56;
1.68,0.96,-0.27;
2.09,1.02,-0.47;
3.89,0.92,-0.62;
2.71,0.86,-0.26;
1.89,1.00,-0.10;
3.37,0.68,-0.39;
3.43,0.56,-0.46;
4.03,-0.08,-0.42;
3.23,-0.51,-0.13;
0.84,-0.14,0.48;
1.37,-0.80,0.34;
3.08,-1.08,-0.32;
4.94,-1.82,-0.33;
4.27,-1.67,-0.26;
2.64,-1.49,0.08;
1.64,-1.46,0.23;
1.28,-1.44,0.22;
3.00,-1.67,0.25;
3.75,-2.07,0.08;
4.33,-2.51,-0.15;
4.59,-2.30,0.12;
4.13,-2.62,-0.21;
1.68,-1.99,0.23;
-0.63,-1.30,0.80;
0.47,-1.44,0.86;
2.47,-1.72,0.49;
1.58,-1.46,0.72;
0.79,-1.29,1.03;
1.68,-1.35,0.86;
2.41,-1.35,0.95;
1.98,-0.97,0.84;
0.87,-1.03,0.98;
2.33,-1.08,0.92;
3.35,-1.08,0.25;
3.72,-1.26,0.19;
4.71,-1.12,0.11;
2.99,-0.46,0.26;
-0.22,0.57,0.67;
-1.71,1.47,0.89;
-1.55,1.70,0.74;
0.84,1.32,0.19;
4.67,0.41,-0.65;
5.97,-0.11,-1.11;
4.61,-0.72,-0.39;
2.45,-0.63,-0.03;
1.95,-0.83,-0.23;
1.90,-0.68,-0.10;
0.96,-0.49,0.11;
0.19,0.02,0.00;
1.37,-0.10,-0.36;
3.22,-0.92,-0.88;
5.10,-1.27,-1.19;
4.16,-1.18,-0.87;
3.34,-1.29,-0.42;
4.64,-1.72,-0.42;
5.86,-1.62,-0.47;
6.45,-1.62,-0.20;
5.93,-1.47,-0.01;
4.70,-1.00,0.12;
3.25,-0.71,0.49;
3.16,-0.77,0.51;
0.67,-0.62,1.12;
0.01,-0.78,1.25;
1.03,-0.88,1.25;
2.12,-0.97,1.06;
1.42,-0.85,1.47;
1.14,-0.56,1.56;
2.42,-0.49,1.54;
3.26,-0.86,1.27;
3.60,-0.83,1.44;
4.62,-1.09,1.15;
4.65,-1.27,1.16;
4.88,-1.30,1.21;
3.55,-0.97,1.39;
2.13,-0.60,1.70;
2.12,-0.53,1.74;
1.80,-0.14,1.80;
2.30,-0.28,1.59;
2.87,-0.37,1.93;
2.00,-0.02,1.85;
0.61,0.42,2.58;
1.26,0.33,2.25;
2.67,0.71,1.74;
1.83,0.80,2.02;
2.07,0.70,1.94;
2.33,0.86,1.53;
0.94,0.80,1.79;
0.61,0.48,1.44;
2.26,0.24,1.13;
2.59,0.15,1.10;
2.35,-0.10,1.47;
0.50,0.22,1.77;
-1.56,0.65,2.19;
-1.85,0.47,2.14;
-1.10,0.68,1.71;
0.61,0.73,1.76;
1.34,0.15,1.30;
2.62,-0.16,1.19;
2.33,-0.40,1.21;
3.66,-0.66,0.66;
5.43,-0.80,0.51;
6.03,-0.94,0.41;
4.59,-0.68,0.58;
2.91,-0.59,0.81;
2.84,-0.36,0.55;
3.22,-0.30,0.86;
2.93,-0.63,0.86;
2.55,-0.92,0.75;
3.17,-1.23,0.83;
3.00,-1.01,0.67;
1.78,-0.86,1.06;
0.94,-0.62,1.01;
2.80,-0.78,0.74;
3.78,-0.51,0.81;
2.07,-0.05,1.09;
1.89,-0.04,1.10;
2.56,0.41,0.87;
3.25,0.34,0.38;
3.93,0.09,0.57;
4.84,-0.39,0.31;
4.73,-0.71,0.03;
3.54,-0.60,0.34;
2.18,-0.62,0.83;
1.92,-0.57,0.74;
2.24,-0.78,0.57;
1.26,-0.51,0.83;
0.97,-0.69,0.71;
0.90,-0.46,0.49;
1.22,-0.48,0.34;
1.83,-0.37,0.16;
3.22,-0.88,0.02;
2.90,-0.39,0.22;
3.28,-0.33,0.38;
3.48,-0.08,0.29;
2.94,-0.17,0.40;
2.48,0.05,0.20;
2.44,-0.11,0.55;
1.63,-0.10,0.29;
1.19,-0.17,0.48;
0.12,-0.02,0.46;
1.37,-0.40,0.40;
1.34,-0.19,0.40;
1.48,-0.19,0.35;
0.90,0.09,0.31;
0.97,0.13,0.49;
1.54,-0.25,-0.04;
3.74,-0.75,0.08;
3.25,-0.78,-0.13;
3.89,-0.92,-0.32;
3.05,-0.78,-0.15;
3.11,-0.95,-0.06;
3.22,-0.69,-0.10;
3.02,-0.62,-0.23;
2.32,-0.46,-0.09;
2.32,-0.68,0.11;
2.41,-0.77,0.02;
2.71,-0.72,-0.10;
2.87,-0.75,-0.39;
3.55,-1.15,-0.21;
3.69,-1.01,-0.06;
3.23,-0.88,-0.13;
2.04,-0.46,0.20;
3.06,-0.77,-0.30;
3.13,-1.01,-0.10;
2.68,-0.91,0.05;
2.51,-1.08,0.16;
2.56,-0.94,0.00;
3.60,-1.43,-0.13;
2.42,-1.06,0.00;
1.86,-0.77,0.43;
2.27,-0.91,0.71;
3.48,-1.01,0.31;
3.11,-0.85,0.12;
2.90,-1.03,0.26;
3.37,-0.98,0.03;
3.40,-0.92,0.00;
3.00,-0.74,0.28;
2.29,-0.86,0.31;
2.12,-0.86,0.48;
2.22,-0.62,0.60;
1.84,-0.74,0.54;
1.84,-0.57,0.61;
1.95,-0.66,0.34;
1.06,-0.33,0.67;
2.41,-0.83,0.29;
2.09,-0.63,0.52;
1.66,-0.65,0.45;
2.15,-0.91,0.48;
2.90,-0.91,0.38;
3.84,-1.21,0.52;
1.78,-0.80,0.63;
0.68,-0.56,0.77;
3.03,-1.01,0.58;
3.63,-0.97,0.31;
3.34,-0.85,0.38;
2.39,-0.89,0.75;
2.15,-0.88,0.81;
1.81,-0.74,0.92;
2.29,-0.97,0.69;
2.94,-1.15,0.61;
3.48,-1.30,0.35;
3.06,-1.20,0.55;
2.41,-1.23,0.57;
2.48,-1.18,0.67;
2.48,-1.15,0.51;
2.94,-1.52,0.58;
2.82,-1.26,0.38;
3.13,-1.18,0.48;
2.82,-0.89,0.80;
2.67,-1.09,0.81;
2.29,-0.77,0.78;
2.44,-0.92,0.69;
2.22,-0.91,0.95;
1.35,-0.77,1.12;
1.51,-0.95,0.95;
2.58,-1.29,0.54;
3.29,-1.33,0.51;
2.87,-1.37,0.48;
2.68,-1.47,0.51;
2.00,-1.03,0.77;
2.10,-1.33,0.57;
2.48,-1.04,0.32;
1.77,-0.97,0.80;
2.50,-1.12,0.60;
1.95,-0.91,0.71;
1.81,-1.24,0.69;
2.64,-0.98,0.55;
2.80,-0.85,0.31;
2.33,-1.21,0.55;
2.33,-1.14,0.57;
2.68,-0.97,0.37;
2.07,-0.88,0.61;
1.75,-0.92,0.60;
2.68,-1.04,0.46;
3.26,-1.04,0.34;
2.99,-0.86,0.46;
2.30,-0.68,0.34;
2.10,-0.72,0.16;
1.98,-0.66,0.72;
2.10,-0.65,0.63;
2.64,-0.89,0.34;
2.85,-0.82,0.29;
2.85,-0.86,0.67;
1.98,-0.59,0.58;
2.36,-0.91,0.61;
2.91,-0.75,0.31;
2.84,-0.86,0.28;
2.41,-0.86,0.54;
2.80,-0.71,0.43;
2.22,-0.48,0.64;
2.00,-0.53,0.72;
2.01,-0.65,0.78;
2.77,-0.59,0.49;
2.64,-0.63,0.55;
2.50,-0.59,0.75;
2.38,-0.36,0.89;
2.32,-0.66,0.61;
2.27,-0.56,0.61;
1.87,-0.65,0.67;
2.22,-0.54,0.46;
2.67,-0.66,0.41;
2.70,-0.63,0.58;
2.22,-0.56,0.46;
2.13,-0.53,0.74;
2.61,-0.72,0.38;
2.41,-0.63,0.67;
2.65,-0.53,0.67;
2.47,-0.42,0.46;
2.48,-0.37,0.43;
1.52,-0.31,0.89;
2.44,-0.37,0.61;
3.39,-0.68,0.31;
2.82,-0.54,0.55;
2.24,-0.62,0.49;
2.70,-0.68,0.48;
2.27,-0.56,0.57;
1.98,-0.24,0.58;
2.56,-0.14,0.60;
2.21,-0.37,0.74;
1.74,-0.46,0.63;
1.49,-0.25,0.54;
2.62,-0.56,0.34;
2.99,-0.60,0.49;
3.20,-0.77,0.12;
3.14,-0.69,0.38;
2.53,-0.53,0.45;
2.16,-0.37,0.45;
1.97,-0.37,0.45;
1.81,-0.34,0.55;
2.62,-0.27,0.46;
2.56,-0.22,0.74;
2.44,-0.31,0.63;
2.77,-0.14,0.61;
2.39,-0.14,0.86;
2.90,-0.17,0.35;
3.28,-0.19,0.37;
2.07,-0.05,0.78;
1.68,-0.11,0.78;
1.83,-0.25,0.40;
2.12,-0.30,0.54;
3.05,-0.57,0.48;
2.36,-0.33,0.57;
2.38,-0.10,0.51;
2.27,-0.10,0.54;
2.94,-0.07,0.63;
2.77,-0.04,0.51;
2.24,-0.02,0.67;
1.95,-0.20,0.87;
1.95,-0.20,0.80;
2.33,-0.33,0.55;
2.01,-0.28,0.63;
2.85,-0.60,0.32;
2.88,-0.57,0.40;
2.33,-0.19,0.48;
1.74,-0.11,0.74;
0.58,0.09,0.81;
1.68,-0.01,0.84;
2.97,-0.31,0.25;
3.20,-0.34,0.00;
2.38,-0.16,0.41;
1.68,0.04,0.57;
1.64,-0.02,0.80;
2.03,0.10,0.37;
2.73,-0.33,0.58;
2.38,-0.08,0.41;
2.90,-0.28,0.66;
3.11,-0.37,0.61;
2.96,-0.48,0.32;
2.33,-0.27,0.55;
1.95,-0.11,0.51;
2.06,-0.28,0.74;
3.14,-0.28,0.60;
2.45,-0.17,0.78;
2.13,-0.17,0.77;
2.96,-0.20,0.61;
3.00,-0.33,0.48;
2.59,-0.17,0.64;
2.35,-0.34,0.34;
2.32,-0.16,0.57;
2.18,-0.33,0.71;
2.62,-0.33,0.49;
2.84,-0.24,0.49;
2.64,-0.43,0.32;
1.77,-0.36,0.67;
2.45,-0.28,0.49;
2.65,-0.37,0.32;
2.87,-0.25,0.49;
2.88,-0.45,0.41;
2.41,-0.49,0.51;
2.71,-0.28,0.57;
2.58,-0.27,0.58;
1.75,-0.04,0.52;
1.83,-0.28,0.32;
2.79,-0.22,0.29;
2.93,-0.48,0.35;
1.78,-0.24,0.54;
1.35,-0.16,0.34;
2.41,-0.33,0.28;
2.45,-0.42,0.05;
3.28,-0.33,0.02;
2.50,-0.14,0.28;
1.64,0.04,0.16;
2.30,-0.24,0.32;
2.22,-0.14,0.37;
1.80,-0.37,0.14;
2.47,-0.43,0.37;
2.47,-0.75,0.03;
2.70,-0.80,0.05;
2.42,-0.43,0.19;
1.97,-0.53,-0.06;
1.89,-0.46,0.29;
2.15,-0.43,0.05;
2.68,-0.40,0.23;
1.92,-0.07,0.35;
1.92,-0.10,0.19;
1.84,-0.16,0.14;
2.16,-0.05,0.25;
2.44,0.04,0.40;
2.13,-0.07,0.16;
2.22,-0.16,0.20;
1.84,-0.16,0.12;
2.48,-0.25,0.19;
2.26,-0.17,0.20;
2.39,0.09,0.02;
1.45,0.12,0.43;
1.83,0.27,0.14;
2.91,0.09,0.12;
2.47,0.19,0.12;
0.80,0.48,0.66;
1.03,0.41,0.67;
1.87,0.34,0.55;
2.24,0.42,0.61;
1.71,0.65,0.63;
1.20,0.88,0.74;
0.84,0.91,0.95;
1.92,0.48,0.72;
2.33,0.30,0.55;
2.06,0.36,0.71;
1.28,0.27,1.01;
2.07,0.24,0.86;
1.22,0.42,0.87;
1.43,0.56,0.77;
2.29,0.33,0.77;
2.51,0.34,1.07;
2.24,0.36,0.86;
2.06,0.50,1.03;
2.30,0.12,0.69;
3.26,-0.28,0.78;
2.84,-0.37,0.90;
2.45,-0.39,0.86;
2.19,-0.42,1.04;
2.74,-0.40,1.06;
3.64,-0.37,0.86;
2.88,-0.08,1.10;
2.59,-0.11,1.33;
2.21,0.27,1.29;
2.06,0.21,1.30;
3.03,-0.05,1.04;
2.87,-0.19,1.00;
3.17,-0.24,1.01;
3.63,-0.28,0.96;
2.68,-0.27,1.00;
2.07,-0.37,1.19;
1.45,-0.16,1.22;
1.66,-0.11,1.22;
2.36,-0.22,0.80;
3.80,-0.54,0.75;
3.51,-0.48,0.84;
2.87,-0.48,0.95;
2.97,-0.51,0.84;
2.64,-0.25,0.98;
2.44,-0.39,1.09;
2.19,-0.17,1.00;
2.97,-0.34,0.81;
3.57,-0.40,0.72;
3.54,-0.37,0.77;
2.94,-0.24,1.19;
2.67,-0.27,0.92;
3.46,-0.27,0.83;
3.68,-0.37,1.00;
3.48,-0.25,0.66;
2.42,-0.16,1.30;
1.57,0.16,1.16;
2.03,-0.16,1.09;
2.36,0.01,0.89;
3.02,-0.51,0.90;
2.58,-0.14,0.93;
2.18,-0.28,0.93;
0.85,-0.02,1.38;
1.34,-0.11,1.09;
2.88,-0.46,0.60;
4.06,-0.69,0.45;
3.23,-0.80,0.63;
2.19,-0.48,1.01;
2.21,-0.51,0.78;
2.38,-0.59,1.03;
2.74,-0.56,0.69;
3.20,-0.49,0.83;
3.69,-0.57,0.92;
2.73,-0.14,1.07;
2.79,-0.08,1.04;
2.80,-0.08,0.89;
2.51,-0.20,1.24;
2.29,-0.19,1.04;
2.27,-0.31,0.90;
2.61,-0.40,0.93;
2.50,-0.42,0.80;
2.33,-0.37,1.00;
2.33,-0.19,0.74;
1.74,-0.16,1.21;
2.77,-0.46,0.78;
2.73,-0.49,0.96;
2.51,-0.46,1.07;
3.34,-0.68,0.83;
3.17,-0.57,0.55;
3.39,-0.60,0.74;
2.93,-0.28,0.86;
2.07,-0.14,1.13;
1.74,-0.24,1.22;
2.48,-0.48,1.18;
2.82,-0.59,0.98;
2.04,-0.45,1.29;
2.09,-0.36,1.25;
2.42,-0.31,0.90;
2.82,-0.24,0.96;
2.45,-0.37,1.03;
1.71,-0.11,1.12;
2.27,-0.33,1.27;
2.38,-0.22,0.89;
2.62,-0.08,1.00;
2.42,-0.37,0.89;
2.22,-0.19,1.07;
1.71,0.01,1.21;
0.90,0.15,1.22;
1.98,-0.19,1.12;
3.42,-0.36,0.80;
3.28,-0.49,0.81;
3.00,-0.56,1.04;
1.64,-0.59,1.25;
2.45,-0.57,1.24;
3.51,-0.53,0.80;
3.61,-0.71,1.10;
2.32,-0.60,1.19;
2.06,-0.37,1.27;
3.13,-0.48,1.03;
