0.02,0.16,-0.02;
0.13,-0.07,0.13;
-0.13,-0.04,0.05;
0.00,-0.22,0.22;
-0.10,0.05,0.27;
0.00,0.10,0.27;
0.08,-0.07,0.07;
0.08,0.09,0.07;
-0.12,0.01,0.21;
0.00,0.05,0.12;
-0.09,0.01,0.04;
0.05,0.21,0.25;
-0.15,-0.01,0.19;
0.04,-0.01,0.27;
-0.19,-0.08,0.05;
0.07,0.09,-0.07;
-0.03,0.21,0.33;
0.08,0.05,0.07;
0.02,0.04,-0.14;
-0.03,0.13,-0.02;
-0.12,0.04,-0.04;
-0.06,-0.16,0.15;
0.13,-0.01,0.08;
0.07,0.09,0.31;
-0.01,0.15,-0.24;
-0.04,-0.05,0.21;
-0.01,0.09,0.05;
-0.01,0.01,0.30;
0.00,0.19,0.15;
0.11,-0.13,0.02;
-0.03,-0.11,0.30;
0.02,-0.13,0.34;
0.10,-0.13,0.22;
0.02,-0.05,0.22;
0.16,-0.14,0.24;
0.08,0.25,0.13;
-0.01,0.09,0.12;
-0.16,-0.01,0.36;
-0.09,-0.08,0.18;
-0.25,-0.24,-0.01;
-0.07,0.05,0.13;
-0.32,-0.20,0.15;
-0.04,-0.10,0.01;
-0.06,-0.01,0.08;
0.17,-0.10,0.37;
0.00,0.12,0.37;
-0.03,0.25,-0.04;
0.07,0.09,-0.08;
-0.07,-0.10,-0.07;
0.11,-0.05,-0.05;
0.19,0.25,0.24;
-0.09,-0.02,0.28;
-0.03,-0.04,0.18;
-0.04,0.05,0.12;
-0.22,0.10,0.18;
-0.36,-3.64,-1.12;
-0.01,-0.25,0.31;
-0.03,-0.04,0.16;
-0.07,-0.04,0.04;
-0.10,-0.05,0.31;
0.10,-0.13,-0.10;
-0.27,-0.04,0.18;
-0.12,-0.07,-0.28;
0.07,-0.13,0.21;
-0.04,-0.14,-0.04;
-0.04,-0.01,-0.05;
-0.13,0.09,0.01;
0.08,0.16,0.24;
0.17,0.09,0.12;
-0.22,-0.01,0.05;
0.11,-0.01,0.39;
-0.19,-0.08,0.12;
-0.10,0.01,0.02;
0.04,0.10,-0.08;
0.08,-0.02,0.10;
0.08,0.07,0.28;
0.07,0.10,0.15;
0.05,0.01,0.21;
-0.07,-0.05,0.27;
0.07,0.13,-0.02;
0.10,-0.02,0.22;
-0.12,-0.16,0.13;
0.05,0.09,0.21;
0.22,-0.01,0.01;
0.19,0.18,0.27;
0.04,0.02,0.15;
0.14,0.07,0.27;
-0.12,-0.11,0.22;
0.02,0.02,-0.05;
0.02,-0.10,0.30;
0.10,-0.01,0.16;
-0.15,-0.01,0.36;
-0.13,-0.16,0.21;
0.04,0.01,0.05;
-0.03,0.22,0.13;
-0.09,-0.02,0.25;
-0.01,0.28,0.37;
-0.13,-0.08,0.08;
0.13,-0.11,0.02;
0.02,0.05,0.24;
0.07,0.01,0.08;
0.05,0.13,0.12;
-0.25,0.18,0.10;
-0.06,0.15,0.05;
-0.29,0.19,0.33;
0.13,-0.07,-0.10;
-0.10,0.15,-0.11;
-0.10,-0.11,0.18;
-0.19,-0.10,0.15;
-0.13,-0.24,0.10;
-0.13,0.13,0.30;
0.13,0.02,0.19;
-0.12,-0.04,-0.04;
0.04,0.02,-0.16;
-0.09,0.04,0.15;
0.10,-0.01,0.16;
0.19,0.12,0.05;
0.07,0.01,0.04;
0.33,0.12,0.65;
0.14,0.15,0.04;
-0.06,0.19,-0.02;
0.05,0.07,0.08;
0.00,0.15,0.10;
0.08,0.15,0.19;
-0.19,0.09,0.10;
0.08,0.07,0.37;
-0.16,0.19,0.05;
0.02,-0.08,0.04;
-0.12,-0.17,0.12;
-0.13,0.12,0.27;
-0.06,0.01,0.47;
0.19,0.04,0.15;
0.05,-0.08,0.10;
0.25,-0.02,0.05;
-0.01,0.19,0.08;
-0.06,0.10,0.19;
0.04,0.33,0.13;
-0.01,0.24,-0.05;
-0.13,-0.11,-0.01;
0.11,0.05,0.04;
-0.13,-0.05,-0.05;
0.17,0.33,0.19;
-0.04,0.02,0.02;
0.20,0.24,-0.05;
0.00,-0.07,0.21;
-0.04,0.04,0.18;
0.02,-0.07,0.15;
-0.19,0.12,0.08;
0.10,-0.14,0.15;
0.13,0.05,0.22;
0.05,-0.14,0.10;
-0.09,0.02,0.16;
-0.12,0.28,0.22;
-0.06,0.05,-0.05;
0.08,0.04,0.08;
0.05,0.10,0.15;
-0.06,0.04,0.13;
-0.21,-0.19,0.21;
0.02,0.01,0.25;
0.11,0.05,0.36;
0.11,0.05,0.34;
-0.04,0.25,0.07;
0.04,0.05,-0.19;
0.02,-0.04,0.16;
0.00,-0.02,0.08;
0.13,-0.10,0.22;
0.02,0.13,0.08;
0.11,-0.11,0.04;
0.04,0.18,0.22;
0.00,-0.22,-0.16;
-0.18,0.31,-0.05;
0.07,-0.13,0.24;
0.10,0.12,0.12;
-0.07,0.05,-0.04;
0.19,0.10,0.18;
0.02,-0.19,0.15;
0.22,0.82,0.65;
0.05,0.25,0.05;
-0.10,0.15,0.16;
0.23,-2.04,0.21;
0.07,-7.70,0.01;
-0.06,-10.40,0.24;
0.22,-9.18,0.27;
0.08,-2.51,0.31;
0.10,-1.04,0.28;
-0.12,-1.18,0.15;
0.00,-0.83,0.36;
0.33,-0.74,0.21;
0.02,-0.62,0.37;
-0.22,-0.56,0.25;
0.17,-0.33,0.13;
-0.07,-0.08,0.04;
0.25,-0.24,0.18;
0.05,-0.43,0.60;
-0.22,-0.25,0.07;
0.05,0.21,0.31;
0.22,-0.83,0.12;
-0.04,0.12,0.25;
0.11,0.31,0.30;
-0.21,0.24,0.10;
0.11,0.18,0.13;
-0.04,-0.01,0.37;
0.16,0.24,0.42;
-0.10,0.44,0.33;
-0.07,0.12,0.54;
-0.13,0.30,0.19;
0.13,0.21,0.25;
0.04,0.18,0.33;
-0.10,0.22,0.31;
0.10,0.22,0.05;
0.05,0.31,0.48;
0.08,0.25,0.27;
0.04,0.19,0.25;
0.07,0.30,0.18;
0.00,0.33,0.37;
0.07,0.57,0.53;
0.14,0.42,0.22;
0.00,0.44,0.31;
-0.15,0.02,0.51;
-0.07,0.24,0.57;
-0.06,0.57,0.19;
-0.10,0.28,0.27;
-0.10,0.28,0.50;
1.26,0.89,0.99;
0.07,0.27,0.92;
-0.77,-0.72,3.61;
-2.77,-3.06,4.97;
-0.74,0.22,0.54;
-0.27,-0.22,1.38;
-0.45,-0.11,6.13;
0.02,1.21,0.86;
0.16,1.54,0.36;
-0.04,1.58,0.76;
0.57,2.54,0.71;
0.43,2.12,1.08;
0.89,3.02,0.66;
0.94,2.62,0.13;
1.55,2.45,0.08;
1.53,0.44,0.04;
1.10,-0.27,0.24;
0.75,-0.60,-0.07;
0.42,-2.02,0.74;
0.71,-2.60,0.76;
1.39,-2.04,0.85;
1.30,-1.52,1.12;
0.72,-0.98,0.88;
0.46,-0.07,0.31;
0.62,0.41,0.13;
0.65,0.89,-0.30;
1.38,1.41,-0.27;
1.21,1.55,-0.80;
1.23,1.28,0.05;
0.95,1.96,0.42;
1.27,2.77,0.21;
1.49,3.06,0.12;
1.56,3.26,0.45;
1.96,3.06,0.42;
2.13,3.38,0.33;
0.89,2.65,0.91;
0.48,2.86,0.07;
0.78,3.00,-0.33;
1.75,3.96,-0.10;
1.21,4.28,0.39;
1.39,4.70,0.91;
0.83,4.89,1.02;
0.58,4.73,0.24;
0.89,4.60,-0.56;
0.97,4.51,-0.65;
0.60,4.01,-1.04;
0.26,3.80,-1.00;
-0.22,3.78,-1.11;
-0.24,4.05,-0.80;
-0.24,3.40,-0.75;
-0.03,3.40,-0.59;
-0.04,3.28,-0.74;
-0.07,3.12,-0.45;
-0.29,2.51,-0.28;
-0.33,2.71,-0.04;
-0.33,2.25,-0.46;
-0.53,2.12,-0.11;
-0.39,2.22,-0.30;
-0.48,2.05,-0.14;
-0.45,1.60,-0.14;
-0.58,1.21,0.12;
-0.50,1.44,-0.31;
-0.55,1.31,-0.10;
-0.79,1.64,-0.11;
-0.68,1.44,-0.14;
-0.50,1.86,-0.07;
-0.32,2.34,0.05;
-0.25,2.25,0.45;
-0.38,2.02,0.34;
-0.44,1.67,0.74;
-0.36,2.10,0.86;
-0.24,2.47,0.91;
-0.39,2.67,0.86;
-0.39,2.48,0.89;
-0.27,2.42,0.50;
-0.19,2.27,0.63;
-0.09,2.13,0.39;
-0.13,1.84,0.27;
-0.03,1.69,0.18;
-0.12,1.63,0.05;
0.02,1.86,-0.01;
-0.01,1.51,-0.04;
0.02,1.58,-0.07;
0.19,1.72,-0.19;
-0.03,1.67,0.16;
-0.03,1.43,0.04;
-0.19,1.25,0.08;
-0.29,0.89,0.19;
-0.41,0.96,0.15;
-0.41,0.80,0.16;
-0.29,0.76,0.31;
-0.25,0.94,-0.02;
-0.13,0.97,0.37;
0.14,0.96,0.39;
-0.07,1.08,0.33;
0.07,1.31,0.65;
-0.04,1.20,0.24;
0.13,1.32,0.24;
0.20,1.47,0.19;
0.20,1.54,0.25;
0.05,1.55,-0.04;
0.13,1.21,0.25;
0.22,1.15,0.13;
0.14,1.25,0.10;
-0.06,1.08,0.24;
0.33,1.18,0.12;
0.33,1.34,0.25;
0.11,1.11,0.02;
0.17,1.06,0.19;
0.60,0.76,0.04;
0.45,0.33,-0.25;
0.04,-0.07,0.07;
0.14,-0.37,0.04;
-0.15,-0.89,-0.08;
-0.06,-0.65,-0.11;
0.11,0.02,-0.07;
-0.01,0.02,-0.11;
-0.21,-0.11,0.08;
-0.04,-0.11,0.12;
-0.13,-0.27,0.08;
-0.16,-0.30,-0.05;
-0.12,-0.65,0.15;
-0.32,-0.49,-0.13;
-0.44,-0.31,-0.08;
-0.21,-0.57,-0.17;
-0.27,-0.36,-0.46;
-0.29,-0.43,-0.19;
-0.27,-0.72,-0.17;
-0.07,-0.85,-0.24;
-0.19,-0.79,-0.05;
0.16,-0.82,-0.30;
-0.04,-0.98,-0.28;
0.05,-0.86,-0.25;
-0.12,-1.03,-0.33;
0.17,-1.03,-0.66;
0.08,-1.04,-0.31;
0.05,-0.82,-0.22;
0.05,-0.86,-0.21;
0.00,-0.68,-0.39;
0.08,-0.94,-0.39;
0.17,-0.53,-0.25;
0.34,-0.77,-0.04;
0.14,-0.82,-0.43;
0.00,-0.98,0.13;
0.08,-1.03,0.01;
0.20,-0.92,0.05;
-0.15,-0.77,-0.14;
0.08,-0.95,-0.05;
-0.19,-1.04,0.21;
0.05,-0.74,0.22;
0.00,-0.43,0.07;
0.17,-0.17,-0.07;
0.17,-0.43,-0.05;
0.19,-0.48,-0.07;
0.17,-0.72,-0.02;
0.02,-0.63,0.18;
0.07,-0.82,0.21;
-0.09,-0.92,0.01;
0.19,-0.80,-0.07;
-0.03,-0.80,0.01;
-0.10,-1.06,0.13;
-0.21,-0.98,0.10;
0.08,-0.95,0.18;
0.02,-1.12,0.04;
-0.07,-0.69,0.12;
-0.09,-1.01,0.12;
-0.09,-1.15,0.08;
0.05,-1.06,0.18;
-0.22,-1.06,0.22;
-0.15,-1.14,0.08;
-0.19,-1.41,-0.01;
-0.27,-1.59,0.19;
-0.29,-1.56,0.02;
-0.32,-1.58,-0.17;
-0.29,-1.37,0.08;
-0.50,-1.52,0.25;
-0.21,-1.40,-0.04;
-0.24,-1.44,-0.01;
-0.15,-1.21,0.15;
-0.06,-1.11,-0.13;
-0.15,-1.18,-0.07;
-0.13,-1.38,-0.11;
0.00,-1.90,-0.21;
-0.25,-1.81,-0.63;
-0.22,-1.66,-0.25;
-0.59,-1.32,-0.51;
-0.56,-1.04,-0.21;
-0.61,-0.65,-0.34;
-0.61,-0.30,0.02;
-0.61,-0.11,0.01;
-0.29,0.31,-0.05;
-0.41,0.31,-0.05;
-0.77,0.36,0.25;
-0.58,0.45,-0.08;
-0.45,0.50,0.07;
-0.21,0.42,0.10;
-0.36,0.30,0.04;
-0.41,0.56,0.10;
0.10,0.57,-0.22;
-0.22,0.41,-0.19;
-0.07,0.34,-0.30;
-0.03,0.36,-0.05;
-0.07,0.51,-0.46;
0.45,0.62,-0.62;
0.19,0.48,-0.50;
0.26,0.48,-0.36;
0.22,0.22,-0.22;
-0.10,0.15,-0.40;
-0.27,0.31,-0.25;
0.00,0.47,-0.21;
0.08,0.34,-0.21;
-0.04,0.33,-0.43;
-0.01,0.16,-0.14;
0.22,0.24,0.05;
0.08,0.19,0.08;
0.04,0.22,0.22;
0.23,0.13,0.12;
-0.06,0.31,0.21;
0.00,0.38,0.16;
-0.03,0.39,0.12;
-0.22,0.30,0.05;
-0.03,0.22,0.13;
-0.06,0.27,0.30;
0.23,0.39,0.13;
-0.19,0.27,0.21;
0.04,0.30,0.12;
0.02,0.27,0.12;
-0.19,0.50,0.24;
0.05,0.38,0.18;
-0.01,0.39,-0.11;
-0.25,0.36,0.21;
-0.07,0.48,0.50;
0.04,0.51,0.36;
-0.24,0.60,0.16;
0.04,0.53,0.12;
-0.18,0.50,0.08;
0.00,0.45,0.36;
0.05,0.54,-0.01;
0.19,0.45,0.25;
-0.09,0.25,0.28;
-0.21,0.42,0.10;
-0.06,0.09,0.33;
0.08,0.21,0.18;
0.13,0.30,0.18;
-0.12,0.18,-0.05;
-0.09,0.25,0.16;
0.08,0.27,0.01;
-0.16,0.30,0.18;
-0.01,0.34,0.15;
-0.18,0.51,0.15;
0.19,0.28,-0.08;
0.04,0.48,0.04;
-0.06,0.21,0.12;
-0.16,0.41,-0.14;
0.04,0.48,-0.05;
-0.18,0.56,-0.04;
-0.18,0.53,0.05;
-0.10,0.47,0.15;
-0.09,0.30,0.04;
-0.04,0.34,0.04;
-0.24,0.13,0.19;
-0.09,0.18,-0.19;
-0.12,0.33,0.10;
-0.24,0.19,0.12;
-0.15,-0.07,0.10;
-0.12,-0.02,0.05;
-0.22,-0.02,-0.16;
-0.07,0.54,-0.17;
-0.25,0.18,0.15;
-0.32,0.21,-0.08;
-0.22,0.10,0.19;
-0.30,0.15,0.01;
-0.47,0.15,-0.04;
-0.33,0.18,0.07;
-0.19,0.21,0.16;
-0.30,0.05,0.13;
-0.18,0.15,-0.01;
-0.33,0.18,0.39;
-0.41,0.12,0.30;
-0.24,0.04,-0.16;
-0.29,0.13,-0.13;
-0.27,0.21,-0.19;
-0.15,0.01,0.05;
-0.16,0.10,0.10;
-0.48,0.07,0.12;
-0.39,-0.13,0.21;
-0.47,0.31,0.10;
-0.35,0.31,0.15;
-0.36,0.36,0.02;
-0.41,0.15,0.15;
-0.24,0.21,0.27;
-0.29,0.19,0.37;
-0.39,0.18,0.04;
-0.35,0.02,0.21;
-0.30,0.10,0.04;
-0.09,0.10,0.25;
-0.22,0.10,-0.07;
-0.27,0.04,0.10;
-0.29,0.09,0.18;
-0.41,0.04,-0.04;
-0.29,0.44,-0.01;
-0.35,0.19,0.07;
-0.38,0.02,-0.11;
-0.25,0.02,0.25;
-0.32,0.01,-0.01;
-0.50,0.19,0.04;
-0.15,0.05,0.30;
-0.41,0.25,-0.19;
-0.38,0.07,-0.07;
-0.55,0.15,-0.10;
-0.48,-0.10,0.19;
-0.56,0.01,0.37;
-0.27,0.13,0.01;
-0.36,0.12,0.21;
-0.18,0.02,-0.05;
-0.16,0.30,-0.04;
-0.58,-0.05,0.07;
-0.42,0.09,0.24;
-0.50,0.07,0.22;
-0.36,0.15,-0.13;
-0.48,0.19,0.04;
-0.19,0.01,-0.01;
-0.47,0.27,0.05;
-0.27,0.04,-0.07;
-0.62,0.09,-0.04;
-0.45,0.24,0.08;
-0.30,0.21,0.22;
-0.24,0.04,0.16;
-0.53,0.04,0.15;
-0.64,0.10,0.02;
-0.38,-0.01,0.05;
-0.47,0.02,0.10;
-0.36,-0.02,-0.04;
-0.36,0.09,0.04;
-0.51,0.10,0.12;
-0.42,0.12,0.18;
-0.64,0.27,-0.02;
-0.18,0.10,0.05;
-0.19,0.01,0.08;
-0.53,0.02,0.02;
-0.50,0.05,-0.11;
-0.39,0.13,-0.13;
-0.67,0.16,-0.08;
-0.21,0.19,-0.05;
-0.24,0.44,-0.13;
-0.42,0.09,0.16;
-0.30,0.05,0.15;
-0.33,-0.01,0.02;
-0.51,0.04,0.16;
-0.21,0.05,0.10;
-0.32,0.02,0.18;
-0.50,0.21,-0.07;
-0.41,0.01,0.27;
-0.53,0.25,0.21;
-0.76,0.07,0.13;
-0.32,0.12,-0.01;
-0.30,0.07,0.13;
-0.21,0.04,-0.19;
-0.50,0.25,0.07;
-0.33,0.19,-0.07;
-0.53,0.21,0.04;
-0.44,0.10,-0.02;
-0.42,0.22,0.05;
-0.30,0.27,-0.10;
-0.42,0.15,-0.24;
-0.36,0.04,-0.21;
-0.56,-0.28,-0.04;
-0.30,0.22,-0.13;
-0.39,0.05,0.07;
-0.19,0.10,-0.30;
-0.12,0.27,-0.08;
-0.32,0.10,-0.11;
-0.29,0.25,0.12;
-0.53,0.01,-0.04;
-0.42,0.10,-0.01;
-0.25,0.27,0.02;
-0.51,0.27,-0.14;
-0.16,0.25,-0.05;
-0.21,0.19,0.10;
-0.30,0.15,-0.13;
-0.41,0.07,-0.08;
-0.25,0.15,0.12;
-0.47,0.24,0.01;
-0.58,0.38,0.08;
-0.35,0.07,0.07;
-0.39,0.12,-0.17;
-0.38,-0.01,-0.05;
-0.13,0.18,-0.10;
-0.24,0.07,-0.04;
-0.32,0.07,-0.02;
-0.39,0.28,0.07;
-0.35,0.30,0.16;
-0.22,0.34,0.10;
-0.47,0.13,-0.14;
-0.19,0.30,-0.16;
-0.38,0.22,0.05;
-0.35,0.07,-0.07;
-0.25,0.09,-0.13;
-0.12,0.18,0.05;
-0.18,0.21,-0.10;
-0.33,0.12,-0.07;
-0.29,0.04,-0.04;
-0.39,0.24,-0.08;
-0.29,0.12,0.08;
-0.47,0.24,-0.01;
-0.22,0.22,-0.10;
-0.06,0.27,0.01;
-0.10,0.12,0.04;
-0.30,0.09,0.15;
-0.36,0.04,-0.05;
-0.51,0.31,0.01;
-0.30,0.09,0.08;
-0.39,-0.04,0.01;
-0.19,0.12,-0.04;
-0.15,0.21,0.07;
-0.12,0.16,0.04;
-0.44,-0.01,0.12;
-0.38,0.02,-0.13;
-0.18,0.09,0.04;
-0.27,0.16,-0.07;
-0.27,0.07,-0.01;
-0.22,0.24,-0.17;
-0.19,0.34,0.12;
-0.21,0.19,-0.16;
-0.55,0.05,0.01;
-0.12,-0.02,0.02;
-0.42,0.09,0.16;
-0.30,0.07,-0.17;
-0.32,0.36,-0.05;
-0.29,0.09,-0.04;
-0.24,0.15,0.18;
-0.33,-0.01,-0.01;
-0.12,0.12,0.02;
-0.30,0.27,0.16;
-0.41,0.24,-0.14;
-0.16,0.24,0.10;
-0.45,0.13,0.05;
-0.22,-0.11,0.10;
-0.32,0.27,0.28;
-0.22,0.10,-0.01;
-0.36,0.25,0.19;
-0.33,0.15,-0.01;
-0.41,0.10,-0.11;
-0.42,0.16,-0.08;
-0.53,-0.14,-0.16;
-0.55,0.13,0.13;
-0.29,0.18,0.02;
-0.39,-0.04,0.04;
-0.21,-0.20,-0.07;
-0.51,0.02,0.15;
-0.25,0.30,-0.08;
-0.47,0.12,-0.02;
-0.25,0.10,-0.21;
-0.25,0.24,-0.04;
-0.29,0.25,-0.16;
-0.55,0.01,-0.08;
-0.19,0.05,0.05;
-0.27,0.21,-0.01;
-0.19,0.36,0.05;
-0.22,0.18,-0.07;
-0.56,0.18,0.07;
-0.36,0.01,-0.05;
-0.56,0.12,-0.22;
-0.21,0.12,0.15;
-0.30,0.27,-0.21;
-0.21,0.12,-0.39;
-0.25,0.02,-0.02;
-0.27,0.22,-0.08;
-0.24,0.07,-0.02;
-0.09,0.28,0.12;
-0.33,0.18,-0.10;
-0.45,0.12,0.12;
-0.35,0.07,0.07;
-0.39,0.07,0.18;
-0.27,0.16,-0.13;
-0.35,0.28,-0.01;
-0.47,0.15,-0.14;
-0.21,0.12,-0.10;
-0.33,0.21,-0.14;
-0.36,0.28,-0.01;
-0.10,0.30,0.02;
-0.24,0.28,0.10;
-0.38,0.13,0.08;
-0.06,0.16,0.12;
-0.33,0.18,-0.08;
-0.24,0.25,0.12;
-0.16,0.15,-0.13;
-0.41,0.07,0.15;
-0.16,0.34,-0.16;
-0.27,0.13,-0.13;
-0.41,0.13,0.08;
-0.29,0.28,-0.14;
-0.18,0.05,-0.11;
-0.47,0.27,0.12;
-0.51,0.10,0.08;
-0.36,-0.05,0.18;
-0.33,0.12,0.10;
-0.30,0.10,0.02;
-0.33,0.09,-0.25;
-0.45,0.27,-0.24;
-0.24,0.15,0.07;
-0.50,0.21,0.02;
-0.15,0.21,-0.05;
-0.42,0.22,-0.05;
-0.12,0.05,0.04;
-0.12,0.33,-0.14;
-0.30,0.21,-0.13;
-0.16,0.05,-0.22;
-0.24,0.24,-0.17;
-0.27,0.13,-0.11;
-0.45,0.25,0.01;
-0.24,0.13,0.02;
-0.30,0.22,0.16;
-0.30,-0.14,0.01;
-0.15,0.19,-0.11;
-0.44,0.33,-0.01;
-0.18,0.13,-0.11;
-0.18,0.05,0.12;
-0.12,-0.02,-0.16;
-0.22,0.10,-0.16;
-0.30,0.10,0.30;
-0.18,0.09,0.04;
-0.24,0.09,0.05;
-0.47,0.02,-0.11;
-0.45,0.01,0.16;
-0.38,-0.02,0.08;
-0.25,0.12,0.08;
-0.22,0.21,0.04;
-0.19,0.07,0.07;
-0.18,-0.05,-0.10;
-0.30,0.24,-0.10;
-0.50,0.13,0.01;
-0.09,0.09,-0.31;
-0.42,0.04,0.04;
-0.24,0.34,-0.05;
-0.21,0.21,0.05;
-0.19,0.22,0.02;
-0.27,0.21,0.12;
-0.15,0.19,0.18;
-0.38,0.42,-0.02;
-0.36,0.25,-0.08;
-0.25,0.39,0.02;
-0.32,0.15,-0.07;
-0.35,0.05,0.24;
-0.53,0.01,-0.02;
-0.12,0.24,0.18;
-0.15,0.18,-0.17;
-0.12,0.24,0.30;
-0.03,0.42,-0.11;
-0.04,0.33,0.10;
0.16,0.38,-0.05;
0.05,0.25,0.22;
0.00,0.18,-0.02;
0.16,-0.20,0.36;
0.29,-0.66,0.08;
0.20,-0.42,0.13;
0.58,0.01,0.39;
0.33,0.12,0.51;
-0.03,0.15,0.34;
0.05,0.16,0.65;
0.13,0.62,0.33;
0.51,1.20,0.41;
0.40,1.28,0.44;
0.14,1.03,0.31;
0.11,1.05,0.10;
0.34,1.06,0.13;
0.48,1.49,0.41;
0.40,1.72,0.41;
0.26,1.49,0.59;
0.37,1.64,0.04;
0.28,1.41,0.01;
0.28,1.63,0.02;
0.11,1.67,-0.01;
0.00,1.89,0.24;
0.00,2.27,0.28;
-0.33,2.19,0.71;
-0.35,2.12,0.13;
-0.41,2.24,0.07;
-0.35,2.18,0.12;
-0.25,2.25,-0.17;
-0.36,2.10,-0.17;
-0.36,2.04,-0.10;
-0.36,2.02,-0.07;
-0.48,2.04,0.28;
-0.38,1.66,0.10;
-0.35,1.84,-0.19;
-0.07,1.47,-0.08;
-0.32,1.34,-0.04;
-0.51,1.18,0.15;
-0.38,1.05,-0.05;
-0.18,1.18,0.07;
0.05,0.99,-0.11;
-0.04,1.09,0.22;
0.31,0.76,0.48;
-0.15,0.86,0.56;
-0.13,1.03,0.53;
-0.24,0.94,0.41;
0.04,0.88,0.31;
-0.15,1.03,0.25;
0.00,0.94,0.16;
0.04,0.74,0.08;
-0.24,0.88,0.04;
-0.10,1.06,0.18;
-0.13,1.11,0.25;
-0.01,1.14,-0.01;
-0.30,1.61,0.15;
-0.07,1.52,0.30;
0.02,1.21,0.16;
-0.06,1.31,0.15;
-0.01,1.40,0.37;
0.10,1.38,0.41;
-0.04,1.55,0.30;
-0.18,1.78,0.39;
-0.15,1.64,0.48;
-0.21,1.57,0.44;
-0.15,1.54,-0.01;
-0.10,1.11,0.19;
-0.18,1.00,0.02;
-0.13,1.12,-0.01;
-0.16,1.41,0.01;
-0.09,1.69,-0.10;
0.19,1.37,0.16;
-0.06,1.09,0.18;
-0.32,0.91,0.59;
-0.25,0.59,0.16;
-0.01,0.89,0.36;
0.04,0.45,0.22;
-0.15,0.63,0.19;
0.08,0.91,0.25;
-0.13,1.08,0.28;
-0.21,1.02,0.07;
-0.21,1.54,0.05;
0.00,1.28,0.53;
-0.13,1.18,0.28;
-0.36,1.18,0.34;
-0.30,1.31,0.31;
-0.19,1.52,0.07;
-0.21,1.46,0.34;
-0.25,1.37,0.28;
0.02,1.23,0.04;
-0.07,0.85,0.21;
0.02,1.05,0.25;
0.02,0.85,0.25;
0.14,0.94,0.41;
0.11,0.99,0.31;
-0.16,0.86,0.39;
0.19,0.56,0.41;
0.25,0.60,0.08;
0.05,0.56,0.15;
0.11,0.33,0.07;
0.23,0.30,0.39;
0.04,0.10,0.16;
0.08,-0.10,0.27;
-0.13,-0.08,0.12;
-0.01,0.10,0.25;
-0.01,0.04,0.08;
0.02,0.01,0.15;
-0.10,-0.05,-0.04;
0.04,-0.11,0.15;
-0.03,-0.16,0.05;
0.05,-0.28,0.10;
0.11,-0.48,0.13;
-0.04,-0.37,0.05;
0.04,-0.57,0.05;
0.07,-0.31,-0.02;
0.17,-0.40,0.15;
-0.04,-0.51,-0.16;
0.11,-0.54,0.05;
-0.07,-0.60,0.16;
-0.03,-0.72,0.02;
0.13,-0.79,0.02;
0.26,-1.06,0.22;
0.23,-0.95,0.24;
0.07,-0.80,-0.02;
-0.10,-0.95,-0.02;
0.00,-0.80,-0.07;
0.11,-0.95,0.18;
-0.15,-0.72,-0.05;
-0.09,-0.60,0.08;
0.13,-0.85,-0.36;
-0.03,-0.72,0.01;
-0.19,-0.68,0.12;
-0.13,-0.62,-0.13;
-0.15,-0.42,0.02;
0.02,-0.65,0.07;
-0.12,-0.46,-0.02;
-0.12,-0.56,0.10;
0.23,-0.45,-0.04;
0.02,-0.53,0.05;
0.10,-0.43,-0.08;
0.13,-0.43,0.30;
0.00,-0.54,0.21;
0.00,-0.53,0.12;
0.07,-0.65,0.08;
0.26,-0.65,-0.02;
0.19,-0.62,0.12;
0.36,-0.46,-0.37;
0.42,-0.54,-0.08;
0.48,-0.62,-0.19;
0.34,-0.62,-0.21;
0.45,-0.53,-0.01;
0.48,-0.40,0.33;
0.26,-0.59,0.22;
0.16,-0.39,0.42;
-0.07,-1.03,0.62;
-0.21,-1.12,0.42;
-0.24,-1.06,0.59;
-0.42,-1.18,0.27;
-0.36,-1.43,0.12;
-0.39,-1.66,0.10;
-0.48,-1.62,0.41;
-0.42,-1.72,0.25;
-0.36,-1.50,-0.14;
-0.59,-1.17,-0.07;
-0.29,-1.37,-0.25;
-0.42,-1.55,-0.39;
-0.32,-1.47,-0.30;
-0.15,-1.58,-0.59;
-0.10,-1.76,-0.86;
-0.07,-1.79,-0.91;
0.02,-1.85,-0.39;
0.26,-2.27,-0.56;
0.20,-2.16,-0.59;
0.23,-1.30,-0.39;
0.19,-1.15,-0.19;
0.14,-0.66,0.10;
-0.30,-0.11,0.04;
-0.42,0.24,0.12;
-0.25,0.57,0.04;
-0.38,0.65,-0.01;
-0.36,0.38,-0.02;
-0.39,0.48,-0.14;
-0.41,0.56,-0.14;
-0.21,0.42,-0.25;
-0.45,0.44,-0.04;
-0.39,0.39,0.13;
-0.24,0.62,0.02;
-0.24,0.28,0.19;
-0.36,0.15,0.31;
-0.47,0.47,0.44;
-0.56,0.74,0.01;
-0.35,0.41,0.13;
-0.21,0.19,0.01;
-0.16,0.13,-0.02;
-0.45,0.19,-0.05;
-0.45,-0.04,0.21;
-0.44,-0.01,0.12;
-0.44,0.02,-0.01;
-0.33,0.25,-0.08;
-0.47,0.02,0.12;
-0.64,-0.17,0.24;
-0.32,-0.19,0.21;
-0.51,-0.16,0.13;
-0.50,0.05,0.05;
-0.47,-0.20,0.13;
-0.39,-0.02,0.02;
-0.45,-0.04,0.01;
-0.50,0.04,0.24;
-0.42,-0.22,0.33;
-0.42,-0.27,-0.13;
-0.55,-0.17,0.33;
-0.50,-0.10,-0.21;
-0.65,-0.14,-0.16;
-0.62,-0.13,-0.05;
-0.71,0.16,0.01;
-0.77,-0.01,-0.07;
-0.59,-0.02,-0.05;
-0.50,-0.07,0.15;
-0.47,-0.16,0.24;
-0.79,-0.28,0.10;
-0.32,0.25,-0.02;
-0.50,0.25,-0.07;
-0.56,0.07,0.05;
-0.29,-0.01,0.27;
-0.42,0.31,-0.25;
-0.35,-0.11,0.07;
-0.45,-0.01,0.10;
-0.48,-0.13,-0.01;
-0.22,0.09,0.10;
-0.58,0.19,0.31;
-0.51,-0.05,0.18;
-0.53,-0.02,-0.07;
-0.39,0.05,-0.16;
-0.53,0.01,-0.02;
-0.42,0.05,-0.14;
-0.30,-0.08,0.12;
-0.21,-0.05,0.10;
-0.45,0.04,-0.19;
-0.38,0.02,0.02;
-0.45,-0.01,-0.17;
-0.56,0.05,0.08;
-0.30,-0.02,0.10;
-0.27,0.05,-0.02;
-0.35,-0.11,-0.04;
-0.44,0.22,0.18;
-0.25,0.15,0.12;
-0.47,0.25,0.01;
-0.16,0.07,0.01;
-0.47,0.10,0.27;
-0.35,0.09,-0.07;
-0.41,-0.16,-0.13;
-0.29,-0.17,-0.01;
-0.41,0.10,0.05;
-0.42,0.22,-0.22;
-0.56,0.10,-0.14;
-0.42,0.07,0.16;
-0.42,0.13,0.07;
-0.47,0.16,-0.19;
-0.38,0.18,0.02;
-0.24,0.05,0.10;
-0.50,0.19,0.10;
-0.27,-0.08,0.18;
-0.41,0.22,0.12;
-0.38,0.09,0.07;
-0.36,0.05,-0.08;
-0.41,0.09,0.18;
-0.19,0.34,0.02;
-0.21,0.04,-0.24;
-0.30,0.24,-0.10;
-0.42,0.13,-0.05;
-0.42,0.27,0.13;
-0.16,0.28,-0.13;
-0.41,0.22,0.02;
-0.47,0.19,0.13;
-0.30,0.18,0.04;
-0.25,0.13,-0.10;
-0.32,0.15,0.16;
-0.45,0.10,0.07;
-0.45,0.12,0.08;
-0.25,0.24,-0.11;
-0.36,0.07,-0.19;
-0.19,0.25,-0.14;
-0.32,0.13,0.24;
-0.39,-0.08,0.16;
-0.12,0.19,0.07;
-0.18,0.12,0.08;
-0.36,0.21,-0.01;
-0.39,0.01,0.02;
-0.30,0.25,-0.19;
-0.19,0.36,-0.05;
-0.44,0.21,-0.01;
-0.33,0.22,-0.08;
-0.27,0.05,0.12;
-0.33,0.02,-0.01;
-0.30,0.24,0.01;
-0.39,0.07,0.04;
-0.18,0.33,-0.07;
-0.13,0.12,-0.17;
-0.41,0.21,-0.33;
-0.24,0.33,-0.04;
-0.35,0.21,0.18;
-0.35,0.19,-0.01;
-0.24,0.25,-0.02;
-0.22,-0.05,-0.04;
-0.27,0.16,0.27;
-0.32,0.18,-0.07;
-0.39,-0.10,-0.19;
-0.30,0.16,-0.08;
-0.04,0.13,-0.02;
-0.38,0.04,0.08;
-0.09,0.21,0.28;
-0.06,0.16,-0.25;
-0.44,0.18,0.15;
-0.36,-0.05,-0.02;
-0.16,0.01,-0.16;
-0.15,0.19,-0.02;
-0.25,0.13,-0.13;
-0.41,0.25,-0.02;
-0.35,-0.01,-0.14;
-0.45,0.16,-0.08;
-0.13,0.10,-0.02;
-0.30,0.18,0.10;
-0.30,0.27,-0.10;
-0.30,0.15,0.31;
-0.15,0.15,0.08;
-0.10,0.18,-0.14;
-0.39,-0.19,-0.13;
-0.24,0.04,-0.08;
-0.18,0.13,0.07;
-0.35,0.05,0.13;
-0.19,0.07,-0.10;
-0.27,0.18,-0.05;
-0.18,0.07,-0.16;
-0.41,0.31,0.16;
-0.21,0.10,-0.11;
-0.18,0.25,-0.10;
-0.29,0.25,-0.04;
-0.22,0.04,-0.04;
-0.29,0.24,-0.07;
-0.22,0.21,-0.05;
-0.24,0.24,-0.22;
-0.35,0.13,0.10;
-0.27,0.21,0.05;
-0.39,0.21,0.28;
-0.16,0.24,0.18;
-0.24,0.10,-0.08;
-0.06,0.33,0.12;
-0.07,0.31,0.21;
-0.44,0.12,0.13;
-0.18,0.10,0.12;
-0.38,-0.01,0.16;
-0.33,0.02,-0.01;
-0.32,-0.10,0.04;
-0.24,0.28,-0.17;
-0.19,0.31,0.12;
-0.39,0.01,0.21;
-0.39,0.13,-0.10;
-0.25,0.28,0.02;
-0.21,0.07,-0.17;
-0.24,0.31,0.08;
-0.25,0.31,0.01;
-0.15,0.15,-0.01;
-0.22,0.09,-0.02;
-0.35,0.07,-0.08;
-0.19,0.47,-0.13;
-0.18,0.39,-0.30;
-0.25,0.07,0.24;
-0.15,-0.02,-0.02;
-0.32,0.09,-0.05;
-0.29,0.16,-0.04;
-0.38,-0.01,0.08;
-0.27,0.10,-0.08;
-0.16,0.01,0.15;
-0.15,0.24,0.01;
-0.16,0.13,-0.08;
-0.18,0.21,0.07;
-0.12,0.42,0.19;
-0.13,0.41,0.01;
-0.38,0.05,0.13;
-0.32,0.47,-0.17;
-0.36,0.22,-0.11;
-0.29,0.10,0.07;
-0.41,-0.02,0.10;
-0.25,0.24,-0.11;
-0.24,0.21,0.24;
-0.25,0.21,0.01;
0.04,0.05,-0.16;
-0.33,0.27,-0.17;
-0.21,0.21,-0.11;
-0.29,0.04,0.04;
-0.06,0.36,0.05;
-0.04,0.10,-0.05;
-0.24,0.10,0.16;
-0.32,0.12,-0.05;
-0.35,0.02,0.12;
-0.19,0.27,-0.11;
-0.50,0.22,-0.11;
-0.13,0.38,-0.04;
-0.33,0.22,0.01;
-0.24,0.30,-0.10;
-0.24,0.10,-0.24;
-0.35,0.21,0.10;
-0.22,0.22,0.05;
-0.18,0.21,0.07;
-0.22,0.15,0.01;
-0.25,-0.04,-0.01;
-0.33,0.07,-0.02;
-0.07,0.19,-0.21;
-0.12,0.27,-0.17;
-0.32,0.18,0.19;
-0.33,0.13,-0.07;
-0.27,0.19,0.05;
-0.24,0.42,0.15;
-0.24,0.01,0.01;
0.02,0.07,0.05;
-0.24,0.33,-0.08;
-0.29,0.21,-0.22;
-0.30,0.19,0.01;
-0.21,0.05,-0.11;
-0.32,0.24,-0.05;
-0.12,0.21,-0.27;
-0.06,0.39,0.12;
-0.24,0.18,-0.10;
-0.24,0.28,-0.05;
-0.15,0.41,0.15;
-0.25,0.02,0.04;
-0.30,0.15,0.01;
-0.06,0.12,-0.05;
-0.24,0.16,-0.07;
-0.15,0.21,0.16;
-0.32,0.09,-0.01;
-0.48,0.16,0.22;
-0.39,0.54,-0.21;
-0.27,0.33,-0.04;
-0.15,0.01,0.10;
-0.21,0.34,-0.04;
-0.45,0.30,0.28;
0.04,0.50,-0.08;
-0.19,0.31,0.05;
-0.21,0.21,0.04;
-0.33,0.19,-0.05;
-0.32,0.02,0.05;
-0.19,0.36,0.02;
-0.29,0.39,-0.13;
-0.12,0.16,-0.11;
-0.29,0.19,0.04;
-0.22,0.28,0.05;
-0.19,0.04,-0.05;
-0.24,0.22,0.22;
-0.24,0.13,0.01;
-0.24,0.07,0.10;
-0.24,0.07,-0.02;
-0.24,0.25,-0.08;
-0.29,0.09,-0.04;
-0.24,0.15,-0.04;
-0.15,0.22,0.01;
-0.42,0.47,-0.01;
-0.21,0.21,0.25;
-0.15,0.18,-0.02;
-0.29,0.09,0.13;
-0.38,0.16,-0.04;
-0.36,-0.02,-0.04;
-0.36,0.25,0.47;
-0.22,0.12,-0.01;
-0.29,0.28,-0.01;
-0.25,0.12,-0.10;
-0.13,0.16,-0.04;
-0.04,0.44,-0.02;
-0.33,0.05,0.16;
-0.21,0.12,0.15;
-0.30,-0.04,-0.07;
-0.27,0.15,0.01;
-0.24,0.05,0.01;
-0.30,0.12,-0.10;
-0.07,0.22,0.01;
-0.18,0.22,-0.01;
-0.27,0.18,0.28;
-0.41,0.16,-0.04;
-0.18,0.31,-0.04;
-0.13,0.33,-0.02;
-0.21,0.16,-0.01;
-0.30,0.02,-0.04;
-0.25,0.24,0.12;
-0.33,0.09,-0.17;
-0.32,0.25,-0.10;
-0.27,-0.08,0.01;
-0.22,0.16,-0.19;
-0.24,0.44,0.05;
-0.22,0.25,-0.04;
-0.16,0.41,-0.01;
-0.25,0.02,-0.10;
-0.13,0.27,0.04;
-0.10,0.05,-0.01;
-0.25,0.28,0.05;
-0.22,0.39,-0.07;
-0.36,0.18,-0.05;
-0.25,0.05,-0.01;
-0.25,0.24,0.02;
-0.35,0.01,-0.08;
-0.18,0.19,-0.01;
-0.25,0.21,0.10;
-0.30,0.16,0.15;
-0.22,0.19,-0.08;
-0.25,0.12,-0.05;
-0.36,0.10,0.21;
-0.29,0.12,0.18;
-0.16,0.25,0.04;
-0.12,0.28,-0.10;
-0.35,0.31,-0.13;
-0.06,0.30,0.02;
-0.32,0.19,0.15;
-0.32,0.19,0.10;
-0.18,0.57,0.04;
-0.33,0.05,0.30;
-0.27,0.16,0.08;
-0.15,0.15,-0.22;
-0.13,0.24,-0.02;
-0.06,0.13,0.22;
-0.12,0.18,-0.05;
-0.22,0.15,0.25;
-0.21,0.21,-0.07;
-0.09,0.16,0.15;
-0.13,0.21,0.07;
-0.13,0.27,-0.13;
-0.36,0.01,0.10;
-0.27,0.16,-0.04;
-0.50,0.16,0.21;
-0.21,0.09,0.13;
-0.30,0.22,-0.19;
-0.22,0.19,-0.24;
-0.22,0.27,0.22;
-0.25,0.13,0.02;
-0.15,0.22,0.07;
-0.10,0.09,0.34;
-0.16,-0.11,0.25;
-0.16,0.31,-0.10;
-0.15,0.22,0.07;
-0.33,0.16,0.05;
-0.42,0.18,0.04;
-0.25,0.25,-0.17;
-0.27,0.25,-0.02;
-0.12,-0.01,-0.04;
-0.21,0.22,0.15;
-0.29,0.02,0.16;
-0.22,0.31,0.13;
-0.33,-0.01,-0.13;
-0.25,-0.19,0.21;
-0.30,0.27,0.12;
-0.18,0.10,0.04;
-0.13,0.24,0.10;
-0.42,0.24,0.08;
-0.03,0.15,0.02;
-0.29,0.19,0.04;
-0.33,0.18,-0.10;
-0.12,0.10,0.05;
-0.27,0.09,0.24;
-0.16,-0.08,0.25;
-0.16,0.19,0.05;
-0.27,0.34,0.13;
-0.29,0.18,0.22;
-0.13,0.24,-0.07;
-0.44,0.12,0.02;
-0.29,0.05,0.01;
-0.27,0.34,0.31;
-0.39,0.50,0.01;
-0.27,0.13,0.07;
-0.44,0.22,0.15;
-0.13,0.28,0.16;
-0.12,0.31,0.28;
-0.33,0.51,0.30;
-0.48,0.36,0.21;
-0.18,0.47,0.08;
-0.13,0.51,0.08;
-0.01,0.77,0.10;
-0.19,0.65,0.22;
-0.32,1.06,-0.02;
0.29,0.53,0.28;
0.77,-0.16,0.28;
0.84,-0.63,0.04;
0.34,-1.04,-0.05;
0.07,-1.08,-0.07;
0.14,-0.75,0.22;
0.48,-0.68,0.68;
0.26,0.04,0.68;
-0.16,0.47,0.44;
-0.09,0.54,0.24;
0.45,0.31,0.19;
0.71,0.10,0.42;
1.18,0.62,0.05;
1.33,0.74,0.25;
1.29,0.54,0.39;
0.46,0.53,0.41;
0.65,0.79,-0.04;
0.71,1.29,-0.25;
0.58,1.41,-0.54;
0.04,1.70,-0.24;
-0.22,1.81,0.12;
0.07,2.91,-0.17;
-0.16,3.37,-0.16;
0.10,3.29,-0.08;
0.14,3.34,-0.24;
-0.12,2.79,0.34;
-0.42,2.92,0.02;
-0.21,3.02,0.18;
-0.19,2.77,-0.22;
0.39,3.38,-0.42;
0.14,3.40,-0.22;
-0.12,3.18,0.30;
-0.38,2.77,-0.16;
-0.22,2.68,0.12;
-0.30,2.65,-0.13;
0.08,2.16,0.18;
0.26,1.99,-0.21;
0.19,2.04,-0.24;
0.29,1.86,0.08;
0.31,1.86,0.21;
-0.01,2.01,0.18;
-0.01,1.40,-0.14;
-0.35,1.25,-0.21;
-0.12,1.32,-0.04;
-0.06,1.57,0.15;
-0.16,1.70,-0.08;
-0.21,1.83,0.07;
0.29,2.10,0.13;
0.43,1.70,0.27;
0.00,1.35,0.13;
0.08,1.44,0.05;
0.05,1.60,0.07;
0.16,2.10,0.15;
-0.06,2.71,0.27;
0.16,2.94,0.22;
0.13,2.92,0.08;
0.00,2.96,0.25;
0.17,3.09,0.34;
0.29,3.11,0.39;
0.25,3.40,0.18;
0.05,3.21,0.54;
0.11,3.06,0.34;
0.34,2.36,0.10;
0.13,2.02,0.05;
0.00,1.78,-0.16;
-0.09,1.92,-0.01;
0.07,1.83,-0.04;
0.08,1.43,0.27;
0.14,1.41,-0.02;
-0.35,1.32,0.02;
-0.27,0.82,0.24;
-0.29,0.57,0.19;
-0.56,0.62,0.45;
-0.48,0.41,0.34;
-0.44,0.51,0.37;
-0.55,0.48,0.27;
-0.53,0.67,0.18;
-0.41,0.47,0.27;
-0.65,0.45,0.48;
-0.55,0.71,0.13;
-0.64,0.57,0.15;
-0.76,0.82,0.19;
-0.42,0.53,0.16;
-0.65,0.41,0.13;
-0.58,0.51,0.12;
-0.62,0.41,0.31;
-0.48,0.48,-0.05;
-0.61,0.48,0.10;
-0.56,0.63,0.04;
-0.39,0.39,0.12;
-0.68,0.28,0.13;
-0.56,0.15,0.24;
-0.44,0.44,0.01;
-0.39,0.12,0.25;
-0.22,0.19,0.30;
-0.33,0.04,0.01;
-0.12,0.02,0.07;
-0.53,0.02,0.21;
-0.29,0.05,0.25;
-0.45,0.09,0.19;
-0.41,0.13,-0.02;
-0.39,0.25,-0.05;
-0.19,-0.10,0.08;
-0.21,0.18,-0.04;
-0.21,0.02,0.10;
-0.27,-0.01,-0.07;
-0.07,0.12,0.02;
-0.12,0.05,0.18;
-0.41,-0.42,0.02;
-0.44,-0.19,0.05;
-0.67,-0.39,0.30;
-0.30,-0.60,0.44;
-0.32,-0.51,0.10;
-0.30,-0.63,0.25;
-0.36,-0.49,0.31;
-0.56,-0.68,0.31;
-0.25,-0.75,0.21;
-0.12,-0.72,-0.02;
-0.09,-0.53,-0.51;
-0.15,-0.68,-0.42;
0.19,-0.95,-0.17;
-0.09,-1.06,0.19;
-0.06,-1.15,-0.27;
0.07,-1.27,-0.08;
-0.01,-1.29,-0.28;
-0.03,-1.23,-0.17;
-0.03,-1.20,-0.17;
-0.10,-1.09,0.15;
-0.18,-0.95,-0.33;
-0.24,-0.83,-0.19;
-0.18,-0.40,-0.10;
-0.32,-0.36,0.10;
-0.10,-0.62,0.04;
-0.01,-0.75,0.15;
-0.01,-0.82,0.05;
0.05,-0.86,-0.11;
-0.16,-1.03,-0.50;
-0.01,-1.30,-0.25;
-0.13,-1.62,-0.34;
-0.06,-1.81,-0.39;
-0.07,-1.96,-0.34;
-0.01,-2.07,-0.21;
0.22,-1.78,0.18;
0.05,-1.55,0.24;
-0.15,-1.47,-0.16;
0.04,-1.61,0.07;
0.17,-1.64,0.04;
0.26,-1.93,0.18;
0.16,-2.37,0.18;
-0.13,-2.51,0.44;
0.00,-2.48,0.01;
-0.09,-2.14,-0.11;
0.22,-2.30,-0.16;
0.11,-2.33,-0.43;
0.29,-2.54,-0.33;
0.25,-2.53,-0.30;
0.17,-2.30,-0.14;
0.05,-2.53,-0.17;
-0.38,-2.48,-0.07;
-0.48,-2.39,-0.22;
-0.45,-1.93,-0.19;
-0.61,-2.14,-0.37;
-0.42,-1.99,-0.33;
-0.62,-1.88,-0.43;
-0.62,-1.70,-0.39;
-0.25,-1.47,-0.19;
-0.50,-1.23,-0.40;
-0.35,-0.95,-0.22;
-0.61,-0.82,-0.24;
-0.56,-0.37,-0.07;
-0.56,-0.05,-0.08;
-0.47,0.48,-0.56;
-0.67,0.54,-0.01;
-0.61,0.50,-0.28;
-0.67,0.39,-0.11;
-0.59,0.24,0.18;
-0.51,0.42,0.13;
-0.62,0.38,0.02;
-0.58,0.15,0.07;
-0.48,0.10,0.19;
-0.09,0.13,0.13;
-0.22,0.24,0.13;
-0.30,0.44,-0.05;
-0.15,0.48,0.01;
-0.21,0.45,-0.16;
-0.38,-0.10,-0.30;
-0.35,-0.07,-0.37;
-0.10,0.15,0.10;
-0.30,-0.11,0.01;
-0.13,0.18,0.05;
-0.55,-0.16,-0.02;
-0.36,-0.01,0.15;
-0.25,0.02,0.07;
-0.16,-0.10,0.24;
-0.30,-0.07,0.15;
-0.62,-0.17,-0.05;
-0.29,0.05,0.19;
-0.64,0.22,0.22;
-0.27,0.22,-0.14;
-0.29,0.21,0.24;
-0.24,-0.14,0.27;
-0.44,-0.05,0.30;
-0.48,0.25,0.19;
-0.32,0.19,0.13;
-0.45,0.31,0.13;
-0.47,0.16,0.16;
-0.29,0.25,0.57;
-0.48,-0.01,0.24;
-0.32,0.16,-0.10;
-0.29,0.13,0.18;
-0.13,0.22,0.21;
-0.50,0.22,-0.02;
-0.12,-0.13,-0.01;
-0.41,0.25,0.22;
-0.50,-0.27,0.18;
-0.19,0.13,0.16;
-0.25,0.10,0.15;
-0.53,0.05,0.19;
-0.32,0.12,0.25;
-0.44,-0.16,-0.04;
-0.42,0.01,-0.08;
-0.25,0.04,0.24;
-0.33,0.05,0.28;
-0.35,0.42,0.05;
-0.36,-0.17,0.07;
-0.19,0.12,0.24;
-0.38,-0.02,-0.16;
-0.47,0.05,0.10;
-0.27,0.15,0.24;
-0.16,0.13,0.02;
-0.35,0.15,0.18;
-0.32,0.13,0.24;
-0.22,-0.01,0.19;
-0.50,0.01,-0.04;
-0.44,0.15,-0.02;
-0.36,0.24,0.02;
-0.35,0.10,0.10;
-0.27,0.28,-0.14;
-0.38,-0.04,0.25;
-0.22,0.09,0.24;
-0.39,0.22,0.31;
-0.39,0.04,-0.07;
-0.47,0.02,0.44;
-0.42,0.27,0.05;
-0.53,0.04,0.21;
-0.36,0.10,0.04;
-0.30,0.36,0.19;
-0.22,0.09,0.25;
-0.12,0.24,0.01;
-0.32,-0.05,0.01;
-0.24,0.10,0.10;
-0.16,0.50,0.13;
-0.36,0.15,0.15;
-0.41,0.21,0.04;
-0.38,0.15,-0.22;
-0.30,-0.10,-0.16;
-0.38,0.13,0.05;
-0.38,0.15,0.05;
-0.25,0.19,0.02;
-0.24,0.18,0.31;
-0.12,0.19,0.05;
-0.22,0.25,0.19;
-0.42,-0.01,0.05;
-0.19,0.18,0.05;
-0.33,0.27,0.02;
-0.25,0.21,0.54;
-0.32,0.12,0.31;
-0.36,0.09,-0.02;
-0.21,0.25,0.02;
-0.38,0.41,0.05;
-0.10,0.24,0.12;
-0.30,0.18,0.25;
-0.19,0.25,0.24;
-0.25,0.13,0.18;
-0.16,0.07,0.02;
-0.41,0.10,0.15;
-0.39,-0.05,0.02;
-0.39,0.24,0.01;
-0.24,0.50,0.22;
-0.45,0.24,0.18;
-0.36,0.16,-0.22;
-0.18,0.28,-0.01;
-0.19,-0.08,0.02;
-0.36,0.12,-0.13;
-0.19,0.16,0.30;
-0.35,0.05,0.15;
-0.19,0.18,0.07;
-0.29,0.25,0.16;
-0.22,0.13,-0.17;
-0.30,0.18,-0.05;
-0.12,-0.01,0.04;
-0.21,0.28,0.05;
-0.13,0.09,0.25;
-0.09,0.19,0.08;
-0.33,0.28,0.16;
-0.16,-0.01,0.27;
-0.06,0.38,-0.01;
-0.04,0.15,0.18;
-0.25,0.31,0.21;
-0.25,0.15,0.15;
-0.13,0.21,-0.02;
-0.12,0.22,-0.11;
-0.04,0.30,0.08;
0.05,0.34,0.07;
-0.21,0.28,0.04;
-0.12,0.21,0.12;
-0.15,0.13,-0.10;
-0.29,0.30,0.08;
-0.45,0.27,0.05;
-0.04,0.27,0.15;
-0.19,0.02,-0.01;
-0.30,0.07,0.16;
0.13,0.27,0.19;
-0.29,0.15,-0.05;
-0.13,0.13,0.12;
-0.29,0.30,0.24;
-0.18,0.41,-0.08;
-0.29,0.16,0.12;
-0.16,0.16,0.19;
-0.09,0.24,-0.10;
-0.10,0.09,0.02;
-0.13,0.36,0.13;
0.07,0.38,0.02;
-0.33,-0.05,0.07;
0.07,0.28,-0.10;
-0.24,0.04,-0.08;
-0.15,0.05,0.21;
-0.36,-0.02,0.12;
-0.16,0.22,0.08;
0.05,0.21,0.27;
0.00,0.34,0.18;
-0.12,0.24,0.13;
-0.21,0.27,-0.14;
0.00,0.38,0.25;
-0.09,0.25,0.05;
0.02,0.19,-0.11;
-0.21,0.38,-0.02;
-0.18,0.19,0.19;
-0.29,0.15,-0.04;
-0.18,0.16,0.01;
-0.03,0.47,0.18;
-0.10,0.31,0.04;
-0.18,-0.05,0.05;
-0.15,0.31,-0.02;
-0.15,0.13,-0.01;
-0.12,-0.02,0.01;
0.02,0.24,-0.10;
-0.25,0.13,0.10;
-0.27,0.13,0.07;
-0.12,0.38,-0.16;
-0.15,0.21,-0.05;
-0.07,0.12,-0.24;
-0.12,0.19,0.15;
-0.15,0.15,-0.07;
-0.16,0.27,0.25;
-0.22,0.15,0.12;
-0.04,0.13,0.15;
-0.22,0.31,0.12;
-0.04,0.51,-0.13;
-0.27,0.45,0.15;
-0.24,0.22,-0.05;
-0.25,0.02,0.04;
-0.06,0.30,0.16;
-0.10,0.27,0.21;
-0.22,0.28,0.10;
-0.21,0.18,0.05;
-0.18,0.36,0.01;
-0.19,0.25,0.07;
-0.12,0.09,-0.05;
-0.25,0.16,0.07;
-0.15,0.02,-0.05;
-0.30,0.30,0.19;
-0.18,0.02,-0.10;
-0.19,0.18,0.12;
-0.13,0.31,0.02;
-0.12,0.34,0.01;
-0.32,0.15,-0.13;
-0.15,0.33,-0.05;
-0.18,0.24,0.10;
-0.01,0.19,0.18;
-0.29,0.13,0.12;
-0.10,0.28,-0.05;
-0.27,0.18,-0.01;
-0.38,0.27,-0.04;
-0.30,0.19,0.13;
-0.36,0.41,0.13;
-0.03,0.27,-0.14;
-0.18,0.19,0.19;
-0.21,0.07,0.02;
-0.18,0.22,0.13;
-0.19,0.42,-0.02;
-0.35,0.27,0.18;
-0.18,0.07,0.12;
-0.16,0.25,0.16;
-0.42,0.28,0.01;
-0.21,0.21,-0.05;
-0.35,-0.02,0.16;
-0.12,0.15,0.13;
-0.33,0.10,-0.05;
0.00,0.12,0.02;
-0.25,0.02,0.01;
-0.07,0.36,0.07;
-0.19,0.27,0.08;
-0.16,0.28,0.01;
-0.07,-0.02,-0.13;
-0.32,0.31,0.10;
-0.16,0.15,0.27;
-0.25,0.24,-0.11;
-0.07,0.15,0.16;
-0.06,0.13,-0.14;
-0.12,0.13,-0.01;
-0.30,0.19,0.04;
-0.03,0.24,0.15;
-0.10,0.15,0.04;
-0.27,0.19,0.15;
-0.03,0.18,0.02;
0.08,0.28,-0.07;
-0.06,0.19,0.05;
-0.36,0.31,0.07;
-0.19,0.21,-0.22;
-0.04,0.28,0.01;
-0.04,0.27,-0.10;
-0.01,0.31,0.04;
-0.03,0.21,0.08;
-0.19,0.07,0.07;
-0.39,0.24,0.15;
-0.33,0.15,-0.01;
-0.09,0.13,0.10;
-0.19,0.24,0.18;
-0.22,0.28,-0.05;
-0.12,0.30,0.08;
-0.09,0.25,0.15;
-0.32,0.24,0.22;
-0.07,0.47,-0.08;
-0.01,0.24,0.18;
-0.19,0.30,0.12;
-0.22,0.25,0.21;
-0.13,0.39,0.02;
-0.13,-0.02,0.04;
-0.07,0.19,0.25;
-0.06,0.05,0.13;
-0.18,0.01,-0.13;
-0.24,0.16,0.19;
-0.15,0.04,0.30;
-0.12,0.16,0.18;
-0.38,0.27,-0.01;
-0.18,0.15,0.13;
-0.10,0.22,-0.19;
-0.21,0.12,-0.01;
-0.10,0.38,0.13;
-0.41,0.18,0.08;
-0.21,0.09,-0.10;
-0.25,-0.39,0.57;
-0.36,-0.13,-0.22;
-0.38,-0.01,-0.16;
-1.16,-0.53,1.60;
-0.04,0.12,1.73;
-0.70,-0.13,0.08;
-0.27,0.38,0.05;
-0.18,0.30,-0.07;
-0.15,0.34,0.15;
-0.22,0.12,-0.11;
-0.21,0.41,0.05;
-0.29,0.45,0.07;
-0.22,0.30,0.22;
-0.36,0.16,0.12;
1.18,1.64,-4.16;
0.69,-0.74,1.08;
-7.49,-6.30,24.13;
2.52,5.63,-6.54;
0.86,0.92,-2.46;
0.29,-0.05,0.25;
0.05,-0.02,0.33;
0.16,-0.20,0.53;
0.20,0.18,0.33;
0.07,0.34,0.07;
-0.29,0.12,-0.11;
-0.06,0.27,0.05;
-0.03,0.18,0.01;
-0.04,0.22,0.02;
-0.25,0.16,0.02;
-0.32,0.39,0.18;
-0.04,0.30,-0.14;
-0.22,0.16,0.08;
-0.15,0.31,0.08;
0.07,0.16,-0.01;
-0.13,0.21,-0.11;
-0.16,0.16,0.02;
-0.04,0.22,-0.04;
-0.10,0.38,0.05;
-0.10,0.38,0.18;
-0.25,0.16,-0.08;
-0.01,0.12,-0.05;
-0.15,0.36,0.12;
-0.10,0.12,0.07;
-0.25,0.16,0.05;
-0.35,0.33,0.07;
-0.29,0.39,0.05;
-0.32,0.22,0.07;
-0.25,0.12,0.13;
-0.13,0.07,0.24;
-0.19,0.10,0.41;
-0.06,0.24,0.24;
-0.13,0.42,-0.01;
-0.30,0.12,0.12;
-0.18,0.22,0.19;
-0.21,0.24,0.12;
-0.09,0.18,0.19;
-0.06,0.22,-0.05;
-0.15,0.38,-0.02;
-0.29,0.19,0.27;
-0.22,0.02,0.18;
-0.18,0.19,0.08;
-0.22,0.45,0.19;
-0.18,0.05,0.04;
-0.03,0.30,-0.02;
-0.01,0.25,-0.04;
-0.22,0.16,-0.16;
-0.38,0.15,0.18;
-0.19,0.19,0.16;
-0.22,0.38,0.22;
-0.07,0.12,0.05;
-0.27,0.27,0.19;
-0.25,-0.01,0.04;
-0.19,0.34,-0.05;
-0.07,0.16,0.31;
-0.29,0.39,0.24;
-0.25,0.25,0.22;
-0.09,0.21,0.08;
-0.06,0.04,0.13;
-0.21,0.24,0.07;
-0.32,0.10,0.07;
-0.33,0.21,0.07;
-0.35,-0.04,0.27;
-0.29,0.21,-0.05;
-0.36,0.19,0.15;
0.08,0.19,0.18;
0.04,0.42,-0.08;
-0.25,0.19,0.02;
-0.09,0.28,0.21;
-0.09,0.30,0.25;
-0.06,0.30,0.01;
-0.13,0.39,-0.02;
-0.04,0.19,0.13;
-0.18,0.30,-0.07;
-0.13,0.36,0.16;
-0.16,0.18,-0.08;
-0.10,0.38,0.02;
-0.09,0.44,-0.08;
-0.12,0.15,0.08;
-0.16,0.22,-0.08;
-0.21,0.27,0.01;
-0.09,0.27,-0.04;
-0.15,0.38,-0.07;
-0.18,0.24,-0.02;
-0.19,0.12,0.08;
-0.18,0.18,0.16;
-0.10,0.21,0.07;
-0.27,0.39,0.02;
-0.21,0.19,0.13;
-0.29,-0.04,-0.04;
-0.07,0.15,0.18;
0.04,0.24,0.08;
0.07,0.25,-0.01;
-0.18,0.28,-0.07;
-0.29,0.33,0.25;
-0.35,0.48,0.19;
-0.16,0.38,0.02;
-0.09,0.18,0.36;
-0.27,0.24,0.24;
-0.29,0.39,0.10;
-0.09,0.04,0.01;
-0.30,0.10,0.22;
-0.19,0.12,-0.05;
-0.27,0.15,-0.16;
-0.33,0.24,-0.08;
-0.30,0.01,0.08;
-0.41,0.12,0.22;
-0.55,0.04,0.30;
-0.10,0.24,0.05;
-0.32,0.07,-0.04;
-0.42,0.07,0.13;
-0.39,0.09,-0.04;
-0.70,-0.14,0.10;
-0.19,0.36,-0.10;
-0.13,0.47,-0.05;
-0.19,0.50,-0.05;
-0.13,0.15,0.07;
-0.19,0.24,0.13;
-0.21,0.27,0.27;
-0.07,0.18,0.08;
-0.18,0.31,0.01;
0.02,-0.14,0.05;
-0.12,-0.07,0.04;
-0.12,0.28,-0.04;
-0.21,0.31,0.05;
-0.22,0.22,-0.02;
-0.10,0.22,0.25;
-0.13,0.13,0.36;
-0.18,0.16,0.02;
-0.16,0.15,0.15;
-0.06,0.45,0.13;
-0.04,0.19,0.19;
-0.04,0.01,0.22;
-0.01,0.22,0.15;
-0.30,0.25,0.15;
-0.09,0.28,0.04;
-0.16,0.25,-0.07;
-0.12,0.38,0.25;
0.05,0.47,-0.10;
0.02,0.47,0.28;
-0.15,0.36,0.28;
-0.24,0.82,0.27;
-0.19,0.36,0.07;
0.00,0.57,0.19;
0.02,0.62,0.18;
0.13,0.62,0.31;
0.17,0.74,-0.01;
0.39,0.34,0.27;
0.66,0.70,1.20;
1.18,-0.17,0.44;
0.98,-0.72,0.22;
0.87,-1.82,-0.10;
1.29,-1.61,-0.14;
0.83,-0.66,-0.14;
0.58,-0.22,0.01;
-0.19,-0.10,-0.02;
-0.27,0.21,-0.83;
-0.09,0.31,-0.95;
0.02,0.45,-0.63;
0.52,0.73,-0.10;
0.58,1.14,0.22;
1.12,1.69,0.42;
1.07,1.89,0.60;
1.03,1.75,0.76;
0.72,1.28,0.68;
0.34,0.94,0.22;
0.11,1.06,0.27;
-0.07,1.49,0.18;
-0.12,1.60,0.08;
-0.47,1.64,-0.17;
-0.35,1.63,0.05;
-0.13,1.78,-0.22;
-0.04,2.88,0.36;
-0.35,3.34,0.42;
-0.32,3.00,0.45;
-0.27,3.05,0.63;
-0.15,2.96,0.30;
0.00,2.82,0.42;
-0.39,2.45,0.47;
-0.36,1.95,0.97;
-0.24,2.48,0.51;
0.11,3.02,0.19;
0.34,3.25,0.15;
0.02,2.97,0.02;
0.07,2.70,0.25;
0.00,2.22,0.48;
-0.03,2.13,0.22;
0.13,2.07,0.28;
0.13,2.22,0.22;
0.28,2.04,0.36;
0.07,1.73,0.12;
0.36,1.49,0.01;
0.17,1.37,0.12;
0.42,1.69,0.30;
0.28,1.38,0.33;
0.20,1.26,0.05;
0.43,1.08,0.22;
0.28,1.18,0.13;
0.22,1.61,0.16;
0.23,1.26,-0.04;
0.48,1.32,0.13;
0.62,1.41,0.15;
0.62,1.69,-0.01;
0.28,1.51,0.12;
0.33,1.32,0.19;
0.28,1.29,0.19;
0.07,1.60,0.21;
0.20,1.96,0.24;
-0.06,2.04,0.42;
0.26,2.12,0.31;
0.11,1.75,0.36;
0.20,1.44,0.19;
0.29,1.96,0.36;
0.10,2.25,0.36;
0.08,2.68,0.42;
-0.06,2.68,0.42;
0.08,2.51,0.39;
-0.03,2.05,0.48;
-0.13,1.67,0.31;
0.00,1.38,0.13;
-0.16,1.34,-0.02;
0.11,1.69,-0.04;
0.07,1.72,0.08;
0.08,1.67,0.16;
-0.18,1.12,0.34;
-0.45,0.92,0.25;
-0.29,0.67,0.30;
-0.41,0.70,-0.08;
-0.41,0.80,-0.02;
-0.29,0.89,-0.14;
-0.25,1.05,0.10;
0.07,1.23,-0.07;
0.54,1.63,-0.33;
0.40,1.76,-0.33;
0.39,1.80,-0.28;
0.29,1.96,-0.10;
-0.01,1.96,-0.16;
0.16,2.01,-0.21;
0.11,1.96,-0.17;
-0.16,2.05,-0.43;
-0.12,1.83,-0.53;
-0.01,1.75,-0.14;
-0.18,1.37,-0.17;
-0.09,1.40,-0.07;
0.02,1.32,0.22;
0.20,1.21,0.08;
0.25,0.79,0.05;
0.28,1.08,-0.14;
-0.01,0.83,-0.39;
0.14,0.63,-0.37;
0.14,0.45,-0.31;
0.25,0.12,-0.28;
0.25,0.09,-0.53;
0.16,0.25,-0.45;
0.05,-0.08,-0.22;
-0.04,-0.20,-0.01;
-0.24,-0.19,0.18;
-0.25,-0.37,0.19;
-0.39,-0.30,0.13;
-0.74,-0.37,-0.08;
-0.61,-0.59,0.08;
-0.68,-0.48,-0.01;
0.13,-0.13,0.13;
-1.09,-0.71,1.17;
-1.64,-1.17,1.11;
-5.90,-6.34,8.83;
-11.25,-9.03,13.79;
-0.94,-0.49,-0.05;
-0.56,-0.40,-0.16;
-0.07,-0.22,-0.05;
-0.10,-0.40,0.12;
-0.15,-0.43,-0.04;
0.08,-0.59,0.07;
-0.19,-0.95,-0.01;
-0.22,-0.75,0.04;
-0.10,-0.80,0.24;
-0.19,-0.88,0.28;
0.04,-0.97,-0.19;
-0.13,-0.82,-0.01;
0.11,-1.01,-0.34;
0.14,-1.09,-0.21;
0.16,-0.95,-0.05;
0.22,-0.80,0.02;
-0.04,-0.77,0.02;
0.00,-0.57,-0.10;
0.08,-0.74,-0.05;
0.19,-0.33,-0.10;
0.08,-0.24,-0.08;
-0.01,-0.34,0.07;
-0.15,-0.30,0.10;
-0.12,-0.01,0.16;
0.04,0.12,0.21;
-0.03,0.45,0.08;
0.31,0.27,0.45;
0.25,0.10,0.53;
0.00,-0.25,0.45;
0.14,-0.51,0.59;
0.11,-0.39,0.51;
0.25,-0.42,0.53;
0.13,-0.33,0.30;
0.10,-0.86,0.24;
0.13,-0.97,-0.01;
0.04,-1.26,0.01;
0.13,-1.04,-0.10;
-0.07,-1.32,0.13;
-0.33,-1.18,0.07;
-0.24,-0.94,0.12;
-0.32,-1.08,0.16;
-0.33,-1.18,0.10;
-0.30,-1.17,0.21;
-0.25,-1.08,0.47;
-0.44,-1.24,0.15;
-0.45,-1.00,0.16;
-0.51,-0.91,0.12;
-0.47,-1.09,-0.02;
-0.44,-1.08,0.05;
-0.35,-1.14,0.18;
-0.65,-1.09,0.07;
-0.62,-1.09,-0.01;
-0.50,-1.29,0.19;
-0.42,-1.44,0.02;
-0.56,-1.30,0.07;
-0.51,-1.55,-0.02;
-0.59,-1.41,-0.02;
-0.68,-1.40,-0.05;
-0.71,-1.53,-0.02;
-0.45,-1.29,0.15;
-0.55,-1.49,0.05;
-0.73,-1.15,-0.07;
-0.82,-1.03,0.15;
-0.85,-1.21,-0.28;
-0.93,-1.06,-0.14;
-0.74,-0.77,-0.22;
-0.80,-0.68,-0.05;
-0.09,0.62,-0.68;
-0.18,-1.33,2.70;
-0.18,-1.20,3.02;
3.10,-0.22,10.92;
0.02,-0.01,0.71;
-0.06,-3.66,36.18;
-0.70,-2.92,16.51;
0.71,0.92,-6.62;
1.21,-5.17,21.75;
-17.58,-19.49,41.73;
-3.02,-0.45,-2.04;
1.73,-1.18,32.10;
-0.29,0.79,0.24;
-0.13,-0.14,0.45;
-0.12,0.45,0.21;
0.11,0.91,0.12;
-0.03,1.08,0.27;
-0.24,-0.74,-0.17;
0.11,0.48,0.37;
-0.45,3.12,-2.62;
2.46,1.11,-6.08;
0.51,0.27,-3.41;
-0.07,-1.75,19.14;
0.26,1.12,0.50;
0.16,0.67,0.37;
0.10,0.24,0.31;
-1.64,-19.33,0.57;
0.17,-0.34,0.59;
-0.16,0.74,0.53;
1.03,0.92,1.32;
0.11,0.94,0.18;
0.07,1.21,-1.46;
-0.87,-23.32,0.37;
0.07,1.03,0.77;
0.08,0.62,0.36;
0.11,0.01,0.34;
6.13,4.74,2.60;
-0.09,-0.07,0.71;
-2.03,0.27,1.84;
0.69,0.70,-0.97;
-0.01,1.15,0.45;
0.02,1.14,0.28;
0.13,0.12,0.51;
0.05,-0.92,0.28;
0.29,1.52,0.27;
-0.10,1.40,0.34;
0.08,0.63,0.10;
7.90,-70.69,-2.07;
0.00,1.31,0.59;
0.05,0.39,0.27;
0.16,0.19,0.33;
0.10,0.13,0.44;
-0.15,0.02,0.25;
0.23,-0.33,0.45;
-0.19,-0.49,0.42;
0.13,-0.51,0.41;
-0.09,-0.85,0.41;
6.68,-29.75,0.01;
-0.67,1.43,1.38;
0.05,0.30,0.28;
-0.25,0.57,0.89;
-0.13,1.43,3.31;
0.08,1.11,-0.08;
-4.42,-3.76,14.05;
0.05,0.85,0.30;
-0.38,-2.19,0.44;
-0.16,0.04,0.39;
-0.10,0.67,0.13;
-0.10,0.71,0.22;
0.20,0.27,0.50;
0.10,0.13,0.50;
0.13,0.36,0.44;
0.16,0.21,0.44;
0.07,0.53,0.44;
0.02,0.80,0.33;
-0.06,0.63,0.54;
0.11,0.62,0.47;
-0.04,0.70,0.34;
0.04,0.60,0.36;
0.07,0.82,0.48;
-0.03,0.82,0.41;
0.05,1.03,0.33;
-0.03,1.12,0.41;
-0.12,0.65,0.36;
0.02,1.09,0.45;
0.20,1.08,0.39;
-0.01,1.12,0.56;
-4.67,-1.79,4.18;
0.11,0.85,0.33;
-0.09,0.91,0.28;
0.02,1.17,0.30;
-0.03,1.20,0.31;
0.16,1.20,0.44;
0.10,1.40,0.51;
-0.01,1.46,0.34;
0.13,1.49,0.33;
-0.13,1.64,0.36;
0.29,0.91,0.31;
0.02,1.37,0.44;
0.10,1.67,0.37;
-0.04,1.41,0.24;
0.07,1.60,0.41;
0.08,1.46,0.60;
0.04,1.40,0.16;
0.16,1.75,0.30;
0.19,1.58,0.34;
-0.06,1.47,0.27;
-0.07,1.78,0.42;
0.00,1.69,0.22;
-0.90,1.69,0.62;
0.08,1.38,0.33;
0.02,1.61,0.45;
-0.13,1.34,0.50;
0.19,1.73,0.36;
0.14,1.31,0.15;
-0.04,1.43,0.21;
-0.13,1.28,0.60;
-0.06,1.14,0.63;
-0.04,0.67,0.71;
-0.18,0.68,0.54;
0.20,-0.53,-0.46;
-0.04,0.89,0.57;
0.02,-0.13,0.56;
0.05,0.91,0.47;
0.05,0.18,0.63;
-0.01,0.19,0.59;
0.23,1.23,0.62;
0.02,0.51,0.53;
-0.10,-0.08,0.48;
0.02,0.16,0.51;
0.11,0.31,0.63;
0.14,-0.07,0.45;
-0.06,0.05,0.50;
0.28,1.08,0.65;
0.17,-0.85,0.74;
-0.06,-1.09,0.50;
-1.86,-7.15,18.99;
0.17,-1.01,0.47;
0.17,0.16,0.94;
0.10,-0.63,0.13;
-0.25,-2.59,0.45;
0.02,0.04,0.24;
0.07,0.56,0.25;
0.49,-0.10,0.59;
0.16,-0.19,0.19;
0.43,0.74,0.25;
0.26,-0.33,-1.21;
-0.24,-0.11,0.85;
-7.84,-3.61,4.96;
0.05,-0.04,0.99;
-0.07,-0.39,0.04;
-0.12,0.50,-0.66;
0.13,0.59,1.06;
0.66,-0.05,1.14;
-1.34,-1.72,0.59;
-0.09,-0.02,0.96;
0.17,-0.62,0.15;
-0.47,0.28,0.76;
-2.36,-1.37,8.70;
2.25,4.01,2.62;
-0.27,0.44,-1.90;
0.29,0.76,0.21;
0.20,0.47,0.13;
0.26,0.22,0.15;
0.10,0.21,0.19;
0.07,-0.05,0.15;
0.23,0.12,0.01;
0.02,0.30,0.02;
0.31,0.16,0.07;
0.17,0.22,0.12;
0.00,0.39,0.10;
0.33,0.15,-0.05;
0.10,0.19,-0.05;
-0.12,-0.05,0.15;
0.13,0.02,0.04;
0.31,0.15,0.37;
0.29,0.04,0.27;
0.13,0.22,0.15;
0.17,-0.13,0.27;
0.08,-0.19,0.31;
-0.03,-0.16,0.51;
0.19,-0.24,0.96;
-0.18,-1.70,1.52;
0.78,0.30,0.18;
0.02,-0.19,0.08;
0.16,-0.01,0.30;
0.34,-0.05,0.28;
0.28,-0.22,0.34;
0.48,-0.11,1.75;
0.26,-0.05,0.27;
0.00,0.04,0.27;
0.28,0.04,0.21;
0.33,-0.11,0.07;
0.23,-0.24,0.13;
0.26,-0.10,0.16;
0.00,0.04,0.22;
0.23,-0.05,0.45;
0.14,-0.11,0.25;
0.29,-0.01,0.37;
0.29,0.01,0.42;
0.07,-0.28,0.31;
0.28,0.15,0.56;
0.17,0.02,0.27;
0.25,-0.11,0.28;
-0.01,-0.14,0.36;
0.29,0.04,0.19;
0.07,-0.01,0.44;
0.08,0.12,0.31;
0.08,-0.14,0.27;
0.25,-0.13,0.21;
0.25,-0.17,0.34;
0.25,-0.33,0.21;
0.13,-0.05,0.39;
0.25,-0.08,0.19;
0.22,0.02,0.18;
0.16,-0.08,0.05;
0.37,-0.11,0.25;
-0.22,-0.25,0.62;
0.10,0.15,0.08;
0.34,-0.05,0.50;
0.17,-0.04,0.31;
0.29,0.12,0.24;
0.19,-0.07,0.41;
0.22,-0.08,0.33;
0.63,-1.55,2.96;
-0.76,0.83,0.36;
-0.06,0.57,-0.80;
-0.56,3.18,-4.31;
0.97,-1.06,-2.74;
-2.22,-0.88,0.65;
-0.30,0.94,1.11;
1.55,1.12,2.71;
0.51,-0.71,1.60;
1.10,0.09,2.34;
-0.01,-0.17,0.45;
0.25,-0.48,0.66;
-0.29,0.18,-1.95;
-0.56,0.51,0.99;
0.20,-0.54,0.82;
-0.59,-0.13,1.54;
-0.70,-0.02,-1.06;
-0.53,-0.48,1.64;
0.94,-0.10,1.35;
0.20,-0.17,-1.40;
-0.29,-0.19,0.04;
0.17,0.34,0.15;
0.28,0.38,0.18;
0.10,0.31,0.39;
0.17,0.15,0.08;
0.29,0.18,0.31;
0.08,-0.07,0.22;
0.33,-0.22,0.45;
0.28,-0.16,0.24;
0.04,-0.01,0.39;
0.36,-0.05,0.27;
0.17,0.02,0.10;
0.20,-0.02,0.13;
0.02,0.04,0.31;
0.13,-0.04,0.47;
0.33,0.02,0.18;
0.20,-0.33,0.47;
0.10,0.07,0.21;
0.22,-0.02,0.30;
0.34,-0.17,0.18;
0.28,-0.04,0.22;
0.36,-0.20,0.45;
0.10,-0.10,0.16;
-1.40,-0.89,1.03;
-0.38,-2.20,1.84;
2.69,-0.72,-0.77;
-0.42,-0.20,-0.42;
-0.25,0.76,0.57;
-0.70,-0.33,-0.04;
-0.97,-1.41,0.92;
2.60,-3.98,2.05;
-1.92,-1.59,2.88;
-0.64,-0.24,-0.31;
0.31,-0.14,-1.55;
-0.82,0.79,-0.45;
1.59,-0.69,-0.75;
0.49,-0.91,1.18;
0.00,-1.14,0.71;
-0.80,-0.11,4.33;
-0.15,-0.25,-0.42;
0.75,-0.79,-1.52;
1.32,1.78,-3.49;
1.65,-2.28,0.39;
-0.59,-1.11,-0.68;
-1.17,-2.07,1.98;
1.36,-1.06,0.76;
0.43,0.15,-0.24;
0.89,-0.69,-0.19;
-1.42,-0.28,0.50;
0.02,0.77,0.47;
0.45,-1.38,-0.62;
-6.24,-2.92,2.76;
-2.93,-1.04,0.56;
0.83,0.10,1.18;
3.07,-15.61,42.19;
0.33,-0.72,0.47;
-0.64,1.15,1.25;
-0.06,0.10,0.79;
-10.80,-6.49,30.94;
2.65,0.39,-0.85;
0.46,-1.46,-0.24;
-0.91,0.92,-1.21;
0.63,-0.57,0.83;
-0.01,0.45,-0.51;
1.61,-3.18,21.67;
0.58,3.99,-4.13;
1.15,0.27,-1.00;
-0.70,0.02,0.77;
0.29,-0.69,1.38;
0.14,-0.56,0.63;
0.25,0.30,0.68;
0.05,-0.49,0.88;
0.17,0.01,0.18;
1.81,2.12,-7.14;
0.16,0.19,0.02;
0.16,0.22,0.62;
0.58,-0.83,2.16;
-16.10,-8.22,36.92;
-2.29,-4.72,41.29;
1.07,0.86,-0.10;
-9.92,-7.23,9.87;
0.78,-3.88,6.05;
-0.33,-0.17,-0.17;
-1.49,-0.57,1.86;
3.42,-2.13,2.19;
-0.10,0.18,-1.44;
-0.85,-0.62,-0.02;
-2.00,-0.77,1.60;
-0.58,0.21,-0.16;
0.00,-1.72,0.07;
0.98,0.24,0.01;
0.83,-0.36,-1.43;
-0.04,0.53,-2.37;
-0.36,-0.63,0.28;
0.20,-0.88,0.19;
-0.16,-0.36,0.73;
0.42,-1.14,0.63;
0.36,-0.57,0.27;
-0.32,0.04,0.37;
-0.03,-0.57,-0.28;
-0.38,-0.17,-0.07;
-1.19,-0.14,0.54;
0.00,-0.28,0.57;
0.11,-0.59,1.47;
-0.25,-0.20,-0.04;
-0.16,0.16,0.27;
0.22,0.02,0.10;
0.19,0.19,0.15;
0.26,0.18,0.25;
0.19,0.41,0.50;
0.33,0.30,0.28;
0.23,0.01,0.31;
0.05,-0.10,0.07;
-1.48,-2.49,15.21;
0.10,-0.10,0.25;
-0.58,0.13,1.99;
0.17,-0.14,0.25;
0.31,0.07,0.33;
1.53,-0.42,0.39;
0.14,-0.16,0.44;
-0.21,-1.21,1.58;
0.86,-4.01,30.56;
-5.46,-3.49,37.64;
1.75,0.19,-0.59;
7.50,-4.86,25.08;
-1.20,0.02,1.90;
-2.67,-0.10,2.19;
1.20,-0.51,0.19;
-0.15,-0.43,-0.17;
0.69,0.42,1.32;
-0.03,-0.02,0.02;
0.34,0.01,-0.04;
0.23,0.02,-0.30;
0.22,-0.14,-0.05;
0.57,0.21,0.22;
0.11,-0.19,0.07;
0.00,-0.28,0.13;
0.10,-0.30,0.30;
0.07,-0.17,0.59;
0.33,0.22,-0.01;
0.29,0.45,-0.16;
-0.16,0.70,-0.16;
-0.04,0.67,-0.34;
-0.07,1.14,-0.45;
0.14,1.60,-0.50;
0.40,2.25,-0.05;
0.13,2.76,0.16;
0.19,2.79,-0.21;
0.25,2.94,-0.25;
0.42,2.73,-0.05;
0.00,2.59,0.18;
-0.25,2.79,-0.16;
-0.24,2.79,-0.46;
0.33,2.92,-0.82;
0.20,2.89,-0.39;
0.13,3.11,-0.10;
-0.16,2.76,-0.25;
-0.12,2.94,-0.17;
0.05,2.85,0.18;
0.20,2.44,-0.19;
0.37,1.89,-0.39;
0.55,1.93,-0.22;
0.11,1.89,-0.11;
0.10,1.63,-0.46;
0.14,1.46,-0.37;
0.46,1.49,0.01;
0.42,1.46,-0.40;
0.39,1.25,-0.13;
0.54,1.15,-0.24;
0.28,0.88,0.07;
0.29,0.99,0.19;
0.23,1.05,0.05;
0.17,1.28,0.07;
0.10,1.54,-0.19;
0.17,1.55,-0.22;
0.17,1.32,0.18;
0.17,1.43,-0.01;
0.13,2.09,0.22;
-0.19,2.30,0.62;
-0.18,2.30,0.44;
-0.24,2.53,0.08;
-0.19,2.24,0.18;
-0.18,2.24,0.12;
-0.24,1.72,0.47;
-0.73,1.66,1.11;
-0.88,0.99,6.79;
-4.88,-3.35,43.76;
-14.13,-25.99,62.99;
0.46,-12.27,13.84;
1.38,3.95,-11.01;
-24.44,-8.04,28.48;
0.05,0.79,0.70;
-0.56,1.08,0.19;
-0.27,1.11,0.05;
-0.30,1.06,0.45;
-0.19,1.05,0.57;
-0.36,1.25,0.04;
-0.45,1.23,0.27;
-0.35,1.41,0.13;
-2.56,-2.71,7.12;
4.17,1.38,-2.34;
-0.24,4.85,10.92;
-0.29,1.41,0.21;
-8.94,-7.96,5.50;
-20.45,-13.90,18.77;
-23.52,-10.19,47.89;
2.57,4.86,-12.95;
3.82,-9.81,40.05;
12.20,1.32,85.46;
3.84,-0.62,0.89;
-13.95,-6.77,75.67;
6.40,6.56,-6.89;
2.63,1.90,3.49;
0.69,0.51,-1.26;
-1.48,0.34,0.02;
-1.38,-0.51,0.12;
3.93,0.89,6.39;
3.81,1.70,-1.35;
0.02,0.10,-0.10;
-1.16,-0.94,2.07;
-0.24,-0.68,2.33;
0.16,0.30,0.63;
0.13,0.05,0.04;
-3.90,-1.58,4.97;
-0.03,-0.01,0.24;
0.29,1.00,-4.77;
-4.41,-1.88,0.02;
0.13,0.60,0.15;
0.05,0.73,0.34;
-0.87,-4.31,3.79;
-0.03,0.42,0.16;
0.07,2.22,0.08;
-3.03,-6.60,1.29;
0.10,-0.42,0.21;
0.04,0.51,0.25;
0.02,0.41,0.31;
1.68,0.21,1.02;
1.78,0.31,0.59;
0.05,-0.27,0.31;
0.20,-0.68,0.50;
0.11,-0.69,0.18;
-0.15,-0.42,0.12;
-0.48,-0.74,0.16;
-0.45,-0.59,0.01;
-0.53,-0.69,0.05;
-0.48,-0.43,0.12;
-0.64,-0.28,0.01;
-0.45,-0.40,0.33;
-0.41,-0.49,-0.17;
-0.25,-0.42,0.16;
-0.38,-0.33,-0.08;
-0.39,-0.39,0.04;
-0.42,-0.31,-0.04;
-0.38,-0.42,0.13;
-0.25,-0.31,0.27;
-0.25,-0.20,-0.01;
-0.36,-0.22,0.10;
-0.30,-0.11,-0.14;
-0.13,0.02,0.02;
-0.36,-0.04,0.10;
-0.32,-0.34,-0.17;
-0.38,-0.27,0.05;
-0.12,-0.51,-0.11;
-0.25,-0.20,-0.16;
-0.15,-0.57,0.07;
0.04,-0.49,0.15;
-0.06,-0.53,0.02;
-0.19,-0.62,0.27;
-0.27,-0.59,0.39;
-0.18,-0.59,0.34;
-0.21,-0.75,-0.01;
-0.25,-0.65,0.62;
-0.38,-0.54,0.36;
-0.39,-0.68,0.24;
-0.18,-0.80,0.39;
-0.25,-0.94,0.30;
-0.13,-0.74,0.24;
-0.39,-0.80,0.30;
-0.47,-0.94,0.27;
-0.42,-0.95,0.50;
-0.32,-0.79,0.45;
-0.55,-0.74,0.21;
-0.50,-0.71,-0.01;
-0.47,-0.94,0.33;
-0.61,-0.91,0.28;
-0.53,-0.68,0.21;
-0.39,-0.80,0.21;
-0.39,-0.63,0.08;
-0.44,-0.71,0.08;
-0.36,-0.77,-0.04;
-0.51,-0.74,-0.05;
-0.44,-0.74,0.07;
-0.45,-0.48,0.02;
-0.50,-0.33,0.50;
-0.41,-0.59,1.32;
-0.15,0.05,0.10;
-0.51,0.18,-0.28;
-0.39,0.67,0.33;
-0.33,0.67,0.22;
-0.61,0.56,0.19;
-0.39,0.42,0.13;
-0.56,0.05,-0.01;
-0.33,0.50,-0.33;
-0.44,0.42,-0.27;
-0.24,0.50,-0.25;
-0.32,0.53,-0.48;
-0.18,0.56,-0.33;
-0.16,0.41,-0.21;
-0.33,0.12,-0.13;
-0.29,-0.01,0.01;
-0.25,0.50,-0.11;
-0.21,0.02,-0.01;
-0.10,0.25,-0.19;
-0.07,0.25,0.16;
-0.25,0.18,0.30;
-0.35,0.13,0.10;
-0.38,0.25,-0.08;
-0.09,0.18,-0.07;
-0.18,0.34,-0.14;
-0.35,-0.17,-0.02;
-0.48,-0.01,0.13;
-0.65,-0.27,0.04;
-0.82,-0.10,0.07;
-0.62,-0.69,0.30;
0.08,-0.39,0.62;
-0.06,0.21,-0.05;
0.11,0.99,-3.50;
0.23,-0.04,0.13;
0.07,-0.14,0.51;
0.20,-0.22,0.22;
0.26,-0.27,0.10;
0.33,-0.08,0.13;
0.26,-0.02,0.08;
-0.38,-3.53,34.74;
0.69,-0.20,-3.01;
-3.29,-0.89,-2.79;
-0.06,0.12,-0.97;
-2.12,0.47,0.53;
0.05,0.01,-1.24;
0.16,-0.86,0.37;
1.07,0.05,-1.81;
-0.12,-0.30,0.80;
0.48,-0.24,-0.77;
-0.61,-0.19,0.53;
-0.22,-0.63,-0.45;
-1.51,-2.36,3.41;
-0.06,-1.96,0.65;
0.17,-1.00,-0.21;
-0.48,1.43,-3.35;
0.22,0.25,0.08;
-21.08,-7.26,12.39;
-12.19,-12.46,33.49;
-14.74,-14.94,40.74;
0.02,0.04,0.65;
-0.16,-3.90,6.86;
0.72,-3.24,2.37;
0.62,0.38,-0.53;
0.07,0.02,-2.82;
-0.01,0.21,-0.59;
-1.51,-0.56,2.25;
1.56,-0.34,0.54;
-0.42,-1.01,-1.00;
0.20,-0.46,0.39;
-2.41,0.12,1.95;
1.21,0.60,-7.18;
-0.27,-0.71,0.53;
1.35,-0.08,1.31;
-8.15,-3.58,4.33;
1.67,-0.40,0.41;
-1.20,-0.28,-0.27;
1.04,0.92,-1.32;
-1.09,-0.10,0.51;
4.43,1.95,-3.52;
0.19,-0.04,0.36;
-0.12,0.65,-0.19;
-12.39,-6.05,10.05;
-0.87,-1.24,-0.24;
0.07,0.19,1.37;
0.10,-0.60,0.27;
4.07,-16.98,41.66;
-0.85,-0.88,0.05;
0.83,-1.03,-1.06;
-1.20,-1.15,0.28;
-2.01,-0.59,0.79;
0.05,0.19,-0.08;
1.20,-0.36,-0.11;
0.08,0.01,-0.19;
0.16,0.27,-0.08;
-0.15,-0.19,0.33;
0.29,-0.34,0.70;
0.11,0.63,-0.14;
-0.03,-0.53,-0.77;
1.82,-0.04,1.44;
0.25,-0.11,0.82;
0.58,0.15,-0.21;
-0.25,-0.14,0.92;
0.63,0.09,0.60;
0.31,-0.04,-0.33;
0.34,0.18,0.44;
0.36,0.24,-0.19;
-0.16,0.05,0.37;
-0.21,-0.25,0.41;
-0.06,0.09,-0.04;
-0.39,-0.39,0.41;
0.45,-0.05,0.22;
1.16,-0.77,7.89;
1.20,-0.36,2.96;
-0.06,-0.28,0.45;
0.20,0.15,0.56;
0.29,-0.22,0.08;
-0.07,0.02,-0.07;
-0.51,0.15,0.39;
-0.24,-0.08,0.18;
-0.06,-0.08,0.57;
0.25,-0.25,0.13;
-8.59,-5.79,15.96;
0.52,-6.40,18.71;
-0.13,-0.04,0.59;
0.52,-0.13,-0.27;
-0.68,0.04,1.21;
0.14,0.01,0.45;
-1.00,-0.54,0.37;
-7.09,-5.37,9.03;
-0.07,-0.10,0.30;
-0.01,0.01,0.24;
-1.13,-0.39,0.59;
-0.10,0.12,0.18;
-1.11,-1.38,2.54;
-0.30,0.01,0.07;
0.14,0.16,-0.01;
0.17,0.21,0.21;
0.22,0.22,0.25;
0.17,0.25,0.34;
0.26,0.07,0.39;
0.23,0.12,0.30;
0.11,-0.05,0.31;
0.28,-0.14,0.30;
0.19,-0.19,0.28;
0.23,-0.13,0.45;
0.36,-0.28,0.54;
0.42,-0.13,0.45;
0.08,-0.07,0.41;
0.08,-0.24,0.28;
-1.74,-1.20,2.60;
-0.64,-0.07,-0.82;
0.04,-0.13,0.21;
0.25,-0.13,0.33;
2.02,-1.30,1.37;
-0.68,0.12,0.68;
-3.34,-1.93,3.18;
3.10,-3.04,12.82;
-1.42,-0.14,0.97;
0.02,-0.16,0.25;
0.65,0.24,0.33;
4.71,1.70,-3.26;
-0.32,0.02,0.08;
-0.85,-1.93,4.50;
1.06,0.30,0.48;
-0.74,0.15,0.42;
-0.35,-0.66,-0.19;
-2.25,-2.37,4.68;
2.16,-2.16,15.15;
-10.29,-10.43,14.27;
0.20,-0.04,-0.10;
-0.45,0.15,0.07;
1.56,0.09,0.45;
0.00,-0.01,-0.01;
0.54,-0.37,1.44;
0.25,0.28,0.30;
0.49,0.04,0.30;
0.48,0.16,0.22;
0.26,-0.34,0.08;
-0.19,-0.01,-0.37;
0.16,-0.01,0.30;
0.29,0.28,0.21;
-0.68,-0.05,0.37;
0.40,-0.10,0.15;
0.57,0.04,0.05;
0.28,0.05,0.19;
0.31,0.38,0.12;
-0.03,0.33,0.25;
0.05,0.15,0.33;
0.20,0.36,0.25;
0.28,0.05,0.15;
0.13,0.28,0.33;
0.19,-0.05,0.30;
0.33,-0.01,0.27;
0.25,-0.08,0.13;
0.26,0.01,0.18;
0.19,-0.17,0.34;
0.22,0.01,0.27;
0.29,-0.14,0.36;
0.37,0.09,0.36;
0.28,0.16,0.22;
0.34,0.09,0.54;
0.37,-0.04,0.51;
0.13,-0.34,0.37;
0.14,-0.19,0.44;
0.20,-0.10,0.16;
0.16,0.02,0.22;
0.28,-0.28,0.13;
0.40,0.04,0.27;
0.08,-0.14,0.30;
0.14,0.12,0.25;
-0.07,-0.22,0.44;
0.13,-0.02,0.16;
0.07,-0.16,0.47;
0.20,-0.16,0.13;
0.14,-0.22,0.37;
0.20,-0.08,0.18;
0.45,-0.16,0.19;
0.17,-0.08,0.28;
0.28,-0.17,0.41;
0.00,-0.22,0.21;
0.22,-0.08,0.44;
0.25,-0.16,0.22;
0.10,0.07,0.37;
0.16,0.04,0.41;
0.36,0.04,0.53;
0.05,0.01,0.25;
0.36,0.12,0.31;
0.23,0.10,0.22;
0.26,-0.10,0.41;
0.40,-0.17,0.50;
0.16,-0.04,0.53;
0.33,0.12,0.30;
0.22,-0.02,0.30;
0.10,0.04,0.07;
0.37,-0.17,0.42;
0.28,-0.11,0.42;
0.13,-0.08,0.25;
0.25,-0.01,0.07;
-0.30,0.18,0.42;
-0.10,0.25,-0.01;
-0.33,0.01,-0.01;
-0.10,0.15,0.24;
-0.16,0.13,0.05;
-0.35,0.25,-0.14;
-0.19,0.12,0.10;
-0.44,0.22,-0.19;
-0.38,0.13,0.16;
-0.18,0.19,-0.05;
-0.12,0.28,-0.14;
-0.19,0.12,0.02;
-0.12,0.22,-0.04;
-0.21,0.09,0.05;
-0.36,0.31,0.18;
-0.09,0.25,0.02;
-0.39,0.24,-0.04;
-0.09,0.24,0.07;
-0.06,-0.02,-0.04;
-0.25,0.18,0.15;
-0.24,-0.08,0.01;
-0.04,0.25,0.04;
-0.22,0.22,0.10;
-0.24,0.12,0.05;
-0.29,0.09,0.21;
-0.21,0.09,0.27;
0.02,0.04,0.08;
-0.06,0.13,0.05;
-0.06,0.47,0.02;
-0.24,0.07,0.15;
-0.39,0.13,0.30;
-0.51,-0.16,1.17;
-1.08,-0.43,0.07;
-0.04,-0.10,0.89;
0.13,0.07,0.77;
-1.17,-0.04,1.00;
-7.40,-4.65,3.32;
-6.00,-6.77,10.85;
-3.63,-2.01,3.75;
-0.77,-0.80,1.49;
1.61,0.25,1.00;
0.43,-0.25,0.79;
-3.13,-1.35,1.47;
-1.25,-2.46,-0.05;
-0.87,-0.57,-0.04;
0.29,0.09,0.99;
0.20,0.05,0.24;
0.39,0.25,0.37;
0.23,-0.17,0.13;
0.37,0.04,0.28;
0.31,-0.17,0.34;
0.16,-0.20,0.33;
0.20,-0.08,0.24;
0.40,-0.05,0.22;
0.14,-0.10,0.39;
0.40,-0.11,0.13;
0.07,-0.08,0.19;
0.28,-0.24,0.25;
0.34,-0.08,0.21;
-11.84,-10.59,28.70;
-30.96,-11.03,31.72;
-0.45,-0.05,-0.42;
-5.16,-9.50,25.20;
-1.02,1.17,-1.82;
0.62,1.38,0.73;
0.52,0.82,-0.71;
1.35,-12.40,36.42;
0.52,0.02,-0.43;
-9.05,-13.08,19.00;
-12.24,-6.86,11.72;
