-0.18,1.30,-0.17;
0.02,1.43,-0.43;
-0.13,1.34,-0.07;
-0.27,1.43,-0.31;
-0.02,1.28,-0.31;
-0.07,1.22,0.01;
0.33,1.53,-0.39;
-0.01,1.28,-0.27;
0.65,1.75,-0.25;
-0.39,0.85,2.18;
0.22,1.82,-0.43;
0.10,1.54,-0.20;
0.05,1.34,-0.37;
-0.09,1.46,-0.07;
0.04,1.51,-0.22;
0.01,1.27,-0.36;
0.25,1.30,-0.17;
-0.07,1.37,-0.56;
-0.18,1.36,-0.20;
-0.02,1.42,-0.43;
-0.07,1.39,-0.40;
0.19,1.39,-0.22;
-0.39,1.43,-0.51;
0.14,1.28,-0.14;
0.57,1.36,-0.04;
-0.07,1.57,0.10;
-0.25,1.27,-0.20;
0.11,1.30,-0.48;
-0.01,1.49,-0.27;
0.42,1.40,-0.14;
0.04,1.39,-0.39;
0.08,1.37,-0.28;
0.07,1.22,-0.49;
-0.19,1.62,-0.68;
-1.31,0.62,1.61;
-0.39,1.42,0.28;
0.25,1.54,-0.45;
-0.07,1.54,-0.13;
-0.18,1.43,-0.34;
-0.21,1.59,-0.22;
-0.02,1.60,-0.19;
0.08,1.43,-0.60;
0.04,1.43,-0.31;
0.10,1.57,-0.20;
0.02,1.31,-0.11;
-0.04,1.80,-0.22;
-0.16,1.42,-0.37;
0.02,1.66,-0.54;
-0.16,1.27,-0.45;
0.13,1.28,-0.27;
0.04,1.46,-0.60;
-0.09,1.30,-0.45;
-0.16,1.53,-0.07;
0.08,1.42,-0.20;
-0.02,1.40,-0.22;
0.05,1.02,-0.49;
-0.05,1.59,-0.51;
0.16,1.65,-0.40;
-0.74,0.64,0.88;
0.48,1.16,-0.30;
-0.16,1.34,-0.82;
-0.13,1.53,-0.24;
0.04,1.40,-0.49;
0.04,1.49,-0.11;
0.16,1.62,-0.11;
-0.02,1.43,-0.46;
0.25,1.45,-0.54;
-0.15,1.33,-0.22;
-0.09,1.53,-0.22;
0.24,1.63,-0.57;
0.24,1.56,-0.36;
-0.21,1.45,-0.40;
-0.09,1.28,-0.05;
0.11,1.54,-0.04;
0.04,1.62,-0.27;
-0.27,1.49,-0.25;
0.01,1.60,-0.33;
0.24,1.30,-0.24;
-0.22,1.51,-0.22;
0.28,1.66,-0.46;
0.07,1.45,-0.07;
0.05,1.36,-0.43;
0.02,1.66,-0.01;
-0.09,1.43,-0.07;
-0.28,1.40,-0.25;
0.04,1.66,-0.25;
0.04,1.63,-0.30;
1.00,1.28,6.77;
1.75,-1.93,3.83;
0.11,1.45,-0.33;
0.14,1.40,-0.39;
0.02,1.33,-0.30;
0.10,1.69,-0.53;
0.11,1.24,-0.28;
-0.31,1.56,0.10;
0.22,1.39,-0.17;
-0.33,1.51,-0.30;
-0.05,1.62,-0.11;
-0.10,1.27,-0.39;
-0.25,1.39,-0.25;
0.24,1.40,-0.20;
-0.13,1.62,-0.17;
0.17,1.17,-0.46;
-0.19,1.42,-0.36;
-0.30,1.33,-0.31;
-0.10,1.42,-0.24;
-0.21,1.33,-0.40;
-0.15,1.45,-0.59;
0.17,1.37,-0.28;
0.05,1.57,-0.33;
0.16,1.02,-0.48;
0.02,1.24,-0.82;
-0.63,1.20,0.21;
0.04,1.54,-0.39;
0.02,1.51,-0.16;
0.16,1.39,-0.40;
-0.19,1.28,-0.24;
-0.01,1.45,-0.04;
0.54,1.49,-0.39;
-0.47,1.62,-0.33;
0.20,1.40,-0.36;
0.01,1.82,-0.11;
0.40,1.05,-0.14;
-0.04,1.42,-0.01;
0.01,1.83,0.05;
-0.05,1.37,-0.14;
-0.41,6.87,-2.01;
0.08,1.51,-0.27;
0.11,1.53,-0.11;
0.31,1.33,-0.16;
0.20,1.40,-0.28;
-0.05,1.43,-0.22;
-0.22,1.56,-0.07;
0.11,1.49,-0.30;
-0.01,1.49,-0.36;
0.11,1.49,-0.37;
0.02,1.40,-0.08;
-0.19,1.49,-0.13;
-0.13,1.60,-0.27;
-0.13,1.45,-0.53;
-0.12,1.66,-0.11;
-0.02,1.42,-0.28;
-0.01,1.63,-0.39;
-0.34,1.48,-0.27;
-0.04,1.48,-0.10;
-0.02,1.33,-0.48;
0.30,1.37,-0.45;
-0.12,1.66,-0.60;
-0.16,1.48,-0.42;
0.14,1.39,-0.20;
0.08,1.66,-0.10;
-0.19,1.43,-0.46;
0.13,1.57,-0.25;
-0.05,1.45,-0.42;
0.07,1.62,-0.16;
-0.21,1.77,-0.54;
0.02,1.45,-0.56;
0.17,1.51,-0.07;
0.07,1.57,-0.13;
0.05,1.45,-0.19;
0.01,1.54,-0.31;
0.05,1.30,-0.27;
0.11,1.30,-0.31;
-0.10,1.77,-0.24;
-0.05,1.28,-0.39;
0.02,1.59,-0.19;
-0.04,1.59,-0.42;
-0.12,0.99,-0.16;
0.94,0.78,0.44;
0.01,1.31,-0.30;
-0.22,1.39,-0.72;
-1.02,1.77,5.70;
-0.28,1.42,-0.31;
-0.97,1.72,6.65;
-0.16,-0.09,1.03;
0.88,-2.60,4.48;
-0.12,1.57,0.02;
0.33,1.28,-0.37;
-0.28,1.57,-0.27;
-0.12,1.24,-0.34;
-6.85,-3.79,3.70;
-1.02,-0.57,2.97;
0.02,1.54,-0.43;
-0.02,1.14,-0.17;
-0.51,1.53,0.04;
0.01,1.66,-0.28;
0.25,1.30,-0.11;
0.05,1.57,-0.25;
-0.16,1.69,-0.34;
0.16,1.27,-0.36;
0.14,1.63,-0.13;
-0.01,1.45,-0.13;
-0.94,0.67,0.63;
-0.21,1.33,-0.33;
-0.09,1.65,-0.10;
-0.24,1.59,-0.08;
2.08,1.19,0.44;
-0.28,1.28,-0.16;
0.04,1.59,-0.17;
0.27,1.39,-0.19;
-0.25,1.71,0.01;
-0.57,1.34,-0.28;
0.01,1.42,-0.34;
-0.12,1.56,-0.24;
0.25,1.77,-0.40;
0.05,1.45,-0.33;
0.92,1.53,-0.28;
0.34,1.82,0.09;
0.27,1.48,-0.10;
-0.62,1.59,0.68;
-0.09,1.59,-0.34;
0.13,1.46,-0.37;
-0.21,1.75,-0.25;
0.45,1.63,-0.08;
-0.28,1.69,-0.30;
0.11,1.48,-0.34;
-0.16,1.57,-0.14;
0.80,1.07,0.19;
1.79,0.91,-0.17;
-1.28,1.56,0.42;
0.25,1.53,-0.01;
0.10,1.65,-0.04;
0.28,1.45,-0.25;
0.42,1.31,-0.07;
-0.15,1.22,-0.30;
-0.10,1.57,-0.33;
0.25,1.68,-0.27;
-0.05,1.59,-0.77;
0.08,1.37,-0.13;
-0.41,1.62,-0.37;
0.13,1.31,-0.24;
-0.12,1.49,-0.04;
0.27,1.10,-0.08;
0.60,1.39,0.71;
-1.72,0.14,1.63;
-0.82,-1.74,2.60;
-0.15,1.57,-0.19;
-0.09,1.40,-0.01;
0.16,1.46,-0.07;
-0.30,1.28,-0.39;
0.11,1.51,-0.51;
0.36,0.76,0.34;
-0.51,1.30,0.83;
-0.56,1.34,-0.16;
0.71,1.69,0.12;
0.28,1.36,-0.30;
0.02,1.34,-0.05;
-0.22,1.48,-0.20;
-0.12,1.39,-0.28;
-0.15,1.28,-0.19;
-0.70,1.36,0.56;
-0.02,1.53,-0.39;
-0.10,1.72,-0.14;
0.08,1.54,-0.34;
0.34,1.28,-0.07;
-0.16,1.63,0.16;
-3.60,1.69,-0.42;
1.79,-0.41,1.38;
1.52,1.46,0.10;
-0.04,1.46,-0.69;
-0.33,1.80,0.16;
0.07,1.53,-0.10;
-0.22,1.63,-0.28;
0.05,1.62,0.01;
0.02,1.57,-0.42;
1.38,1.31,-0.17;
-0.31,1.62,-0.07;
0.10,1.28,-0.19;
-0.19,1.05,0.02;
0.04,1.62,-0.31;
-1.15,1.01,0.21;
-0.36,1.57,-0.36;
-0.36,1.62,-0.19;
-0.30,1.65,0.19;
0.07,1.72,-0.01;
-0.30,1.48,-0.43;
0.08,1.74,-0.57;
-0.02,1.59,-0.22;
0.16,1.34,-0.14;
0.04,1.45,-0.30;
0.16,1.42,0.12;
-1.11,0.93,0.51;
0.50,1.68,-0.19;
-0.07,1.65,-0.51;
1.44,1.01,1.03;
0.13,1.48,-0.11;
0.04,1.59,-0.22;
-0.28,1.59,-0.11;
0.17,1.56,0.02;
0.94,0.64,0.82;
0.10,0.91,0.05;
-0.36,1.54,0.02;
0.17,1.56,0.05;
2.69,0.27,0.86;
0.77,1.85,-0.56;
1.38,0.49,1.93;
-1.84,1.68,1.22;
1.06,1.10,2.86;
-3.67,-1.91,1.18;
-4.86,-0.52,1.89;
1.23,0.65,1.78;
-9.03,-1.28,9.78;
-0.36,0.90,0.65;
-0.53,1.75,-0.48;
0.66,0.73,0.65;
1.30,1.60,0.01;
1.40,1.59,0.44;
0.37,1.13,-0.30;
0.37,1.53,-0.30;
-1.86,0.65,0.30;
-0.07,1.30,-0.20;
-0.27,1.77,-0.11;
-0.10,0.65,0.27;
0.19,1.43,-0.42;
-1.52,0.99,1.14;
-0.36,1.56,0.22;
1.32,1.63,-0.24;
-0.27,1.59,-0.20;
0.72,1.27,0.47;
-1.08,-1.97,3.67;
-5.09,-1.22,5.11;
3.79,0.64,4.41;
1.91,0.17,6.33;
-0.65,1.19,3.73;
-0.91,1.94,0.42;
0.56,1.53,-1.70;
1.79,2.06,-0.17;
-5.06,-1.79,1.70;
-0.36,1.42,0.02;
-5.93,-2.09,2.68;
-0.47,1.02,1.06;
-0.01,1.59,-0.36;
0.27,0.87,0.05;
0.50,2.06,0.25;
1.33,1.30,-0.46;
-1.57,2.26,1.03;
6.42,4.76,-2.16;
0.25,1.54,0.76;
0.34,1.27,0.25;
0.11,1.95,-0.28;
0.62,1.66,0.30;
-0.86,1.51,0.10;
0.04,1.36,-0.11;
0.59,1.14,-0.33;
-0.63,-0.20,1.34;
0.30,1.37,-0.13;
0.31,1.51,0.12;
0.34,1.39,-0.49;
-0.33,1.42,-0.62;
-2.04,0.82,2.38;
-0.07,1.20,-0.02;
0.04,1.08,-0.71;
0.37,1.22,0.36;
-0.48,1.54,-0.22;
-0.05,1.68,-0.05;
-0.24,1.65,-0.34;
0.97,1.30,0.21;
-5.15,2.06,3.02;
-0.36,1.54,0.45;
-0.09,0.61,3.67;
-0.07,1.54,0.19;
2.11,1.71,-1.37;
0.94,1.40,0.71;
0.19,1.53,-0.56;
-0.42,1.56,-0.39;
-0.02,1.69,0.21;
0.88,2.52,0.77;
-1.47,2.23,-0.13;
-0.09,1.68,-0.14;
-1.35,1.17,0.83;
0.08,0.23,5.23;
-0.15,1.56,-0.08;
0.40,1.82,-0.69;
-1.14,0.06,1.37;
-1.50,1.05,2.54;
4.04,0.65,1.06;
0.88,2.18,0.79;
0.86,1.01,0.33;
0.02,0.82,3.06;
-2.41,1.78,0.62;
-1.52,0.64,0.56;
0.20,1.48,0.60;
-4.89,-12.47,29.00;
-0.02,1.74,-0.19;
1.85,17.02,-1.98;
0.01,1.45,-0.65;
-0.04,1.42,-0.05;
0.08,3.62,-0.10;
0.16,1.39,0.10;
0.08,-17.05,-0.46;
0.04,-14.00,-0.19;
-0.12,-1.28,-0.02;
0.04,2.70,-0.17;
0.16,-5.97,0.04;
-0.13,-26.49,-0.08;
-0.18,-26.35,-0.07;
0.16,-25.24,-0.13;
0.10,-26.29,-0.30;
1.08,20.64,1.98;
-0.02,2.93,-0.08;
-0.12,1.65,-5.87;
0.02,-17.86,-0.34;
0.02,-25.68,0.13;
0.05,-26.05,2.93;
2.33,8.23,0.30;
-0.01,-7.10,-2.49;
0.13,2.52,-0.13;
0.11,2.70,-0.13;
0.42,2.33,0.82;
0.07,2.21,-0.27;
0.01,2.64,0.07;
-1.03,-21.07,-0.82;
-0.09,2.41,0.33;
0.17,2.59,0.16;
0.05,2.46,-0.19;
0.08,6.27,-0.04;
-0.04,2.93,-0.49;
0.17,2.91,-0.04;
0.08,2.30,-0.13;
0.14,-0.35,-0.49;
-0.09,2.58,-0.28;
0.04,1.51,-1.47;
-0.05,2.15,-0.48;
0.30,2.96,-0.30;
-0.10,2.12,-0.05;
-0.01,2.52,-0.04;
0.02,-15.12,-0.08;
-0.13,-25.85,0.02;
-0.02,-26.05,-0.10;
0.17,-25.99,-0.19;
-0.01,-26.28,0.01;
-0.02,-25.74,-0.24;
-0.07,-25.82,-0.04;
0.20,-26.47,-0.51;
-0.02,-26.11,0.13;
0.04,-25.64,-0.08;
0.10,-25.74,-0.14;
0.04,-26.03,-0.13;
-0.12,-25.60,-0.16;
-0.01,-25.65,-0.25;
-0.10,-26.23,-0.43;
0.10,-25.77,-0.16;
-0.16,-25.60,0.05;
0.10,-26.00,-0.24;
-0.05,-26.00,-0.24;
0.04,-25.42,-0.31;
-0.07,-25.68,-0.20;
0.14,-26.11,-0.08;
0.14,-25.80,-0.25;
0.10,-25.71,-0.07;
-0.09,-25.60,-0.27;
0.05,-26.05,-0.27;
0.01,-25.36,-0.20;
-0.12,-20.31,-0.17;
0.02,-1.54,-0.33;
-0.15,0.36,-0.22;
-0.18,0.75,-0.31;
-0.02,1.02,-0.42;
0.08,1.02,-0.40;
0.10,0.79,-0.19;
0.04,1.20,-0.19;
-0.10,1.36,-0.17;
0.08,1.31,-0.30;
-0.04,1.78,-0.08;
-0.10,1.86,-0.16;
-0.04,2.30,-0.05;
-0.16,2.36,-0.25;
0.17,2.52,-0.28;
0.10,3.25,-0.31;
-0.05,5.13,-0.31;
0.04,9.01,-0.17;
-0.02,12.93,-0.14;
-6.91,16.29,-0.25;
0.08,27.45,-0.24;
-3.44,25.85,1.34;
-0.16,28.70,-0.08;
0.25,27.66,-0.17;
0.24,27.95,-0.46;
-0.18,28.59,-0.33;
-0.04,28.40,0.05;
-0.21,29.10,-0.22;
0.01,29.07,0.10;
0.10,29.14,0.07;
0.10,28.38,-0.02;
-0.07,28.27,-0.05;
0.01,28.84,-0.05;
0.01,28.81,0.10;
-0.01,28.50,-0.36;
0.08,29.24,0.12;
0.08,28.46,0.02;
0.02,28.82,-0.01;
0.01,28.18,-0.33;
-0.10,29.71,-0.13;
-6.19,57.82,7.64;
80.28,175.37,-13.49;
0.13,2.69,-0.31;
-0.10,1.59,-0.31;
0.11,-4.14,-0.28;
0.04,-15.33,-0.53;
0.01,-5.65,-0.59;
-0.05,1.74,-0.33;
0.20,-5.70,-0.04;
0.04,-22.64,-0.16;
0.04,-25.27,-0.30;
0.04,-26.02,-0.48;
-0.09,-25.73,-0.16;
0.13,-25.51,-0.11;
0.17,-26.06,-0.28;
0.04,-26.35,-0.04;
-0.09,-16.84,-0.30;
0.10,-2.92,-0.08;
0.13,-5.02,0.30;
0.17,1.69,-0.36;
0.02,1.54,-0.20;
1.01,1.80,-2.56;
-0.07,2.52,-0.36;
-0.10,2.62,-0.45;
0.25,1.89,-0.17;
0.16,-20.67,-0.19;
0.02,-25.82,-0.10;
0.04,-25.82,-0.02;
0.10,-25.74,-0.33;
-0.02,-26.17,-0.13;
-0.13,-25.99,-0.42;
0.19,-25.76,-0.89;
-2.41,-24.67,-0.20;
0.08,-25.45,-0.02;
0.11,-26.38,0.10;
0.20,-25.76,-0.42;
0.20,-25.99,-0.33;
-0.05,-25.25,0.10;
0.02,-26.02,-0.39;
-0.02,-26.12,-0.17;
0.01,-26.03,-0.11;
-0.09,-25.51,-0.02;
0.13,-25.93,-0.33;
-7.50,-54.15,-2.36;
-0.10,2.23,-0.24;
1.93,8.98,-0.83;
0.20,2.33,-0.25;
-0.02,2.33,0.19;
0.11,2.01,-0.31;
-0.13,1.30,-0.01;
0.13,0.55,-0.14;
1.52,28.53,-2.28;
2.45,0.96,0.27;
0.07,3.25,-0.04;
0.16,2.04,0.01;
-0.24,1.16,-0.07;
-0.05,2.04,-0.19;
0.13,1.65,-0.08;
-0.10,1.28,-0.07;
-0.24,0.33,-0.19;
0.04,-3.07,-0.11;
0.01,-4.69,-0.05;
-0.01,0.32,-0.30;
0.28,0.35,0.01;
0.04,0.41,-0.16;
0.02,-0.18,-0.13;
0.65,4.17,0.18;
-0.33,2.12,-0.22;
0.07,2.09,-0.10;
0.08,1.34,-0.36;
-0.13,1.51,-0.43;
0.10,1.31,-0.27;
0.14,0.91,-0.27;
0.10,1.30,-0.43;
0.22,1.86,-0.08;
-0.05,1.74,-0.14;
3.62,3.05,-1.18;
-0.44,2.81,1.76;
0.13,1.51,-0.33;
-0.04,1.89,-0.07;
-0.04,1.71,-0.20;
-0.09,1.48,-0.14;
-0.01,1.51,-0.08;
-0.13,1.54,0.24;
-0.01,1.69,-0.24;
-0.04,1.68,-0.24;
0.07,1.91,-0.25;
-0.10,2.04,-0.08;
-0.16,1.74,-0.20;
0.11,1.92,-0.31;
-0.05,1.86,0.12;
-0.05,1.83,0.18;
0.05,1.98,0.01;
0.10,1.78,0.15;
0.07,1.59,0.04;
0.11,1.97,-0.24;
0.02,1.78,-0.16;
0.05,1.82,-0.43;
0.07,2.09,0.15;
0.07,1.89,0.01;
0.16,2.03,-0.31;
-0.07,2.03,-0.13;
0.04,2.15,-0.56;
0.01,1.83,-0.19;
0.07,1.74,-0.17;
0.17,0.93,0.63;
0.40,1.45,-0.43;
-0.05,1.36,-0.53;
-0.39,0.98,-0.27;
-0.10,0.76,0.04;
0.04,-0.17,6.34;
-1.18,-1.27,1.63;
0.24,1.17,-0.42;
-0.15,1.57,-0.27;
1.11,0.70,-1.78;
0.40,1.14,-1.14;
0.11,-0.43,0.25;
-0.33,1.82,0.05;
-0.10,1.88,1.22;
0.62,1.95,1.03;
0.39,0.73,0.24;
0.57,1.59,-1.72;
0.05,2.06,0.07;
0.63,1.88,0.31;
-0.44,1.14,5.57;
0.39,1.25,0.09;
0.71,1.43,-0.86;
-0.54,0.91,-2.43;
0.08,1.95,1.57;
0.72,1.02,1.12;
0.14,1.37,-2.22;
0.14,3.37,-0.07;
0.07,-22.80,0.07;
0.16,-25.73,0.01;
0.07,-26.43,0.04;
-0.07,-25.88,0.07;
0.13,-25.51,0.16;
-0.13,-25.30,0.09;
-0.05,-26.90,-0.16;
-0.05,-25.88,-0.24;
-0.16,-4.41,-0.43;
-0.10,0.99,-0.27;
-0.05,1.20,-0.31;
0.11,2.98,-0.10;
0.04,2.78,-0.02;
-0.41,-3.36,-3.03;
0.02,-24.93,-0.08;
-0.02,-25.73,-0.07;
0.17,-26.31,0.05;
-0.01,-25.54,-0.11;
-0.07,-25.82,-0.04;
0.16,-26.44,-0.83;
0.02,-26.40,-9.11;
0.14,-25.41,-0.17;
0.17,2.64,-0.01;
0.28,-14.69,-0.24;
0.05,-25.99,0.05;
0.19,-25.85,-0.17;
0.11,-25.51,-0.08;
0.05,-26.08,-0.13;
0.05,-25.60,-0.02;
0.13,-25.65,0.19;
-0.05,3.91,-0.19;
0.02,2.76,-0.16;
-0.01,2.61,-0.04;
0.19,-25.16,0.02;
-1.18,-39.22,-1.35;
0.02,2.56,-0.14;
-0.13,2.33,-0.39;
0.02,3.69,-0.63;
-0.07,3.69,-0.05;
0.02,2.93,-0.20;
-0.15,-12.52,-10.31;
0.07,2.26,-0.04;
-0.12,-25.10,0.21;
0.02,-26.03,-0.04;
0.04,-25.68,0.01;
-0.05,-26.09,0.12;
0.05,-26.22,-0.07;
0.02,-26.41,-0.04;
-0.02,-25.64,-0.04;
0.10,-26.28,0.04;
0.01,-25.94,-0.02;
0.13,-26.03,-0.30;
-0.05,-25.62,-0.05;
0.01,-26.17,0.04;
0.19,-26.23,-0.16;
0.02,-25.30,-0.08;
-0.09,-25.88,-0.07;
-0.18,-25.96,-0.11;
0.11,-25.79,0.12;
6.88,41.65,5.98;
0.10,3.37,0.05;
0.02,3.20,-0.19;
-0.05,2.53,-0.36;
-11.05,-103.27,1.14;
0.02,17.68,-0.14;
-0.05,3.60,-0.02;
0.01,2.70,0.02;
-0.05,2.33,-0.17;
-0.10,2.69,-0.25;
-1.61,-1.07,1.76;
0.08,10.88,-0.27;
0.05,3.24,-0.20;
0.17,2.99,-0.19;
-0.02,2.61,-0.48;
0.01,2.09,-0.05;
0.07,-1.47,-0.02;
-0.09,-24.66,-0.10;
0.04,-26.25,-0.08;
0.16,-25.73,-0.08;
0.05,-25.80,0.01;
0.04,-25.93,-0.27;
0.01,-25.47,0.07;
0.05,-25.35,-0.17;
0.10,-25.42,-0.05;
0.02,-26.14,-0.16;
0.13,-26.12,0.07;
-0.04,-25.67,-0.14;
0.02,-26.08,-0.27;
0.11,-25.36,-0.19;
0.04,-23.22,0.01;
-0.19,-8.92,-0.36;
-0.01,-0.43,-0.34;
0.07,0.17,-0.13;
0.17,0.36,-0.22;
-17.73,0.41,2.53;
-0.13,2.52,-0.42;
0.05,2.18,-0.20;
-0.01,2.15,-0.14;
0.01,2.27,-0.24;
0.16,2.26,0.05;
-0.07,2.36,-0.04;
0.17,2.99,-0.19;
0.11,2.93,-0.07;
-0.05,3.11,-0.40;
-0.02,3.22,-0.14;
-0.10,6.70,-0.02;
0.24,5.92,0.10;
0.11,6.58,-0.20;
-0.24,10.01,-0.20;
0.01,11.71,0.07;
0.02,10.87,0.05;
-0.18,11.65,-0.20;
-0.05,13.72,0.28;
0.08,15.75,-0.01;
0.19,18.33,-0.05;
-0.09,20.09,-0.02;
0.07,21.22,-0.11;
-0.07,22.64,-0.37;
0.20,23.42,-0.25;
-0.05,25.16,-0.04;
0.13,26.65,-0.05;
0.04,26.62,-0.24;
0.05,27.83,-0.13;
0.13,27.92,-0.16;
0.01,28.82,-0.19;
-0.07,28.64,-0.13;
-0.04,28.26,-0.05;
-0.09,28.73,-0.13;
0.04,28.93,0.02;
-0.01,28.12,-0.30;
0.10,28.07,0.01;
0.02,28.70,-0.30;
0.40,28.69,-0.19;
-0.04,28.56,-0.10;
0.27,29.37,0.12;
-0.05,29.94,-0.31;
0.20,29.53,-0.31;
0.19,30.23,0.31;
0.08,30.35,0.19;
0.01,30.07,-0.30;
0.05,29.57,-0.07;
0.19,29.71,-0.14;
-0.01,30.64,0.09;
0.20,28.53,-0.30;
0.14,28.61,-0.28;
0.10,30.90,-0.33;
0.16,28.99,-0.08;
0.01,30.47,-0.02;
-0.01,29.75,0.18;
0.31,28.59,-0.08;
-0.13,23.74,0.02;
0.07,23.51,-0.20;
0.05,23.56,-0.20;
0.01,21.65,-0.05;
0.33,21.16,-0.04;
0.04,19.13,0.30;
-0.01,14.59,0.18;
-0.04,9.98,-0.16;
0.13,11.92,-0.42;
-0.18,10.46,-0.13;
-0.15,10.36,-0.02;
0.20,4.50,0.16;
0.27,5.74,0.09;
-0.07,5.80,-0.20;
-0.22,4.84,0.09;
0.02,6.07,-0.20;
-0.27,3.40,-0.68;
-0.12,2.70,0.09;
0.02,2.44,-0.46;
-0.27,3.54,-0.02;
-0.07,2.00,-0.45;
0.33,3.66,0.42;
0.02,4.70,0.01;
0.07,7.91,-0.30;
0.25,6.27,-0.01;
0.20,4.61,0.05;
0.10,4.95,-1.09;
-0.42,6.18,0.25;
1.95,3.33,-0.11;
-0.48,2.50,0.05;
0.66,2.50,-0.11;
-0.18,1.77,-0.48;
-0.24,1.82,0.31;
-0.41,0.38,3.70;
-0.31,-1.35,5.76;
0.45,2.11,-1.27;
0.02,1.56,-1.17;
0.07,1.05,-0.01;
0.20,1.37,-1.73;
0.46,2.32,-1.35;
0.33,1.88,-0.85;
-0.33,2.20,-0.66;
0.54,1.42,0.01;
-1.03,2.01,1.20;
0.46,0.91,-1.27;
-0.09,2.07,-1.01;
0.43,1.28,-1.44;
-0.02,1.56,-0.95;
-0.82,1.65,-0.59;
0.45,1.57,-2.82;
0.08,1.40,-0.11;
0.19,1.53,-1.30;
0.13,1.74,0.31;
0.79,1.05,-0.20;
-0.88,0.82,1.37;
0.22,1.31,-0.24;
0.24,1.37,-0.19;
-1.41,1.04,-1.26;
0.42,0.76,2.19;
2.24,3.46,-0.20;
0.24,2.72,-1.01;
-7.75,-2.80,3.37;
-10.53,-15.38,0.02;
0.97,1.07,-0.04;
0.34,1.48,-0.53;
-2.33,1.30,1.60;
-1.09,1.04,-0.57;
-0.19,1.20,-0.13;
0.14,1.43,-0.17;
1.41,1.82,0.94;
-1.12,1.25,-0.48;
-0.01,1.89,0.10;
0.54,2.09,-0.27;
-0.01,1.85,-1.04;
-0.01,1.95,-0.07;
-0.18,1.98,0.51;
0.25,0.09,0.13;
-1.21,0.81,0.04;
-1.05,0.95,0.59;
-0.34,0.85,0.05;
-0.56,1.75,-0.10;
0.74,1.27,-0.05;
-0.05,0.32,-0.53;
1.03,0.58,-0.31;
-0.85,1.24,-0.05;
0.46,1.74,-0.17;
0.28,0.41,-2.24;
-0.07,1.24,-0.16;
-0.42,1.45,-1.09;
0.14,0.84,-0.69;
-0.76,1.60,-0.88;
-0.82,0.73,-0.08;
0.60,0.98,-0.22;
0.79,1.11,-1.52;
1.69,1.13,-0.10;
0.39,1.39,-0.42;
0.37,1.75,-0.07;
-0.02,1.49,-0.65;
-0.44,-0.15,1.31;
1.14,0.67,-1.06;
0.22,1.88,0.45;
0.04,1.92,-0.60;
0.16,1.37,0.19;
-1.17,2.07,-0.85;
0.05,0.64,-0.17;
0.72,1.37,-1.00;
-0.30,2.29,0.50;
-0.50,0.96,-0.37;
0.07,2.24,-0.28;
0.22,1.22,0.04;
-0.59,1.46,0.53;
0.22,1.11,-0.60;
0.59,1.94,-0.05;
0.05,1.98,-0.02;
-0.05,1.54,-0.56;
0.27,1.54,-0.20;
-0.28,2.62,0.79;
0.13,1.48,-0.86;
-0.33,1.39,-0.42;
0.05,2.26,-0.14;
-0.39,1.75,0.04;
-0.38,1.39,-0.45;
0.14,1.25,-0.14;
-0.27,1.51,-0.43;
-0.83,1.25,-0.51;
0.36,1.48,-0.69;
0.37,1.11,-0.10;
-0.45,1.62,-0.56;
0.65,2.00,-0.97;
-0.04,1.46,-0.19;
-0.04,1.75,-0.31;
-0.05,1.68,-0.34;
-0.16,1.94,-3.93;
0.11,1.30,-1.26;
-0.44,1.57,0.30;
-0.38,1.36,-0.17;
0.28,1.46,-0.19;
0.40,1.63,-0.17;
-0.27,1.48,-0.39;
-0.04,1.31,-0.45;
-0.74,1.71,0.41;
-12.88,-6.22,14.34;
-1.31,0.99,0.19;
0.25,1.43,-0.42;
-0.39,1.19,1.08;
-0.16,1.91,0.13;
-0.05,1.36,-0.30;
0.25,1.33,0.36;
0.08,1.72,-0.25;
-0.34,1.62,-0.39;
-0.10,1.62,-0.59;
-0.19,1.63,-0.43;
0.40,1.42,0.05;
-0.07,1.53,-0.40;
0.28,1.33,-0.20;
-18.02,-5.15,11.89;
-0.15,1.31,-0.36;
-0.05,1.30,-0.39;
0.02,1.37,0.02;
-0.09,1.63,0.04;
0.20,1.33,-0.24;
0.11,1.60,-0.27;
0.40,1.65,-0.25;
-0.19,1.60,-0.46;
0.16,1.63,-0.34;
-0.16,1.68,-0.31;
0.05,1.49,-0.19;
-1.29,0.91,1.02;
-0.05,1.60,-0.46;
-0.13,1.39,-0.37;
0.27,1.49,0.21;
-0.04,1.42,-0.28;
-0.01,1.53,-0.49;
-0.15,1.43,-0.46;
-0.22,1.49,-0.28;
0.08,1.51,-0.20;
0.07,1.48,-0.49;
0.10,1.51,-0.10;
0.07,1.60,-0.28;
-0.18,1.28,-0.11;
0.40,1.13,0.01;
0.07,1.63,-0.39;
0.02,1.72,-0.40;
0.14,1.69,-0.25;
0.05,1.54,-0.24;
-0.30,1.10,0.51;
0.24,1.66,-0.28;
-0.19,1.42,-0.11;
-0.18,1.13,-0.13;
0.56,1.31,-0.72;
-0.12,1.45,-0.14;
0.04,1.54,-0.24;
0.19,1.37,-0.08;
-0.05,1.34,-0.40;
-0.02,1.48,-0.54;
-0.05,1.56,-0.08;
-0.21,1.49,-0.33;
-0.44,1.40,0.10;
0.02,1.39,-0.28;
0.16,1.37,-0.02;
-0.04,1.40,-0.20;
-0.02,1.54,-0.25;
0.51,1.63,-0.43;
-0.09,1.57,-0.49;
-0.12,1.20,-0.19;
-3.09,-0.86,2.22;
-0.22,1.11,-0.01;
-0.15,1.54,-0.30;
0.14,1.48,-0.33;
-0.10,1.43,-0.40;
-0.04,1.36,-0.14;
-0.02,1.34,-0.05;
-0.01,1.60,-0.63;
-0.19,1.42,-0.42;
-0.01,1.45,-0.33;
-0.12,1.51,-0.36;
-0.02,1.43,-0.33;
-0.18,1.27,-0.30;
0.14,1.49,-0.34;
0.10,1.51,-0.39;
0.17,1.43,-0.37;
-0.09,1.48,-0.30;
-0.21,1.33,0.15;
0.20,1.57,-0.40;
-0.02,1.43,-0.40;
-0.34,1.54,-0.17;
0.10,1.36,-0.19;
-0.18,1.30,-0.13;
0.02,1.56,-0.36;
-0.09,1.71,-0.28;
-0.09,1.33,-0.28;
-0.25,1.49,-0.07;
-0.21,1.39,-0.43;
-0.13,1.72,-0.49;
0.01,1.45,-0.39;
0.24,1.48,-0.31;
-0.01,1.37,-0.30;
-0.02,1.68,-0.16;
0.07,1.49,-0.53;
0.17,1.42,-0.27;
0.11,1.48,-0.43;
0.14,1.34,-0.28;
-0.02,1.69,-0.60;
-0.05,1.57,-0.36;
-0.10,1.43,-0.16;
0.28,1.59,-0.16;
-0.31,1.57,-0.28;
-0.02,1.42,-0.17;
-0.02,1.49,-0.39;
0.08,1.59,-0.19;
-0.10,1.28,-0.27;
-0.07,1.51,-0.30;
-0.07,1.59,-0.28;
-0.12,1.49,-0.02;
0.24,1.59,0.01;
0.08,1.51,-0.10;
0.01,1.53,0.04;
-0.09,1.42,-0.33;
-0.09,1.45,-0.04;
0.01,1.56,-0.33;
0.01,1.53,-0.34;
0.16,1.66,-0.33;
0.08,1.59,-0.49;
-0.30,1.31,-0.17;
0.08,1.43,-0.42;
0.22,1.45,-0.40;
0.08,1.53,-0.16;
-0.10,1.53,-0.05;
0.17,1.34,-0.46;
-0.22,1.57,-0.37;
0.13,1.51,-0.43;
0.05,1.37,-0.16;
0.01,1.46,-0.19;
0.02,1.42,-0.11;
-0.05,1.30,-0.39;
0.01,1.65,-0.56;
-0.31,1.54,-0.16;
0.10,1.63,-0.19;
-0.09,1.68,-0.07;
-0.02,1.25,-0.33;
-0.05,1.49,-0.19;
-0.04,1.51,-0.43;
0.07,1.57,-0.71;
0.16,1.77,-0.59;
-0.12,1.78,-0.27;
0.17,1.74,0.07;
0.11,1.62,-0.14;
-0.09,-1.19,2.27;
-0.70,0.99,0.60;
-0.48,1.66,-0.17;
0.37,1.31,-0.40;
0.80,1.59,0.51;
0.24,1.24,-0.33;
-0.13,1.51,-0.27;
-0.21,1.43,-0.17;
-0.12,-1.30,10.67;
0.07,1.66,-0.40;
-0.12,1.39,-0.08;
0.11,1.60,0.02;
0.07,1.60,-0.08;
0.04,1.66,-0.24;
0.17,1.57,-0.39;
-0.01,1.51,-0.08;
0.07,1.60,-0.36;
-0.15,1.48,-0.43;
0.04,1.56,-0.36;
0.01,1.49,0.02;
0.30,1.62,-0.34;
-0.04,1.59,-0.24;
0.17,1.62,-0.66;
-0.15,1.39,-0.05;
-0.05,1.63,0.04;
-0.04,1.57,-0.59;
-0.12,1.72,-0.71;
0.11,1.53,-0.20;
0.13,2.27,2.41;
0.01,1.36,-0.45;
-0.39,1.65,0.54;
0.34,1.97,0.56;
-0.27,1.60,-0.28;
-0.07,2.36,-0.17;
0.33,1.86,-0.20;
-0.09,1.85,-1.99;
-0.10,0.96,1.60;
0.08,1.48,-0.57;
0.95,1.37,0.22;
0.02,0.91,-0.62;
-0.85,3.16,0.30;
2.43,2.01,-0.97;
0.42,1.69,0.86;
1.12,1.19,1.70;
1.01,-0.00,-0.60;
-0.48,1.74,0.10;
-2.22,2.20,0.63;
0.22,0.41,-2.33;
-0.53,0.27,-1.01;
0.83,2.20,-1.03;
0.08,1.63,-0.25;
0.66,-0.26,-0.49;
-1.05,1.71,0.02;
1.76,2.23,1.23;
-1.00,1.54,-1.95;
-3.15,-0.14,0.22;
-1.23,2.06,0.63;
1.98,0.43,-1.44;
-0.22,2.73,0.07;
-0.92,2.09,-1.46;
-0.63,1.57,0.48;
-0.48,0.65,-0.20;
0.11,1.05,0.27;
0.53,1.33,-1.37;
0.25,0.67,-0.74;
0.17,1.54,-0.20;
0.40,1.51,0.33;
-1.37,0.99,0.36;
0.95,1.92,-0.42;
-0.25,2.47,-0.48;
0.69,1.86,0.21;
-0.07,0.84,-0.25;
0.08,1.04,0.82;
0.02,2.17,0.47;
0.14,1.43,0.88;
-0.89,1.56,-0.07;
-0.86,0.85,-0.10;
0.91,1.45,-0.27;
-0.15,1.92,-0.22;
0.66,1.82,-0.05;
0.33,1.25,-0.33;
0.42,1.48,0.09;
-0.41,0.06,3.98;
0.07,1.10,-0.05;
0.22,1.86,-0.89;
0.40,1.65,0.01;
-1.92,0.73,1.00;
-0.54,1.83,0.28;
0.19,1.45,-1.53;
-0.54,0.79,1.54;
-0.13,2.76,-0.17;
0.22,2.24,-0.07;
0.10,-24.76,-0.14;
-0.02,-26.14,-0.16;
0.04,-25.79,-0.28;
0.04,-25.70,-0.19;
0.24,-25.62,0.10;
0.11,-25.97,-0.11;
0.22,-25.65,-0.11;
0.28,-26.23,-0.20;
0.02,-25.71,-0.16;
-0.09,-25.94,-0.16;
-0.09,-25.64,-0.27;
-0.04,-25.53,-0.22;
-0.10,-26.08,-0.49;
-0.05,-25.60,-0.25;
-0.39,-16.49,-0.24;
0.04,-25.62,-0.17;
0.02,-26.35,0.12;
0.13,-25.01,-0.05;
0.11,-25.89,-0.19;
-0.13,-25.94,-0.22;
-0.10,-25.09,-0.13;
0.08,-25.70,-0.14;
-0.01,-25.88,-0.04;
-0.04,-26.83,-0.20;
-0.15,-25.97,-0.11;
-0.12,-26.15,-0.27;
-0.16,-25.86,-0.36;
-0.16,-26.44,-0.30;
-0.04,-26.06,-0.01;
-0.05,-25.76,-0.07;
0.17,-25.94,-0.01;
-0.12,-25.73,-0.04;
-0.02,-25.70,-0.17;
0.07,-25.83,-0.25;
-0.22,-20.67,0.01;
0.05,-4.80,-0.33;
-0.02,-0.99,-0.28;
0.01,0.20,-0.40;
0.08,0.21,-0.08;
0.07,0.73,-0.27;
0.13,0.65,-0.16;
-0.07,1.02,-0.13;
0.08,1.14,-0.05;
-0.01,1.10,-0.16;
-0.02,1.57,-0.05;
-0.27,1.24,-0.42;
0.07,1.80,-0.02;
-0.04,1.83,-0.14;
-0.01,1.63,-0.30;
-0.10,2.27,-0.01;
-0.01,1.56,-0.27;
-0.28,-2.43,-0.62;
0.04,2.35,-0.42;
0.07,2.17,0.04;
-0.04,2.23,-0.01;
0.11,1.98,-0.08;
-0.02,2.09,-0.24;
0.02,2.24,-0.34;
-0.10,2.46,-0.78;
-0.05,2.62,0.13;
-0.05,2.78,-0.30;
0.10,2.32,-0.51;
-0.04,2.47,-0.04;
-0.12,2.69,-0.11;
0.04,2.67,-0.02;
0.17,2.90,-0.43;
-0.07,3.17,-0.20;
-0.15,2.52,0.13;
-0.01,3.10,-0.36;
0.07,3.17,0.07;
-0.05,3.28,-0.17;
-0.16,3.30,-0.36;
0.13,2.47,0.59;
-0.24,3.53,-0.46;
0.17,3.24,-0.13;
-0.18,1.78,-1.03;
-0.05,2.62,-0.28;
0.05,3.78,-0.25;
0.20,1.20,0.99;
2.08,4.03,-1.93;
0.19,1.98,0.28;
-0.04,3.01,0.18;
-0.05,3.51,0.34;
0.05,3.25,0.01;
-0.05,3.53,-0.13;
0.08,3.48,-0.37;
0.08,3.02,0.18;
0.14,3.05,-0.08;
0.16,2.99,-0.19;
-0.01,2.69,0.36;
0.22,3.97,0.33;
-0.07,3.16,-0.14;
0.20,2.14,0.24;
0.10,2.40,0.13;
-0.04,2.20,0.44;
0.10,3.43,-0.20;
0.02,2.90,0.73;
-0.05,3.04,-0.97;
1.18,1.43,-0.20;
0.59,1.85,-0.20;
-0.09,3.48,-0.37;
-0.51,1.82,-0.34;
0.07,1.78,-0.17;
0.30,2.17,0.12;
0.01,1.98,-1.07;
-1.69,0.32,0.47;
-1.21,0.70,0.68;
-0.07,3.37,0.76;
-0.18,-0.38,-0.92;
-0.59,1.71,1.08;
-0.82,2.29,0.22;
0.45,3.28,-0.24;
-0.15,0.29,-0.57;
-0.10,1.34,-0.94;
0.33,2.36,0.82;
-0.48,1.89,2.48;
-0.01,1.05,-0.89;
-0.02,1.08,-0.74;
-0.24,1.39,1.41;
-0.68,1.74,-0.34;
-0.30,1.92,1.12;
0.42,1.92,1.99;
-0.59,1.78,-1.23;
0.13,2.79,1.20;
0.02,0.03,2.05;
-0.60,0.43,1.90;
-0.39,0.61,1.38;
-0.86,2.15,-0.01;
-0.30,1.30,-0.56;
-0.30,1.63,-2.27;
-0.07,2.17,-0.34;
-0.62,1.80,0.50;
1.11,2.01,0.13;
0.05,1.01,1.51;
-0.36,1.43,-0.95;
0.02,1.82,-2.07;
-0.68,1.17,0.48;
-0.21,0.62,1.14;
-1.25,1.77,0.07;
0.85,1.56,0.57;
0.13,1.11,0.13;
-0.19,1.27,0.38;
0.27,1.42,0.45;
-0.10,1.31,0.47;
0.28,1.31,-0.19;
-15.21,-5.04,10.99;
-2.09,2.06,-0.66;
-0.15,1.65,-1.04;
0.24,2.27,-0.43;
-0.12,1.57,-0.78;
-0.51,1.59,0.05;
-0.33,1.63,-0.53;
-1.11,1.39,-0.36;
0.60,1.40,-1.15;
-0.16,0.95,-0.17;
-0.04,1.37,0.02;
-0.09,1.75,-0.83;
0.02,1.17,-0.45;
0.10,1.30,0.31;
-0.50,1.39,-0.07;
0.07,0.67,0.70;
-0.36,1.69,0.48;
2.11,0.23,-0.39;
0.39,0.33,-0.05;
0.13,2.36,1.41;
-0.16,-0.55,0.48;
0.60,1.02,-0.65;
1.52,1.68,-0.48;
-0.24,0.72,-1.46;
0.89,-0.76,-0.39;
1.76,0.49,-0.24;
0.11,1.28,-0.78;
-1.02,1.24,-0.77;
0.34,1.24,-0.36;
0.20,2.11,-0.42;
0.25,1.28,0.01;
-0.28,1.57,0.09;
-1.92,0.84,1.69;
0.17,2.26,-0.14;
0.77,-0.14,0.16;
-0.68,1.54,-0.05;
-0.15,1.85,0.04;
0.16,2.41,-0.85;
0.24,1.54,0.38;
-0.59,0.50,-0.33;
-0.04,0.76,0.27;
-0.67,2.00,-0.33;
-0.53,1.71,-0.19;
0.45,1.89,-1.11;
-0.01,1.66,-0.60;
-0.04,1.04,-0.01;
-0.59,0.23,-0.28;
-0.44,1.37,-0.57;
-0.28,1.20,-0.07;
-0.33,1.42,-0.31;
0.59,1.13,-0.30;
-0.21,1.78,-0.27;
0.01,1.02,-0.57;
-0.01,1.69,-0.92;
0.60,1.54,-0.27;
0.02,1.66,-0.49;
0.22,1.69,-0.10;
-0.34,1.10,-0.36;
0.20,1.59,-0.31;
-0.07,1.49,-0.46;
-0.28,1.19,-0.85;
0.14,1.53,-0.24;
0.16,1.57,-0.02;
0.37,1.30,-0.25;
0.02,1.71,-0.22;
-0.01,1.63,-0.51;
0.05,1.56,-0.54;
0.04,1.71,-0.49;
-1.26,1.36,0.82;
0.05,1.49,0.02;
0.19,1.56,-0.20;
-0.42,1.42,-0.22;
0.19,1.68,-0.46;
-0.39,1.68,-0.19;
0.24,1.51,-0.14;
0.04,1.40,-0.27;
0.02,1.24,-0.25;
-0.24,1.25,-0.42;
-0.02,1.39,-0.33;
0.04,1.45,-0.10;
0.13,1.28,-0.33;
0.14,1.46,-0.02;
-0.33,1.33,-0.25;
-0.09,1.46,-0.28;
-0.19,1.68,-0.20;
0.04,1.34,-0.25;
-0.15,1.59,-0.17;
-0.15,1.16,-0.33;
0.08,1.43,-0.31;
0.14,1.39,-0.34;
-0.33,1.48,-0.10;
0.13,1.42,-0.30;
-0.04,1.28,-0.42;
-2.02,0.55,1.46;
1.73,0.98,1.32;
0.04,1.63,-0.13;
-1.41,0.95,0.50;
0.20,1.63,-0.33;
0.07,1.56,-0.34;
-0.04,1.53,-0.27;
-0.05,1.51,-0.45;
-0.04,1.56,-0.60;
-0.05,1.25,-0.10;
0.07,1.36,0.01;
0.10,1.42,-0.27;
0.14,1.56,-0.53;
0.02,1.40,-0.51;
0.17,1.45,-0.25;
0.19,1.34,-0.04;
0.20,1.43,-0.24;
0.08,1.30,-0.40;
1.93,-51.44,51.52;
-0.05,3.19,0.19;
0.14,-25.27,-0.08;
0.16,-25.67,0.21;
0.19,-25.76,0.25;
0.10,-25.77,0.28;
-0.12,-25.82,0.24;
0.14,-25.65,0.41;
0.13,-25.91,0.44;
-0.01,-25.70,0.67;
0.13,-25.97,1.29;
-0.04,-25.68,2.83;
-0.04,-26.08,5.22;
0.05,-25.88,7.09;
-0.16,-25.89,9.03;
-0.09,-25.91,9.54;
-0.19,-26.12,10.10;
-0.13,-26.22,10.28;
-0.01,-25.53,10.47;
0.08,-26.00,10.94;
-0.01,-25.42,10.77;
0.08,-25.89,10.57;
-0.10,-25.38,10.30;
-0.15,-25.89,10.94;
0.13,-25.60,9.89;
-0.01,-25.77,10.63;
0.66,-26.14,11.09;
0.10,-26.22,10.91;
0.13,-26.28,10.73;
0.45,-25.45,10.19;
0.39,-25.89,10.47;
-0.12,-25.89,10.22;
0.46,-25.53,9.99;
0.10,-25.80,9.96;
-0.10,-25.77,9.83;
-0.07,-25.96,10.30;
0.24,-26.02,10.15;
-0.01,-25.89,9.63;
0.43,21.24,-45.70;
0.48,14.75,-0.10;
-0.05,3.80,0.10;
0.27,3.22,0.16;
0.02,1.56,-0.04;
0.20,-25.12,-0.13;
0.86,-22.75,1.96;
0.01,10.17,-0.28;
0.11,3.46,-0.04;
0.16,3.14,-0.19;
-0.02,2.35,0.30;
-0.10,-23.97,-0.01;
-0.01,-26.08,-0.14;
0.11,-25.74,0.12;
-0.12,-25.50,-0.02;
0.17,-25.94,-0.22;
0.08,-25.94,-0.08;
-0.13,-25.93,0.01;
-0.07,-25.70,0.19;
0.07,-25.36,0.01;
-0.05,-25.89,-0.24;
0.22,-25.91,-0.19;
0.01,-25.57,-0.13;
0.11,-25.74,-0.11;
0.02,-25.74,0.25;
0.05,-26.17,-0.07;
0.20,-26.38,-0.10;
0.11,-26.06,-0.20;
-0.04,-25.27,-0.24;
0.04,-26.05,-0.04;
0.01,-25.30,-0.08;
0.13,-26.14,-0.19;
-0.15,-26.11,-0.07;
-0.02,-25.41,-0.40;
-0.10,-25.47,-0.05;
-0.16,-25.64,-0.25;
-0.09,-26.08,-0.24;
0.05,-26.73,0.04;
0.07,-25.60,-0.19;
0.05,-26.03,-0.14;
0.37,29.49,-0.22;
0.08,23.51,-0.28;
0.04,3.74,0.01;
0.07,2.44,0.01;
0.28,2.14,-0.10;
0.02,2.01,-0.08;
0.10,1.91,-0.05;
-0.10,1.54,-0.14;
-0.09,1.25,-0.25;
-0.19,0.98,-0.19;
-0.13,1.11,-0.31;
0.08,0.65,-0.36;
0.07,1.28,-0.17;
-0.10,2.21,-0.14;
-5.32,41.91,0.80;
-0.09,29.30,-0.19;
0.22,29.34,-0.10;
0.08,28.78,-0.30;
0.05,29.31,-0.05;
-0.05,29.36,-0.10;
-0.05,28.90,-0.28;
0.05,29.19,-0.20;
-0.07,29.10,-0.51;
-0.15,28.88,-0.27;
0.02,29.77,-0.42;
0.19,28.53,-0.34;
0.02,28.87,-0.27;
-0.16,28.15,-0.13;
-0.02,29.10,-0.25;
0.04,28.35,-0.31;
-0.15,28.95,-0.59;
0.02,29.07,-0.07;
0.02,28.43,-0.17;
0.08,28.95,0.09;
-0.01,28.62,-0.19;
-0.07,28.82,-0.30;
-0.04,28.62,-0.16;
0.24,28.44,-0.01;
-0.07,28.12,-0.24;
0.20,28.61,-0.19;
-0.07,28.14,-0.20;
0.08,28.52,0.04;
-0.04,28.43,-0.19;
0.05,28.47,-0.33;
-0.13,28.59,-0.13;
-0.05,29.16,-0.31;
0.01,28.87,-0.11;
-0.01,28.85,0.02;
0.07,29.92,-0.17;
0.24,29.97,-0.05;
0.02,30.75,-0.04;
-0.15,31.22,0.22;
0.10,31.92,-0.13;
-0.02,33.83,-0.20;
-0.05,32.59,-0.08;
0.01,36.49,-0.13;
-0.18,37.72,0.01;
0.05,37.89,-0.11;
-0.12,40.01,0.01;
0.27,40.40,-0.33;
0.01,43.07,-0.08;
0.04,41.22,0.04;
16.72,276.43,1.99;
-0.24,0.78,-0.22;
-0.16,1.40,-0.17;
-0.21,1.31,0.07;
0.36,1.63,-0.20;
0.27,1.53,-0.10;
-0.15,1.39,-0.14;
1.75,0.27,-2.43;
-0.05,1.65,-0.10;
0.17,1.66,-0.13;
0.04,1.42,0.12;
-0.05,1.51,-0.13;
0.19,1.53,-0.22;
0.08,1.74,-0.40;
-0.01,1.45,-0.25;
-0.09,1.63,-0.36;
-0.05,1.59,-0.14;
-0.12,1.56,0.22;
-0.05,1.65,0.10;
0.04,1.63,-0.01;
0.17,1.83,-0.04;
-0.13,1.57,-0.65;
0.08,1.75,-0.17;
-0.21,1.45,-0.11;
0.07,1.51,-0.45;
0.07,1.46,0.18;
0.57,1.40,-1.04;
-2.76,0.44,-2.08;
0.14,1.75,-0.40;
0.34,0.84,-0.97;
-0.12,1.54,1.14;
1.27,0.11,0.45;
-0.74,0.21,1.90;
-0.42,1.65,-1.07;
1.30,0.01,-0.54;
-0.80,0.90,1.02;
-0.01,1.75,1.61;
0.69,0.62,2.18;
-0.31,1.88,-0.49;
0.28,0.14,0.24;
-1.06,1.04,-0.27;
-0.63,1.54,1.25;
0.89,2.49,-1.90;
0.31,1.77,0.53;
0.04,1.77,0.21;
0.57,2.06,-0.10;
-0.25,1.65,1.35;
1.24,0.43,1.20;
0.77,1.43,-0.97;
-1.15,1.19,0.44;
-0.22,0.98,-1.58;
-0.67,-0.09,1.29;
-0.44,0.79,0.39;
-0.96,1.02,1.87;
1.88,1.77,0.93;
-1.38,1.62,-0.13;
0.17,1.17,-2.02;
0.54,0.46,0.63;
2.28,1.98,1.22;
-17.90,-9.59,18.09;
-1.83,-1.89,-0.33;
-0.34,0.49,-0.77;
-0.54,2.00,-1.81;
0.45,0.36,0.91;
0.34,1.42,0.54;
-4.18,1.80,2.39;
1.75,1.02,-0.54;
-1.93,1.36,-0.14;
4.16,3.72,-2.08;
0.57,1.78,0.45;
0.94,2.14,-0.01;
0.24,1.01,-0.27;
-0.74,0.26,-0.04;
0.01,1.85,0.12;
0.33,1.37,0.04;
-0.65,0.55,0.82;
0.24,1.94,-0.13;
0.46,1.46,-0.10;
-0.22,1.33,0.24;
0.40,1.40,-0.16;
0.37,1.88,-0.98;
0.14,1.69,-0.69;
0.07,1.28,-0.56;
-0.59,0.79,-0.27;
-0.15,1.24,-0.59;
0.33,1.89,-0.19;
0.63,1.51,-0.48;
0.14,1.69,-0.04;
0.17,1.83,-0.78;
-0.04,1.60,0.89;
0.59,1.10,0.45;
-0.39,1.86,-0.31;
0.24,1.48,0.05;
-1.15,1.71,-0.16;
-1.11,1.49,0.76;
-0.34,1.16,-0.51;
-0.18,1.66,-0.45;
0.31,1.69,-0.08;
0.07,1.68,-0.24;
-0.24,1.48,-0.48;
-0.02,1.80,-0.27;
0.02,1.60,-0.17;
0.02,1.88,-0.45;
-0.09,1.53,-0.85;
-0.09,1.59,-0.08;
0.28,1.10,-0.05;
0.45,1.65,-0.39;
-0.19,1.43,-0.33;
-0.12,1.42,-0.62;
-0.12,1.48,-0.24;
0.20,1.72,-0.31;
0.01,1.16,-0.39;
-0.10,1.62,0.19;
-0.33,1.22,0.02;
-0.31,1.69,-0.04;
0.89,0.67,-1.00;
-0.31,1.69,-0.11;
-0.13,1.17,2.28;
-9.43,-2.75,9.06;
1.04,1.77,0.33;
-0.33,1.16,-0.59;
-0.42,1.07,0.68;
4.77,9.08,-9.93;
-0.24,2.50,-0.19;
-0.09,1.42,0.10;
0.01,-13.64,-0.14;
0.11,-25.83,-0.01;
-2.22,19.04,0.54;
0.07,2.84,-0.01;
-12.89,3.05,-0.65;
0.11,2.36,-0.22;
0.02,2.26,0.09;
-0.12,-25.41,0.27;
-0.02,-25.88,0.16;
0.07,3.94,0.10;
0.08,3.92,0.15;
0.08,-25.86,0.27;
0.31,4.49,-0.36;
0.20,4.11,0.16;
0.05,-23.65,0.24;
0.08,-25.94,0.18;
0.07,-25.59,0.13;
0.16,-25.85,0.44;
-0.10,-26.12,0.24;
0.05,-25.94,0.21;
-0.05,-25.89,0.38;
-0.09,-25.80,0.21;
0.20,-25.24,0.60;
0.19,-26.00,1.06;
0.04,-25.97,1.87;
-0.13,-26.00,4.41;
-0.01,-26.11,7.17;
0.01,-25.39,8.83;
0.01,-25.79,9.86;
0.04,-26.95,9.72;
0.14,-25.88,10.33;
-0.01,-25.36,10.04;
-0.09,-25.94,10.60;
-0.01,-25.99,10.85;
0.22,-25.57,10.59;
-0.04,-25.70,10.76;
0.17,-25.88,11.02;
0.20,-25.41,10.70;
0.31,-25.85,10.77;
-0.02,-25.36,10.76;
0.48,-25.59,10.48;
-0.04,-26.03,10.94;
-0.07,-26.02,10.44;
-0.48,-18.23,13.81;
0.31,-26.09,-0.05;
-0.09,-25.48,0.09;
0.19,-25.68,0.09;
0.22,-25.64,0.16;
0.48,-25.59,0.16;
0.22,-25.76,0.19;
0.17,-25.89,0.16;
0.10,-25.56,0.24;
0.16,-25.73,0.28;
-0.39,26.84,0.51;
0.14,4.26,-0.07;
-0.09,3.83,0.19;
0.24,2.84,0.25;
0.07,-22.73,0.10;
0.10,-25.38,0.02;
0.11,-25.67,0.10;
0.05,-26.06,0.12;
0.20,-25.97,0.25;
0.07,-25.77,0.18;
0.19,-25.79,0.21;
0.13,-25.73,0.31;
0.05,-25.57,0.25;
0.08,-26.69,0.34;
-0.04,-25.96,0.39;
0.19,-26.15,0.51;
0.11,-25.80,0.62;
-0.05,-26.57,0.77;
0.27,-25.59,1.23;
-0.09,-25.77,1.90;
0.05,-25.70,2.62;
0.10,-26.22,3.34;
0.07,-25.91,3.58;
-0.10,-25.64,4.28;
-0.15,-25.89,2.67;
0.16,-25.94,1.15;
0.36,-25.44,0.47;
0.14,28.99,-0.10;
0.20,14.47,0.04;
0.05,3.33,-0.01;
0.13,2.75,-0.17;
0.04,2.06,-0.14;
-0.05,2.56,-0.02;
0.07,2.46,-0.02;
-0.05,2.32,0.12;
0.16,2.24,-0.24;
-0.01,-5.12,-0.10;
0.13,-25.83,-0.13;
-0.01,-26.44,0.04;
-0.04,-26.22,-0.19;
0.07,-26.06,-0.08;
0.07,-25.96,-0.33;
0.40,-25.85,-0.24;
0.11,-25.60,-0.13;
11.41,39.34,2.91;
0.08,29.11,-0.14;
0.02,7.91,-0.27;
0.28,3.27,-0.01;
0.19,2.73,-0.17;
0.05,2.21,-0.24;
0.02,1.60,-0.16;
0.10,1.25,0.12;
0.02,1.49,-0.20;
-0.04,1.04,-0.05;
0.07,0.58,-0.11;
0.02,1.51,-0.10;
0.07,1.17,-0.24;
-0.04,1.71,-0.10;
-1.52,7.11,-12.39;
0.05,29.94,-0.08;
0.13,28.67,-0.14;
-0.13,27.42,-0.36;
-0.04,29.11,-0.17;
-0.04,28.98,-0.20;
-0.01,29.31,-0.31;
0.04,29.63,-0.07;
0.08,27.53,0.02;
0.02,26.01,-0.25;
0.05,22.27,-0.28;
-0.05,27.92,-0.10;
1.20,37.40,3.66;
0.07,28.98,0.16;
0.08,28.73,0.02;
0.01,28.58,-0.17;
0.14,29.14,-0.28;
0.05,28.78,-0.02;
0.16,28.99,-0.04;
-0.05,28.62,-0.10;
0.24,29.17,-0.08;
0.11,28.85,-0.30;
-0.25,29.01,-0.33;
0.10,28.29,-0.16;
-0.07,29.33,-0.19;
0.10,28.59,-0.14;
0.05,28.75,-0.05;
-0.09,28.79,0.01;
-0.07,28.75,-0.07;
-0.13,28.91,-0.16;
-0.04,28.35,-0.05;
-0.15,28.90,-0.20;
-0.16,28.65,-0.37;
-0.04,28.56,-0.22;
-0.28,28.88,-0.17;
0.01,29.04,-0.05;
-0.09,28.47,-0.02;
-0.19,27.89,-0.19;
0.25,28.26,-0.37;
0.04,28.53,-0.11;
0.10,28.50,-0.20;
-0.09,27.57,-0.13;
0.07,28.84,-0.24;
0.11,29.02,-0.36;
-0.02,29.46,-0.11;
0.02,29.65,-0.13;
0.17,29.56,-0.05;
0.02,30.40,-0.08;
0.13,31.31,-0.25;
0.43,33.86,-0.13;
0.20,33.62,-0.13;
0.17,36.56,-0.20;
0.05,36.41,-0.22;
-0.13,37.36,-0.01;
0.04,36.47,-0.16;
0.16,40.01,-0.49;
0.13,41.63,-0.14;
0.22,42.44,-0.42;
0.19,41.94,-0.28;
0.48,42.84,0.15;
-0.18,43.02,-0.16;
0.16,43.77,-0.11;
-0.16,44.90,0.01;
0.45,44.87,-0.20;
-0.24,44.56,-0.28;
0.14,46.12,0.07;
0.48,46.14,-0.07;
0.79,46.07,-0.04;
0.50,46.35,-0.24;
0.17,46.56,-0.20;
0.57,47.60,0.07;
-0.19,47.22,-0.16;
-0.13,47.78,-0.08;
0.54,47.48,-0.30;
0.72,47.31,-0.13;
0.43,47.97,-0.17;
-4.33,59.62,0.86;
0.22,47.43,-0.27;
0.65,54.59,-0.05;
0.31,48.03,-0.27;
0.45,49.02,0.13;
0.07,47.98,-0.16;
0.39,47.72,0.10;
0.91,48.17,-0.02;
0.13,49.08,-0.20;
0.72,47.51,-0.13;
-0.16,48.11,0.07;
0.60,46.91,-0.39;
0.24,47.74,-0.19;
0.16,47.86,-0.22;
-0.19,48.58,-0.16;
0.22,47.83,-0.22;
0.63,47.75,0.01;
-0.27,47.30,-0.22;
0.07,47.37,-0.05;
0.13,47.53,-0.31;
0.57,48.17,-0.19;
0.02,47.65,-0.19;
0.36,47.39,-0.37;
0.01,47.25,-0.01;
0.17,46.69,-0.34;
-0.10,46.76,-0.30;
0.30,46.67,-0.62;
0.02,47.60,-0.86;
0.24,46.73,-0.14;
0.63,46.91,0.24;
0.11,46.32,1.06;
0.82,46.87,0.89;
-0.04,46.53,0.05;
0.68,47.08,0.67;
0.63,46.59,-0.34;
0.59,45.78,0.13;
0.10,45.59,0.44;
0.05,44.96,0.07;
0.34,46.20,-0.07;
0.02,42.81,-1.67;
0.36,27.53,0.01;
-0.25,26.30,0.45;
-0.24,25.60,-0.56;
0.01,26.09,1.08;
0.51,24.90,0.53;
0.28,25.51,-1.78;
-0.19,25.77,-1.33;
0.07,26.00,-0.01;
0.27,24.82,-0.82;
1.37,25.31,1.05;
0.77,25.63,-0.04;
0.17,25.57,0.30;
-0.04,25.66,-1.41;
-0.59,25.56,-0.46;
-0.57,24.99,2.76;
-0.44,25.27,0.74;
1.26,26.00,-1.01;
-0.47,25.60,-2.37;
0.39,25.20,-1.12;
-0.73,25.65,0.04;
0.68,25.54,-0.94;
0.07,25.62,-0.19;
-0.60,25.51,1.06;
1.14,25.72,-0.62;
0.20,26.01,0.71;
-0.36,25.69,-0.62;
0.57,25.56,0.39;
0.50,12.27,2.56;
0.31,1.56,0.82;
-1.06,1.20,-1.93;
1.58,0.96,0.74;
0.98,1.04,-0.46;
0.19,0.84,-0.24;
0.27,1.02,0.51;
0.36,0.79,-1.50;
0.22,0.93,-0.20;
-0.45,1.05,0.25;
-0.24,0.87,-0.71;
0.95,1.17,-0.30;
-0.31,0.78,-0.48;
0.65,0.95,0.33;
-0.41,1.01,0.12;
-0.31,1.04,0.02;
-0.13,0.70,-1.04;
-0.01,0.99,0.33;
0.30,0.96,-0.14;
-0.02,1.05,-0.45;
-0.01,0.87,0.33;
0.31,1.02,-0.11;
0.40,0.95,-0.60;
0.39,1.04,-0.25;
0.22,1.07,-1.03;
0.25,1.11,0.27;
-0.25,1.04,0.05;
0.11,1.13,-0.13;
0.22,1.17,0.59;
-0.12,1.25,0.15;
0.14,1.16,-0.24;
-0.12,1.22,-0.34;
-0.34,1.19,-0.39;
-0.34,1.51,-0.10;
0.14,1.19,-0.77;
-0.18,1.28,-0.43;
-0.10,1.34,-0.68;
-0.05,1.33,-0.51;
-0.16,1.28,-0.22;
-0.10,1.63,-0.65;
-0.09,1.71,-0.31;
-0.05,1.24,-0.56;
0.07,1.68,-0.37;
-0.15,1.66,-0.57;
0.30,1.60,-0.53;
0.10,1.66,-0.43;
-0.21,1.39,-0.53;
-0.19,1.62,-0.22;
-0.22,1.78,-0.48;
0.04,1.71,-0.39;
-0.15,1.86,-0.02;
0.50,1.88,-0.33;
0.05,1.88,-0.39;
-0.01,1.72,-0.20;
0.08,2.01,-0.25;
-0.15,1.98,-0.25;
0.02,2.00,-0.37;
0.05,1.92,-0.14;
0.10,1.85,-0.39;
0.05,1.77,-0.31;
-0.09,1.94,0.18;
-0.22,1.97,-0.17;
0.13,1.86,0.15;
-0.19,1.97,-0.43;
0.14,1.95,-0.13;
0.02,2.21,-0.27;
0.07,1.89,-0.31;
-0.05,2.17,-0.34;
-0.01,2.04,-0.37;
-0.21,2.06,-0.40;
-0.15,2.20,-0.54;
-0.10,2.20,-0.57;
-0.12,2.18,-0.31;
-0.02,1.97,-0.36;
-0.04,2.11,-0.37;
-0.07,2.15,-0.30;
-0.02,2.14,-0.13;
-0.09,2.11,-0.59;
0.13,2.12,-0.65;
-0.12,2.14,-0.36;
0.05,2.20,-0.42;
-0.10,2.20,-0.04;
0.01,2.14,-0.13;
0.08,2.17,-0.17;
0.19,2.18,-0.40;
0.13,2.32,-0.19;
0.02,2.20,-0.25;
-0.01,2.33,-0.04;
-0.04,2.27,-0.51;
-0.13,2.49,-0.31;
-0.01,2.52,-0.08;
-0.02,2.35,-0.19;
-0.10,2.29,-0.39;
-0.04,2.43,-0.22;
0.02,2.30,-0.11;
-0.21,2.61,-0.65;
0.07,2.30,-0.11;
0.07,2.33,-0.27;
-0.09,2.32,0.01;
-0.13,2.27,-0.28;
0.17,2.50,-0.33;
0.17,2.21,-0.31;
0.08,2.17,-0.40;
0.08,2.35,-0.40;
0.05,2.11,-0.19;
0.04,2.44,-0.48;
0.10,2.29,-0.43;
-0.05,2.18,-0.63;
0.10,2.49,-0.13;
0.02,2.49,-0.46;
-0.02,2.49,-0.19;
-0.10,2.38,-0.34;
-0.04,2.36,-0.31;
-0.19,2.38,-0.28;
-0.16,2.43,-0.31;
0.01,2.44,-0.08;
-0.02,2.32,-0.28;
0.04,2.33,-0.45;
0.07,2.38,-0.31;
-0.05,2.35,-0.25;
0.05,2.30,0.02;
-0.04,2.18,-0.07;
-0.05,2.40,-0.36;
0.31,2.15,-0.37;
0.02,2.29,-0.31;
-0.18,2.14,-0.45;
0.01,2.07,-0.28;
-0.07,1.88,-0.28;
-0.07,1.98,-0.24;
-0.07,1.78,-0.24;
-0.05,2.72,2.09;
-0.04,1.92,-0.66;
0.01,1.54,-0.10;
-0.09,1.53,-0.11;
-0.12,1.60,-0.45;
0.10,1.45,-0.27;
0.04,1.46,-0.07;
-0.02,1.36,-0.34;
-0.15,1.65,-0.39;
0.04,1.34,-0.08;
-0.09,1.62,-0.36;
0.02,1.59,0.02;
-0.09,1.74,-0.68;
-0.04,1.48,-0.59;
-0.01,1.53,-0.51;
-0.04,2.12,0.57;
-0.79,1.36,0.54;
-0.12,1.49,-0.33;
-3.90,0.01,5.54;
0.16,1.62,-0.24;
0.45,1.74,-1.58;
0.22,1.46,0.19;
0.05,1.45,-0.39;
-0.04,1.22,-0.36;
0.10,1.57,-0.27;
0.04,1.57,-0.36;
-0.19,1.30,-0.48;
-0.24,1.45,-0.42;
-0.27,1.54,-0.08;
0.11,1.45,0.04;
0.01,1.36,-0.36;
-0.19,1.62,-0.25;
0.20,1.63,-0.14;
0.01,1.56,-0.40;
-0.01,1.56,-0.37;
-0.19,1.65,-0.30;
-0.10,1.60,-0.31;
0.07,1.42,-0.27;
0.07,1.59,-0.07;
0.10,1.28,-0.10;
-0.13,1.86,-0.08;
0.05,1.62,-0.28;
-0.19,1.51,-0.11;
-0.12,1.59,-0.33;
-0.02,1.45,-0.37;
0.02,1.43,-0.19;
-0.05,1.49,-0.28;
-0.13,1.43,-0.31;
-0.10,1.49,-0.53;
0.25,1.53,-0.34;
0.19,1.46,-0.20;
0.48,1.68,-0.63;
-0.05,1.43,-0.11;
0.13,1.43,-0.51;
0.10,1.40,-0.33;
0.11,1.59,-0.42;
-0.10,1.45,-0.28;
0.04,1.49,-0.30;
0.08,1.54,-0.33;
-0.05,1.54,-0.19;
-0.02,1.57,-0.05;
-0.05,1.60,-0.25;
0.04,1.37,-0.57;
-0.04,1.62,-0.31;
-0.04,1.56,0.05;
-0.16,1.46,-0.27;
-0.15,1.46,-0.54;
0.11,1.51,-0.01;
-0.07,1.66,-0.16;
-0.12,1.54,-0.37;
0.05,1.66,-0.30;
-0.19,1.39,-0.40;
0.04,1.71,-0.19;
0.08,1.45,-0.40;
-0.13,1.53,-0.08;
0.13,1.48,-0.14;
0.13,1.65,-0.13;
0.01,1.45,-0.07;
0.04,1.43,-0.10;
-0.18,1.65,0.02;
-0.12,1.56,-0.24;
0.04,1.56,-0.24;
0.07,1.74,-0.10;
0.07,1.36,-0.02;
-0.05,1.42,-0.19;
0.02,1.69,-0.04;
0.01,1.39,-0.14;
0.13,1.57,0.02;
-0.12,1.39,0.05;
0.13,1.71,-0.02;
0.02,1.46,-0.17;
-0.05,1.68,-0.14;
-0.01,1.42,-0.07;
-0.01,1.57,0.10;
-0.09,1.57,0.16;
-0.18,1.62,-0.11;
-0.12,1.60,0.04;
-0.12,1.43,0.12;
0.07,1.51,-0.22;
0.05,1.69,-0.01;
0.20,1.39,-0.04;
-0.07,1.60,0.21;
0.08,1.71,0.15;
-0.04,1.57,-0.22;
-0.05,1.46,-0.19;
0.14,1.37,-0.11;
-0.13,1.49,-0.40;
-0.02,1.31,-0.13;
-0.09,1.49,-0.20;
0.22,1.34,-0.08;
0.05,1.68,-0.25;
-0.01,1.59,-0.53;
0.02,1.59,-0.56;
-0.18,1.49,-0.43;
0.07,1.62,-0.36;
-0.12,1.43,-0.33;
0.01,1.83,-0.30;
0.05,1.42,-0.24;
0.07,1.46,-0.36;
-0.13,1.59,-0.54;
0.25,1.57,-0.33;
0.05,1.56,-0.48;
0.34,1.48,-0.40;
0.08,1.54,-0.39;
0.05,1.57,-0.46;
-0.05,1.57,-0.36;
0.07,1.57,-0.54;
0.02,1.48,-0.49;
0.16,1.63,-0.46;
0.05,1.57,-0.25;
-0.27,1.53,-0.49;
0.07,1.48,-0.42;
-0.18,1.46,-0.42;
0.10,1.68,-0.46;
0.05,1.54,-0.22;
-0.13,1.49,-0.33;
0.07,1.72,-0.51;
-0.05,1.75,-0.75;
0.07,1.48,-0.39;
-0.04,1.36,-0.25;
-0.10,1.45,-0.80;
0.33,1.53,-0.30;
0.05,1.53,-0.54;
-0.04,1.53,-0.56;
0.13,1.71,-0.45;
0.24,1.57,-0.45;
0.08,1.62,-0.60;
-0.15,1.42,-0.46;
-0.04,1.36,-0.08;
-0.27,1.54,-0.30;
-0.02,1.54,-0.20;
-0.04,1.22,-0.62;
-0.12,1.62,-0.48;
0.02,1.65,-0.45;
-0.18,1.63,-0.31;
-0.04,1.53,-0.36;
0.04,1.74,-0.94;
0.02,1.42,-0.34;
-0.07,1.69,-0.27;
0.10,1.45,-0.34;
-0.13,1.45,-0.40;
0.17,1.65,-0.28;
-0.02,1.45,-0.25;
-0.02,1.48,-0.59;
0.01,1.45,-0.28;
-0.13,1.42,-0.27;
-0.01,1.59,-0.14;
-0.10,1.46,-0.37;
-0.12,1.30,-0.45;
0.20,1.54,-0.42;
-0.01,1.63,-0.60;
0.16,1.60,-0.30;
-0.10,1.71,-0.28;
0.08,1.53,-0.04;
-0.09,1.59,-0.07;
-0.05,1.63,-0.24;
-0.16,1.59,-0.51;
0.04,1.28,-0.36;
0.01,1.69,-0.28;
0.14,1.37,-0.36;
-0.10,1.54,-0.30;
0.16,1.59,-0.39;
-0.04,1.28,-0.16;
-0.07,1.49,-0.34;
-0.02,1.57,-0.07;
0.05,1.34,-0.19;
-0.10,1.51,-0.07;
0.19,1.65,-0.07;
-0.05,1.69,-0.30;
0.07,1.59,-0.40;
0.05,1.66,-0.33;
-0.02,1.78,-0.31;
0.16,1.43,-0.37;
0.08,1.36,-0.27;
-0.18,1.53,-0.19;
-0.09,1.72,-0.13;
-0.07,1.72,-0.20;
0.04,1.72,-0.25;
0.24,1.40,-0.36;
-0.09,1.56,-0.11;
-0.01,1.49,-0.36;
-0.15,1.27,-0.39;
-0.04,1.53,-0.13;
-0.12,1.36,-0.45;
0.02,1.46,-0.43;
-0.15,1.59,-0.36;
-0.04,1.30,-0.17;
-0.10,1.66,-0.42;
-0.18,1.59,-0.22;
0.14,1.42,-0.42;
-0.04,1.57,-0.37;
0.08,1.56,-0.14;
-0.13,1.51,-0.36;
-0.15,1.68,-0.37;
-0.13,1.45,-0.14;
0.14,1.43,-0.45;
0.20,1.51,-0.43;
-0.13,1.20,-0.48;
-0.09,1.91,-0.34;
0.04,1.74,-0.28;
0.10,1.65,-0.20;
0.01,1.42,-0.45;
-0.05,1.51,-0.43;
-0.13,1.57,-0.01;
-0.02,1.53,-0.13;
0.04,1.60,-0.28;
-0.30,1.48,-0.17;
-0.09,1.43,-0.28;
0.05,1.51,-0.02;
-0.10,1.46,-0.20;
0.07,1.62,-0.30;
0.30,1.92,0.28;
0.10,2.49,-0.14;
0.17,-18.87,-0.20;
0.02,-25.68,0.02;
0.08,-26.28,-0.08;
-0.05,-26.18,-0.01;
0.04,-25.64,-0.04;
0.19,-26.20,-0.01;
-0.10,-25.82,0.12;
0.27,-25.59,-0.08;
0.11,-25.79,-0.11;
0.17,-25.76,0.04;
-0.04,-25.50,0.07;
-0.09,-25.64,-0.16;
-0.12,-25.83,-0.14;
0.05,-25.96,-0.19;
0.11,-26.00,0.01;
0.01,-25.91,-0.11;
-0.02,-26.12,-0.05;
-0.01,-26.03,-0.43;
-0.04,-26.38,-0.19;
-0.07,-26.05,-0.13;
-0.09,-26.75,-0.02;
-0.16,-25.16,-0.04;
0.04,-25.97,-0.11;
-0.01,-25.44,-0.14;
-0.07,-25.38,-0.27;
-0.05,-26.11,-0.24;
-0.09,-25.28,-0.30;
-0.22,-25.99,0.01;
0.01,-26.14,0.05;
-0.12,-25.94,-0.53;
-0.07,-25.65,-0.10;
0.04,-25.96,-0.28;
-0.13,-25.41,-0.10;
0.13,-25.50,-0.30;
-0.01,-25.83,-0.19;
-0.04,-25.89,-0.14;
-10.24,24.76,45.55;
0.05,4.12,0.05;
-0.01,-25.51,0.09;
0.11,-25.70,0.01;
0.04,-26.02,0.10;
0.04,-25.80,0.19;
-0.19,-25.65,0.22;
-0.05,-25.38,0.38;
-0.10,-25.91,0.34;
0.05,-25.99,0.42;
0.11,-25.48,1.02;
-0.09,-26.06,2.34;
-0.07,-26.17,4.51;
-0.01,-25.91,6.56;
0.05,-26.34,8.48;
0.16,-26.08,9.70;
0.02,-26.00,9.90;
-0.07,-25.96,10.41;
0.13,-26.00,10.57;
-0.02,-25.42,10.59;
0.17,-26.02,10.70;
0.27,-25.70,10.68;
0.04,-25.60,10.56;
0.10,-25.64,10.77;
0.17,-25.67,10.60;
-0.18,-25.88,10.54;
-0.04,-25.64,10.07;
0.34,-25.73,10.51;
-0.16,-26.00,11.09;
0.25,-25.65,9.87;
-0.27,-25.59,10.09;
0.14,-25.24,9.95;
0.13,-26.08,10.42;
0.30,-25.51,9.86;
0.54,-25.88,9.99;
-0.15,-25.93,9.95;
0.27,-26.06,9.92;
-0.05,-26.25,9.90;
0.16,-26.00,9.92;
0.27,-25.94,9.66;
0.31,-25.85,9.60;
0.20,-24.93,9.11;
0.14,-25.65,8.91;
0.14,-25.74,9.08;
-0.12,-25.65,8.91;
-0.15,-26.26,9.32;
0.02,-26.37,8.85;
0.17,-25.88,8.42;
-0.10,-25.64,8.56;
0.25,-26.23,8.59;
0.13,-25.89,8.18;
0.27,-25.57,7.69;
0.13,-26.08,7.99;
-0.01,-26.25,7.37;
0.04,-25.79,6.80;
0.16,-25.65,6.63;
0.10,-26.23,6.57;
0.02,-26.29,5.95;
0.05,-25.89,5.61;
0.04,-25.85,5.18;
0.04,-25.60,4.67;
0.05,-26.03,4.21;
0.01,-25.76,3.37;
0.11,-26.02,2.45;
-0.04,-26.08,2.42;
0.13,-26.35,1.81;
0.17,-25.62,1.05;
-0.09,-25.96,0.70;
0.01,-25.97,0.45;
-0.10,-25.99,0.47;
0.11,-26.15,0.05;
0.04,-25.77,0.02;
0.13,-25.80,-0.16;
0.08,-25.67,-0.22;
0.13,-26.23,-0.07;
0.16,-26.52,-0.07;
0.25,-25.57,-0.14;
0.16,-26.11,-0.05;
0.05,-26.22,-0.27;
-0.04,-26.08,-0.22;
0.05,-26.32,-0.34;
-0.01,-26.20,-0.19;
-0.01,-26.37,-0.16;
0.22,-26.05,-0.20;
0.13,-22.35,-0.45;
-0.10,-6.05,-0.36;
-0.07,-0.31,-0.46;
0.07,0.43,-0.16;
-0.12,0.47,-0.07;
0.07,0.98,-0.07;
-0.15,0.82,-0.27;
0.04,1.14,-0.24;
0.05,1.39,-0.20;
0.02,1.14,-0.19;
0.25,5.20,-0.30;
0.13,27.24,-0.28;
-0.09,28.61,-0.24;
-0.02,28.79,-0.11;
0.08,28.21,-0.01;
-0.09,29.14,-0.05;
0.13,28.88,-0.51;
-0.07,28.35,-0.05;
-0.01,28.99,-0.08;
-0.09,29.24,-0.22;
0.11,28.98,-0.07;
-0.04,29.14,-0.04;
-0.07,28.47,-0.39;
-0.07,28.96,-0.10;
-0.18,28.82,-0.04;
-0.01,29.11,-0.36;
0.05,28.76,-0.22;
-0.04,28.50,-0.16;
0.14,28.53,-0.10;
-0.05,28.38,0.04;
0.02,28.50,-0.08;
0.19,28.27,-0.33;
0.10,28.38,-0.08;
2.31,46.03,1.02;
-1.49,58.84,-0.85;
0.20,49.53,-0.63;
0.10,35.39,0.16;
0.04,47.77,-0.10;
0.07,47.95,-0.07;
0.01,42.04,-0.16;
0.13,40.95,-0.10;
-0.30,37.02,-0.34;
0.24,45.28,-0.24;
-0.01,46.12,0.05;
-0.13,48.87,-0.28;
0.24,56.52,0.10;
-0.25,41.08,-0.89;
-2.21,60.84,1.58;
0.08,49.54,-0.08;
1.20,44.29,-1.41;
0.04,45.24,-0.17;
0.27,44.95,-0.30;
0.07,45.62,0.02;
0.10,47.92,-0.10;
0.17,46.04,0.01;
-0.10,46.59,-0.14;
2.02,90.49,0.30;
-0.02,45.68,-0.11;
0.19,44.90,-0.22;
0.08,45.08,-0.14;
0.08,45.66,-0.31;
-0.18,45.43,-0.17;
-0.02,45.59,-0.33;
0.11,45.54,-0.14;
-0.10,47.51,-0.11;
0.16,46.36,-0.31;
-0.04,46.62,-0.31;
0.08,47.30,-0.04;
-0.01,47.68,-0.31;
0.10,46.58,-0.17;
-0.02,46.84,-0.08;
0.05,47.65,0.01;
0.17,47.27,-0.39;
-0.05,46.98,-0.33;
0.11,47.34,-0.24;
-0.33,59.22,0.99;
0.16,47.02,-0.11;
0.07,46.43,-0.19;
0.19,47.01,-0.17;
0.60,55.24,0.53;
0.05,47.30,-0.17;
0.28,47.34,-0.34;
0.16,46.75,0.28;
0.16,47.01,0.04;
-0.09,46.85,0.25;
0.14,46.55,0.13;
0.24,47.19,-0.19;
0.30,47.43,-0.92;
0.16,46.91,-0.57;
0.11,45.91,0.27;
0.63,46.00,-0.72;
-0.39,46.73,-0.08;
0.20,46.52,0.19;
-0.07,46.88,-0.24;
0.10,47.17,0.18;
0.10,47.04,-0.33;
-0.01,45.62,-0.48;
0.37,44.72,-0.57;
0.40,45.91,-0.02;
0.43,46.43,-2.36;
0.28,45.85,-1.17;
1.04,47.37,0.13;
0.36,45.86,-1.04;
-0.99,45.83,0.50;
0.56,45.74,0.88;
-0.62,45.07,-0.40;
-0.42,44.26,1.05;
-0.51,45.27,0.80;
0.20,42.99,-0.05;
-0.88,43.83,0.30;
0.07,28.01,-0.89;
-0.42,28.20,-0.43;
0.07,26.11,-0.68;
-0.44,25.60,-2.89;
-0.48,25.60,0.34;
-0.05,25.95,0.68;
-0.22,25.62,-0.19;
0.59,17.16,4.18;
1.79,25.59,-0.69;
-0.92,25.85,-0.24;
-1.34,26.58,0.12;
-0.47,2.43,-1.11;
-0.22,25.59,-1.32;
0.43,26.07,0.86;
0.79,25.49,-2.34;
1.64,3.49,-0.36;
0.17,0.72,0.19;
0.69,1.08,0.10;
0.14,3.56,-1.62;
0.02,0.73,0.57;
-0.28,-1.80,0.67;
0.45,-0.08,0.36;
0.43,0.91,0.27;
-0.82,0.70,-0.19;
0.22,0.78,-0.68;
-0.63,0.87,0.30;
-0.57,0.76,-0.71;
-0.92,0.61,-1.23;
0.19,1.19,0.02;
-0.82,0.85,-0.75;
-0.15,0.81,0.42;
0.25,1.01,-0.45;
0.39,1.16,-0.74;
0.30,0.55,0.12;
-0.24,0.78,-0.74;
-0.18,0.87,0.09;
-0.34,0.88,-0.57;
0.22,1.48,0.28;
-0.91,-9.39,1.92;
0.69,-8.76,0.56;
-0.25,0.79,-0.05;
0.40,0.90,0.25;
0.66,1.01,-0.88;
0.45,0.85,-0.40;
-0.24,1.01,-0.42;
-0.10,0.99,-0.43;
0.19,0.98,-0.17;
0.17,1.14,0.15;
0.40,1.20,-0.24;
-0.04,1.11,-0.51;
0.13,1.07,-0.49;
-0.15,1.19,-0.08;
0.20,1.10,-0.08;
-0.22,1.40,0.25;
-0.02,1.20,-0.19;
0.27,1.31,-0.62;
0.25,1.02,-0.36;
0.10,1.27,-0.13;
0.16,1.45,-0.20;
0.17,1.07,-0.25;
-0.30,1.30,-0.07;
-0.10,1.20,-0.42;
-0.09,1.37,-0.13;
0.02,1.31,-0.11;
0.22,1.30,-0.37;
-0.09,1.46,-0.34;
-0.13,1.40,-0.43;
-0.02,1.37,-0.63;
0.08,1.56,-0.10;
0.01,1.56,0.04;
-0.12,2.14,-0.85;
-0.15,1.48,-0.19;
0.31,1.63,0.10;
0.19,1.53,-0.24;
-0.01,2.00,-0.05;
-0.05,1.75,-0.46;
-0.02,1.74,-0.75;
0.04,1.39,-0.33;
-0.15,1.43,-0.36;
-0.24,1.63,0.02;
0.08,1.65,-0.36;
0.24,1.74,-0.49;
-0.12,1.83,-0.24;
-0.07,1.62,-0.28;
-0.25,1.60,-0.11;
0.01,1.75,-0.36;
0.01,1.62,-0.28;
-0.01,1.66,-0.40;
0.02,1.74,-0.43;
0.05,1.95,-0.51;
0.04,1.65,-0.14;
0.11,1.95,-0.42;
0.02,1.83,-0.69;
-0.13,1.57,-0.60;
-0.02,1.92,-0.39;
-0.10,1.92,-0.59;
0.10,1.80,-0.39;
0.02,1.88,-0.42;
0.08,1.82,-0.22;
0.14,1.95,-0.31;
0.04,1.82,-0.42;
-0.04,1.83,-0.31;
0.11,1.95,-0.16;
-0.09,2.06,-0.39;
0.07,1.88,-0.42;
0.07,1.92,-0.40;
-0.25,1.86,-0.39;
0.10,1.94,-0.46;
-0.07,1.74,-0.43;
0.01,1.91,-0.19;
-0.07,1.69,-0.25;
-0.28,1.88,-0.20;
-0.01,1.83,-0.34;
-0.09,1.83,-0.33;
-0.15,1.98,-0.33;
-0.12,1.88,-0.19;
-0.05,1.75,-0.25;
-0.07,1.92,-0.43;
0.07,1.88,-0.53;
0.11,1.92,-0.34;
-0.01,1.89,-0.42;
-0.13,2.00,-0.34;
0.17,1.92,-0.40;
0.08,2.01,-0.46;
0.08,1.95,-0.40;
-0.60,1.94,-0.24;
0.05,2.00,-0.24;
-0.01,2.01,-0.22;
0.05,1.72,-0.17;
-0.02,1.91,-0.27;
0.16,1.94,-0.28;
0.07,2.24,-0.51;
-0.18,1.89,-0.30;
0.05,1.74,-0.25;
0.01,1.78,-0.17;
-0.18,1.66,-0.05;
0.11,1.92,-0.42;
0.20,1.89,-0.28;
0.08,1.97,-0.04;
0.05,1.60,-0.53;
0.05,1.33,-0.63;
-0.77,10.87,-0.07;
0.19,1.49,-0.42;
-0.13,1.69,-0.24;
-0.19,1.37,-0.13;
-0.31,1.88,-0.37;
-0.13,1.33,-0.08;
-0.01,1.65,-0.45;
-0.27,1.57,-0.33;
-0.05,1.45,-0.01;
-0.42,1.75,-0.05;
0.57,1.49,-0.77;
-0.27,1.69,-0.30;
-0.04,1.60,-0.45;
-0.05,1.66,-0.31;
-1.08,1.51,0.41;
-0.88,1.48,0.15;
-1.34,0.90,0.33;
0.45,1.72,-0.62;
-0.47,1.40,0.77;
0.36,1.56,-0.46;
0.30,1.60,0.27;
-16.74,-2.25,-9.62;
-2.27,-0.15,1.22;
0.48,1.40,0.67;
1.09,1.33,-0.24;
-0.15,1.42,-0.42;
0.19,1.45,-0.33;
0.66,1.49,0.01;
0.04,1.42,-0.05;
0.22,1.36,-0.10;
0.50,1.68,-0.20;
-0.12,1.37,0.30;
-0.21,1.83,0.01;
0.14,1.65,-0.01;
-0.09,1.66,0.01;
0.54,1.74,-0.53;
0.40,1.98,-0.19;
-0.82,1.68,-0.36;
0.02,1.51,-0.49;
0.05,1.60,-0.40;
0.28,1.28,-0.13;
0.10,1.74,-0.16;
0.01,1.65,-0.30;
0.27,1.37,0.25;
0.59,1.34,0.30;
-0.88,1.66,-0.14;
1.78,-0.35,2.47;
-0.07,1.40,-0.42;
-0.15,1.33,-0.37;
-1.66,1.10,0.16;
-0.05,1.34,-0.08;
0.05,1.40,-0.24;
0.14,1.62,0.09;
0.20,1.53,0.13;
0.01,1.40,-0.10;
2.08,1.30,6.63;
0.50,1.33,-0.72;
-0.15,1.57,-0.33;
-0.13,1.48,-0.13;
-1.87,0.36,1.17;
1.20,0.35,1.35;
-1.60,0.87,-0.28;
0.02,1.37,-0.11;
0.66,1.83,0.48;
0.34,1.91,0.05;
-0.13,1.48,-0.40;
0.02,1.51,-0.17;
0.20,1.57,-0.54;
-0.04,1.57,-0.28;
-0.18,1.48,0.07;
-0.10,1.25,-0.13;
0.11,1.57,-1.18;
0.11,1.37,-0.24;
0.82,1.89,-0.13;
-0.39,0.36,1.32;
0.20,1.22,-0.71;
2.01,0.67,0.53;
0.17,1.33,0.13;
2.63,-0.83,7.80;
-0.02,1.39,-0.28;
-2.19,0.98,2.16;
-1.03,1.51,0.38;
2.83,1.30,-0.08;
-0.85,1.68,0.36;
-0.02,1.66,-0.24;
-0.19,1.66,0.07;
-0.16,1.36,-0.49;
0.20,1.49,-0.46;
0.28,1.08,0.54;
-1.15,0.59,0.09;
0.19,1.25,-0.56;
-0.10,1.27,-0.30;
-0.01,1.83,-0.33;
-0.21,1.59,-0.30;
-0.15,1.43,-0.65;
0.25,1.46,-0.62;
-0.01,1.45,-0.59;
-0.04,1.48,-0.20;
-0.12,1.39,-0.27;
-0.01,1.74,-0.42;
0.07,1.34,-0.25;
-0.13,1.59,0.12;
-3.78,0.07,3.02;
-0.01,1.36,-0.08;
0.05,1.63,-0.25;
1.06,1.14,-0.74;
-0.36,1.33,0.56;
-4.30,0.38,1.72;
-0.28,1.36,-0.39;
0.10,1.49,-0.22;
-0.01,1.57,-0.63;
0.31,1.53,-0.28;
-0.16,1.49,-0.22;
-0.24,1.83,-0.24;
-0.83,0.90,0.24;
-0.83,0.64,1.67;
-0.68,1.39,0.89;
-0.15,1.24,-0.13;
0.97,1.94,0.04;
-0.56,1.72,0.25;
0.62,1.56,0.02;
0.42,1.02,-0.10;
-0.54,1.10,0.13;
-0.53,0.69,0.45;
0.89,-0.23,3.64;
-0.42,0.81,0.63;
-1.00,1.65,0.21;
1.01,0.58,1.76;
0.05,1.34,-0.25;
-0.51,1.74,0.07;
-0.05,1.36,-0.43;
0.07,1.24,-0.39;
0.72,1.85,0.36;
-2.86,1.51,1.81;
0.04,1.57,-0.60;
0.46,1.40,-0.22;
0.20,1.54,-1.09;
-0.24,1.86,-0.14;
0.36,0.46,1.69;
0.14,1.51,-0.10;
0.66,1.27,0.80;
-1.76,0.98,0.71;
-0.05,1.45,-0.08;
0.01,1.46,-0.46;
-0.12,1.22,-0.40;
-0.41,1.37,-0.24;
-0.36,2.65,1.06;
0.10,1.56,-0.25;
0.88,1.43,0.48;
0.08,1.63,-0.28;
-0.24,1.75,-0.24;
-0.27,1.40,-0.14;
-0.02,1.56,-0.28;
0.19,1.39,0.04;
-0.41,1.46,-0.49;
-0.15,1.95,-0.48;
0.01,1.53,-0.11;
-0.02,1.62,-0.34;
-0.34,1.33,-0.46;
-0.59,-2.64,5.44;
1.40,1.68,0.44;
-0.33,1.40,2.39;
3.04,-1.41,4.65;
-0.47,-1.45,4.02;
-0.60,1.49,4.76;
-0.04,1.77,-0.33;
-0.07,1.56,-0.30;
-1.70,2.17,0.74;
1.50,2.03,0.47;
-3.43,1.24,1.73;
-1.15,1.02,-0.04;
0.16,1.65,-0.49;
-0.16,1.92,-0.22;
-0.01,1.40,-0.33;
0.01,1.42,-0.33;
0.75,1.30,1.44;
-3.11,0.65,4.42;
0.48,1.43,-0.83;
-0.38,1.31,0.44;
-1.37,1.25,-0.75;
2.48,0.23,2.39;
0.85,1.80,0.80;
-0.05,1.68,-0.39;
-0.28,0.85,0.48;
0.63,1.69,0.60;
-0.02,1.40,-0.28;
0.11,1.63,-0.37;
0.04,1.25,-0.36;
0.24,1.56,-0.34;
0.07,1.46,-0.28;
0.01,1.39,-0.31;
0.39,1.74,0.38;
0.59,2.03,0.53;
-1.06,1.85,1.00;
-0.65,1.10,0.80;
0.17,1.17,-0.02;
-0.39,1.24,0.38;
-0.25,1.46,-0.34;
-0.22,1.54,-0.65;
-1.89,0.62,1.76;
-0.70,1.11,-0.45;
0.01,1.49,-0.30;
0.25,1.66,-0.74;
-0.01,1.42,-0.31;
-0.05,1.59,-0.37;
-0.04,1.68,-0.14;
-0.04,1.46,-0.25;
0.01,1.51,-0.24;
0.02,1.57,-0.28;
-0.01,1.30,-0.17;
-0.05,1.62,-0.25;
0.02,1.34,-0.10;
-0.02,1.51,-0.46;
0.24,1.48,-0.34;
0.05,1.53,-0.27;
0.10,1.54,-0.27;
-0.16,1.46,-0.19;
0.14,1.33,-0.36;
-0.02,1.56,-0.13;
-0.10,1.65,-0.27;
-0.02,1.72,-0.37;
-1.78,1.36,0.89;
-0.24,1.63,-0.24;
0.07,1.69,-0.31;
0.13,1.40,-0.89;
-0.77,0.95,0.56;
-0.60,1.68,0.39;
0.10,1.60,-0.43;
-0.62,1.17,-0.53;
-0.42,1.66,-0.33;
-0.12,1.48,-0.19;
0.16,1.51,-0.05;
0.07,1.51,-0.02;
-0.22,1.54,-0.37;
-0.04,1.31,-0.05;
-0.02,1.45,-0.40;
-0.04,1.28,-0.36;
-1.20,1.86,0.13;
-0.18,1.80,-0.01;
1.96,0.35,0.56;
0.14,1.53,-0.54;
-0.09,1.36,-0.16;
0.07,1.45,-0.22;
-0.01,1.54,-0.36;
0.13,1.39,-0.25;
-0.09,1.10,-0.14;
0.11,1.74,-0.27;
-1.57,0.70,0.47;
0.14,1.48,0.01;
-0.59,2.30,-0.37;
-0.05,1.83,-0.24;
-0.19,1.42,-0.33;
0.01,1.69,-0.30;
-0.15,1.62,-0.28;
0.04,1.95,0.91;
0.28,1.40,-0.34;
0.14,1.71,-0.14;
-0.07,1.51,-0.27;
0.08,1.28,-0.24;
0.11,1.60,-0.25;
-0.01,1.57,0.15;
-0.13,1.43,-0.30;
-0.41,1.77,0.09;
0.65,0.90,-0.75;
0.01,1.45,-0.16;
-0.10,1.62,-0.17;
0.11,1.46,-0.54;
0.04,1.53,-0.34;
0.13,1.53,-0.37;
0.04,1.31,-0.37;
-0.16,1.53,-0.28;
-0.25,1.65,-0.14;
0.42,1.68,-0.68;
0.28,1.48,-0.11;
-0.12,1.57,-0.36;
-0.09,1.45,-0.48;
-0.10,1.80,-0.31;
-0.25,1.49,-0.07;
0.24,1.33,-0.36;
0.33,1.94,-0.08;
-0.21,1.53,-0.45;
0.14,1.42,-0.45;
-0.82,1.63,0.45;
-0.15,1.92,-0.01;
-3.40,1.57,2.16;
-0.15,1.45,-0.17;
-0.13,1.27,-0.11;
-0.15,1.28,-0.17;
0.27,1.46,-0.39;
-0.02,1.60,-0.30;
-0.07,1.30,-0.42;
0.39,1.65,1.98;
0.97,3.89,-0.57;
0.14,1.49,-0.31;
0.11,1.60,-0.25;
-0.24,1.43,-0.48;
0.02,1.11,-0.25;
-0.25,1.63,-0.28;
-0.07,1.68,-0.43;
-0.18,1.33,-0.24;
-0.07,1.48,-0.24;
0.11,1.72,-0.53;
-0.05,1.43,-0.20;
-0.05,1.46,-0.49;
0.01,1.25,-0.04;
0.16,1.45,-0.02;
0.19,1.40,-0.27;
0.01,1.30,-0.56;
0.01,1.43,-0.08;
0.01,1.36,-0.37;
0.22,1.53,-0.49;
0.27,1.46,-0.13;
0.14,1.49,-0.16;
-0.04,1.49,-0.13;
-0.15,1.56,-0.24;
-0.07,1.33,-0.10;
-0.13,1.57,-0.08;
-0.01,1.75,0.04;
-0.02,1.42,-0.16;
-0.02,1.63,0.01;
-0.13,1.53,-0.02;
-0.19,1.48,-0.16;
0.05,1.56,-0.27;
-0.07,1.68,-0.24;
0.07,1.56,-0.01;
-0.21,1.48,-0.16;
-0.05,1.45,-0.22;
-0.09,1.53,-0.40;
0.10,1.36,-0.30;
-0.13,1.65,-0.40;
-0.22,1.25,-0.22;
0.14,1.45,-0.17;
-0.07,1.46,-0.31;
0.05,1.53,-0.13;
-0.15,1.43,-0.19;
0.04,1.53,-0.24;
0.08,1.28,-0.37;
