3.24,-1.15,0.85;
8.40,0.91,1.03;
9.12,-0.62,0.33;
2.78,0.25,0.84;
0.26,0.48,0.36;
0.69,0.24,1.13;
2.48,0.75,2.00;
4.25,1.14,1.63;
4.57,0.75,1.23;
3.25,0.80,0.73;
3.70,0.45,0.21;
3.71,-0.82,0.38;
4.06,0.11,0.68;
4.90,0.10,0.47;
4.29,0.98,1.03;
4.49,1.29,0.47;
3.76,-0.24,1.16;
0.19,0.74,1.52;
1.47,0.34,1.06;
2.69,0.05,0.97;
3.39,0.19,0.61;
6.40,0.82,0.04;
6.99,0.98,0.24;
4.49,0.97,0.77;
2.51,1.38,1.54;
2.66,0.24,1.11;
-0.10,-0.42,1.05;
0.26,0.11,1.20;
3.18,0.25,1.28;
6.40,0.78,0.68;
7.27,-0.12,-0.19;
6.81,0.66,-0.13;
5.80,0.25,0.52;
2.05,0.57,1.10;
-1.07,1.09,1.11;
-1.94,0.74,1.00;
-0.88,0.95,0.85;
2.69,-0.53,0.62;
5.57,-0.01,0.62;
8.64,-0.07,0.35;
7.51,0.46,0.12;
3.01,0.69,0.27;
0.00,-0.05,0.76;
-3.95,-0.60,1.74;
-5.74,-0.77,2.13;
0.29,-0.30,1.20;
6.54,0.62,0.44;
9.67,0.68,0.56;
6.25,0.88,0.52;
4.35,1.06,1.16;
3.70,1.21,1.16;
0.98,-0.62,0.81;
-2.82,0.02,1.22;
-1.20,-0.50,1.32;
3.01,-0.36,1.32;
6.61,1.56,0.56;
9.28,0.40,0.58;
5.74,1.06,0.79;
2.05,0.16,0.65;
-1.05,-0.16,0.55;
-1.16,-0.38,1.19;
0.96,0.63,1.40;
4.38,0.89,0.99;
6.64,0.34,-0.17;
7.45,-0.41,-0.51;
8.14,0.05,-0.07;
7.48,-0.57,0.56;
3.39,0.92,1.02;
-0.52,0.89,1.46;
-3.04,1.73,1.72;
-2.27,0.28,1.68;
-0.58,-0.16,0.97;
3.94,-1.02,-0.10;
7.80,-1.17,-0.49;
10.63,0.25,-0.16;
12.52,0.71,-0.39;
8.86,-0.22,-0.29;
2.35,0.60,0.64;
-0.01,1.91,1.55;
-1.57,0.17,1.51;
-3.49,0.07,1.16;
-2.12,-1.18,0.88;
1.82,-0.13,0.79;
4.64,0.51,1.05;
7.56,1.04,0.88;
5.82,0.56,0.32;
3.09,-0.25,0.33;
-0.33,-1.35,0.97;
0.20,0.42,1.42;
2.34,0.33,1.28;
2.90,0.86,1.08;
5.13,-0.57,0.53;
5.02,-0.56,0.52;
4.22,-0.54,0.76;
3.06,0.98,0.53;
4.03,0.77,0.70;
3.42,-0.30,1.34;
1.21,-0.89,1.31;
0.52,-0.33,0.91;
2.08,-0.18,0.38;
3.42,0.66,0.26;
3.16,0.57,1.02;
4.34,1.06,1.08;
3.86,0.59,1.17;
5.06,-0.09,0.87;
3.94,-0.27,0.48;
2.02,0.34,0.53;
0.11,-0.07,0.59;
1.30,0.16,1.17;
2.63,-0.12,1.22;
3.83,-0.70,0.84;
5.80,0.57,0.81;
7.48,0.71,0.41;
6.34,1.91,0.35;
4.73,0.88,0.76;
3.68,-0.16,0.79;
1.13,0.80,0.35;
0.31,-0.02,0.33;
0.12,-0.18,0.94;
0.40,-0.56,1.29;
1.44,0.19,1.37;
4.61,2.11,0.15;
6.20,0.72,-0.54;
5.62,-0.09,-0.02;
4.84,-0.07,0.45;
5.80,-0.02,1.51;
4.93,1.18,1.08;
1.93,0.20,0.42;
0.12,-0.12,0.58;
-0.29,-0.07,1.17;
0.61,0.80,1.32;
1.94,1.15,1.16;
3.35,0.22,0.88;
3.96,-0.38,0.27;
4.12,1.09,-0.07;
4.14,0.57,0.18;
2.99,-0.07,1.00;
0.37,0.43,1.19;
2.09,0.72,0.36;
2.41,1.84,1.29;
2.46,3.08,1.83;
2.31,3.67,1.51;
0.70,4.24,0.74;
0.22,3.20,0.39;
2.84,1.98,-0.49;
3.32,2.69,0.32;
2.17,1.93,0.76;
2.15,0.51,0.82;
4.55,2.10,0.04;
5.48,4.02,0.71;
6.23,5.26,1.57;
9.91,5.70,0.38;
12.17,2.65,-0.69;
13.76,2.98,-1.56;
14.96,2.88,-1.77;
12.49,3.24,-0.66;
11.47,1.37,-0.20;
15.02,-0.83,-1.93;
18.38,1.18,-3.61;
24.96,3.17,-2.69;
32.44,7.24,1.14;
39.01,10.92,4.74;
39.39,9.88,4.70;
30.77,9.37,3.68;
16.12,8.16,2.50;
7.48,6.39,3.40;
1.93,4.78,4.97;
-4.81,3.87,6.62;
-1.72,2.95,6.36;
2.38,2.30,5.55;
0.72,3.29,5.71;
-2.99,1.14,7.74;
-7.86,1.85,10.26;
-10.39,3.27,10.21;
-14.50,2.37,8.10;
-17.36,0.53,6.39;
-14.07,-0.22,8.18;
-7.88,0.43,8.12;
6.00,-0.54,6.27;
20.41,3.49,5.57;
27.61,7.35,3.72;
27.85,4.78,2.26;
13.65,3.20,4.96;
3.01,0.92,7.02;
-2.26,-1.63,10.12;
-4.50,-0.96,9.26;
-5.54,-1.86,7.08;
-7.80,-1.92,6.90;
-15.81,0.14,7.22;
-15.49,-2.07,5.31;
-13.34,-4.30,5.17;
-10.24,-4.42,3.48;
-1.60,-3.55,2.50;
3.77,-0.60,1.66;
10.55,-1.06,2.01;
13.74,0.42,4.12;
3.42,1.59,4.04;
0.35,-0.76,5.35;
-2.00,-3.03,5.03;
-8.50,-3.17,3.22;
-7.23,-3.14,2.45;
2.23,-0.80,2.27;
10.44,-1.87,2.33;
14.81,-1.41,2.23;
16.90,2.80,0.77;
12.11,-1.28,0.76;
5.39,-4.62,0.47;
0.22,-5.69,1.20;
-0.10,-2.67,2.41;
3.36,-1.03,3.60;
-1.25,-0.02,4.44;
-0.38,-0.19,3.52;
3.30,-2.45,1.37;
9.47,-3.75,-1.29;
17.94,-6.70,-3.74;
21.06,-3.73,-3.88;
27.39,-2.70,-4.65;
26.86,-2.13,-3.91;
23.12,-1.11,-4.39;
26.44,-2.70,-5.33;
29.94,-2.97,-5.56;
31.48,-1.51,-3.55;
32.60,-1.51,-3.38;
23.91,-3.70,-3.29;
18.81,-4.47,-2.71;
21.77,-4.99,-2.05;
31.09,-0.12,-2.03;
41.61,4.66,-2.39;
44.86,3.67,-1.68;
31.61,2.43,2.48;
28.48,2.77,4.96;
32.83,0.17,3.22;
26.22,1.35,-1.03;
19.79,1.03,-3.91;
20.32,3.06,-2.13;
31.02,1.75,1.22;
35.48,3.32,0.97;
42.64,0.39,-1.38;
54.19,-4.13,-5.35;
51.28,-2.36,-6.32;
47.50,-0.97,-2.74;
39.88,3.06,2.30;
36.89,5.46,3.97;
20.58,4.31,0.88;
-4.00,-0.01,-1.23;
-23.49,-2.63,3.69;
-31.49,-3.09,8.59;
-32.94,-5.29,8.39;
-30.68,-5.60,3.39;
-15.33,-4.24,1.00;
0.55,-1.60,2.16;
13.65,3.17,4.12;
16.70,2.24,4.06;
7.56,0.25,5.16;
-7.57,-1.80,7.51;
-14.47,-2.24,7.13;
-16.52,-3.78,2.53;
-16.38,-3.76,-0.52;
-19.74,-3.23,2.56;
-15.22,-0.70,5.95;
-5.45,0.34,6.81;
-2.39,-0.38,6.39;
-4.75,-2.82,2.81;
-3.77,-4.86,0.12;
-4.26,-5.02,-0.16;
3.41,-2.82,0.26;
11.96,-0.91,0.39;
14.08,-1.11,1.60;
8.38,-0.63,1.81;
1.80,-2.42,-0.63;
-4.18,-2.47,-1.97;
-6.58,-3.11,-1.87;
-2.01,-4.62,-0.57;
1.74,-2.63,0.99;
5.86,-2.12,1.49;
13.48,0.16,-0.26;
16.64,1.88,-2.52;
12.70,0.86,-2.89;
4.00,-1.37,-1.18;
-0.99,-0.48,2.12;
1.44,2.31,3.64;
4.96,4.57,1.52;
3.80,3.17,-3.13;
1.86,-0.21,-4.69;
6.03,-3.52,-4.57;
14.48,-2.63,-2.77;
23.32,-0.28,-0.37;
24.98,1.17,2.52;
16.87,4.25,4.26;
2.17,3.30,4.50;
-12.99,1.69,4.68;
-25.74,-1.92,5.75;
-24.49,-3.22,4.53;
-19.23,-1.60,2.93;
-6.15,-0.19,0.59;
9.53,1.78,1.60;
23.54,4.75,2.64;
28.67,2.97,2.32;
15.22,0.85,1.23;
1.12,-1.49,2.06;
-4.00,-0.86,2.87;
-3.14,-0.62,2.06;
-2.07,-1.14,0.97;
-1.22,-0.82,1.69;
5.64,1.24,4.70;
12.93,1.99,6.45;
10.08,0.91,6.42;
2.75,0.02,5.83;
-2.72,0.11,6.96;
-6.53,0.75,7.86;
-7.66,-0.25,7.75;
-6.58,-3.69,9.23;
1.54,-3.20,12.12;
9.38,-3.34,14.01;
13.79,-2.30,13.34;
15.33,-2.01,12.58;
17.36,-2.65,15.57;
18.28,-3.18,20.74;
22.12,-1.95,26.32;
27.09,-6.25,31.55;
16.52,-6.68,33.13;
21.74,-6.73,34.58;
23.93,-4.31,33.25;
12.43,-4.94,32.45;
12.15,-18.04,36.44;
14.46,-11.98,42.87;
36.69,-8.94,44.30;
27.54,-14.83,42.94;
10.35,-16.92,47.71;
27.30,-13.63,51.23;
33.12,-12.56,50.36;
19.91,-17.44,50.24;
13.67,-23.70,51.06;
19.96,-23.93,52.32;
27.93,-16.22,54.35;
42.26,-14.45,54.55;
44.98,-17.18,55.77;
34.17,-23.72,52.21;
29.79,-18.30,48.59;
15.45,-14.09,48.56;
8.69,-16.54,55.29;
5.65,-17.93,69.00;
23.62,-26.42,67.89;
13.27,-23.75,53.16;
3.06,-15.55,35.68;
4.69,-3.46,37.25;
20.75,-3.34,42.15;
17.36,0.72,48.99;
29.80,-13.43,56.30;
34.89,-26.25,55.06;
17.35,-22.94,45.26;
9.53,-15.03,47.68;
-0.78,-11.05,64.59;
18.93,-17.89,69.39;
18.83,-16.31,50.65;
21.42,-23.09,24.71;
25.59,-23.32,21.55;
31.67,-21.47,33.39;
29.80,-12.82,47.32;
27.71,-8.10,52.36;
18.58,-5.05,50.79;
4.61,-9.15,50.55;
12.22,-7.54,47.05;
12.09,-6.59,29.84;
18.08,-3.98,17.64;
16.44,-1.61,32.79;
10.98,3.15,43.25;
-2.53,7.73,41.89;
11.54,8.86,43.31;
8.78,9.79,47.32;
7.10,6.77,46.19;
8.61,3.08,38.68;
6.44,-4.92,27.42;
8.46,-10.83,17.31;
27.56,-14.53,22.96;
22.11,-12.24,27.39;
12.54,-9.51,20.16;
9.21,-3.14,15.45;
3.12,6.82,25.25;
-0.06,13.55,31.95;
-0.20,14.02,27.81;
10.66,11.52,19.49;
26.25,7.52,23.20;
26.37,5.03,26.45;
19.32,1.84,25.90;
5.79,-4.13,20.15;
1.09,-7.47,14.27;
-4.46,-8.88,6.23;
13.64,-7.17,0.12;
23.35,-3.32,2.74;
29.32,0.91,12.09;
22.66,3.78,16.09;
12.09,2.10,12.97;
1.50,13.20,10.84;
-7.97,14.40,13.51;
-14.14,12.25,9.60;
-12.79,9.87,3.23;
-2.62,3.95,1.06;
7.57,3.88,2.67;
8.06,6.42,2.27;
1.54,3.96,-3.59;
-5.98,-1.29,-9.82;
-1.69,-2.01,-8.42;
-3.48,1.41,-4.58;
-6.03,8.69,-6.54;
0.37,10.01,-9.39;
-3.28,9.26,-9.32;
-14.58,8.25,-7.67;
-22.59,9.18,-14.48;
-15.43,9.84,-21.76;
-3.83,8.65,-25.62;
3.77,8.40,-25.93;
2.03,10.16,-24.26;
-14.03,13.46,-25.04;
-21.72,14.97,-26.52;
-21.68,15.98,-22.29;
-20.21,17.00,-22.36;
-18.06,18.72,-29.07;
-14.44,18.66,-37.32;
-15.07,16.91,-44.36;
-14.61,11.53,-47.12;
-16.56,8.91,-44.05;
-13.42,9.82,-44.34;
-14.38,11.76,-51.33;
-12.59,10.72,-60.77;
-6.41,13.76,-61.71;
-5.78,15.27,-56.90;
-9.34,17.47,-55.67;
-14.76,17.04,-58.52;
-21.07,14.68,-58.00;
-28.44,11.61,-59.67;
-32.04,10.17,-66.46;
-28.15,8.40,-71.97;
-21.04,7.06,-75.91;
-14.29,8.24,-74.37;
-8.35,12.04,-72.94;
-10.01,13.40,-79.61;
-10.99,14.46,-82.19;
-2.09,14.62,-75.97;
-5.65,14.72,-70.69;
-15.71,13.08,-71.61;
-32.04,13.52,-74.78;
-42.84,15.35,-77.76;
-47.01,12.56,-77.32;
-41.71,4.71,-71.67;
-33.97,0.89,-66.11;
-22.44,1.99,-63.52;
-11.40,6.72,-67.62;
-9.28,10.88,-69.09;
-4.17,7.69,-63.76;
-7.86,4.05,-57.07;
-11.05,7.79,-52.74;
-2.35,8.25,-56.37;
0.96,3.35,-68.10;
2.44,-0.74,-73.70;
10.77,-8.97,-71.00;
10.11,-2.91,-61.79;
16.20,2.62,-55.41;
9.56,6.86,-50.83;
3.99,3.90,-51.76;
8.81,-2.05,-54.29;
6.98,-12.62,-56.07;
14.67,-10.31,-54.32;
29.13,-2.39,-47.62;
39.04,-6.30,-42.34;
39.64,-13.32,-36.37;
43.09,-13.72,-29.33;
66.38,2.83,-25.50;
84.05,10.86,-15.67;
72.87,9.50,-6.25;
30.93,3.44,3.22;
-26.70,0.46,5.48;
-58.01,0.16,6.56;
-72.62,0.39,8.38;
-37.48,-0.39,6.29;
-5.97,-3.92,-0.89;
18.06,1.21,-8.55;
25.39,-0.13,-4.19;
34.19,4.10,10.91;
30.70,1.50,15.32;
3.71,0.17,8.70;
-26.68,-4.86,2.15;
-44.75,-3.49,2.59;
-31.28,0.56,8.10;
-11.69,4.28,11.90;
4.20,3.01,9.55;
13.04,0.39,5.77;
24.29,-1.61,6.59;
29.01,3.38,10.45;
33.41,4.75,12.30;
29.51,3.56,13.58;
19.47,0.49,14.74;
15.70,-5.55,18.84;
19.68,-7.03,25.78;
37.09,-4.22,32.29;
47.59,1.61,33.49;
54.22,-3.54,29.68;
49.93,-8.05,34.85;
47.33,-7.14,45.20;
59.53,-6.83,48.73;
44.14,-6.67,44.36;
31.15,-8.53,33.42;
17.56,-17.06,31.98;
12.54,-21.61,42.97;
14.02,-8.05,46.29;
9.01,-4.47,45.46;
-6.61,-0.16,47.57;
1.10,0.01,51.63;
5.62,-2.63,53.51;
15.04,-14.27,50.38;
24.31,-13.95,43.61;
24.58,-7.14,35.14;
11.01,-2.16,34.93;
8.44,-2.21,48.00;
15.54,-0.74,59.54;
17.18,-4.56,61.45;
8.75,-5.92,60.03;
0.38,-3.18,62.56;
-0.43,-2.73,63.77;
1.83,-6.19,58.52;
0.54,-15.78,51.00;
-11.11,-12.85,55.03;
17.38,-1.69,55.19;
29.04,5.55,50.26;
36.31,2.27,52.38;
20.83,-0.41,58.61;
9.91,-4.67,54.85;
-5.40,-1.54,50.85;
-0.72,0.74,59.08;
4.08,4.48,72.00;
13.13,-8.56,72.01;
-0.07,-7.93,60.53;
-2.50,-11.99,54.06;
1.96,-9.32,56.85;
22.03,-3.69,54.44;
35.19,-4.02,47.35;
40.83,-7.72,53.11;
36.17,-9.32,62.03;
17.16,-8.36,57.23;
16.48,-5.63,46.42;
15.28,-2.22,43.25;
19.33,-0.77,42.19;
29.79,1.70,43.10;
31.32,-1.52,47.43;
19.91,-0.02,54.62;
14.34,-1.99,53.87;
19.06,0.01,48.55;
26.61,-0.83,43.42;
31.04,-0.82,41.26;
26.72,0.59,40.87;
15.93,0.49,40.16;
2.48,5.08,39.06;
6.48,6.48,41.39;
13.04,11.21,38.15;
25.96,7.52,31.98;
25.82,5.17,29.87;
18.28,0.14,33.05;
12.25,0.37,33.49;
12.44,0.01,29.52;
11.19,0.57,22.81;
5.79,2.94,19.42;
-0.52,4.25,16.84;
-5.02,6.10,13.17;
1.42,7.85,14.15;
2.54,9.72,16.29;
2.46,12.05,15.26;
3.73,13.40,10.24;
3.82,11.73,1.17;
5.09,10.27,-5.36;
1.94,6.22,-7.13;
-5.25,3.85,-7.93;
-7.13,3.67,-10.03;
-12.62,5.88,-10.14;
-22.58,10.27,-11.32;
-26.58,13.47,-13.82;
-23.28,15.49,-14.17;
-9.60,16.24,-16.78;
4.61,15.61,-19.15;
6.05,14.71,-21.04;
3.47,12.91,-24.65;
-5.14,11.95,-22.95;
-23.74,11.15,-24.08;
-43.22,10.28,-28.97;
-49.17,11.85,-34.03;
-41.89,14.34,-37.67;
-29.07,17.38,-35.65;
-16.78,19.01,-33.88;
-4.91,22.60,-38.13;
-2.72,24.33,-42.46;
-8.64,24.56,-47.67;
-20.06,18.97,-54.07;
-30.20,14.65,-59.74;
-31.30,13.49,-57.61;
-34.32,17.29,-53.24;
-33.04,18.02,-55.21;
-36.62,17.81,-64.11;
-28.35,17.78,-72.31;
-20.91,17.72,-66.61;
-13.94,19.33,-63.30;
-6.88,17.00,-69.38;
-4.84,16.37,-77.74;
-16.12,15.14,-80.25;
-36.38,12.91,-78.78;
-47.16,10.56,-72.68;
-47.19,5.24,-71.16;
-40.06,5.46,-77.38;
-26.49,9.09,-84.81;
-22.18,13.66,-85.87;
-23.45,16.40,-83.26;
-14.06,19.30,-78.14;
-12.62,15.70,-74.78;
-18.65,6.10,-73.01;
-24.73,1.87,-77.42;
-33.25,-2.19,-81.81;
-31.91,0.33,-80.89;
-37.37,2.51,-76.61;
-43.20,1.09,-68.52;
-37.01,-4.80,-61.84;
-22.35,1.20,-58.97;
-1.97,-1.84,-60.08;
-8.32,-3.81,-61.15;
-12.21,-3.58,-60.13;
-0.21,-10.02,-59.88;
12.09,-4.12,-60.65;
22.99,-1.92,-65.21;
19.39,-3.23,-65.53;
11.93,-10.67,-58.11;
30.32,-14.86,-48.58;
43.65,-16.30,-40.17;
36.06,-0.01,-31.01;
40.05,-3.32,-23.94;
22.00,-2.96,-17.58;
7.42,-2.77,-15.90;
16.03,3.33,-14.23;
45.47,10.14,-7.53;
49.90,3.72,-0.97;
17.30,0.89,3.57;
-21.31,-2.21,6.81;
-40.81,0.75,7.75;
-34.91,12.91,5.74;
-4.27,6.95,2.26;
12.32,1.03,4.62;
21.12,-1.49,4.45;
15.68,6.31,4.36;
7.10,2.07,7.17;
-8.55,4.31,9.90;
-7.40,-3.73,7.00;
0.17,-2.68,5.46;
9.57,1.40,5.10;
16.02,3.30,9.55;
21.83,1.35,14.64;
24.35,-0.41,16.82;
23.41,-5.38,17.42;
22.83,2.22,21.87;
29.57,6.59,27.03;
33.93,6.43,32.35;
25.48,1.35,28.67;
19.12,-8.92,26.90;
33.90,-10.62,33.75;
71.79,-10.80,44.99;
95.77,-15.69,48.41;
110.84,-22.31,41.61;
129.64,-26.77,45.28;
144.60,-12.33,60.65;
138.28,-7.52,62.24;
88.44,-15.41,49.17;
46.58,-10.18,39.72;
27.33,-10.41,30.35;
-23.94,-6.63,26.85;
-60.41,-6.63,36.53;
-55.51,-11.31,51.49;
-38.99,-14.62,69.74;
-10.18,-7.58,71.40;
7.59,-0.70,50.16;
2.02,-5.02,36.03;
0.19,2.08,37.52;
19.74,-0.45,48.41;
39.83,-0.47,48.29;
54.15,-10.16,37.72;
49.74,-20.56,40.04;
32.46,-18.68,55.26;
24.00,-9.15,73.40;
9.13,6.07,71.80;
8.26,0.82,50.32;
3.02,-7.18,31.97;
-5.16,-16.99,36.19;
-10.55,-13.05,53.57;
17.22,-6.68,67.37;
31.15,0.11,77.86;
43.88,5.20,63.52;
21.59,2.08,34.81;
2.73,2.60,43.51;
-8.43,6.13,61.71;
-1.59,2.65,68.94;
11.99,-0.39,65.29;
17.83,-2.25,54.10;
13.15,-7.86,42.27;
18.35,-9.31,36.09;
24.35,-8.62,46.33;
19.70,-9.80,59.60;
26.03,-7.18,62.15;
22.23,-7.83,50.45;
14.83,-7.98,31.57;
24.54,-2.34,27.14;
22.78,1.03,35.45;
25.96,3.72,41.97;
22.75,4.54,43.60;
15.86,2.71,43.78;
9.45,5.72,42.58;
11.97,5.38,42.85;
16.08,5.78,35.52;
20.23,3.29,27.72;
15.45,1.11,28.45;
4.69,1.81,29.39;
6.06,3.61,26.74;
15.16,5.38,24.45;
23.62,5.46,23.92;
18.54,7.56,22.04;
8.84,10.78,17.23;
10.40,12.37,12.87;
17.41,10.53,13.45;
15.70,8.71,19.51;
8.86,4.82,20.12;
-0.62,1.69,7.23;
8.02,-0.31,-1.70;
9.36,0.88,-2.23;
7.22,2.63,1.87;
2.54,1.75,4.42;
-0.41,1.50,6.44;
4.25,-1.80,2.27;
4.41,-0.45,-2.22;
-0.65,0.40,-3.71;
-1.94,3.62,-6.19;
-1.14,5.29,-5.74;
-11.20,4.10,-7.24;
-14.15,5.66,-8.57;
-11.22,7.44,-6.65;
-9.54,8.72,-7.85;
-7.36,7.08,-10.78;
-12.03,5.64,-12.43;
-19.74,5.15,-13.61;
-24.03,7.40,-14.22;
-26.33,7.01,-17.24;
-23.72,5.91,-20.72;
-15.16,6.54,-24.14;
-7.66,7.46,-25.06;
-3.45,8.95,-24.42;
-6.50,9.06,-27.39;
-17.27,10.56,-33.65;
-27.31,12.05,-35.97;
-32.88,13.20,-34.86;
-32.23,12.95,-39.13;
-18.23,13.38,-40.97;
-12.35,15.93,-42.51;
-13.27,18.49,-47.23;
-23.85,17.85,-53.06;
-27.22,18.72,-52.13;
-28.85,17.24,-47.09;
-28.29,15.56,-47.79;
-28.98,14.01,-54.08;
-29.80,13.78,-61.00;
-33.19,15.09,-66.87;
-34.96,17.49,-67.91;
-37.17,17.14,-68.52;
-37.98,16.65,-66.75;
-32.24,18.46,-63.91;
-29.66,18.31,-68.87;
-26.26,18.27,-77.13;
-29.69,16.16,-79.96;
-31.28,15.73,-73.44;
-27.17,13.53,-68.10;
-29.27,13.00,-66.74;
-29.69,13.78,-74.03;
-33.94,15.62,-79.06;
-40.91,14.28,-80.92;
-40.14,10.72,-78.86;
-36.93,8.20,-72.07;
-27.46,6.77,-63.41;
-7.51,6.72,-60.63;
-9.85,4.30,-70.68;
-21.74,2.92,-74.71;
-22.62,2.49,-67.26;
-7.36,1.62,-58.78;
-4.90,2.33,-54.80;
-0.96,3.56,-54.43;
-9.04,10.04,-56.26;
-20.43,6.82,-54.28;
-26.00,-1.84,-48.28;
-20.26,-5.58,-43.93;
2.63,1.58,-46.00;
4.00,2.10,-49.18;
8.61,1.15,-47.67;
15.45,-5.18,-41.00;
25.44,-13.95,-34.43;
30.58,-2.96,-24.69;
51.47,1.82,-20.54;
47.62,7.17,-18.65;
31.09,6.53,-20.54;
1.82,-1.08,-22.25;
-0.09,-3.80,-19.91;
2.89,-1.06,-10.43;
14.77,-1.43,-4.02;
4.03,-1.86,-4.69;
-2.78,-7.05,-13.94;
-2.09,-3.20,-18.08;
21.74,4.30,-14.39;
40.08,0.71,-5.88;
34.00,-6.62,-2.72;
18.90,-4.79,-2.98;
0.06,0.10,-3.81;
-6.32,3.26,1.64;
-9.14,4.43,6.58;
-3.30,1.14,7.42;
-10.79,-3.47,4.21;
-12.52,-5.57,2.07;
-7.34,-2.38,6.33;
3.01,0.48,9.54;
15.09,5.09,10.47;
11.07,-0.21,9.84;
0.93,2.40,9.35;
-2.91,0.71,11.10;
-4.07,0.98,14.67;
1.80,-1.73,15.98;
8.44,-2.68,17.19;
17.18,-0.30,19.86;
26.20,6.69,21.25;
36.78,9.09,20.76;
32.89,-0.80,16.47;
27.68,-10.30,15.34;
32.80,-9.15,19.45;
52.06,-4.63,25.52;
57.16,2.51,28.88;
55.24,-1.32,26.96;
46.86,-8.97,30.42;
55.30,-9.66,40.35;
62.64,-3.61,49.98;
57.99,-4.99,56.32;
36.14,2.71,54.12;
28.73,2.53,47.74;
15.68,-5.96,47.98;
9.59,-10.99,45.61;
9.64,-18.56,45.66;
25.32,-18.59,54.41;
35.74,-10.34,57.42;
36.38,-8.04,63.68;
33.09,-0.10,69.52;
31.77,-3.15,65.54;
25.71,-10.62,54.77;
11.67,-17.41,48.32;
10.66,-12.19,50.93;
25.76,-7.34,58.10;
42.93,-14.63,64.82;
35.73,-21.89,66.73;
26.86,-19.60,64.97;
14.93,-9.52,58.00;
27.71,0.48,60.26;
26.06,1.04,62.59;
25.22,-9.31,53.23;
14.15,-13.35,55.78;
1.77,-11.51,65.54;
-2.88,-1.06,68.44;
18.41,8.33,61.60;
29.62,7.12,48.23;
28.64,-6.73,47.37;
12.77,-7.47,48.61;
22.66,-4.85,46.21;
25.02,2.04,48.29;
26.00,3.30,51.90;
22.08,-0.56,50.58;
22.98,-1.87,57.71;
14.48,-0.77,60.03;
7.97,-1.96,53.83;
16.80,2.75,49.23;
20.37,4.82,52.06;
35.67,0.48,54.00;
31.54,-0.96,55.35;
27.19,-0.05,53.77;
20.48,0.97,42.67;
23.48,3.90,40.76;
28.55,9.52,45.08;
32.95,6.28,49.74;
19.22,4.10,49.32;
12.31,3.75,45.14;
19.67,6.20,38.33;
30.02,8.69,38.77;
24.29,8.22,41.16;
18.06,10.98,41.34;
15.28,9.62,37.13;
20.57,9.23,31.49;
24.28,7.79,28.91;
23.90,8.28,29.58;
28.43,6.88,32.39;
32.93,4.37,28.68;
29.56,1.32,20.96;
8.23,2.46,16.32;
-5.75,4.16,16.48;
-5.59,6.48,19.10;
2.08,9.69,20.61;
11.53,10.46,15.90;
14.11,9.90,11.03;
16.19,9.20,7.63;
17.10,5.88,4.16;
12.96,2.30,0.16;
1.90,-0.80,-2.02;
-8.72,-0.94,-1.36;
-17.45,-0.34,-1.74;
-18.58,0.91,-4.68;
-10.87,6.05,-6.20;
-1.88,10.39,-10.02;
4.57,9.30,-12.97;
8.43,7.56,-7.44;
0.12,6.08,-3.64;
-9.14,4.43,-7.38;
-16.93,3.67,-15.10;
-20.72,2.53,-22.29;
-20.07,2.11,-21.68;
-19.72,3.84,-16.54;
-17.14,4.86,-14.20;
-13.13,6.31,-16.37;
-11.30,7.32,-19.10;
-14.81,8.53,-21.99;
-19.97,8.40,-22.05;
-17.10,5.67,-24.02;
-12.03,5.91,-27.59;
-12.43,7.09,-29.62;
-19.71,11.49,-27.47;
-27.36,9.08,-27.39;
-32.93,3.95,-32.51;
-28.01,3.24,-33.33;
-21.45,3.84,-29.85;
-11.42,5.62,-29.29;
-1.63,5.24,-38.75;
-7.69,4.82,-43.90;
-21.56,4.94,-45.61;
-35.23,5.50,-44.75;
-33.04,4.33,-42.75;
-26.82,6.95,-39.62;
-18.49,6.85,-44.63;
-2.84,7.69,-55.65;
2.38,6.62,-59.19;
-4.82,5.12,-58.03;
-12.32,7.72,-53.73;
-19.19,8.89,-53.26;
-28.46,6.36,-60.55;
-24.33,9.58,-70.97;
-19.40,10.01,-71.09;
-19.97,9.38,-68.14;
-21.72,10.54,-66.28;
-25.66,14.02,-66.40;
-33.48,15.50,-68.37;
-40.78,16.91,-69.29;
-44.85,12.75,-69.12;
-46.23,8.49,-68.61;
-46.09,3.67,-68.45;
-48.93,4.28,-74.75;
-43.42,10.22,-77.42;
-39.68,10.31,-72.86;
-34.94,9.06,-65.84;
-23.71,12.78,-65.76;
-16.82,13.75,-67.32;
-15.42,12.16,-68.57;
-10.41,4.36,-69.48;
-17.17,-3.89,-69.77;
-35.04,-2.97,-67.85;
-45.95,3.75,-59.79;
-51.59,7.06,-55.03;
-48.91,5.69,-51.87;
-45.31,3.50,-51.33;
-28.41,-5.26,-56.90;
-21.85,-4.74,-56.45;
-1.25,2.95,-54.02;
33.93,5.17,-53.23;
36.95,1.85,-51.00;
34.89,-7.05,-52.32;
39.12,-7.96,-54.37;
36.64,-10.41,-53.00;
43.47,-12.05,-51.76;
39.53,-12.04,-50.11;
43.47,-13.02,-42.66;
41.48,-10.07,-31.97;
29.74,4.51,-19.96;
26.89,6.01,-14.29;
21.39,2.04,-18.22;
4.73,-6.51,-24.05;
0.22,-4.77,-14.61;
17.21,8.20,-0.75;
23.67,1.98,-0.08;
12.17,-8.70,-5.30;
-2.85,-10.34,-14.07;
-0.38,-4.80,-11.04;
20.98,8.10,-0.42;
23.54,7.59,6.29;
3.86,0.77,4.93;
-18.14,-3.72,1.26;
-31.59,-0.05,0.55;
-26.82,1.61,0.96;
-9.89,-1.14,2.21;
10.43,-5.86,1.57;
21.19,-3.34,-1.15;
18.77,1.58,2.16;
12.20,11.26,9.25;
7.82,9.40,15.03;
-3.81,0.82,12.84;
-17.05,-5.25,7.48;
-26.38,-5.35,5.46;
-16.03,2.45,13.19;
1.91,6.27,19.81;
19.18,8.66,24.55;
19.56,6.80,19.43;
13.44,1.46,14.56;
-1.45,0.43,15.72;
-2.88,0.17,21.20;
19.53,3.32,24.64;
32.02,-2.41,20.77;
23.65,-4.41,15.60;
21.91,-9.34,19.14;
28.70,-12.38,32.56;
49.94,0.49,49.58;
74.40,0.17,50.39;
62.73,4.45,41.90;
43.09,-0.99,31.83;
9.13,-5.08,30.84;
-5.19,-13.06,37.55;
6.75,-12.47,46.39;
29.21,-6.57,48.87;
27.32,-2.38,45.93;
11.99,-2.24,46.55;
7.44,-3.47,52.38;
11.12,-3.34,61.00;
14.00,-0.82,66.09;
33.91,-1.40,62.39;
30.84,-7.70,53.29;
18.46,-10.67,48.68;
19.83,-9.76,50.15;
15.74,-6.60,49.83;
19.88,1.52,57.87;
16.26,6.13,61.06;
28.41,-1.51,59.61;
19.33,-1.75,60.94;
28.49,-7.28,61.72;
15.41,-11.37,58.90;
0.55,-10.77,53.23;
-2.14,-2.10,57.48;
5.67,-3.99,67.14;
1.61,-4.67,72.96;
13.51,-2.99,73.02;
29.59,-5.44,66.74;
32.23,-8.12,51.68;
29.13,-3.96,46.93;
30.19,-5.17,53.26;
14.00,-3.38,56.04;
6.75,-3.06,61.55;
15.80,-1.32,69.55;
21.32,-3.18,67.55;
24.17,-4.33,56.30;
24.98,-5.35,46.76;
24.98,-5.57,43.93;
10.60,-1.78,44.48;
13.48,4.89,55.63;
13.51,7.95,67.93;
21.73,2.72,64.58;
29.35,-0.21,47.11;
36.60,-1.80,46.03;
16.57,5.01,52.07;
4.34,2.14,45.34;
8.90,4.92,39.48;
9.83,6.63,43.16;
16.89,9.01,47.84;
26.64,9.24,47.95;
30.19,7.91,41.86;
27.21,4.77,36.13;
23.04,6.89,30.88;
19.15,6.39,30.26;
17.57,6.77,30.55;
15.09,4.48,30.93;
17.53,1.93,31.83;
16.44,0.42,34.58;
10.61,3.38,35.34;
6.83,2.92,27.89;
8.25,5.09,20.27;
18.54,5.04,17.17;
24.86,5.21,17.72;
24.86,5.49,16.76;
18.89,7.58,13.80;
6.38,7.15,12.64;
-2.17,7.17,9.86;
-4.52,6.51,9.45;
-4.76,7.96,8.41;
5.53,6.01,1.60;
15.77,6.88,-2.02;
19.62,5.27,-2.55;
8.06,4.92,-1.19;
-6.39,3.91,-4.23;
-12.46,3.70,-4.74;
-15.07,4.24,-5.33;
-9.16,6.31,-6.13;
-1.78,7.98,-6.98;
6.99,8.22,-9.48;
6.11,6.51,-12.08;
-2.61,5.41,-11.67;
-14.27,5.95,-9.74;
-19.51,6.28,-11.09;
-19.65,7.55,-11.94;
-18.30,6.72,-13.13;
-12.44,7.50,-17.38;
-3.19,8.86,-17.41;
-2.72,12.24,-13.36;
-9.43,12.71,-11.79;
-17.88,9.38,-15.97;
-23.39,7.99,-20.78;
-21.42,8.57,-22.31;
-13.56,8.91,-22.25;
-5.19,5.91,-22.75;
-4.46,7.33,-23.96;
-18.78,9.03,-25.55;
-27.77,10.30,-27.55;
-25.22,11.15,-30.43;
-19.68,13.76,-32.11;
-15.66,12.27,-30.81;
-11.04,9.96,-30.80;
-9.13,8.97,-30.14;
-9.46,9.88,-33.76;
-8.43,7.49,-41.32;
-8.04,6.62,-45.42;
-11.91,4.04,-44.61;
-18.43,6.71,-39.76;
-23.77,10.30,-39.62;
-24.39,13.29,-45.68;
-28.93,12.62,-50.08;
-26.32,11.62,-54.25;
-20.90,11.27,-58.31;
-11.19,12.19,-57.13;
-6.84,11.26,-58.02;
-8.96,10.66,-62.87;
-19.57,8.94,-64.90;
-31.88,9.73,-63.10;
-37.02,10.20,-65.29;
-28.43,9.53,-69.12;
-19.22,8.80,-76.60;
-19.78,7.64,-83.00;
-14.96,7.44,-88.83;
-15.43,8.34,-85.71;
-18.65,10.34,-80.87;
-18.06,8.46,-79.77;
-21.56,4.11,-82.90;
-34.27,5.81,-83.56;
-41.17,0.98,-80.48;
-43.72,-0.57,-79.29;
-53.88,-4.68,-78.63;
-56.88,-3.54,-75.50;
-51.02,-3.17,-74.32;
-42.00,-0.77,-75.58;
-37.78,0.62,-71.68;
-26.46,0.08,-66.89;
-1.92,3.43,-64.75;
1.54,1.76,-65.03;
-1.66,1.84,-67.44;
12.52,-1.03,-68.84;
23.61,-5.28,-66.60;
29.99,1.32,-63.04;
57.12,1.82,-56.95;
44.49,-3.66,-51.56;
16.08,-11.46,-47.18;
-0.20,-11.18,-44.87;
-12.68,-17.55,-45.50;
-25.05,-13.60,-41.21;
-15.68,-7.87,-32.05;
15.70,-7.58,-24.29;
39.21,-5.09,-22.63;
43.80,-1.37,-22.37;
58.96,6.56,-15.90;
45.56,0.40,-10.25;
9.73,2.46,-6.13;
-3.23,-7.90,-7.53;
-18.52,-13.58,-10.26;
-11.28,-0.13,-2.08;
3.86,12.72,8.39;
19.93,6.19,14.38;
-11.71,-1.67,11.75;
-40.73,-3.40,2.58;
-34.78,-0.18,0.52;
-20.12,5.72,4.70;
-0.36,1.17,4.39;
7.80,-2.68,-1.10;
9.42,-3.02,-5.18;
12.49,-0.01,-1.42;
17.97,2.31,2.07;
32.93,-2.42,-0.20;
33.16,-0.71,-4.58;
25.71,1.30,-3.48;
15.47,6.45,3.03;
2.46,6.36,11.40;
-8.81,3.56,15.00;
-7.52,1.23,13.35;
-16.17,-4.96,8.10;
-20.81,-4.82,6.44;
-11.81,-2.92,10.10;
12.81,6.65,16.90;
30.72,7.09,18.96;
25.38,4.63,16.84;
15.54,-1.29,13.89;
10.41,-10.31,14.77;
12.73,-10.36,23.34;
25.83,1.91,31.77;
49.83,4.40,36.07;
34.11,4.98,28.32;
13.12,2.04,20.84;
18.61,-4.79,25.89;
29.41,-6.07,36.55;
51.10,-7.64,40.36;
45.25,-2.77,36.32;
31.74,-8.04,32.58;
22.40,-15.17,40.64;
37.47,-10.22,50.32;
66.31,-11.22,56.15;
50.95,-6.15,54.18;
36.11,-11.54,49.25;
28.20,-13.49,53.54;
46.34,-4.67,56.50;
45.54,-3.17,51.31;
35.32,-10.83,45.61;
28.15,-14.80,47.75;
10.55,-6.65,50.16;
8.80,-1.08,51.55;
5.54,3.47,59.32;
9.25,-4.16,62.52;
4.17,-12.24,61.64;
8.05,-17.09,58.96;
20.92,-12.68,47.69;
26.77,-10.85,40.18;
24.86,-9.15,45.22;
41.25,-9.95,56.48;
45.74,-6.34,57.49;
43.53,-2.97,55.80;
27.41,3.98,59.40;
22.52,-0.48,57.83;
0.41,5.33,49.00;
6.41,4.56,44.04;
7.21,-0.92,49.05;
13.38,-0.65,53.75;
6.87,0.36,55.54;
2.55,8.53,60.61;
-3.40,11.66,60.58;
7.53,12.72,56.01;
19.09,7.72,49.49;
27.42,-0.74,46.68;
27.39,-2.13,45.77;
18.23,0.19,47.58;
8.92,6.25,50.18;
8.92,13.75,52.50;
15.86,10.97,49.52;
24.52,6.37,49.16;
34.83,1.70,47.46;
37.38,-0.39,43.49;
28.17,3.53,39.22;
16.60,7.47,39.97;
1.39,6.60,42.55;
-5.30,7.38,42.94;
11.35,12.33,36.45;
31.48,15.85,34.56;
34.84,16.94,32.47;
34.26,13.09,28.73;
21.71,9.01,27.13;
12.17,5.52,28.96;
13.88,6.80,31.48;
15.47,6.97,28.82;
12.69,6.91,16.93;
14.77,6.13,11.58;
14.15,7.96,16.45;
13.76,8.04,21.64;
9.39,9.85,22.65;
4.23,10.20,16.82;
11.64,9.46,8.16;
13.36,5.85,7.05;
7.19,3.72,8.52;
-2.96,2.19,8.94;
-1.66,1.88,6.62;
-0.23,3.96,4.99;
-3.11,3.27,1.83;
-6.33,4.51,0.36;
-7.45,2.97,-1.48;
0.89,1.53,-3.84;
4.57,1.18,-4.54;
-3.28,2.53,-3.00;
-8.44,4.20,-0.11;
-22.04,3.08,-5.26;
-22.56,1.67,-9.01;
-16.75,3.08,-8.58;
-11.20,5.11,-11.93;
-5.05,7.43,-13.55;
-4.91,7.27,-11.82;
-16.88,7.72,-11.06;
-27.95,6.16,-13.94;
-34.00,6.39,-18.31;
-29.69,7.87,-19.04;
-13.92,8.62,-20.20;
-4.88,7.87,-21.21;
-6.55,7.73,-23.39;
-13.14,6.16,-26.83;
-22.07,5.64,-30.26;
-27.66,3.41,-32.90;
-21.16,4.74,-31.91;
-11.02,4.89,-32.89;
0.15,3.17,-38.78;
8.17,1.12,-47.52;
1.42,1.95,-50.51;
-8.17,2.88,-50.08;
-18.41,1.30,-48.78;
-21.75,2.63,-46.02;
-27.66,4.63,-44.75;
-27.23,9.08,-46.02;
-22.24,12.46,-50.68;
-15.81,11.99,-55.35;
-10.24,12.22,-62.66;
-7.77,10.27,-65.24;
-11.57,10.48,-63.88;
-21.72,9.84,-63.33;
-35.54,8.65,-61.99;
-50.24,7.26,-62.10;
-55.54,7.67,-66.25;
-46.23,7.64,-68.00;
-35.23,8.71,-67.32;
-24.49,9.55,-74.14;
-20.91,8.36,-80.07;
-17.30,9.04,-78.28;
-17.75,7.12,-73.84;
-28.03,2.95,-69.15;
-38.64,1.47,-69.24;
-49.43,2.66,-72.71;
-57.08,4.68,-73.71;
-45.22,7.59,-72.80;
-42.67,6.75,-71.07;
-22.46,4.30,-73.64;
-14.79,1.01,-77.64;
-12.53,-3.37,-74.74;
-20.17,-5.51,-64.72;
-17.60,-4.38,-59.10;
-10.62,-3.51,-59.41;
0.95,-2.91,-64.55;
-3.75,-4.76,-66.71;
0.78,-8.57,-66.95;
16.23,-9.57,-66.51;
29.70,-10.68,-64.94;
34.31,-15.58,-62.14;
35.88,-13.87,-54.61;
17.96,-17.64,-46.13;
-1.52,-17.99,-31.58;
-11.94,0.74,-16.36;
-9.88,6.33,-5.24;
-6.64,7.46,-7.10;
-13.57,-0.91,-16.39;
-10.67,-4.42,-21.87;
16.03,-3.96,-18.14;
47.64,-0.02,-11.85;
50.93,0.46,-7.21;
38.66,0.94,-5.27;
14.32,1.82,-3.74;
-1.81,5.12,-1.13;
-19.23,3.82,1.37;
-25.77,2.24,4.27;
-22.94,-1.76,3.06;
-11.98,-9.54,3.75;
-2.62,-8.09,1.54;
7.64,-3.73,0.01;
14.49,-1.89,0.04;
12.55,0.77,1.68;
6.32,0.36,3.35;
-0.20,0.33,5.06;
-8.35,0.16,7.61;
-20.56,-1.23,9.86;
-25.91,-1.70,10.16;
-20.58,-0.86,9.60;
-4.38,-3.58,6.76;
-4.15,-2.63,5.98;
-2.47,1.24,6.52;
3.24,3.41,9.40;
11.48,4.22,10.01;
11.45,3.85,8.68;
3.53,2.05,8.61;
-10.72,1.64,12.27;
-14.18,3.44,16.74;
-4.41,7.20,15.66;
4.67,0.97,11.11;
0.95,-3.02,10.61;
6.48,-0.77,13.81;
21.54,3.44,15.11;
30.49,3.43,15.37;
27.28,0.88,16.23;
25.77,-0.53,18.59;
33.39,-1.25,21.84;
25.06,1.27,27.39;
14.26,-1.84,31.46;
12.52,-2.57,35.39;
24.02,-4.88,35.22;
22.55,-3.02,33.60;
27.54,-5.06,30.33;
29.83,-10.19,28.85;
47.21,-10.62,37.54;
64.90,-5.37,46.81;
62.17,6.78,55.34;
53.02,14.48,51.14;
38.02,6.95,42.73;
12.31,0.14,39.23;
9.35,3.12,40.93;
16.54,2.13,45.08;
0.26,7.93,47.52;
-30.36,14.63,48.79;
-45.13,15.67,54.87;
-35.69,12.13,59.81;
-10.14,4.01,57.06;
3.18,-6.73,51.32;
9.18,-16.16,51.02;
29.97,-9.17,51.10;
50.83,1.37,49.32;
61.48,-3.23,46.16;
52.98,-3.18,48.97;
37.54,-7.17,59.40;
14.34,-0.80,67.32;
3.97,0.08,66.35;
0.41,1.50,67.05;
-1.72,-2.48,64.39;
8.57,-5.72,59.69;
12.09,-9.46,57.03;
10.81,-11.15,60.94;
18.67,-4.42,66.94;
37.88,-2.07,62.65;
23.85,-2.19,54.64;
29.70,-2.42,53.39;
17.79,1.11,56.68;
3.32,-0.31,58.56;
-7.88,1.76,53.20;
-7.33,1.66,48.67;
-1.46,6.40,48.32;
10.77,5.66,53.43;
19.12,-1.28,54.73;
21.57,-3.90,47.46;
27.09,1.61,45.26;
24.96,2.20,50.29;
28.23,-5.31,49.75;
19.59,-7.52,43.68;
21.53,-8.83,42.01;
18.96,-4.05,42.48;
23.16,-4.80,40.33;
20.00,-4.60,38.33;
18.75,-3.40,39.98;
12.63,-5.64,39.17;
23.82,-1.99,31.14;
37.27,-2.02,29.25;
36.54,0.49,31.58;
24.89,0.14,24.97;
21.90,-0.83,13.42;
26.90,-0.85,10.94;
28.83,2.39,17.45;
23.13,2.57,22.27;
16.55,1.95,18.33;
13.33,2.14,14.07;
12.69,2.69,9.48;
13.71,4.45,10.04;
18.12,5.67,12.26;
15.94,3.62,8.94;
16.95,1.40,3.11;
14.08,-1.35,1.66;
11.36,-0.04,6.97;
7.32,1.09,10.84;
0.49,0.25,6.68;
-0.79,-6.62,-6.86;
14.35,-4.89,-13.06;
17.99,0.57,-6.57;
16.32,4.46,-2.10;
11.28,3.91,-6.29;
1.86,0.68,-6.03;
-3.01,-0.10,-4.84;
-3.83,-0.33,-5.33;
1.77,1.90,-4.69;
11.09,1.75,-6.78;
15.86,1.38,-9.67;
6.12,-1.43,-15.15;
-4.96,0.65,-15.03;
-12.64,1.56,-6.36;
-6.90,2.08,-5.76;
1.16,1.15,-12.80;
1.83,2.59,-16.45;
-0.30,3.87,-13.33;
-7.68,4.17,-11.15;
-13.52,2.07,-14.02;
-10.27,-1.06,-19.47;
-6.03,-2.28,-22.32;
0.26,-1.26,-18.52;
-1.91,0.57,-17.45;
-5.56,1.09,-19.62;
-12.12,-1.70,-23.06;
-17.28,-3.75,-23.23;
-14.15,-2.24,-21.56;
-7.88,-1.20,-20.03;
0.93,-2.01,-24.98;
2.73,-1.46,-32.13;
-8.20,2.83,-33.36;
-25.88,4.14,-31.73;
-37.94,4.27,-31.64;
-31.75,2.45,-31.73;
-13.95,3.01,-35.18;
8.46,6.07,-40.42;
16.06,7.24,-42.26;
4.99,5.98,-44.52;
-12.58,2.37,-48.16;
-33.71,3.33,-48.00;
-40.79,5.17,-45.84;
-35.31,8.59,-46.29;
-21.08,10.24,-52.52;
-11.45,8.28,-60.81;
-7.45,8.28,-65.12;
-16.07,5.99,-58.37;
-23.97,6.28,-52.48;
-25.34,7.69,-51.76;
-25.77,4.95,-57.67;
-35.43,2.11,-64.02;
-46.47,2.10,-65.33;
-45.75,4.75,-64.97;
-38.46,7.38,-66.97;
-17.31,9.64,-69.85;
-1.22,11.56,-71.30;
3.21,7.49,-74.22;
-9.10,9.67,-79.58;
-17.51,9.72,-73.65;
-29.13,7.43,-65.48;
-42.39,1.73,-66.23;
-54.35,-2.82,-71.18;
-68.03,-0.27,-72.25;
-61.22,6.69,-66.10;
-42.46,3.01,-62.46;
-35.19,-2.27,-62.87;
-38.21,-5.18,-62.52;
-37.37,-4.56,-58.28;
-24.09,-5.75,-55.35;
-5.30,-4.02,-56.34;
11.10,6.69,-58.37;
35.99,7.14,-61.09;
41.04,-7.87,-62.31;
27.86,-16.31,-63.81;
18.96,-22.25,-59.30;
12.40,-11.78,-49.18;
23.25,4.07,-43.07;
7.12,4.11,-45.82;
-2.36,-5.55,-42.08;
5.18,-12.94,-33.16;
27.86,-2.54,-24.52;
50.77,0.20,-22.39;
40.34,-1.55,-23.73;
34.61,-13.49,-29.15;
29.21,-11.83,-21.09;
37.93,6.83,-6.52;
27.73,9.81,2.82;
4.84,3.75,5.81;
-26.49,-4.30,3.84;
-46.91,-8.19,-0.77;
-36.94,2.48,-1.01;
-0.72,6.33,1.23;
36.54,2.89,2.36;
36.12,1.49,-0.36;
15.56,5.09,2.79;
-12.87,5.59,8.62;
-31.81,0.45,9.66;
-34.29,-7.51,3.52;
-28.03,-9.29,0.59;
-9.69,-3.05,2.10;
4.05,0.74,4.07;
11.61,4.77,4.88;
13.93,5.61,3.06;
13.13,2.82,3.29;
4.32,-0.83,5.74;
-2.18,-1.38,6.55;
-4.55,-1.83,6.30;
-0.59,3.44,8.58;
7.12,7.95,10.12;
12.90,7.95,10.23;
7.85,4.30,7.68;
4.57,0.65,8.85;
8.40,1.95,14.52;
27.15,2.97,16.61;
36.41,3.20,17.66;
26.84,0.30,12.97;
15.86,-5.46,11.71;
16.58,-8.89,17.92;
28.70,-7.67,25.89;
52.14,-4.30,31.89;
55.93,-0.92,27.17;
55.19,-6.68,20.55;
58.83,-3.52,22.97;
58.19,3.76,28.84;
82.78,-5.63,32.47;
79.36,-6.51,32.65;
46.34,-8.94,27.60;
23.99,-12.99,34.55;
19.51,-12.73,49.84;
24.37,-10.18,67.86;
38.17,-5.78,63.90;
21.91,-7.08,53.86;
21.44,-18.42,52.53;
32.52,-17.15,63.43;
54.12,-9.54,71.10;
54.44,2.94,60.13;
37.79,-2.56,36.99;
25.64,-13.29,41.61;
18.49,-11.83,60.52;
31.12,-15.20,73.98;
38.22,-11.95,66.55;
19.54,-11.49,51.42;
-2.38,-9.12,42.91;
-13.74,-1.17,42.90;
-3.30,2.69,52.45;
9.01,-0.30,65.26;
11.97,-4.10,74.30;
11.42,-0.33,66.77;
13.68,1.73,53.64;
32.46,-0.30,51.92;
31.82,-2.91,59.92;
18.75,-4.53,54.12;
4.25,3.21,41.89;
12.64,13.79,45.98;
23.56,17.11,58.24;
27.33,3.96,68.45;
4.64,-3.92,68.07;
5.09,-3.34,54.97;
1.76,1.96,42.06;
6.05,12.11,40.45;
15.70,18.04,50.68;
25.91,5.70,57.93;
27.50,0.10,58.35;
30.73,3.91,56.53;
21.13,9.41,54.67;
-1.77,15.56,46.67;
-4.67,16.60,42.91;
5.57,14.34,45.43;
26.64,13.18,44.99;
44.80,11.73,39.22;
39.36,11.27,38.04;
25.06,14.37,37.93;
31.42,10.10,37.20;
28.52,4.80,33.03;
27.38,5.29,32.39;
16.69,8.05,31.84;
13.42,11.82,28.50;
21.18,12.78,26.79;
30.60,14.11,33.02;
29.44,15.73,35.95;
22.25,14.19,27.71;
16.87,13.35,19.20;
14.83,11.37,14.53;
22.73,11.35,15.51;
26.08,11.66,20.13;
18.61,11.18,24.55;
8.19,4.92,16.93;
5.47,3.64,7.87;
7.73,5.66,5.29;
20.46,8.51,7.60;
22.98,7.35,8.07;
18.35,4.91,4.24;
10.64,4.39,0.53;
3.07,2.82,-3.38;
0.99,2.62,0.03;
-0.44,4.11,7.95;
-6.94,3.49,4.12;
-10.09,2.59,-5.52;
-3.02,3.91,-11.52;
-1.56,8.77,-6.46;
-7.75,6.85,1.90;
-13.59,4.49,2.94;
-17.04,-0.09,-3.71;
-9.78,-1.47,-13.45;
-3.39,1.14,-10.68;
-1.89,1.03,-6.37;
-12.88,-1.00,-8.03;
-23.08,-0.01,-9.50;
-30.91,4.19,-10.29;
-26.21,7.03,-8.10;
-13.81,7.27,-6.34;
-1.25,4.51,-9.48;
4.15,0.02,-14.26;
0.34,-2.33,-14.89;
-9.78,-0.73,-14.42;
-25.69,-0.79,-15.36;
-39.17,-2.77,-17.59;
-39.98,-4.44,-19.21;
-27.49,0.19,-19.91;
-7.02,4.33,-20.92;
6.61,5.33,-24.28;
1.99,6.27,-27.77;
-13.75,3.76,-30.45;
-26.32,2.01,-29.56;
-25.54,2.65,-25.58;
-24.00,1.76,-24.63;
-18.76,0.69,-34.86;
-14.62,2.92,-43.39;
-14.59,4.49,-46.63;
-16.64,6.25,-47.45;
-17.39,7.12,-40.74;
-22.72,7.73,-32.80;
-23.57,9.27,-39.00;
-25.22,11.30,-46.71;
-35.25,9.73,-52.87;
-35.28,7.91,-56.14;
-24.62,8.07,-53.62;
-22.49,9.50,-54.29;
-18.29,9.88,-62.51;
-19.17,11.29,-68.40;
-20.35,12.19,-67.85;
-29.75,11.18,-63.73;
-37.62,12.60,-60.00;
-46.41,13.72,-63.61;
-39.08,15.91,-67.32;
-31.52,15.82,-71.93;
-29.63,8.97,-80.00;
-40.81,6.53,-82.17;
-48.43,9.75,-77.07;
-46.61,9.00,-75.55;
-44.50,11.15,-77.96;
-34.35,11.50,-82.25;
-26.04,3.14,-85.50;
-24.46,2.40,-86.78;
-25.91,-5.08,-82.37;
-46.32,-7.02,-75.19;
-55.05,-5.78,-72.97;
-45.05,-5.29,-70.14;
-41.63,-3.49,-66.45;
-35.20,-4.15,-64.65;
-20.00,-5.47,-63.64;
11.50,-4.82,-67.39;
25.99,-2.02,-75.52;
45.48,-6.13,-76.39;
72.52,-15.57,-76.10;
75.65,-18.07,-78.51;
73.70,-20.19,-78.25;
49.27,-24.19,-67.81;
16.86,-26.12,-45.55;
-8.68,-22.56,-21.24;
-4.20,1.67,-2.39;
-1.30,22.24,7.57;
-6.99,29.37,5.81;
-13.52,18.66,2.91;
-25.34,1.96,-0.10;
-29.10,4.39,4.09;
-11.40,-4.50,3.37;
9.83,-11.38,-7.26;
28.77,-8.07,-14.29;
33.06,2.59,-9.16;
24.09,19.70,7.14;
-1.42,15.73,13.77;
-35.59,5.03,13.28;
-52.50,-5.72,7.00;
-48.56,-9.69,0.79;
-25.42,1.11,3.02;
0.75,12.69,7.34;
15.04,10.24,8.62;
9.09,5.00,9.42;
3.97,0.45,7.74;
4.29,-1.51,7.20;
-2.00,2.95,13.74;
1.30,0.75,17.75;
-3.17,-0.88,18.04;
-9.40,-0.04,17.06;
-3.07,-0.56,17.43;
5.41,5.18,21.72;
23.02,11.70,23.52;
39.44,8.33,21.29;
43.79,-0.92,18.03;
49.44,-9.86,19.43;
55.79,-10.68,24.12;
67.32,-7.15,28.52;
60.11,-2.89,30.18;
44.64,-5.96,31.02;
34.46,-5.08,36.71;
47.24,-2.80,45.51;
67.18,-7.69,49.84;
60.35,-5.78,47.60;
49.36,-6.65,47.31;
39.59,-3.63,51.22;
24.87,4.71,52.65;
22.55,8.28,55.86;
28.02,-2.68,56.96;
24.89,-22.57,54.79;
18.19,-21.32,58.39;
10.70,-12.76,57.64;
-9.36,7.79,54.61;
0.93,13.17,48.99;
21.10,-4.54,48.53;
33.51,-18.96,55.58;
40.95,-25.11,61.75;
43.61,-16.22,60.39;
34.20,-6.57,56.42;
29.13,0.36,53.74;
27.50,-3.28,54.84;
28.70,-13.43,60.55;
4.60,-17.72,64.45;
-18.44,-6.01,57.87;
-18.14,6.66,49.81;
-5.83,13.11,57.37;
7.83,12.59,68.96;
27.44,-1.63,69.90;
21.77,-6.42,59.49;
3.41,0.37,49.61;
-3.28,8.17,42.45;
-1.28,10.66,47.20;
-0.98,11.14,60.94;
6.37,-0.16,69.03;
19.50,-6.12,65.93;
23.97,-7.26,57.48;
27.64,0.56,48.27;
28.55,2.27,48.77;
28.57,2.51,51.17;
23.36,-3.80,51.00;
8.61,-3.78,50.30;
4.25,1.26,51.75;
10.51,14.33,51.97;
21.64,14.95,48.81;
22.60,11.50,44.99;
16.67,6.53,43.02;
27.07,7.59,39.97;
37.67,4.94,38.23;
40.37,7.40,39.71;
27.80,4.62,41.52;
10.22,3.35,42.15;
-0.94,3.00,44.44;
-0.04,2.14,42.81;
13.65,6.10,35.40;
27.62,8.22,27.78;
34.08,9.79,21.72;
33.22,11.55,24.53;
23.99,10.54,30.13;
15.68,9.61,32.79;
2.51,6.72,32.82;
-1.04,4.88,24.65;
3.21,7.38,18.09;
11.48,8.88,15.35;
19.68,8.77,15.05;
15.79,5.64,18.16;
-1.27,2.69,15.87;
-13.56,2.60,9.84;
-5.83,5.82,5.17;
6.89,7.29,3.43;
15.85,8.82,4.85;
6.22,8.85,6.06;
-6.43,7.20,4.97;
-17.11,7.09,2.01;
-15.33,6.07,-4.71;
0.72,7.21,-7.48;
5.38,8.28,-3.00;
-1.80,10.56,1.48;
-17.31,9.99,-0.17;
-29.77,9.64,-5.38;
-23.88,10.68,-12.78;
-9.25,11.15,-18.39;
2.89,10.98,-19.82;
10.57,9.14,-17.94;
5.28,6.57,-12.94;
-5.14,7.26,-10.49;
-26.44,9.70,-10.39;
-35.85,10.92,-14.97;
-28.84,10.65,-20.14;
-12.96,12.80,-21.13;
-0.75,12.10,-21.99;
-4.58,12.22,-18.40;
-14.85,11.70,-15.61;
-28.09,7.46,-15.88;
-28.17,2.85,-21.23;
-22.46,2.75,-21.36;
-12.06,4.04,-21.30;
-10.39,5.96,-21.21;
-19.20,6.07,-24.45;
-22.61,4.91,-31.13;
-18.70,6.66,-31.29;
-9.49,12.71,-23.23;
3.96,12.19,-24.03;
10.41,11.53,-36.20;
5.62,13.21,-40.19;
-5.88,11.04,-37.00;
-24.76,9.12,-31.53;
-28.96,8.68,-30.78;
-28.14,8.88,-31.96;
-19.54,9.35,-38.84;
-11.45,10.24,-47.38;
-7.17,11.12,-50.05;
-9.19,7.82,-52.60;
-9.91,9.26,-49.12;
-7.80,8.74,-42.94;
-11.52,11.08,-44.03;
-23.08,9.79,-54.48;
-36.75,8.92,-61.87;
-39.68,11.04,-63.58;
-22.91,13.55,-64.28;
-9.08,13.20,-65.74;
-2.15,13.56,-68.66;
3.32,12.24,-72.16;
-2.53,12.72,-74.16;
-18.21,13.41,-71.23;
-30.58,11.08,-70.69;
-42.59,6.74,-72.25;
-45.08,7.18,-73.87;
-46.55,4.51,-71.93;
-46.32,1.33,-71.16;
-52.55,-0.13,-75.94;
-47.75,-2.80,-82.95;
-44.43,-4.85,-83.93;
-38.09,-0.96,-79.93;
-21.25,1.90,-70.81;
-5.19,5.21,-72.65;
-0.27,1.14,-83.03;
1.68,-10.31,-88.28;
0.29,-17.55,-86.46;
0.44,-23.38,-84.66;
-4.06,-22.62,-78.54;
-5.28,-20.22,-71.01;
-6.03,-16.80,-67.48;
-0.62,-21.37,-70.69;
4.55,-22.56,-70.89;
16.55,-16.97,-62.14;
33.18,-16.48,-53.53;
36.98,-16.82,-46.29;
33.96,-3.52,-35.71;
22.86,6.36,-16.83;
15.94,17.73,-4.29;
18.55,11.26,1.77;
-2.81,11.43,-2.61;
-15.25,3.50,-6.54;
-21.33,-1.40,-2.97;
-19.05,-5.99,2.90;
-15.37,7.11,4.04;
2.87,3.73,1.66;
6.77,-2.38,-3.41;
6.55,-7.52,-7.64;
7.99,1.06,-1.39;
10.72,6.01,4.21;
2.95,5.44,7.90;
-10.15,-1.51,4.12;
-15.88,-10.16,0.13;
-6.62,-9.46,-1.27;
5.41,6.45,2.33;
16.41,6.88,3.60;
14.00,2.85,3.89;
6.11,-6.68,-0.39;
2.25,-7.67,-0.86;
6.64,0.25,2.42;
22.09,4.98,4.27;
30.25,2.24,5.25;
13.04,-2.45,5.13;
-0.29,-3.25,5.95;
0.26,-0.73,8.16;
14.98,2.19,8.33;
34.12,-1.49,4.59;
40.77,-0.56,2.03;
47.01,3.59,4.65;
46.66,5.66,10.42;
41.10,6.51,16.32;
40.63,-1.38,15.23;
31.97,-3.84,11.03;
25.04,-5.02,6.30;
27.25,-5.72,8.00;
29.13,-3.26,15.31;
42.02,3.99,25.71;
63.39,2.56,31.34;
48.60,-0.24,28.79;
34.35,-6.22,26.15;
26.52,-8.89,32.64;
43.51,-2.22,44.96;
58.75,-0.88,51.68;
46.44,2.27,51.06;
30.58,-0.21,46.09;
20.52,-3.17,39.78;
31.67,-9.73,39.77;
43.32,-15.92,47.20;
35.82,-6.71,51.29;
26.54,1.04,49.93;
27.53,2.05,46.68;
18.26,-3.35,48.36;
15.45,-6.39,53.57;
17.68,-7.40,53.93;
11.21,-8.22,53.16;
-2.44,-10.74,53.87;
-2.67,-9.89,57.22;
24.66,-1.86,56.41;
32.64,-2.18,46.30;
32.09,-12.51,38.99;
25.15,-15.08,42.35;
34.78,-14.25,51.66;
24.70,-7.69,62.82;
14.46,-1.26,66.21;
11.28,4.46,60.27;
5.06,0.71,55.51;
-5.27,-0.60,54.93;
-8.10,-4.94,56.07;
-0.70,-1.69,56.30;
10.40,4.07,52.90;
23.45,2.97,49.83;
22.73,2.63,54.47;
13.07,4.24,58.39;
6.90,3.11,54.90;
3.70,6.43,44.07;
12.32,9.01,36.15;
23.10,8.92,41.08;
19.16,4.77,53.11;
5.04,-2.19,52.62;
1.06,-2.88,47.23;
9.94,-1.49,45.89;
20.66,4.92,44.52;
27.36,3.08,42.61;
24.26,-1.41,41.19;
26.78,-9.09,39.17;
21.07,-5.66,39.66;
20.90,-1.58,40.24;
20.34,2.27,43.26;
20.31,1.08,39.95;
20.83,0.74,34.56;
19.88,6.04,33.64;
16.61,9.01,33.83;
16.58,11.41,33.39;
25.86,15.99,34.18;
29.13,13.30,31.61;
20.55,11.23,26.68;
17.25,8.69,24.47;
13.21,7.82,28.24;
12.60,8.01,28.59;
13.79,9.46,23.75;
13.79,9.73,21.54;
14.41,9.99,19.51;
23.10,7.98,17.74;
22.83,8.16,19.34;
17.06,7.32,20.79;
12.90,9.33,19.20;
7.24,9.72,17.64;
-0.43,8.48,14.84;
0.14,5.35,11.19;
5.28,7.03,9.03;
15.77,6.42,10.84;
19.50,7.08,11.95;
14.92,5.43,10.90;
0.83,4.05,8.19;
-8.67,2.30,7.71;
-5.62,2.86,6.71;
1.90,4.25,6.56;
7.32,2.82,5.19;
14.73,2.97,1.86;
8.35,2.02,0.59;
3.38,1.82,1.22;
-4.88,3.00,3.10;
-5.77,1.98,2.26;
0.31,1.56,-1.91;
-1.81,2.91,-3.99;
-10.53,3.66,-1.90;
-15.59,1.82,-0.13;
-13.42,0.65,-0.25;
-2.64,-3.60,-3.96;
8.26,-4.53,-8.02;
12.70,-2.31,-9.97;
3.01,0.56,-9.48;
-7.11,1.17,-9.91;
-17.56,0.98,-10.11;
-21.30,2.85,-9.62;
-20.21,4.63,-9.38;
-13.19,7.06,-9.48;
-4.58,8.14,-11.67;
1.57,7.76,-12.16;
0.48,6.40,-13.26;
-9.59,2.95,-16.66;
-18.75,0.02,-19.15;
-18.33,-0.16,-15.85;
-15.08,0.22,-15.01;
-12.65,-0.56,-19.15;
-13.66,1.06,-23.38;
-17.51,2.85,-23.24;
-29.83,5.81,-19.09;
-29.86,5.84,-17.99;
-25.63,6.16,-20.11;
-18.90,7.96,-23.77;
-16.88,7.61,-22.63;
-17.75,7.24,-21.53;
-25.34,3.76,-24.36;
-25.92,2.63,-33.29;
-18.49,1.93,-38.84;
-6.20,0.39,-43.48;
4.89,2.57,-41.62;
9.76,1.67,-38.10;
3.64,3.40,-38.48;
-1.17,5.03,-43.23;
-14.41,7.33,-43.87;
-21.05,6.83,-46.72;
-19.40,6.57,-51.01;
-14.68,6.01,-51.48;
-17.97,6.71,-49.81;
-20.10,9.59,-50.36;
-23.45,9.26,-54.78;
-31.33,9.11,-58.39;
-27.69,9.82,-58.71;
-23.07,11.49,-55.56;
-20.39,10.10,-55.97;
-20.67,12.22,-59.13;
-23.78,12.83,-62.65;
-28.07,10.31,-62.89;
-33.08,6.63,-64.89;
-34.38,3.53,-69.84;
-35.14,7.59,-73.44;
-30.03,8.66,-69.71;
-28.90,8.68,-66.39;
-33.74,10.10,-66.10;
-34.76,11.35,-71.27;
-36.75,9.81,-77.58;
-41.54,7.38,-78.48;
-36.07,4.91,-76.39;
-21.28,-0.68,-74.49;
-18.68,-3.86,-72.68;
-5.08,-7.96,-75.18;
1.62,-4.73,-77.64;
8.26,-9.38,-75.74;
4.60,-16.24,-74.52;
10.34,-16.96,-75.04;
9.73,-13.90,-75.42;
18.14,-5.35,-77.61;
23.99,-5.64,-83.13;
38.23,-23.32,-89.71;
36.67,-33.63,-93.41;
43.97,-39.15,-82.74;
40.73,-29.72,-58.81;
37.68,-25.37,-35.27;
22.23,-5.58,-8.60;
-3.13,23.26,11.14;
-1.91,34.74,15.63;
-19.97,22.97,11.83;
-36.81,4.30,3.23;
-30.10,-17.17,-5.87;
-16.58,-20.41,-6.83;
2.19,-4.60,-0.63;
7.42,7.78,6.45;
9.13,13.09,7.64;
0.63,10.71,3.05;
-9.91,9.56,0.73;
-0.98,9.23,0.47;
-2.91,-2.51,1.58;
-2.79,-11.14,0.21;
-0.91,-14.56,-4.07;
0.54,-1.58,-0.98;
6.29,12.72,6.58;
10.48,15.55,8.65;
1.18,9.44,6.71;
-9.39,2.25,5.74;
-10.47,3.87,11.64;
-0.53,3.84,12.94;
5.97,2.13,10.76;
2.12,0.11,7.42;
0.70,-1.15,6.13;
2.98,3.21,7.46;
11.32,2.75,10.23;
10.90,3.12,12.64;
10.41,2.04,10.70;
7.10,0.13,9.83;
16.19,-0.15,13.71;
30.61,0.98,16.64;
46.34,2.98,15.40;
51.35,0.20,13.75;
41.10,-1.73,14.77;
24.77,-2.34,20.36;
17.01,-0.27,29.81;
15.68,-0.04,36.04;
9.02,5.18,36.65;
7.04,-1.18,33.23;
10.63,-7.76,35.54;
32.28,-11.11,43.95;
46.86,-5.14,51.40;
35.74,13.14,49.58;
39.45,13.50,42.99;
40.90,1.14,36.90;
35.53,-14.68,41.20;
32.96,-18.82,45.48;
35.71,-9.57,47.60;
20.48,5.24,48.06;
7.68,11.58,50.01;
8.96,5.38,47.95;
30.66,-15.34,47.19;
25.68,-25.02,51.77;
10.29,-12.44,50.59;
13.41,4.72,49.49;
21.18,5.38,55.19;
19.53,-0.50,57.69;
21.10,-13.06,53.98;
19.80,-15.25,50.39;
22.26,-10.10,52.33;
34.26,-6.13,60.04;
41.90,-6.67,68.19;
43.18,-9.41,62.24;
38.99,-12.47,45.77;
28.70,-10.68,39.26;
12.55,-5.37,44.15;
3.01,3.78,51.55;
-1.83,13.38,55.39;
-7.43,14.63,54.55;
-5.34,12.88,53.78;
0.51,7.91,52.44;
11.82,4.27,48.33;
20.81,-0.28,43.93;
30.41,-1.52,38.94;
42.98,-2.76,35.02;
38.40,-0.15,37.28;
23.41,-1.34,46.70;
13.32,-1.25,52.73;
16.43,-0.97,52.24;
17.38,3.98,45.83;
26.14,6.46,39.66;
27.04,8.14,36.01;
28.83,5.70,36.56;
21.53,4.51,39.08;
15.96,7.75,38.19;
14.12,8.78,37.61;
16.98,8.43,36.53;
20.99,5.87,35.86;
19.70,5.50,36.85;
16.63,3.55,33.32;
19.57,3.82,26.36;
21.54,6.07,25.10;
26.61,8.13,26.13;
20.69,8.75,28.29;
13.38,9.58,26.27;
12.86,8.91,22.52;
21.18,14.43,20.67;
25.42,14.33,21.60;
24.72,12.13,21.19;
24.83,7.62,22.06;
21.10,7.12,26.16;
7.01,5.55,26.76;
-0.79,4.31,19.08;
-0.94,3.79,12.15;
6.63,5.95,14.07;
13.44,8.25,18.29;
19.12,9.09,18.64;
17.71,6.94,10.74;
13.56,8.24,5.48;
9.22,9.40,11.46;
2.26,7.30,10.88;
-2.62,2.82,5.25;
-2.20,3.66,6.15;
0.20,4.88,6.18;
1.68,3.59,1.83;
0.11,2.48,-0.49;
-0.29,4.10,0.39;
-2.88,6.71,3.75;
-5.89,7.18,5.29;
-16.59,3.59,-0.05;
-16.20,2.20,-4.40;
-8.09,4.33,-2.42;
-4.33,6.10,-0.68;
-6.93,4.89,-1.74;
-16.91,2.08,-6.74;
-23.34,1.33,-9.42;
-22.87,2.80,-8.98;
-14.76,6.75,-6.37;
-9.11,6.83,-6.98;
-7.36,4.57,-8.65;
-12.75,2.63,-10.80;
-20.73,0.60,-14.08;
-15.51,2.49,-14.69;
-9.28,3.24,-13.29;
-10.62,3.73,-13.13;
-18.17,5.44,-14.16;
-32.90,3.61,-18.02;
-37.59,5.55,-15.23;
-28.23,5.14,-13.27;
-8.84,5.40,-12.52;
1.82,3.37,-14.90;
3.79,0.95,-19.88;
-1.31,-1.32,-25.68;
-15.69,-1.98,-24.55;
-19.60,-0.60,-21.10;
-20.52,-0.71,-19.53;
-20.78,1.21,-22.48;
-21.10,1.98,-25.29;
-14.06,3.50,-25.64;
-9.88,7.18,-25.24;
-4.23,6.49,-28.48;
-2.20,5.49,-34.10;
-3.98,3.32,-37.39;
-8.67,2.72,-35.50;
-15.14,2.65,-35.82;
-19.11,2.13,-41.91;
-22.26,5.08,-44.81;
-27.46,7.58,-41.00;
-35.57,9.96,-37.70;
-34.90,11.29,-35.77;
-26.24,13.21,-38.54;
-18.73,12.39,-43.10;
-12.36,9.41,-51.84;
-12.73,5.55,-50.87;
-19.65,5.56,-47.77;
-27.45,4.24,-52.39;
-29.07,6.62,-58.08;
-35.36,7.58,-56.92;
-39.08,7.53,-56.17;
-31.16,10.33,-59.61;
-20.49,12.57,-59.27;
-12.88,12.19,-59.39;
-16.58,13.04,-63.07;
-22.72,8.63,-66.08;
-36.70,8.39,-63.03;
-41.66,5.84,-61.00;
-45.17,2.89,-61.90;
-48.36,1.81,-65.16;
-48.78,1.03,-66.22;
-47.68,0.98,-65.18;
-41.52,3.09,-62.19;
-29.05,3.62,-59.48;
-14.20,4.92,-59.82;
-6.24,2.04,-66.08;
-4.81,-4.68,-72.02;
-10.53,-6.99,-63.90;
-14.75,-5.11,-51.15;
-23.57,-2.01,-45.33;
-27.97,2.54,-43.36;
-30.82,0.92,-45.71;
-26.47,-10.38,-49.64;
-19.45,-15.70,-52.11;
4.58,-12.56,-53.59;
30.57,-4.21,-49.67;
41.45,2.68,-49.67;
48.28,1.29,-51.58;
56.32,-5.11,-52.03;
56.64,-5.64,-52.89;
64.73,-14.15,-53.07;
69.71,-25.78,-51.90;
68.77,-24.50,-45.45;
69.99,-19.92,-40.08;
64.25,-8.80,-28.07;
43.77,0.42,-13.58;
29.01,11.18,-0.86;
1.54,19.49,9.03;
-24.88,21.44,13.90;
-40.58,13.12,12.16;
-42.30,-3.18,6.41;
-35.30,-13.51,-2.36;
-8.49,-9.25,-6.90;
14.90,1.75,-4.74;
36.54,5.11,0.12;
25.16,3.11,1.51;
-2.20,0.62,-0.43;
-25.31,-1.52,-1.97;
-26.93,-0.85,1.90;
-17.71,-1.66,2.26;
-2.68,1.44,0.87;
4.00,6.71,1.03;
6.08,6.57,2.93;
3.90,3.73,4.32;
1.39,-3.31,3.64;
1.33,-4.73,3.63;
0.75,0.07,2.96;
2.77,2.40,0.26;
6.80,3.67,0.38;
10.55,4.10,4.56;
9.83,4.65,8.99;
1.91,4.39,11.16;
-3.25,0.78,10.90;
-4.29,-3.12,8.06;
-0.55,-5.89,3.58;
3.13,0.34,4.12;
9.02,2.85,6.41;
16.44,4.72,10.15;
18.15,2.97,10.99;
15.33,-0.62,8.97;
11.64,-2.12,8.67;
17.67,-0.50,10.39;
27.10,-0.22,10.33;
24.17,-1.41,9.78;
18.23,-5.55,11.16;
13.99,-5.51,17.52;
13.88,0.11,23.25;
20.78,3.08,25.89;
17.41,5.72,22.97;
15.10,3.44,18.94;
13.33,-5.20,16.56;
20.35,-10.07,22.88;
42.87,-4.47,33.95;
54.25,-0.85,36.29;
44.54,3.62,35.17;
35.16,-2.21,39.60;
28.58,-3.28,49.45;
42.90,-2.33,58.50;
40.29,-0.38,55.16;
28.08,0.05,45.95;
21.90,-1.60,38.67;
20.46,-5.49,43.25;
29.06,-7.34,53.06;
37.99,-7.61,57.92;
40.99,-8.73,55.75;
21.93,-6.80,51.61;
13.82,-2.12,51.23;
10.89,0.78,55.69;
21.80,-2.63,55.46;
26.25,-9.22,49.90;
21.56,-6.65,47.97;
25.82,-2.63,48.01;
27.94,0.11,56.88;
27.83,-2.99,62.65;
27.88,-6.41,64.39;
15.35,-8.05,57.40;
0.11,-1.43,51.26;
-0.27,4.13,41.95;
-3.19,1.09,42.91;
-8.26,-1.99,56.26;
-4.85,-7.34,64.41;
1.50,-1.64,64.13;
2.57,5.33,57.14;
3.91,14.66,50.36;
13.79,15.81,46.45;
32.20,5.15,48.36;
34.35,-4.19,48.96;
34.37,-5.86,44.38;
26.41,-4.92,44.74;
12.20,4.78,49.28;
7.59,6.54,48.97;
14.25,4.97,45.84;
17.35,-0.05,47.46;
23.38,-0.51,46.62;
27.04,-0.82,44.15;
13.74,3.17,39.75;
5.93,3.78,37.51;
3.36,6.43,34.15;
11.62,6.92,33.31;
19.83,7.29,32.53;
30.05,6.95,30.45;
34.60,7.81,28.91;
29.06,8.78,28.58;
19.73,9.33,29.49;
11.38,6.65,29.25;
4.22,2.27,25.75;
6.05,3.70,22.99;
13.16,6.86,24.79;
17.35,7.72,25.57;
21.76,6.43,24.70;
23.70,4.36,19.20;
20.03,2.05,16.67;
17.57,4.19,20.36;
13.79,5.56,25.80;
11.64,5.81,23.87;
4.89,1.85,19.22;
2.78,1.72,15.89;
6.00,2.68,15.98;
15.42,4.34,18.03;
20.26,4.92,15.49;
21.77,3.47,12.04;
14.25,1.72,9.46;
7.39,-0.96,6.39;
0.37,2.22,6.84;
-1.23,3.46,5.32;
5.01,4.36,0.87;
4.87,5.38,-0.13;
-1.49,5.30,0.24;
-7.05,5.84,1.75;
-8.99,5.96,3.74;
-10.82,5.08,1.77;
-11.23,1.55,-5.52;
-9.11,3.72,-8.17;
-6.70,5.26,-5.62;
-8.76,5.64,-6.39;
-10.56,3.79,-10.39;
-14.96,6.08,-9.01;
-23.45,7.64,-6.36;
-29.34,8.68,-3.44;
-33.68,9.15,-3.42;
-31.62,7.84,-7.06;
-25.52,10.33,-4.32;
-23.83,10.69,-3.04;
-21.71,9.70,-4.90;
-24.14,6.88,-9.77;
-26.58,5.44,-14.26;
-24.93,5.67,-16.40;
-21.11,5.95,-15.68;
-25.04,5.55,-17.01;
-29.46,7.79,-17.52;
-28.23,9.32,-17.23;
-24.10,10.78,-19.96;
-19.52,10.80,-24.36;
-19.05,9.76,-27.85;
-22.09,10.57,-28.29;
-22.09,8.48,-30.54;
-22.07,9.41,-34.39;
-22.46,10.92,-34.86;
-28.62,11.41,-36.42;
-31.59,11.56,-39.15;
-28.38,10.27,-41.55;
-20.12,10.46,-41.56;
-10.58,11.33,-40.78;
-7.66,10.68,-44.10;
-12.62,10.65,-51.41;
-21.43,11.21,-57.21;
-27.37,11.69,-59.35;
-29.16,10.54,-58.77;
-28.14,10.92,-58.66;
-18.76,14.10,-54.90;
-17.25,16.85,-56.26;
-18.04,17.15,-62.61;
-22.73,15.95,-65.42;
-27.77,14.33,-67.84;
-28.41,11.52,-66.84;
-29.22,10.97,-63.81;
-34.26,11.88,-63.47;
-43.25,13.29,-64.58;
-48.78,11.81,-65.13;
-51.11,10.16,-65.61;
-41.74,7.03,-66.52;
-28.52,2.94,-68.43;
-24.09,1.88,-71.61;
-19.20,1.85,-69.74;
-13.37,0.07,-68.08;
-9.95,2.10,-65.21;
-6.04,2.08,-62.98;
-3.89,0.89,-64.28;
-3.80,-5.84,-67.21;
-4.24,-6.99,-65.88;
-1.14,-4.28,-62.45;
9.77,-6.27,-56.37;
4.49,-5.69,-57.84;
7.45,-6.47,-62.72;
9.35,-9.25,-64.87;
12.64,-10.94,-64.81;
19.28,-14.44,-63.77;
25.30,-15.41,-61.84;
27.32,-10.60,-59.67;
39.44,-15.28,-54.25;
50.12,-16.85,-45.07;
61.04,-10.09,-30.86;
58.78,6.75,-17.97;
54.80,11.38,-11.15;
21.80,4.11,-9.99;
-8.90,2.28,-8.66;
-15.20,4.22,-5.59;
-1.83,6.30,-1.24;
4.31,3.95,0.26;
11.30,-2.36,-1.79;
4.52,-5.40,-6.77;
-6.79,-0.33,-5.07;
-13.23,8.16,-0.11;
-3.36,5.76,6.48;
-3.05,-1.06,4.41;
-6.78,-2.13,0.24;
0.28,-1.31,-4.48;
8.80,-0.85,-3.64;
17.57,1.03,1.42;
17.24,-2.39,4.30;
5.10,-2.42,5.00;
-11.43,2.68,5.51;
-15.57,4.49,5.89;
-10.03,3.66,5.83;
-1.08,-0.05,4.99;
-2.55,1.70,5.98;
-4.65,3.81,9.23;
-6.68,4.45,10.94;
-5.40,2.37,9.68;
-4.62,-3.92,6.36;
-3.85,-4.92,4.42;
2.19,-4.36,2.91;
4.20,-1.25,3.22;
8.86,1.70,4.23;
15.64,2.30,5.77;
15.36,3.21,7.69;
16.54,3.32,9.61;
21.56,0.04,7.39;
20.20,-1.61,6.10;
15.22,0.69,7.03;
10.26,1.85,9.98;
0.96,2.69,12.15;
-0.38,-0.13,13.75;
4.90,-2.27,15.64;
15.76,2.60,17.81;
23.82,4.30,20.68;
23.39,3.06,24.36;
22.40,0.49,29.74;
28.03,-3.81,34.50;
42.69,-4.79,37.23;
44.25,-2.94,35.57;
40.54,-0.39,36.87;
43.10,-2.97,44.39;
53.65,1.33,53.23;
61.19,2.30,55.20;
56.58,-0.21,53.75;
44.61,-0.44,50.85;
37.18,-5.99,48.65;
31.96,-9.32,52.58;
31.73,-4.70,58.36;
33.22,-2.50,54.71;
34.72,-5.89,49.69;
37.83,-12.19,51.69;
39.91,-14.24,59.45;
50.23,-13.22,65.54;
48.06,-7.41,65.34;
47.41,-11.15,56.18;
33.96,-15.29,52.53;
34.86,-20.34,56.55;
27.88,-17.64,63.95;
26.57,-8.48,64.00;
16.32,-5.73,52.39;
6.84,-1.55,42.76;
15.35,5.78,41.81;
28.32,10.04,43.35;
36.55,9.82,48.64;
38.90,1.43,56.27;
38.26,-1.52,54.55;
30.70,-1.69,47.35;
16.60,4.20,41.35;
11.56,4.68,42.56;
20.26,-0.85,50.33;
14.44,-1.93,54.42;
15.86,-1.28,46.87;
17.33,2.49,42.13;
23.02,7.53,44.35;
29.70,8.05,47.03;
32.20,3.98,43.60;
21.97,3.69,41.49;
14.95,4.54,43.02;
9.32,7.90,43.10;
6.84,6.43,39.61;
15.33,8.54,32.68;
27.82,9.41,31.66;
28.40,10.27,35.74;
27.99,4.54,34.13;
20.63,4.04,33.78;
18.80,4.19,39.58;
14.72,5.00,38.45;
14.28,4.36,28.61;
12.95,7.12,23.74;
12.11,9.43,25.32;
16.43,11.20,29.08;
18.46,9.58,31.51;
14.54,8.60,30.41;
13.67,8.59,26.33;
9.57,8.28,20.09;
7.25,8.82,20.59;
9.48,8.48,24.06;
6.90,3.88,21.97;
3.76,0.65,16.90;
4.66,2.92,12.74;
7.35,4.80,9.31;
14.96,7.20,6.19;
13.71,7.20,7.54;
-1.27,7.37,9.17;
-13.75,6.36,7.03;
-14.15,7.03,1.57;
-4.07,8.05,-0.92;
7.36,8.74,-0.10;
7.54,6.31,-2.23;
-4.30,5.52,-1.82;
-20.04,2.40,-0.72;
-24.82,1.46,-1.91;
-15.72,3.18,-6.03;
-7.98,4.98,-8.29;
-3.75,5.99,-9.04;
-12.94,7.93,-9.42;
-23.85,7.47,-9.15;
-29.40,6.24,-7.27;
-31.72,5.78,-6.45;
-27.51,5.59,-8.80;
-15.91,5.27,-9.70;
-7.68,5.33,-13.99;
-11.27,4.98,-16.22;
-22.10,5.99,-14.84;
-29.36,4.62,-15.32;
-26.35,5.38,-14.39;
-21.89,7.12,-13.84;
-12.55,8.62,-15.13;
-9.86,9.49,-19.29;
-11.62,6.51,-26.43;
-15.46,4.94,-28.26;
-14.62,5.64,-25.19;
-11.74,8.16,-21.24;
-12.18,9.69,-24.66;
-17.59,7.61,-34.14;
-20.38,6.34,-41.44;
-17.13,7.37,-36.60;
-15.49,7.90,-28.74;
-11.30,8.22,-30.22;
-14.06,9.44,-35.97;
-23.30,10.45,-42.22;
-28.82,10.19,-43.70;
-30.93,8.94,-44.69;
-31.59,7.20,-46.23;
-24.56,7.43,-47.97;
-19.48,11.70,-48.17;
-19.37,14.24,-48.17;
-22.81,16.39,-49.13;
-23.07,15.41,-51.29;
-22.61,15.33,-56.66;
-17.17,15.24,-60.66;
-9.23,12.71,-62.72;
-8.30,9.59,-63.58;
-16.58,9.84,-62.72;
-28.07,10.95,-62.90;
-33.04,12.17,-62.32;
-37.39,11.61,-58.31;
-36.59,10.30,-58.75;
-28.39,5.06,-65.44;
-27.63,3.35,-68.14;
-30.12,2.22,-65.97;
-39.43,2.92,-59.96;
-45.04,5.18,-53.13;
-44.29,5.14,-51.13;
-41.08,1.01,-55.19;
-32.98,-2.67,-59.29;
-23.36,-8.39,-62.29;
-16.68,-7.86,-58.48;
-13.13,-9.54,-53.99;
-12.17,-4.88,-48.65;
-14.50,0.04,-45.10;
-19.05,2.10,-47.76;
-17.30,-3.17,-50.48;
-12.30,-5.78,-49.76;
9.41,-11.09,-46.25;
26.80,-8.79,-42.75;
38.96,-8.54,-45.41;
32.80,-0.47,-53.07;
27.80,1.66,-58.17;
35.38,-7.38,-61.82;
44.34,-18.71,-67.13;
51.79,-26.24,-67.96;
52.63,-20.41,-59.45;
63.04,-20.99,-44.28;
58.63,-17.28,-32.69;
51.22,-11.73,-26.02;
29.30,4.53,-15.23;
25.45,15.06,-1.81;
20.05,17.12,9.63;
2.90,16.65,12.81;
-18.07,9.55,11.35;
-42.52,-1.09,6.13;
-53.52,-7.03,3.97;
-44.62,-7.44,4.61;
-20.68,6.69,4.53;
3.56,11.00,5.17;
15.44,9.55,3.20;
11.91,4.53,0.99;
3.86,-0.39,1.77;
-6.96,0.16,4.21;
-8.81,-2.62,5.66;
-4.18,-3.40,3.26;
2.95,-1.11,1.98;
1.97,5.00,5.42;
-0.52,7.96,11.08;
-3.30,6.59,14.30;
-3.49,1.35,12.97;
-11.89,-2.44,8.01;
-11.20,-2.56,6.74;
-5.43,-1.81,8.36;
9.50,1.26,11.97;
19.51,3.64,12.24;
19.54,4.14,11.95;
11.36,2.39,14.84;
7.71,3.20,20.53;
14.96,4.48,21.34;
20.48,1.06,17.02;
15.35,-1.76,14.76;
13.73,-4.02,17.06;
17.54,-1.75,21.28;
26.06,4.42,25.66;
31.02,5.96,24.36;
30.44,0.27,20.48;
26.87,-5.81,22.91;
25.33,-7.06,31.49;
25.83,0.97,41.55;
32.51,5.04,44.52;
22.22,9.04,40.93;
11.09,3.96,34.73;
12.29,-3.14,33.60;
24.99,-5.66,37.45;
30.98,-3.20,40.53;
31.13,7.59,42.38;
35.04,8.71,40.50;
37.28,3.27,39.75;
38.46,-10.91,42.99;
29.54,-16.76,46.56;
23.50,-13.72,49.34;
14.63,-5.63,51.39;
10.77,3.61,53.77;
10.93,3.96,55.49;
15.13,-6.16,58.30;
18.93,-11.37,59.31;
26.26,-11.64,57.60;
29.86,-10.07,56.07;
28.15,-6.42,54.55;
28.84,-0.31,54.01;
31.68,0.17,54.21;
28.81,-2.82,52.64;
35.54,-6.51,52.64;
31.10,-6.13,60.10;
16.17,-7.14,68.62;
3.18,-2.30,64.16;
1.56,1.40,55.37;
1.18,-1.87,48.16;
11.61,-9.64,51.51;
23.62,-15.11,56.35;
24.22,-11.90,56.70;
8.78,0.16,48.03;
7.28,4.13,36.79;
2.22,6.45,40.99;
2.29,5.67,50.15;
12.72,4.27,52.41;
18.02,4.11,50.91;
19.01,5.82,45.95;
13.57,5.03,43.22;
10.77,1.75,46.42;
8.34,-2.94,48.18;
15.61,-3.86,43.06;
17.45,-2.38,41.29;
12.22,1.01,44.59;
5.15,2.98,49.19;
6.75,3.40,48.55;
11.15,3.11,40.64;
22.67,2.68,35.23;
35.10,1.85,32.27;
40.44,1.41,34.10;
28.09,-0.15,40.00;
8.78,-2.62,41.19;
-3.86,-2.92,35.13;
-3.25,-1.00,28.82;
4.46,2.62,26.65;
18.23,6.94,28.07;
21.30,9.26,26.81;
19.88,9.79,27.84;
13.41,9.93,30.07;
8.15,8.04,28.81;
7.51,4.85,24.38;
12.43,3.43,19.57;
17.88,1.93,15.61;
20.69,0.57,12.35;
14.22,-1.28,11.68;
2.37,0.02,11.42;
-5.60,2.10,9.42;
-4.29,5.49,6.21;
-4.23,7.69,6.68;
1.30,10.69,7.97;
5.19,11.84,6.93;
7.36,13.41,4.10;
6.32,12.49,2.70;
1.61,8.42,1.78;
-5.16,5.30,2.27;
-9.86,4.89,1.68;
-12.87,3.26,-3.77;
-9.11,4.56,-10.66;
-1.37,6.30,-12.29;
-0.49,9.01,-7.61;
-8.76,9.61,-3.48;
-15.51,12.69,-4.13;
-18.10,13.64,-5.41;
-13.97,14.39,-10.81;
-3.88,14.56,-16.61;
5.74,13.47,-16.37;
8.17,11.47,-12.78;
-0.14,9.17,-10.87;
-17.19,10.95,-9.29;
-32.68,9.95,-14.63;
-30.62,8.39,-19.58;
-18.82,8.59,-19.73;
-4.21,10.11,-15.00;
7.83,10.63,-11.07;
10.26,9.00,-16.32;
9.19,8.16,-22.23;
-6.39,9.52,-25.24;
-21.75,8.68,-23.73;
-27.48,8.33,-21.41;
-24.29,6.86,-19.45;
-14.03,8.69,-19.23;
-8.03,12.37,-19.71;
-7.62,12.80,-21.67;
-5.59,9.76,-24.54;
-8.44,5.18,-26.60;
-11.69,5.11,-26.20;
-7.30,4.65,-25.93;
-0.14,2.19,-30.63;
0.61,1.17,-35.64;
-12.79,0.53,-34.46;
-21.30,0.48,-30.86;
-22.10,2.71,-29.09;
-19.69,3.88,-31.45;
-12.18,6.88,-36.05;
-6.10,9.69,-37.85;
-3.37,8.14,-38.36;
-8.99,7.35,-37.47;
-16.96,6.75,-39.87;
-16.93,5.35,-43.04;
-12.67,5.46,-45.21;
-8.87,5.11,-46.63;
-3.05,2.30,-50.69;
-0.36,2.77,-52.98;
-0.59,4.48,-54.23;
-10.24,5.79,-52.16;
-17.68,8.30,-48.71;
-31.91,7.67,-47.26;
-35.14,9.24,-55.19;
-21.85,10.89,-59.90;
-10.21,9.27,-58.02;
-11.42,5.81,-54.32;
-25.16,1.27,-55.29;
-38.24,3.12,-59.68;
-37.16,2.22,-63.33;
-26.15,0.24,-65.41;
-18.53,-0.57,-65.76;
-12.64,-0.54,-64.98;
-18.03,-0.71,-64.42;
-20.88,2.31,-63.76;
-18.38,2.33,-61.93;
-16.70,-0.89,-65.06;
-16.17,-4.22,-68.54;
-17.36,-7.92,-68.74;
-24.58,-7.90,-65.64;
-26.67,-8.63,-62.81;
-23.95,-12.56,-63.38;
-16.12,-14.42,-65.30;
2.61,-16.12,-67.23;
12.87,-18.94,-66.83;
10.49,-17.34,-63.90;
8.11,-12.76,-57.07;
7.07,-15.40,-53.91;
2.89,-15.44,-53.03;
15.28,-17.87,-55.27;
20.66,-24.39,-59.01;
21.04,-28.16,-59.67;
12.89,-25.83,-51.76;
5.50,-11.54,-30.87;
0.98,-1.64,-10.55;
-9.97,10.51,4.85;
-17.88,9.38,9.14;
-21.17,9.23,5.90;
-18.43,4.68,0.27;
-2.99,6.34,0.04;
15.99,3.35,3.49;
21.94,4.75,2.82;
24.66,4.02,2.12;
21.28,4.16,0.70;
19.61,1.66,-1.50;
15.10,-5.44,-7.21;
6.70,-5.00,-8.74;
1.65,-3.38,-4.51;
-3.42,0.62,2.53;
-6.38,3.18,7.32;
-2.24,4.43,9.48;
1.22,8.88,9.54;
6.99,10.97,8.96;
12.02,7.27,8.55;
11.94,1.75,5.55;
6.83,-3.15,0.18;
9.86,-1.20,-0.11;
17.59,-0.36,1.39;
23.02,-0.01,2.90;
27.73,2.75,4.96;
26.57,3.03,8.68;
20.87,5.50,12.39;
14.25,3.46,13.28;
12.14,1.62,10.84;
14.08,-1.96,8.55;
19.99,-2.70,11.52;
34.17,-1.54,16.19;
39.48,3.53,18.73;
40.86,6.42,17.49;
35.22,3.59,16.61;
32.29,-3.72,19.74;
33.80,-6.48,23.71;
38.03,-6.73,26.03;
33.51,-3.60,26.26;
23.50,-2.63,26.23;
15.79,-3.70,30.30;
27.30,-6.12,38.35;
32.40,-5.81,42.71;
23.88,-0.57,41.74;
24.28,5.03,40.48;
22.57,3.96,38.84;
16.03,2.30,41.54;
22.63,4.13,42.36;
28.23,0.45,41.68;
21.32,-3.83,40.23;
12.92,-5.64,39.69;
3.35,-3.92,40.27;
-0.56,2.14,43.52;
4.35,3.84,47.77;
11.10,0.37,52.27;
21.93,-5.35,53.72;
29.62,-12.27,49.78;
25.09,-8.99,48.38;
27.09,-7.06,51.34;
27.62,-2.91,56.23;
26.40,-4.99,57.58;
19.99,-5.25,58.04;
19.07,-7.90,58.45;
20.90,-7.47,54.94;
15.39,-9.63,49.84;
8.92,-7.58,48.12;
11.96,-2.34,50.13;
17.21,2.56,49.95;
22.32,2.27,47.19;
16.02,4.14,43.66;
8.26,4.45,44.88;
9.65,3.96,45.77;
8.15,4.34,39.46;
8.31,6.39,37.69;
10.37,5.33,39.48;
18.55,2.78,41.97;
26.52,-3.35,43.22;
30.28,-7.57,42.52;
27.85,-6.62,41.45;
24.67,-3.64,44.67;
19.21,-0.50,45.78;
18.06,-2.28,40.68;
13.61,-3.80,40.32;
19.13,-4.70,42.09;
26.11,-1.23,39.90;
25.32,0.80,36.00;
15.45,3.52,32.84;
5.02,5.00,34.68;
0.06,6.53,35.34;
5.35,6.53,33.66;
13.33,9.67,32.16;
13.42,10.97,30.13;
11.70,10.16,27.92;
11.82,8.69,26.68;
14.34,7.62,25.74;
16.23,6.39,26.35;
13.51,4.72,26.62;
7.16,4.17,26.74;
5.67,2.95,26.36;
6.28,2.62,24.15;
10.89,1.72,20.97;
8.05,4.56,24.81;
6.44,6.94,27.19;
5.96,7.32,25.81;
6.31,6.83,27.32;
4.93,5.70,26.65;
6.25,3.23,24.76;
6.69,4.46,21.93;
9.47,4.42,15.43;
11.09,2.59,11.92;
13.90,2.68,16.07;
9.86,2.05,19.64;
0.93,1.73,15.52;
-3.98,2.51,8.71;
-2.29,5.52,6.30;
4.38,7.70,4.93;
3.77,8.51,6.50;
-3.45,7.72,8.29;
-7.30,7.27,6.13;
-8.91,8.34,-0.20;
-6.68,9.88,-2.58;
-4.17,8.31,-3.67;
-6.26,8.74,-2.97;
-11.72,8.78,-1.04;
-15.85,8.69,-2.28;
-18.07,7.62,-7.04;
-21.20,7.41,-10.68;
-17.72,9.29,-8.69;
-16.52,10.37,-5.62;
-15.52,8.25,-7.04;
-11.01,7.56,-9.48;
-6.20,7.49,-12.61;
-8.23,7.52,-14.94;
-12.29,6.22,-17.87;
-15.51,3.66,-21.62;
-18.12,4.46,-20.42;
-19.75,5.00,-15.93;
-18.53,6.27,-16.00;
-17.86,7.33,-17.26;
-14.96,9.73,-18.89;
-5.94,9.88,-21.76;
0.60,7.61,-23.97;
-0.26,5.53,-23.85;
-6.76,3.38,-23.97;
-11.54,3.53,-24.60;
-18.61,4.51,-25.26;
-19.83,4.19,-26.22;
-17.91,4.04,-29.56;
-13.86,5.73,-30.84;
-6.15,6.85,-31.16;
-0.81,7.62,-30.26;
-3.04,8.16,-27.81;
-7.83,8.83,-27.58;
-16.03,6.51,-33.73;
-18.36,4.98,-37.67;
-21.78,2.78,-36.25;
-22.82,3.88,-30.72;
-20.53,4.45,-30.17;
-19.42,9.38,-33.24;
-15.57,13.46,-36.57;
-10.17,10.27,-45.09;
-6.82,8.31,-51.16;
-5.80,7.17,-46.46;
-13.75,8.10,-39.03;
-19.37,8.40,-38.43;
-29.77,8.98,-39.55;
-37.81,7.06,-42.66;
-36.85,7.08,-48.68;
-24.20,6.91,-52.61;
-10.12,4.36,-54.49;
0.61,5.15,-54.69;
1.01,4.92,-56.03;
-3.81,6.31,-56.49;
-12.49,8.46,-54.05;
-13.98,8.20,-53.65;
-14.29,4.59,-57.19;
-16.39,2.01,-62.72;
-15.62,1.01,-66.11;
-21.43,0.63,-62.51;
-28.39,0.40,-57.93;
-34.18,1.84,-55.70;
-32.75,2.22,-56.02;
-25.46,1.47,-61.94;
-17.48,-2.47,-66.36;
-14.35,-7.29,-66.74;
-12.10,-8.07,-64.94;
-11.43,-7.72,-59.97;
-7.77,-7.15,-56.36;
-3.85,-1.95,-58.80;
11.99,-9.47,-62.63;
19.22,-18.71,-69.68;
26.95,-20.31,-71.64;
33.51,-16.39,-68.43;
30.63,-12.18,-65.97;
27.02,-7.63,-63.33;
22.40,-9.86,-61.06;
18.64,-22.01,-57.35;
18.66,-26.09,-50.07;
26.99,-13.05,-34.90;
50.64,4.83,-19.44;
67.21,9.59,-15.26;
61.06,8.30,-12.75;
48.60,7.78,-8.28;
42.26,9.33,-2.63;
26.73,9.96,2.85;
11.39,5.64,2.87;
-10.21,-1.81,1.39;
-26.78,-3.41,1.72;
-33.16,-3.55,2.47;
-20.30,0.86,3.20;
-5.39,1.46,1.49;
9.16,2.43,-0.61;
14.90,5.99,1.89;
9.80,7.95,4.52;
1.38,7.49,8.04;
-2.53,4.92,10.04;
-4.26,3.67,6.55;
-5.63,-1.12,1.87;
-5.10,-1.98,2.07;
0.60,-1.41,4.64;
7.38,-1.00,5.63;
13.61,-1.49,2.52;
15.45,-2.39,-1.03;
14.00,-1.20,0.73;
15.56,2.57,4.67;
12.49,5.53,10.74;
6.70,5.72,15.60;
2.26,4.91,16.24;
-1.27,0.30,9.37;
2.32,-3.81,2.03;
6.31,-4.41,1.90;
12.69,-0.99,7.06;
18.22,1.11,13.87;
18.57,2.95,15.84;
17.68,3.29,13.35;
19.07,1.50,11.29;
20.41,-2.74,11.08;
20.22,-5.38,14.03;
24.96,-2.76,17.00;
29.07,-0.01,16.97;
26.02,-0.63,17.61;
23.65,-1.55,21.16;
26.96,-1.86,22.99;
22.72,0.05,24.58;
20.28,0.46,26.62;
15.02,-0.27,29.78;
13.82,0.08,33.25;
10.55,-0.62,34.93;
6.25,-1.06,36.42;
8.35,-4.76,38.00;
14.41,-5.26,40.96;
19.88,-2.47,43.81;
15.76,3.09,44.61;
12.48,5.03,43.93;
14.11,-1.20,43.40;
6.69,-3.03,43.83;
6.14,0.37,43.31;
14.67,-1.25,42.29;
13.70,-1.72,43.52;
9.77,1.88,46.16;
14.58,1.50,49.78;
10.26,-1.41,54.48;
-0.88,-3.06,54.01;
-4.12,-4.76,55.10;
-4.52,0.71,58.97;
4.90,3.44,59.22;
12.78,2.63,58.06;
16.43,-0.91,56.13;
20.31,-6.38,51.22;
15.13,-5.96,50.16;
12.54,-5.37,50.53;
12.77,-5.69,50.62;
9.67,-3.76,48.90;
7.36,-2.45,50.18;
-0.14,-0.82,53.19;
-1.30,1.87,49.98;
12.61,-1.31,41.45;
33.82,-3.63,37.23;
41.53,-4.82,37.00;
43.18,-7.11,40.07;
30.05,-5.05,40.04;
15.82,-1.26,37.13;
11.85,3.47,36.12;
17.62,3.67,37.81;
24.52,-1.95,42.52;
26.55,-6.19,46.30;
21.68,-5.64,46.39;
17.30,-1.05,41.71;
14.69,0.49,37.80;
18.26,0.04,37.68;
25.24,-2.33,39.34;
27.70,-3.44,37.51;
28.86,-1.37,33.87;
28.00,0.80,31.29;
23.21,1.27,31.16;
19.51,-0.38,32.88;
19.07,-3.00,34.70;
23.50,-3.12,31.32;
26.31,-1.47,25.08;
23.28,0.97,18.12;
17.10,3.72,17.23;
9.53,5.90,20.96;
11.25,9.08,25.87;
12.40,8.48,26.41;
10.84,7.61,25.51;
14.29,8.82,23.35;
16.55,8.19,20.13;
14.32,6.53,15.97;
11.39,4.42,13.95;
6.78,2.75,15.03;
5.01,2.77,20.64;
2.14,2.05,21.75;
2.17,0.24,15.63;
8.35,2.25,12.77;
21.19,3.87,11.54;
20.95,3.81,8.42;
11.85,1.99,8.10;
0.64,1.58,13.63;
-3.95,1.82,13.31;
-1.01,1.62,6.39;
5.47,1.73,2.09;
7.07,2.20,-0.78;
5.59,3.29,-0.28;
-0.91,4.63,0.82;
-7.59,5.18,-3.26;
-9.10,7.66,-5.53;
-9.27,8.22,-4.31;
-9.66,8.74,-4.17;
-4.59,7.04,-3.00;
-5.56,5.70,-1.55;
-9.28,4.34,-5.74;
-13.49,3.78,-13.16;
-15.16,2.65,-17.01;
-13.66,0.34,-16.11;
-11.02,0.25,-11.85;
-12.68,0.59,-8.92;
-14.52,1.58,-7.79;
-9.71,2.83,-13.03;
-2.21,3.17,-17.56;
-0.91,3.27,-17.16;
-2.90,0.48,-16.80;
-7.04,-1.32,-16.57;
-15.74,0.53,-14.31;
-19.81,2.14,-17.62;
-15.31,3.61,-17.39;
-10.33,2.98,-16.26;
-4.56,0.66,-19.52;
4.08,0.22,-24.40;
3.48,2.49,-23.23;
-2.07,2.65,-23.26;
-12.23,3.46,-26.25;
-24.32,3.87,-28.05;
-28.93,6.02,-23.74;
-21.83,7.84,-22.02;
-10.52,8.88,-22.40;
-6.75,7.69,-24.02;
-9.94,7.55,-27.06;
-16.30,6.91,-31.82;
-17.07,6.27,-33.81;
-14.75,6.16,-34.95;
-12.99,6.65,-35.76;
-14.59,6.48,-34.55;
-19.16,5.44,-34.07;
-20.01,5.33,-37.48;
-16.81,8.69,-37.91;
-10.39,9.82,-36.49;
-8.01,8.77,-38.16;
-8.41,8.94,-40.11;
-14.49,9.14,-40.63;
-21.88,9.43,-39.53;
-27.45,9.79,-43.39;
-23.94,11.15,-45.61;
-19.74,9.82,-44.10;
-18.17,9.17,-42.52;
-20.94,7.01,-42.65;
-27.77,9.35,-45.01;
-30.70,10.51,-45.55;
-26.67,10.68,-49.30;
-18.38,7.14,-53.82;
-18.70,4.02,-56.02;
-25.20,6.43,-53.39;
-34.64,9.67,-50.81;
-42.27,10.42,-51.09;
-40.07,10.91,-50.61;
-27.25,3.55,-51.71;
-20.09,-0.04,-54.31;
-11.54,-2.31,-55.41;
-5.98,-0.67,-56.40;
-0.23,-0.48,-56.08;
1.85,-6.24,-56.48;
-0.72,-10.18,-53.52;
-1.59,-6.77,-48.75;
1.48,-5.06,-50.19;
5.71,-2.65,-53.50;
7.10,-6.15,-56.60;
7.94,-11.17,-59.42;
9.36,-13.44,-63.29;
20.22,-12.73,-64.95;
32.72,-11.37,-64.28;
44.52,-11.49,-63.87;
52.43,-13.63,-61.97;
55.33,-12.89,-58.57;
59.93,-9.12,-54.51;
67.90,-5.06,-48.75;
76.32,-8.22,-36.46;
77.51,-3.73,-25.76;
74.73,2.51,-16.48;
59.71,5.58,-13.68;
42.57,4.30,-15.16;
31.59,-3.63,-19.56;
30.75,-7.86,-20.65;
41.38,-4.42,-14.37;
49.64,1.33,-10.74;
43.96,3.85,-9.97;
18.70,0.88,-6.37;
-6.75,-1.08,-1.29;
-25.69,1.17,5.29;
-18.90,5.17,3.63;
-3.66,4.94,1.22;
5.62,1.88,2.67;
-2.59,3.14,6.68;
-7.60,4.11,8.00;
-11.78,6.08,7.71;
-4.15,3.95,5.17;
10.67,1.81,2.15;
23.56,-0.67,-1.74;
20.81,-3.46,-6.11;
11.74,-2.92,-5.58;
4.89,-1.28,1.84;
5.42,2.10,8.26;
12.49,2.25,8.39;
12.77,1.27,5.80;
6.09,-0.41,5.13;
-5.81,-1.37,8.59;
-12.50,-1.87,12.91;
-10.58,0.51,14.87;
4.06,1.12,13.63;
23.10,-0.54,7.34;
34.66,-2.30,4.06;
32.96,-1.78,7.90;
18.84,1.56,16.64;
4.84,2.46,24.90;
-5.13,1.44,27.57;
-11.34,-3.75,24.85;
-11.71,-7.22,19.57;
-7.77,-9.09,16.61;
4.38,-8.07,17.49;
24.64,-2.18,24.00;
40.67,-0.73,28.38;
45.16,-2.02,28.93;
27.90,-4.60,25.37;
0.46,-5.90,24.27;
-14.38,-4.86,27.14;
-17.11,-6.73,30.07;
-8.87,-11.11,32.21;
-1.57,-11.17,35.86;
0.96,-2.01,37.72;
1.28,3.17,40.48;
3.45,3.21,43.52;
7.79,0.10,48.24;
6.23,1.24,49.16;
4.93,-1.26,45.55;
8.15,-3.32,39.51;
5.18,-9.32,40.04;
1.57,-5.61,48.55;
5.36,-0.09,54.18;
10.02,4.82,51.39;
21.32,1.85,44.38;
20.57,-3.70,43.22;
15.59,-5.69,47.49;
15.62,-1.06,54.94;
12.31,4.04,55.20;
1.79,5.99,51.16;
-13.56,4.36,48.81;
-16.21,2.89,50.29;
-5.49,4.86,54.41;
6.87,1.29,56.70;
13.25,-1.34,56.27;
14.49,-0.92,51.68;
18.38,-1.99,50.15;
20.64,-2.96,50.81;
20.81,-3.02,54.45;
25.13,-5.84,55.37;
28.32,-4.76,47.77;
28.49,-1.73,41.25;
22.72,2.08,39.89;
20.44,4.13,46.32;
16.60,2.40,51.64;
19.91,1.73,49.17;
18.09,2.83,41.25;
14.31,3.91,37.23;
13.71,4.39,37.46;
19.73,2.89,36.56;
26.20,1.21,31.46;
34.89,2.89,26.94;
34.28,4.86,26.13;
24.61,7.20,31.10;
8.58,8.28,37.61;
2.95,10.42,37.37;
5.09,10.49,32.97;
13.36,10.45,29.66;
22.48,7.21,28.70;
29.18,3.14,29.08;
25.74,0.20,24.99;
16.78,-0.53,23.55;
10.63,1.50,24.97;
9.85,3.03,23.37;
15.04,3.44,20.81;
20.12,3.81,23.46;
20.00,4.69,26.87;
17.57,5.50,25.17;
6.44,6.83,20.58;
0.38,6.65,13.58;
7.12,5.75,12.38;
16.26,5.01,13.23;
22.73,3.04,14.29;
17.21,0.48,11.26;
7.50,0.71,9.54;
-4.10,1.98,9.05;
-10.53,2.94,8.32;
-9.40,3.61,7.43;
0.17,5.85,5.87;
10.87,8.04,4.93;
8.93,7.43,2.87;
-1.91,4.28,0.71;
-9.68,1.46,-0.71;
-10.91,0.60,-1.62;
-5.75,0.59,-3.70;
-1.57,0.17,-5.88;
-2.82,0.57,-5.21;
-6.64,2.66,-3.67;
-10.61,3.81,-6.37;
-12.98,5.96,-9.59;
-14.15,7.66,-7.50;
-12.00,6.97,-7.35;
-7.43,5.27,-8.97;
-7.04,4.57,-8.05;
-10.82,4.74,-9.18;
-16.78,4.07,-13.36;
-26.76,2.94,-16.46;
-33.43,5.06,-16.17;
-31.97,8.11,-12.48;
-19.52,10.25,-11.53;
-4.75,11.14,-12.68;
-4.68,10.14,-11.50;
-17.66,6.78,-12.86;
-33.22,6.02,-18.98;
-38.26,5.55,-23.81;
-33.77,4.62,-25.65;
-21.56,5.11,-25.42;
-10.64,4.05,-22.63;
-7.62,4.22,-20.14;
-11.07,6.62,-21.77;
-17.10,7.95,-26.83;
-24.38,9.66,-32.65;
-26.23,10.49,-31.65;
-21.22,9.96,-26.89;
-16.87,8.92,-24.13;
-14.73,8.88,-23.04;
-17.92,7.95,-28.72;
-21.27,7.73,-34.39;
-22.94,6.28,-37.04;
-19.01,5.53,-38.02;
-15.05,4.85,-36.00;
-16.35,8.80,-35.73;
-17.07,11.73,-35.38;
-19.51,13.72,-39.56;
-18.12,14.82,-44.29;
-15.27,13.72,-44.87;
-12.32,12.36,-45.23;
-10.96,10.68,-45.04;
-17.98,10.78,-43.93;
-33.74,11.81,-44.02;
-44.52,12.62,-44.68;
-52.79,13.85,-45.76;
-48.04,14.63,-46.05;
-35.91,10.46,-48.83;
-28.82,8.75,-50.87;
-22.87,10.53,-51.00;
-25.46,13.24,-51.03;
-29.25,15.11,-48.77;
-31.88,16.13,-44.80;
-32.78,12.94,-41.06;
-29.16,10.19,-43.73;
-18.06,4.56,-48.55;
-13.22,1.82,-53.27;
-8.29,1.06,-56.11;
-4.29,0.16,-54.97;
-2.24,-1.47,-53.58;
-5.51,-0.65,-52.54;
-0.99,-1.32,-52.45;
3.42,-2.38,-55.70;
1.07,-4.83,-59.06;
-0.61,-4.65,-58.65;
4.41,-6.44,-56.58;
9.90,-8.76,-56.60;
16.11,-8.86,-59.30;
24.14,-12.28,-63.04;
27.01,-12.44,-66.40;
32.32,-10.18,-68.00;
36.84,-10.41,-70.46;
41.86,-11.86,-74.51;
49.68,-14.07,-72.89;
59.32,-16.36,-63.41;
66.15,-21.47,-45.77;
66.73,-18.01,-26.40;
55.71,-4.48,-13.12;
40.26,18.25,-2.07;
20.20,28.91,6.30;
-4.55,23.70,13.05;
-31.52,9.59,15.08;
-47.28,-7.32,9.13;
-50.58,-13.63,0.71;
-36.84,-9.93,-2.14;
-11.05,1.66,0.91;
14.96,9.40,4.93;
25.18,9.90,7.16;
20.26,8.98,5.92;
5.79,-0.25,-0.10;
-16.14,-3.73,-2.14;
-23.45,-2.47,0.48;
-14.32,-1.44,2.10;
3.93,3.15,4.68;
15.82,5.90,6.84;
19.09,5.55,8.06;
6.72,-0.22,6.26;
-3.88,-4.18,5.34;
-7.10,-3.69,6.90;
5.80,0.07,6.68;
20.54,5.08,9.43;
21.04,6.05,14.61;
9.24,3.50,17.05;
-2.58,1.32,17.17;
-8.68,-1.46,16.13;
-2.59,-6.12,12.58;
16.26,-5.81,8.97;
32.66,-0.88,9.83;
42.41,4.66,11.93;
36.14,5.15,13.77;
26.70,0.11,17.08;
20.64,-4.76,23.72;
22.67,-5.25,32.29;
29.73,-5.14,35.52;
26.08,-3.23,34.47;
13.15,2.78,33.84;
8.32,5.75,34.97;
13.42,5.38,35.39;
12.77,0.43,34.15;
10.95,-0.07,35.81;
13.50,-1.90,37.08;
18.06,-2.31,39.55;
20.06,-1.17,40.99;
15.32,-4.33,38.73;
13.88,-5.26,36.33;
22.70,-7.32,34.18;
25.71,-3.64,37.29;
28.22,-1.96,43.51;
20.92,0.04,47.66;
27.02,2.19,45.83;
29.36,-2.56,43.37;
22.28,-6.77,42.68;
18.00,-5.98,47.23;
18.46,-4.12,55.23;
12.93,-2.76,61.17;
2.72,-1.22,61.31;
-4.33,-0.89,51.28;
0.20,-2.12,43.03;
9.42,-4.05,40.68;
15.18,-3.02,40.68;
18.57,-4.86,40.16;
12.75,-0.47,39.57;
11.56,3.47,37.08;
13.48,2.62,39.48;
13.04,-1.46,44.84;
12.14,-4.60,51.22;
6.90,-5.40,54.39;
6.51,-4.39,53.78;
15.42,3.12,47.54;
28.43,1.12,39.80;
30.96,-11.08,35.81;
31.90,-15.86,39.34;
22.96,-10.22,42.33;
4.02,-2.16,39.84;
-4.46,7.14,40.85;
-1.95,9.58,42.03;
12.14,7.85,34.84;
26.87,4.75,29.40;
35.79,1.79,25.98;
33.74,0.74,24.42;
25.42,0.13,25.95;
9.45,0.75,29.10;
4.48,0.27,28.79;
10.63,-0.71,28.29;
20.17,-1.40,26.59;
26.73,-2.59,23.87;
23.91,0.42,20.29;
20.38,3.00,21.13;
18.81,6.33,21.51;
17.02,7.37,20.35;
18.84,5.08,17.74;
22.05,2.89,14.84;
22.77,1.79,17.60;
18.66,1.06,21.28;
9.93,-0.15,19.80;
2.26,-0.85,13.90;
5.01,1.26,12.35;
10.38,3.81,14.36;
15.01,4.30,17.52;
13.22,5.35,20.30;
14.00,4.80,19.49;
12.73,3.99,16.36;
12.22,3.81,14.18;
10.05,3.38,16.36;
5.79,1.95,15.54;
5.27,0.72,10.41;
6.29,0.82,7.02;
10.80,2.45,7.08;
10.48,4.72,7.87;
4.19,3.64,6.21;
1.99,3.33,7.00;
1.73,4.83,8.79;
-1.46,3.67,3.37;
-2.29,3.41,-1.21;
0.41,2.08,-2.80;
3.32,1.87,-1.26;
2.57,2.53,1.37;
-3.23,0.75,0.77;
-5.33,-0.83,-5.79;
-1.31,-0.83,-10.39;
5.71,-0.27,-11.53;
7.88,-1.00,-10.80;
1.42,1.35,-5.67;
-15.46,2.51,-1.29;
-25.28,3.95,-5.07;
-21.98,5.73,-7.42;
-9.85,8.22,-5.33;
-1.27,7.44,-5.12;
0.95,5.04,-6.72;
-4.00,1.17,-8.83;
-11.83,1.01,-10.72;
-15.42,-0.92,-13.77;
-12.61,-1.29,-15.38;
-10.73,-2.04,-14.61;
-11.39,-0.83,-12.68;
-7.05,1.21,-14.58;
-1.75,5.78,-16.40;
-1.40,5.55,-18.95;
-7.57,5.64,-19.84;
-17.22,5.55,-13.44;
-25.94,5.70,-8.42;
-28.64,6.97,-9.53;
-26.79,6.07,-17.42;
-25.13,4.97,-23.62;
-17.83,3.44,-26.05;
-11.30,2.48,-22.71;
-7.19,0.20,-24.84;
-4.43,-0.34,-27.13;
-7.62,2.45,-27.61;
-18.03,4.16,-29.47;
-20.50,5.41,-29.44;
-23.27,5.06,-28.78;
-18.38,5.67,-31.47;
-11.81,6.88,-31.97;
-8.20,7.00,-31.16;
-12.59,7.98,-33.84;
-15.57,6.42,-35.32;
-22.06,6.30,-31.44;
-29.91,6.85,-29.44;
-30.29,7.21,-33.70;
-24.18,9.21,-37.33;
-11.57,8.30,-39.87;
-5.74,7.04,-41.45;
-5.33,6.01,-42.65;
-12.93,7.72,-42.52;
-25.43,11.17,-42.84;
-31.30,14.04,-43.13;
-28.36,14.25,-43.01;
-18.52,11.24,-45.13;
-12.20,7.27,-51.45;
-13.65,7.47,-54.00;
-20.46,7.93,-51.47;
-29.34,8.86,-43.62;
-32.82,10.82,-40.80;
-26.38,9.33,-46.45;
-17.36,6.85,-52.00;
-12.72,0.91,-54.11;
-14.72,1.03,-53.12;
-16.78,3.01,-47.55;
-18.20,5.08,-44.58;
-19.02,8.68,-48.03;
-7.91,5.24,-51.06;
-7.10,-4.01,-52.16;
-10.33,-10.36,-52.23;
-7.17,-12.21,-51.39;
-4.41,-10.15,-52.87;
-1.10,-7.41,-54.86;
1.53,-5.73,-56.19;
10.14,-6.05,-59.88;
24.26,-7.84,-63.64;
39.47,-8.59,-65.10;
62.77,-16.51,-64.84;
77.47,-24.63,-64.11;
87.30,-26.80,-62.03;
93.41,-21.54,-61.13;
86.31,-13.87,-59.26;
79.18,-8.21,-51.36;
64.90,2.42,-37.84;
51.13,4.22,-23.04;
31.64,2.08,-13.42;
16.37,0.04,-11.59;
3.86,-0.62,-7.47;
4.80,1.04,-1.53;
10.34,2.74,1.31;
9.86,3.49,-0.95;
4.20,5.66,-4.42;
-4.14,3.30,-1.23;
-13.43,0.28,3.72;
-17.59,1.66,7.90;
-15.22,3.44,8.73;
-16.12,3.53,6.76;
-15.63,2.97,6.93;
-12.93,2.48,10.45;
-12.10,0.46,11.51;
-12.94,-1.92,8.91;
-11.46,-0.94,4.87;
-4.10,0.83,2.94;
0.38,3.17,5.11;
5.12,4.71,8.07;
7.22,6.13,10.47;
6.02,5.03,10.65;
1.07,6.46,9.98;
-4.27,3.85,9.00;
-10.00,0.53,8.99;
-9.33,-1.51,7.32;
-6.03,0.65,6.64;
5.57,2.30,6.42;
12.41,3.90,7.57;
15.18,3.21,9.90;
10.14,0.53,11.39;
-0.98,-1.80,11.92;
-12.07,-2.09,13.66;
-10.39,-2.50,14.44;
-2.29,-0.74,16.12;
8.49,0.66,15.29;
12.28,0.07,15.08;
13.76,0.92,16.44;
22.05,3.26,18.97;
31.77,3.03,17.37;
32.57,0.14,13.81;
30.38,-2.09,13.71;
21.39,-4.13,18.09;
10.75,-4.97,24.55;
5.01,-5.18,27.83;
7.79,-4.73,30.00;
8.90,-2.45,30.10;
4.75,-0.63,33.10;
4.54,0.08,39.17;
11.22,0.39,43.64;
14.96,0.20,42.41;
18.58,0.74,36.93;
22.00,-1.34,30.30;
19.48,-1.73,30.81;
16.66,0.22,36.16;
19.07,1.84,44.16;
8.20,2.25,47.89;
-1.14,1.96,48.59;
-10.65,1.47,49.95;
-13.74,2.80,49.43;
-5.59,-0.09,45.31;
-0.23,-4.76,42.33;
3.28,-6.36,44.81;
8.55,1.75,46.76;
15.94,10.88,42.03;
27.24,11.08,38.42;
29.32,2.80,41.35;
24.11,-4.51,43.81;
15.16,-7.08,47.23;
2.75,-1.61,50.58;
-6.35,4.74,50.47;
-7.92,4.75,48.93;
-5.62,0.92,48.48;
4.58,-2.48,47.51;
18.12,-3.17,47.35;
26.99,-4.25,47.02;
25.90,-1.31,43.71;
22.52,1.52,41.84;
14.26,3.12,43.51;
10.17,0.62,44.91;
12.44,0.28,44.62;
14.20,-0.92,41.51;
14.41,-1.61,38.91;
14.83,-2.92,39.86;
11.90,-4.18,41.75;
5.94,-4.63,41.34;
7.02,-2.22,37.83;
13.88,0.71,34.61;
19.73,3.82,33.20;
19.16,5.50,34.10;
15.80,5.40,35.19;
15.47,5.03,34.79;
18.51,4.59,34.50;
19.28,3.72,34.13;
16.37,3.43,32.68;
9.96,3.70,28.65;
6.84,4.40,25.86;
4.43,4.89,28.26;
4.02,6.31,35.98;
9.32,6.86,37.54;
12.98,5.93,30.73;
14.55,6.40,25.40;
15.47,5.46,24.35;
12.60,4.19,27.17;
8.72,3.11,28.50;
6.78,1.29,26.79;
1.74,1.00,24.26;
-1.71,2.42,23.52;
0.46,4.72,20.56;
5.51,4.54,15.60;
7.06,5.11,12.47;
11.90,5.87,10.01;
16.95,5.32,8.64;
18.95,4.22,10.39;
16.98,2.16,10.68;
8.58,0.65,7.93;
-3.80,1.47,6.24;
-6.14,1.27,4.90;
-4.06,1.76,4.85;
-0.43,2.75,5.03;
1.83,4.11,5.43;
1.71,5.03,3.57;
-1.74,3.44,2.07;
-2.58,2.91,1.80;
-2.24,1.91,1.75;
0.58,1.49,1.26;
0.12,0.62,-1.03;
-0.46,0.46,-2.78;
-2.76,0.72,-3.26;
-3.51,1.37,-2.98;
-0.27,1.03,-4.34;
2.93,1.96,-2.08;
2.75,3.00,-1.61;
2.51,2.78,-4.86;
2.48,2.54,-7.64;
1.71,2.85,-5.04;
-3.04,4.45,-0.89;
-8.35,4.31,-1.52;
-9.20,4.53,-3.74;
-11.11,4.95,-5.59;
-8.87,6.42,-7.23;
-3.39,5.17,-12.92;
3.09,4.51,-11.27;
-0.07,5.95,-7.27;
-10.06,6.13,-8.43;
-17.20,5.29,-13.19;
-15.43,4.36,-19.19;
-5.91,4.43,-20.23;
5.50,4.20,-16.92;
8.09,6.62,-13.90;
-0.76,7.95,-14.32;
-20.23,8.19,-19.04;
-28.55,8.36,-22.19;
-26.72,9.84,-22.25;
-12.78,9.09,-23.97;
0.81,7.62,-24.60;
-3.20,7.24,-22.89;
-14.27,6.43,-22.11;
-25.85,4.02,-23.76;
-27.02,3.55,-26.61;
-19.31,2.46,-28.75;
-4.32,2.01,-31.52;
4.78,2.85,-30.65;
0.38,3.55,-29.42;
-8.20,4.89,-29.77;
-11.88,5.04,-31.84;
-13.25,7.20,-30.95;
-16.35,6.91,-28.90;
-19.42,6.59,-30.80;
-18.76,5.17,-35.19;
-16.90,4.69,-35.64;
-15.22,4.46,-35.42;
-19.66,3.37,-37.62;
-30.72,5.29,-39.41;
-34.46,7.30,-36.10;
-30.14,9.29,-32.87;
-17.71,8.40,-35.35;
-8.96,8.56,-39.15;
-7.57,8.07,-43.62;
-11.66,7.24,-43.88;
-18.43,8.36,-42.10;
-25.08,7.12,-41.19;
-27.94,7.55,-40.97;
-24.27,6.46,-40.69;
-18.85,6.77,-40.89;
-12.82,5.59,-41.35;
-14.96,6.17,-42.25;
-19.40,8.22,-44.36;
-19.05,9.75,-47.55;
-13.91,8.24,-48.52;
-9.39,3.44,-51.45;
-5.39,-1.54,-55.90;
-8.06,-1.55,-56.43;
-12.52,1.37,-51.84;
-20.98,4.95,-44.84;
-25.07,3.44,-42.98;
-22.84,0.37,-45.00;
-15.75,-4.59,-46.16;
-9.20,-3.81,-48.08;
0.38,-2.34,-52.39;
9.33,-4.16,-54.32;
11.97,-10.18,-54.69;
10.99,-13.70,-54.80;
12.15,-14.91,-54.17;
16.72,-11.78,-56.40;
28.09,-7.76,-60.42;
36.61,-9.93,-64.75;
40.38,-15.20,-71.59;
41.30,-19.51,-76.97;
40.46,-18.36,-75.93;
35.51,-20.96,-72.48;
31.16,-25.40,-63.41;
34.98,-30.50,-50.28;
43.68,-25.92,-38.03;
70.03,-5.92,-20.05;
94.46,20.91,-2.72;
102.46,35.67,3.87;
86.49,37.75,3.68;
52.55,26.82,4.79;
11.82,7.27,2.73;
-17.77,-6.59,0.32;
-31.10,-10.91,0.13;
-24.09,-6.04,0.91;
-12.56,-0.76,0.85;
-6.99,1.58,0.61;
-9.05,1.55,5.40;
-11.65,0.51,10.58;
-10.55,2.36,12.03;
-5.78,1.79,10.87;
-7.85,3.23,10.48;
-9.34,5.08,12.73;
-10.15,7.64,16.01;
-10.35,7.55,17.14;
-4.29,0.71,12.50;
7.53,-1.17,5.46;
20.20,-1.98,1.98;
24.72,-2.27,1.63;
23.33,-2.22,4.23;
16.86,-1.81,9.66;
12.80,-0.15,11.00;
8.93,-0.53,8.81;
2.98,-3.52,4.35;
-3.16,-2.94,3.95;
-0.26,-3.32,5.84;
9.59,-2.83,7.63;
27.19,-1.95,8.16;
39.09,-0.54,7.00;
35.82,-0.38,5.68;
20.06,-2.18,7.29;
2.22,-4.31,11.84;
-5.51,-4.59,14.64;
-3.10,-3.52,14.56;
5.45,-3.54,14.16;
8.89,-4.94,14.30;
9.25,-2.99,16.67;
14.83,0.75,21.43;
22.05,0.13,23.11;
23.19,-2.94,21.61;
13.97,-4.94,16.59;
2.78,-5.60,14.59;
-4.55,-4.42,17.87;
-0.29,-2.91,24.73;
9.70,-4.01,27.87;
14.60,-4.12,26.35;
16.06,-6.48,23.23;
12.72,-5.89,27.00;
15.02,-0.24,33.49;
16.22,1.37,35.80;
14.98,1.95,36.67;
13.13,-0.16,34.74;
10.34,0.08,32.27;
10.25,0.82,30.09;
8.03,-3.63,29.71;
2.70,-3.35,31.29;
-0.36,-0.10,33.17;
1.44,2.80,36.59;
1.76,2.97,40.26;
3.45,1.29,39.83;
5.70,-1.43,37.17;
5.35,0.13,36.23;
8.17,0.82,36.00;
12.69,-0.44,34.23;
16.55,-3.32,34.16;
18.86,-3.35,39.81;
15.54,-0.31,44.68;
7.38,6.31,43.93;
6.67,8.69,43.14;
9.21,4.25,44.35;
11.04,-2.28,47.80;
11.82,-6.15,46.91;
7.59,-4.96,45.83;
1.21,0.04,48.45;
1.90,6.11,48.27;
10.51,5.95,45.08;
19.59,0.89,42.33;
27.85,-3.76,41.95;
27.38,-5.52,40.29;
20.05,-2.42,39.28;
5.42,2.77,36.32;
-2.50,7.17,32.58;
0.41,8.86,31.77;
9.39,7.73,31.98;
19.71,7.04,32.45;
21.39,6.31,31.28;
19.36,5.38,30.30;
13.04,4.20,30.99;
7.86,3.53,33.58;
7.42,4.10,37.92;
14.48,6.78,38.87;
20.05,6.59,36.56;
21.25,4.98,37.23;
17.76,-0.27,39.69;
12.19,-1.06,39.17;
7.38,-0.01,36.61;
4.95,2.01,34.29;
7.12,3.78,32.97;
13.90,3.33,28.55;
20.28,0.78,26.16;
18.52,-0.10,25.68;
17.77,1.03,23.45;
18.54,4.75,22.06;
17.91,5.73,19.03;
14.37,4.49,15.66;
15.45,3.87,15.37;
15.39,4.80,18.67;
18.03,5.85,22.07;
17.09,5.69,23.06;
12.31,5.15,20.56;
6.02,5.27,17.63;
2.81,5.01,18.18;
4.41,4.10,19.77;
12.26,3.56,21.92;
15.96,3.26,22.09;
13.59,3.11,19.95;
7.36,3.11,15.95;
3.99,3.81,15.26;
5.13,3.96,16.39;
7.65,3.27,17.08;
8.89,2.72,16.09;
8.58,1.95,14.64;
8.49,2.07,11.83;
3.74,2.34,11.52;
-0.44,2.13,10.71;
-0.88,0.62,7.40;
5.41,1.12,3.42;
12.11,2.14,4.65;
16.26,3.08,4.73;
7.94,1.46,-1.90;
-2.17,0.57,-5.26;
-7.22,0.17,-5.65;
-5.57,0.39,-6.57;
-1.65,2.34,-2.48;
-4.29,4.27,3.42;
-9.07,4.97,3.58;
-15.74,2.31,-4.17;
-12.85,3.79,-10.80;
-1.91,4.77,-11.73;
8.75,3.50,-10.86;
5.18,3.29,-4.72;
-13.68,3.24,-1.18;
-26.98,2.57,-4.52;
-32.41,5.00,-9.35;
-25.68,8.53,-11.24;
-14.52,9.47,-13.32;
-4.76,8.77,-12.36;
-2.87,8.27,-10.81;
-3.81,7.40,-11.91;
-4.35,8.10,-14.66;
-8.62,6.08,-17.77;
-15.04,5.00,-21.93;
-21.19,3.11,-24.97;
-19.94,4.95,-24.13;
-6.73,6.63,-20.68;
3.96,7.35,-20.98;
2.55,8.57,-23.71;
-13.04,8.69,-26.05;
-26.53,10.30,-26.25;
-28.26,12.07,-25.70;
-23.63,11.82,-22.00;
-14.24,10.22,-21.18;
-7.27,8.14,-23.85;
-6.79,6.11,-25.74;
-10.73,4.88,-28.16;
-9.86,4.11,-30.98;
-11.83,4.11,-33.52;
-13.05,5.09,-32.07;
-13.95,5.75,-28.80;
-14.68,5.33,-27.42;
-15.37,6.07,-26.45;
-16.43,6.10,-27.07;
-17.68,8.82,-29.39;
-19.78,9.67,-32.34;
-24.00,8.37,-32.26;
-22.50,7.73,-33.36;
-19.01,9.23,-34.19;
-13.77,12.25,-35.35;
-13.14,14.16,-39.90;
-20.98,14.01,-42.42;
-35.45,13.58,-40.22;
-35.49,15.84,-34.42;
-30.41,17.95,-27.88;
-27.02,17.09,-26.14;
-25.92,15.11,-32.17;
-25.94,12.14,-39.64;
-28.23,10.24,-46.05;
-28.78,8.80,-47.27;
-28.62,10.16,-45.04;
-24.87,11.85,-39.18;
-23.25,12.56,-36.20;
-23.97,10.89,-39.70;
-26.27,9.53,-43.70;
-25.43,11.32,-44.60;
-20.91,9.55,-42.87;
-25.85,11.03,-40.51;
-33.13,10.92,-39.73;
-42.04,8.78,-41.42;
-45.63,7.64,-41.82;
-42.52,5.33,-40.78;
-37.22,1.11,-41.68;
-33.75,-2.88,-42.55;
-33.51,-4.53,-39.18;
-33.54,-2.70,-34.74;
-27.52,-5.05,-35.77;
-22.07,-9.75,-39.09;
-18.58,-9.69,-39.07;
-11.34,-9.87,-37.00;
-7.22,-11.31,-37.03;
-3.74,-10.33,-41.30;
-0.36,-13.11,-46.23;
-0.04,-17.64,-48.66;
-14.73,-23.86,-49.61;
-37.94,-31.35,-48.29;
-54.62,-33.99,-45.93;
-67.16,-36.16,-44.90;
-65.07,-34.30,-44.72;
-53.49,-28.73,-44.13;
-29.30,-15.99,-36.83;
4.75,-1.61,-14.66;
28.44,12.98,8.97;
28.22,16.53,20.16;
-2.14,20.37,24.58;
-40.50,16.69,21.35;
-58.38,11.47,14.90;
-57.08,6.63,1.64;
-27.30,2.40,-9.03;
12.73,3.62,-11.59;
45.04,9.11,-5.70;
57.80,16.57,-2.05;
52.20,22.43,0.61;
36.89,22.01,1.00;
11.77,16.51,0.06;
-11.72,10.60,-0.17;
-18.85,7.26,-0.77;
-12.78,7.96,-3.41;
-4.26,7.93,-6.75;
8.72,9.09,-9.94;
19.85,11.43,-10.49;
31.15,16.24,-6.71;
32.31,19.08,-3.39;
26.81,19.21,-1.87;
19.06,18.54,-1.26;
10.34,16.69,0.03;
3.85,17.27,2.61;
-0.49,20.42,5.51;
1.44,22.01,5.14;
12.25,21.85,1.60;
27.25,17.91,-3.13;
37.13,17.04,-4.61;
39.02,19.64,-4.19;
39.28,21.26,-6.49;
34.05,17.14,-11.68;
29.32,15.64,-13.23;
27.74,15.32,-11.29;
22.51,19.33,-5.42;
14.15,24.62,-0.40;
9.59,24.57,-1.58;
9.39,20.63,-6.43;
17.30,15.67,-12.17;
31.27,17.84,-14.13;
40.29,21.41,-12.90;
45.74,26.39,-8.72;
41.01,26.20,-7.06;
31.30,21.56,-8.86;
17.83,20.34,-11.24;
17.50,22.89,-16.98;
25.83,22.66,-22.34;
32.55,23.38,-23.79;
37.56,26.36,-18.39;
38.63,30.42,-12.94;
37.59,34.86,-11.39;
40.46,38.14,-12.28;
46.37,35.79,-17.27;
52.02,33.98,-21.59;
55.27,32.74,-24.84;
58.70,33.76,-24.08;
59.42,36.57,-21.32;
51.18,36.62,-19.42;
44.11,36.66,-21.12;
39.06,30.53,-25.67;
34.78,25.85,-29.09;
31.28,24.51,-28.17;
30.92,23.90,-22.72;
31.27,23.15,-19.07;
35.07,18.46,-19.68;
38.84,12.72,-22.61;
40.95,8.72,-24.19;
42.99,5.21,-24.29;
38.15,1.35,-22.02;
26.81,0.43,-18.08;
16.15,0.46,-14.36;
4.51,1.33,-11.03;
-3.60,2.31,-9.29;
-6.24,3.82,-8.55;
-5.37,4.62,-7.59;
-0.65,5.81,-5.82;
9.09,5.98,-5.99;
18.12,4.25,-7.62;
21.25,5.29,-7.35;
20.28,7.81,-5.12;
20.52,8.74,-4.48;
19.18,7.14,-5.44;
17.21,7.84,-4.51;
20.83,8.42,-3.42;
26.06,7.61,-2.84;
28.66,7.21,-3.04;
34.23,6.65,-3.38;
37.96,6.33,-0.60;
40.06,6.77,3.68;
43.38,5.62,7.28;
39.94,6.66,8.29;
47.76,5.01,12.44;
39.13,7.73,11.48;
32.29,9.90,12.76;
25.61,11.91,14.30;
19.32,12.83,15.51;
18.89,12.82,15.26;
22.37,14.28,15.29;
25.90,11.90,14.59;
29.30,11.35,13.23;
30.83,9.96,11.80;
31.16,10.13,9.72;
34.35,9.03,7.42;
37.88,8.82,6.04;
47.56,8.25,4.96;
56.23,5.82,2.35;
58.49,6.98,2.19;
50.17,7.93,4.71;
32.48,7.58,6.91;
18.54,6.74,8.18;
14.83,6.37,9.02;
16.05,6.75,9.60;
15.80,9.20,11.80;
14.34,8.13,11.57;
5.94,8.48,12.96;
2.15,9.87,17.19;
7.62,10.04,20.59;
18.23,7.87,18.82;
17.47,7.21,16.61;
16.73,8.56,14.93;
17.53,5.33,13.34;
17.67,3.43,12.01;
22.25,4.45,14.52;
29.10,5.62,16.84;
34.38,5.30,18.06;
34.66,6.60,20.33;
33.94,7.38,22.07;
33.74,6.77,22.45;
28.69,8.40,23.49;
25.91,10.28,26.77;
30.40,9.76,27.39;
36.60,7.85,26.90;
32.49,10.01,29.66;
26.93,11.27,31.84;
22.67,9.20,32.27;
14.05,8.42,32.70;
10.35,9.78,34.44;
13.47,9.79,35.00;
21.19,6.98,31.51;
23.28,5.88,30.59;
26.84,6.54,33.45;
32.96,4.49,34.18;
39.74,1.53,31.84;
43.48,2.25,30.70;
42.15,0.46,32.53;
43.32,1.99,33.93;
42.06,1.43,31.64;
35.19,0.69,28.42;
26.60,2.51,29.60;
25.42,2.46,31.60;
28.66,3.61,33.40;
31.02,3.32,34.87;
30.81,4.53,34.93;
30.49,5.18,35.42;
29.99,4.95,36.07;
29.59,4.28,35.98;
28.25,4.66,38.65;
22.69,6.60,42.47;
16.99,9.91,44.79;
16.84,9.67,44.96;
16.08,10.37,44.65;
13.64,9.37,45.31;
13.30,10.62,47.20;
15.09,11.03,51.52;
21.04,9.99,52.16;
25.36,7.14,50.39;
29.39,7.30,49.48;
33.53,7.85,51.90;
33.59,7.59,57.28;
30.57,8.49,62.76;
27.70,9.27,68.71;
24.43,8.39,70.71;
22.90,5.90,69.93;
24.35,6.07,67.51;
21.64,11.44,71.95;
11.61,17.53,79.60;
-1.59,19.96,81.78;
-3.28,21.27,80.23;
6.06,24.98,78.84;
12.84,28.13,81.87;
17.86,28.33,85.81;
16.46,27.91,88.64;
16.64,27.18,93.45;
14.09,25.27,99.22;
6.77,23.17,103.93;
0.03,20.75,108.23;
3.33,18.92,111.43;
6.06,17.01,116.55;
13.16,12.62,119.93;
16.29,8.63,121.28;
16.32,5.87,125.77;
7.53,8.53,129.42;
-3.95,5.58,129.63;
-12.64,2.45,127.55;
-19.51,-1.93,127.26;
-22.39,-2.70,132.41;
-20.15,-0.73,136.87;
-19.72,-0.02,134.62;
-21.23,0.13,127.34;
-22.39,-1.99,120.81;
-27.63,-2.97,114.44;
-33.95,-3.20,107.72;
-34.78,-5.64,102.26;
-31.40,-7.41,93.87;
-28.87,-10.09,85.06;
-30.07,-8.28,74.48;
-25.57,0.57,64.21;
-17.02,5.41,56.82;
-13.39,8.62,46.76;
-7.04,15.17,36.59;
-0.39,20.78,33.03;
-1.14,22.82,31.31;
-4.75,21.70,30.88;
-10.58,18.53,29.95;
-17.85,15.50,27.49;
-21.69,14.24,25.23;
-22.41,13.27,23.72;
-19.46,12.14,23.90;
-16.59,10.88,24.59;
-13.92,9.79,25.32;
-12.26,7.47,25.51;
-14.91,5.32,25.08;
-18.62,4.62,23.83;
-20.79,3.91,21.42;
-20.93,5.04,18.23;
-18.47,6.48,15.14;
-15.30,5.87,11.49;
-13.80,5.27,9.52;
-11.04,5.52,8.79;
-7.42,5.09,7.98;
-7.48,4.02,7.55;
-8.94,4.13,7.28;
-9.92,4.05,6.87;
-9.54,3.37,4.77;
-8.17,2.11,2.39;
-7.39,0.92,0.90;
-5.77,-0.18,0.58;
-2.24,-0.41,0.90;
0.77,-0.02,0.74;
4.25,0.46,-0.03;
8.08,0.56,-1.36;
10.00,-0.68,-1.61;
10.64,-2.41,-1.07;
10.11,-3.76,0.48;
9.07,-4.47,2.38;
6.58,-4.99,4.15;
4.52,-4.71,5.54;
4.67,-4.74,6.04;
4.77,-4.70,6.16;
4.31,-2.85,6.91;
4.81,-0.79,7.31;
6.92,0.04,8.07;
8.46,1.67,9.87;
9.10,2.88,11.42;
7.90,2.68,12.36;
5.28,2.42,12.91;
3.88,2.95,12.91;
2.70,2.40,12.42;
1.64,2.82,12.47;
0.96,3.76,12.88;
1.64,4.59,13.10;
2.61,4.60,12.58;
3.30,4.42,12.58;
2.44,4.63,12.62;
1.27,4.86,12.36;
0.78,5.00,12.21;
0.98,5.26,11.92;
0.19,4.74,11.87;
-0.67,4.17,12.33;
-2.09,3.75,13.13;
-2.09,3.49,13.55;
-1.71,3.17,13.52;
-1.48,2.05,14.04;
-2.44,1.69,14.76;
-4.43,1.46,15.11;
-5.10,1.26,15.10;
-5.37,0.62,14.04;
-5.60,0.72,12.82;
-5.31,1.06,11.45;
-4.12,0.63,10.85;
-3.83,0.72,10.84;
-2.15,1.55,10.61;
0.92,1.09,10.35;
0.00,-0.50,11.11;
-2.58,-0.60,11.69;
-3.40,-1.22,11.92;
-3.36,-1.52,11.43;
-4.73,-0.39,10.91;
-6.00,0.75,10.29;
-4.41,1.72,10.30;
-1.78,1.76,10.76;
-0.90,1.70,12.06;
-1.28,2.01,13.11;
-1.65,1.59,13.14;
-2.00,1.66,12.77;
-2.50,1.67,12.36;
-2.99,1.49,13.58;
-3.78,1.08,14.47;
-3.20,0.40,16.09;
-2.62,-0.28,17.23;
-2.21,-0.41,16.88;
-2.32,-0.33,16.04;
-2.20,0.17,15.71;
-1.69,0.85,15.58;
-2.46,0.62,15.08;
-2.91,0.14,14.19;
-1.63,0.01,13.42;
-0.75,0.37,13.28;
-1.04,0.71,12.62;
-0.94,1.75,12.26;
0.32,2.53,12.04;
0.63,1.33,12.38;
-2.21,0.68,12.39;
-1.85,1.09,12.18;
-0.17,0.75,10.01;
-1.19,1.79,6.85;
-2.47,3.14,4.74;
-0.85,3.84,4.06;
2.52,3.84,4.47;
4.75,3.20,5.06;
5.13,2.71,5.71;
3.97,2.51,5.72;
2.20,2.24,5.43;
0.77,1.64,5.17;
-0.06,1.47,4.55;
0.29,0.82,4.39;
0.90,-0.22,4.26;
2.48,-0.71,3.78;
4.67,-0.94,3.39;
6.17,-0.82,3.51;
6.54,-0.67,3.45;
5.64,-1.47,3.31;
4.48,-2.47,3.06;
4.03,-3.32,3.13;
3.97,-4.07,3.17;
3.96,-4.73,3.68;
4.05,-5.32,4.87;
3.94,-5.75,5.81;
3.70,-5.20,6.64;
4.22,-3.87,6.90;
5.09,-3.84,6.96;
4.86,-3.92,7.84;
4.46,-3.25,8.64;
5.06,-2.65,8.23;
5.45,-2.24,7.06;
3.99,-0.62,6.32;
2.35,1.18,6.10;
2.51,2.25,5.78;
4.48,2.22,6.21;
4.93,2.39,6.38;
4.08,3.47,6.12;
5.39,3.82,5.64;
7.18,3.62,5.26;
8.19,3.14,5.29;
7.62,2.08,5.45;
6.03,1.32,5.86;
5.22,1.11,5.89;
5.18,0.82,5.89;
4.92,1.29,4.88;
4.41,1.70,4.79;
3.96,1.93,4.93;
3.90,1.72,4.59;
3.93,1.01,4.79;
2.60,1.03,4.04;
1.68,1.04,3.45;
3.06,1.85,2.39;
4.51,2.08,1.10;
4.03,1.43,0.68;
3.62,1.40,0.84;
5.06,1.44,1.46;
7.13,0.80,2.26;
7.59,0.37,3.00;
5.94,0.34,3.98;
3.76,-0.19,3.34;
2.12,-0.96,3.03;
-0.04,-0.45,2.94;
-1.30,0.43,3.20;
-0.06,1.20,3.25;
2.51,1.73,3.23;
3.54,2.43,3.05;
3.18,2.45,2.93;
2.72,2.33,2.96;
2.58,2.17,2.70;
2.17,1.59,2.65;
0.98,1.17,2.70;
-0.79,0.66,2.91;
-0.76,-0.38,3.19;
0.03,-0.91,3.14;
0.26,-1.22,2.79;
0.77,-1.05,2.36;
1.86,-0.94,2.42;
3.13,-0.70,2.09;
3.22,0.16,1.61;
1.74,0.74,1.64;
0.78,1.26,1.64;
0.26,1.50,1.63;
0.95,1.37,1.84;
0.90,1.52,1.77;
-0.20,0.28,2.27;
-1.42,0.88,2.61;
-0.98,1.84,2.71;
0.61,1.18,3.10;
-0.21,1.37,4.70;
-1.04,1.88,5.34;
0.55,1.18,4.33;
0.81,1.27,2.91;
-1.25,2.02,2.52;
-0.68,3.20,2.48;
2.37,3.53,2.65;
4.06,3.30,2.73;
3.42,2.94,2.67;
1.74,3.62,2.70;
0.96,4.77,2.30;
0.84,5.46,1.78;
1.07,5.79,1.19;
1.01,6.08,0.85;
0.34,5.37,1.63;
0.31,4.43,2.13;
0.49,3.62,2.64;
1.21,3.11,2.36;
1.07,3.32,2.00;
0.48,3.59,1.83;
0.61,2.65,2.16;
1.50,1.26,2.23;
1.83,0.60,2.56;
1.38,0.37,2.04;
0.49,0.08,1.61;
0.83,-0.04,1.29;
2.52,0.04,0.97;
3.42,-0.13,0.84;
2.84,-0.86,1.31;
2.70,-0.57,0.99;
4.02,-0.51,0.36;
4.34,-2.02,0.79;
2.29,-1.38,2.13;
3.88,-1.17,1.80;
4.70,-1.54,0.44;
1.94,-0.48,-0.43;
-1.59,1.17,-0.61;
-0.35,1.82,-0.95;
1.80,1.98,-0.75;
3.90,2.22,-0.97;
4.64,2.95,-1.39;
5.21,2.86,-0.77;
6.26,2.28,0.15;
6.48,1.30,0.50;
5.06,0.89,0.35;
4.08,0.98,-0.08;
3.32,0.72,-0.32;
3.53,0.17,0.13;
3.86,0.04,0.35;
4.90,0.13,0.64;
5.02,0.65,0.73;
4.57,0.75,0.33;
4.34,0.85,-0.32;
4.34,0.66,-1.18;
3.79,0.37,-1.74;
