-11.66,2.95,-2.61;
-7.68,1.50,-4.59;
-7.43,0.43,-4.78;
-8.24,0.11,-3.60;
-7.94,1.89,-1.43;
-7.31,4.89,-0.04;
-9.05,5.76,-0.59;
-11.68,4.78,-0.75;
-14.61,2.05,0.44;
-14.12,1.57,2.34;
-12.26,2.90,1.45;
-11.32,4.25,0.12;
-9.37,5.15,-0.44;
-8.61,5.07,0.28;
-10.26,4.55,0.99;
-12.24,5.88,0.95;
-17.10,8.23,0.28;
-22.82,9.50,-0.26;
-27.36,8.99,-1.79;
-33.14,9.05,-0.55;
-33.83,9.65,1.53;
-32.96,13.88,3.94;
-33.17,13.89,1.97;
-41.32,14.18,2.69;
-51.43,11.27,7.82;
-57.07,13.28,10.32;
-52.65,14.84,5.21;
-51.36,14.08,-0.85;
-50.12,12.44,-0.35;
-44.30,13.76,8.64;
-38.03,13.65,10.17;
-33.26,14.57,3.38;
-34.78,13.47,-1.48;
-40.03,13.18,2.35;
-35.95,12.54,9.79;
-28.50,12.92,13.25;
-21.02,13.63,4.84;
-20.27,13.22,-2.09;
-23.14,14.21,-3.02;
-25.57,14.52,0.60;
-23.80,14.08,2.70;
-20.87,14.99,6.12;
-16.91,14.32,8.25;
-17.22,10.73,5.21;
-21.87,9.01,1.63;
-19.28,8.81,0.81;
-12.03,10.73,0.83;
-7.26,13.51,0.63;
-4.04,14.40,0.49;
-1.95,11.56,0.02;
-3.05,10.54,0.69;
-6.53,13.36,3.51;
-15.43,17.36,10.83;
-17.13,19.67,7.88;
-23.37,18.47,6.63;
-20.79,17.80,10.17;
-18.00,10.44,4.72;
-14.93,6.93,2.55;
-6.65,1.86,0.41;
1.07,-1.66,-4.78;
6.29,0.86,-7.77;
3.96,3.47,-6.69;
-3.83,11.70,2.76;
-12.58,17.50,9.45;
-20.59,16.98,8.29;
-30.56,12.96,3.07;
-39.34,5.28,-2.29;
-40.74,0.98,-3.40;
-35.26,2.47,-2.26;
-20.70,7.56,0.83;
-8.55,13.59,1.80;
-3.10,12.34,3.76;
-5.90,9.57,3.27;
-7.48,9.01,0.44;
-8.76,8.55,-0.69;
-11.43,9.04,-3.97;
-11.80,8.75,-4.96;
-7.43,11.30,-0.43;
-7.05,12.25,2.55;
-11.11,12.63,1.36;
-14.10,15.16,4.00;
-17.29,18.11,7.42;
-18.91,22.64,6.43;
-22.32,22.44,3.34;
-24.13,20.17,1.04;
-21.25,19.76,2.55;
-15.83,19.13,4.46;
-7.54,15.53,4.38;
-2.65,11.02,0.35;
1.71,-0.21,-1.77;
4.29,-15.20,-2.85;
9.18,-21.85,-3.30;
20.34,-18.49,-0.14;
38.17,-10.53,-4.67;
47.50,-1.69,-6.84;
47.39,9.10,-5.57;
41.48,11.91,-6.95;
24.10,12.66,-8.00;
-10.18,8.66,-5.42;
-50.33,-2.90,-0.33;
-61.17,-10.11,-0.20;
-45.95,-11.30,-7.28;
-20.78,-8.15,-15.34;
8.72,-5.01,-16.24;
36.61,-5.40,-11.95;
54.06,-6.15,-6.35;
61.65,-4.50,-5.14;
59.03,-3.05,-9.92;
47.16,-3.79,-10.88;
25.45,-3.53,-7.98;
11.87,-2.00,-4.37;
5.13,-1.66,-3.20;
-1.46,-3.94,-6.06;
-1.37,-4.27,-8.98;
2.10,-4.96,-9.22;
11.16,-5.46,-7.24;
23.30,-5.60,-6.53;
33.00,-4.01,-7.07;
37.97,-3.54,-8.41;
34.46,-4.61,-8.95;
26.08,-4.55,-7.79;
14.58,-2.24,-6.12;
-0.76,1.24,-4.41;
-15.87,1.62,-5.79;
-31.69,0.92,-6.78;
-42.96,-0.76,-6.50;
-43.28,-0.03,-4.69;
-29.72,1.04,-3.04;
-13.42,2.21,-4.62;
-0.04,2.72,-9.25;
6.61,0.86,-11.40;
8.86,0.29,-9.05;
7.48,1.27,-5.97;
1.32,3.02,-6.24;
-7.22,2.52,-7.51;
-16.81,1.70,-4.93;
-22.62,2.78,-2.01;
-22.32,4.18,-1.04;
-16.10,2.69,-1.83;
-12.07,2.84,-4.03;
-4.94,3.09,-5.92;
1.13,2.60,-7.60;
8.72,1.09,-7.75;
13.33,-0.08,-5.77;
14.83,1.02,-4.38;
13.77,2.06,-2.46;
7.16,2.23,-0.88;
-0.26,2.83,-0.55;
-4.58,0.83,-3.05;
-8.20,0.44,-5.50;
-5.63,-0.67,-5.69;
0.72,0.31,-2.82;
12.45,1.50,-2.58;
21.59,1.94,-7.17;
25.15,1.42,-9.14;
25.99,-1.86,-7.25;
22.74,-1.56,-5.43;
18.19,1.19,-4.53;
8.60,1.33,-1.71;
-2.23,0.69,-0.32;
-9.72,0.08,0.60;
-13.14,0.06,-2.12;
-21.43,-0.46,-6.38;
-29.77,-0.85,-5.97;
-27.13,-0.49,-1.92;
-17.55,2.58,1.68;
-6.53,5.19,-0.98;
-0.42,3.36,-6.09;
-0.09,0.76,-7.40;
6.11,0.23,-4.53;
12.68,1.18,-2.81;
17.64,2.29,-5.28;
10.61,1.41,-7.22;
-6.41,-0.79,-5.33;
-14.39,-0.67,-0.70;
-14.24,3.83,2.23;
-11.42,4.61,-0.26;
-9.19,3.24,-3.31;
-3.72,2.32,-4.47;
0.49,4.08,-4.43;
1.30,1.92,-3.97;
-3.20,2.02,-2.87;
-5.40,1.12,0.63;
-8.96,2.29,2.37;
-10.55,2.75,1.88;
-14.20,3.09,1.85;
-16.90,0.96,0.93;
-15.65,-1.11,0.12;
-7.66,-1.39,0.37;
-3.52,1.10,1.47;
1.61,2.09,0.75;
3.61,1.70,-1.50;
-0.35,0.29,-2.90;
-11.68,-0.47,0.35;
-16.85,1.45,3.18;
-6.99,1.21,1.60;
-5.13,1.80,-3.40;
-11.05,0.03,-4.32;
-16.13,-1.20,-0.32;
-9.26,0.43,0.25;
0.39,0.67,-3.65;
1.77,0.47,-6.49;
2.74,-0.33,-5.25;
4.97,0.64,-2.95;
8.42,1.44,-2.79;
3.51,2.02,-3.83;
-5.37,0.98,-3.53;
-11.60,1.30,-2.46;
-17.42,2.20,-1.53;
-20.33,2.00,-2.18;
-23.42,2.29,-3.48;
-20.30,1.83,-3.88;
-17.14,1.88,-3.30;
-9.28,2.69,-4.24;
-2.23,5.34,-7.37;
-1.31,4.38,-12.01;
-5.32,3.44,-12.44;
-6.06,2.21,-9.13;
-4.93,4.02,-6.06;
-5.77,5.51,-8.37;
-11.37,5.31,-12.23;
-14.12,4.23,-13.54;
-15.17,3.09,-11.34;
-10.65,3.96,-8.70;
-4.07,7.47,-8.40;
4.63,6.90,-11.25;
5.59,6.14,-13.46;
2.55,5.79,-11.74;
0.32,4.26,-7.98;
0.72,3.59,-6.35;
1.10,2.49,-5.65;
-3.84,0.99,-5.65;
-10.65,-0.79,-3.45;
-11.65,-1.63,-1.59;
-11.58,-2.44,-1.13;
-11.11,-3.98,-1.85;
-7.86,-4.66,-1.07;
-5.03,-3.57,0.25;
-0.68,-2.41,1.77;
1.29,-1.86,3.22;
-0.04,-0.23,6.44;
-1.83,-0.32,8.40;
-8.23,0.18,8.37;
-18.81,-1.24,6.89;
-24.65,-3.16,7.15;
-24.56,-5.60,7.31;
-19.52,-4.32,7.30;
-8.96,-4.40,4.43;
0.58,-3.91,1.70;
8.13,-4.87,1.54;
9.03,-1.71,3.10;
10.42,-2.23,2.95;
7.39,-2.99,3.80;
5.07,-4.08,3.33;
3.73,-3.16,3.28;
3.58,-0.69,4.84;
4.10,0.75,6.25;
6.80,0.66,3.96;
1.93,-0.29,1.83;
-2.09,-0.70,1.48;
1.70,-1.75,1.76;
2.78,-2.33,2.55;
5.06,-0.67,2.35;
4.42,1.82,2.55;
3.68,3.15,2.78;
0.19,3.38,4.52;
-5.03,3.76,6.72;
-8.49,5.10,8.09;
-11.87,5.62,8.86;
-12.70,6.00,8.50;
-12.58,6.26,5.19;
-8.96,4.96,0.60;
-4.87,4.12,-2.17;
2.93,0.83,-1.36;
14.35,-0.95,1.02;
23.39,-1.25,2.37;
20.19,-0.20,0.58;
10.80,-1.25,-0.99;
0.92,-0.38,-2.15;
-6.62,-0.72,-0.09;
-4.84,-1.02,1.94;
-1.00,-2.78,2.66;
4.75,-4.03,0.14;
8.23,-2.95,-0.06;
8.51,-0.41,3.30;
8.89,0.75,4.41;
5.96,0.21,2.99;
2.80,-2.18,-1.24;
0.92,-4.21,-3.72;
2.46,-3.82,-3.33;
6.14,-4.64,-1.72;
11.97,-6.21,-3.79;
18.49,-6.69,-7.33;
21.73,-5.60,-6.90;
20.68,-4.08,-5.83;
20.54,-3.43,-5.66;
12.54,-6.85,-6.55;
5.70,-6.32,-6.09;
3.77,-2.17,-4.81;
12.11,-2.67,-8.17;
16.32,-2.30,-14.06;
20.92,-4.29,-17.34;
30.71,-1.82,-17.43;
43.38,2.23,-15.95;
47.87,4.84,-15.72;
42.48,8.61,-14.91;
28.42,6.35,-12.37;
10.77,1.85,-9.20;
-18.45,-3.54,-5.45;
-37.63,-8.85,-4.15;
-40.44,-8.70,-4.27;
-34.10,-7.25,-7.74;
-19.19,-2.99,-8.30;
-1.26,4.12,-4.01;
15.70,8.55,-0.76;
26.75,10.57,-1.14;
24.83,7.19,0.06;
12.69,4.70,4.89;
-4.06,4.29,10.20;
-20.20,4.55,10.26;
-27.00,5.04,5.94;
-29.42,1.94,3.68;
-28.38,-2.62,5.54;
-24.53,-0.37,9.79;
-15.02,3.01,14.00;
-1.77,2.76,11.71;
8.13,4.99,7.86;
9.67,3.82,3.94;
2.28,0.43,3.68;
-7.36,-1.16,5.85;
-13.87,-1.79,5.24;
-16.00,-0.44,2.21;
-13.86,-0.09,0.17;
-9.58,-1.13,1.12;
-4.96,-0.88,1.05;
-2.52,-0.88,-0.18;
2.39,-1.34,-2.06;
5.67,0.11,-2.76;
7.04,1.18,-2.64;
3.99,2.43,-2.75;
-0.97,3.71,-2.33;
-4.41,2.34,-2.87;
-10.99,2.20,-3.86;
-11.75,2.76,-4.32;
-7.31,2.90,-5.92;
-5.39,3.38,-7.69;
-4.59,1.92,-7.89;
-2.62,-0.43,-7.02;
0.61,0.25,-6.81;
8.43,2.73,-6.88;
10.66,3.41,-6.24;
9.65,4.96,-5.57;
3.71,5.16,-4.04;
-5.74,5.86,-2.76;
-10.67,4.60,-1.25;
-16.79,5.02,-1.05;
-18.55,3.79,-1.88;
-14.85,4.54,-0.78;
-8.74,5.88,0.43;
-1.02,5.68,0.25;
-0.70,3.68,-1.95;
-4.85,2.18,-3.37;
-4.41,-0.50,-1.92;
-1.03,-1.04,0.21;
1.50,0.49,1.91;
1.45,4.26,1.68;
2.39,2.80,1.09;
1.00,2.72,1.39;
0.95,0.41,2.78;
-1.52,1.24,6.52;
-2.64,0.81,10.47;
-2.24,1.82,13.48;
2.22,5.88,15.28;
6.00,7.31,14.70;
6.25,4.44,12.87;
3.24,1.51,12.34;
8.61,-1.37,15.09;
19.45,-0.01,18.87;
31.59,-1.62,18.23;
37.68,-0.40,16.95;
32.51,-4.01,20.44;
19.33,-6.06,26.81;
11.22,-3.95,30.57;
8.60,-2.23,27.62;
-3.60,0.26,29.33;
-11.23,-0.41,34.12;
-17.29,2.40,39.65;
-15.72,1.60,43.38;
-15.60,1.63,45.39;
-14.16,-0.70,47.73;
-19.36,-1.62,52.73;
-4.03,0.75,56.38;
13.71,8.20,55.73;
8.31,8.83,50.23;
10.46,8.75,43.12;
-4.99,10.12,47.50;
-15.98,7.04,62.87;
-2.15,7.19,77.22;
9.13,10.98,74.83;
1.59,10.90,50.40;
-21.69,9.01,33.22;
-16.61,4.02,39.16;
-0.90,1.02,58.34;
25.70,1.89,72.02;
34.11,6.99,70.29;
14.81,8.49,56.40;
-1.55,10.72,49.33;
2.26,-1.88,49.70;
-2.07,-2.81,50.18;
-5.08,4.02,61.60;
16.80,7.76,68.25;
-5.55,9.16,58.03;
-9.08,1.68,39.83;
13.71,5.34,41.79;
29.77,2.25,44.41;
6.55,14.98,37.76;
0.02,20.03,42.58;
-5.78,20.31,57.53;
-19.74,14.78,68.90;
-19.08,9.85,57.12;
-14.49,4.00,42.72;
-10.26,4.20,35.76;
4.83,8.35,35.02;
15.32,8.87,35.97;
9.93,10.99,41.63;
10.98,11.16,46.43;
-1.74,8.15,44.92;
8.26,5.12,47.31;
15.24,9.97,47.73;
20.26,14.02,37.91;
19.67,17.10,27.56;
16.10,13.80,25.67;
0.32,15.28,29.42;
-0.42,14.32,45.62;
-4.78,12.84,46.49;
-0.93,6.92,36.09;
13.47,9.34,20.81;
19.39,14.06,17.70;
23.04,16.87,25.21;
20.22,9.76,34.87;
11.06,5.70,32.46;
3.44,7.38,27.34;
-0.49,14.47,25.45;
0.84,13.36,25.04;
0.92,11.01,26.75;
5.84,5.15,29.45;
13.51,8.20,28.28;
9.36,10.81,22.14;
6.49,9.04,16.54;
0.29,8.05,13.65;
-4.15,9.50,15.53;
0.03,8.40,17.68;
4.37,7.34,17.07;
9.01,4.44,16.20;
4.60,1.39,11.62;
-1.49,-0.88,8.70;
-6.71,-0.85,8.76;
-1.95,0.57,9.54;
-1.75,1.25,8.03;
1.03,-0.12,7.01;
-1.84,0.35,6.86;
-1.29,4.15,2.72;
-0.84,7.42,0.18;
-2.00,4.72,0.17;
-5.07,-0.53,0.76;
-8.38,-1.48,-1.71;
-7.34,1.45,-5.33;
-4.07,0.49,-13.25;
2.42,-0.17,-20.69;
2.16,4.90,-16.00;
-7.31,6.41,-12.18;
-19.74,1.51,-17.48;
-15.17,1.21,-24.38;
-7.92,5.34,-26.76;
-1.16,7.97,-25.75;
-2.53,8.43,-23.75;
-13.13,8.60,-25.28;
-22.47,5.96,-29.01;
-27.84,3.21,-31.62;
-23.63,5.21,-28.99;
-16.52,2.99,-28.04;
-12.32,-0.85,-31.79;
-10.26,-1.16,-37.31;
-15.51,-3.39,-40.96;
-17.69,-6.72,-43.42;
-7.69,-4.78,-42.18;
-6.55,-2.30,-42.30;
-10.41,-2.66,-47.01;
-17.78,-4.93,-52.88;
-24.61,-4.55,-54.53;
-23.95,-3.49,-53.51;
-21.29,-2.03,-51.77;
-19.43,-4.11,-59.62;
-14.67,-6.46,-67.92;
-20.12,-5.98,-68.41;
-20.41,-4.96,-69.86;
-25.26,-7.94,-75.04;
-25.83,-9.04,-78.40;
-24.12,-5.56,-79.02;
-20.03,-2.08,-77.77;
-21.94,2.03,-77.83;
-32.94,-1.92,-78.91;
-47.14,-6.62,-82.09;
-45.71,-7.24,-80.75;
-27.98,-7.62,-77.95;
0.72,-12.87,-83.43;
6.17,-17.79,-96.90;
-9.63,-15.82,-102.00;
-21.65,-8.46,-94.85;
-27.55,-2.18,-83.02;
-19.22,-6.43,-80.08;
-19.75,-19.53,-85.71;
-24.50,-23.05,-94.20;
-31.07,-15.48,-93.16;
-33.63,-13.79,-82.75;
-36.56,-17.33,-78.26;
-25.40,-21.62,-82.50;
-19.98,-19.45,-88.41;
-2.12,-16.56,-86.11;
-0.70,-6.87,-77.28;
10.26,-6.00,-71.40;
25.58,-8.20,-66.29;
27.10,-14.84,-64.11;
6.83,-18.72,-61.51;
5.68,-19.27,-62.66;
28.46,-24.76,-62.79;
59.19,-21.20,-53.92;
75.00,-18.75,-35.43;
55.70,-6.33,-16.76;
33.91,3.89,-7.16;
18.84,10.51,-3.10;
-17.45,13.10,-3.57;
-47.00,6.67,-4.20;
-57.43,2.89,-4.70;
-39.17,-10.82,-4.56;
-15.58,-12.27,-5.13;
0.29,-0.79,-4.04;
28.98,9.28,-4.41;
33.67,6.00,-1.42;
26.28,0.41,-0.93;
2.23,-0.99,-0.20;
-19.49,-3.85,1.22;
-23.95,2.17,1.10;
-13.28,3.07,0.28;
0.51,1.70,0.28;
-0.45,-1.56,0.26;
-5.11,-0.99,1.97;
-3.72,1.97,4.12;
2.92,4.89,4.12;
7.65,3.30,4.06;
4.26,-1.31,3.47;
-3.55,-3.30,3.89;
-6.68,1.07,8.60;
-5.58,5.12,12.57;
3.90,7.10,16.28;
11.44,5.71,15.68;
3.88,3.19,13.96;
-6.78,1.62,14.80;
-9.05,3.38,18.89;
7.71,5.28,19.38;
20.03,2.61,16.54;
21.24,1.54,14.12;
18.29,-4.26,15.13;
19.70,-9.45,21.50;
30.48,-7.66,31.76;
56.54,-0.81,35.59;
54.61,5.89,24.38;
30.23,5.63,12.20;
-0.07,-2.43,13.96;
-9.37,-5.25,35.24;
8.98,-1.79,55.30;
42.34,2.29,61.39;
27.09,5.41,43.82;
-20.01,1.89,39.60;
-26.41,7.24,55.22;
10.97,14.23,61.45;
33.87,9.39,53.16;
11.58,-1.27,40.41;
-19.97,0.63,50.09;
-24.07,12.81,66.34;
-10.94,19.41,75.97;
12.57,18.12,75.30;
26.74,3.80,56.81;
-0.68,-1.82,43.44;
-15.20,3.34,48.29;
-19.84,16.55,68.31;
5.16,13.70,80.99;
18.78,-2.17,73.60;
14.13,-11.16,57.05;
-8.71,-0.43,46.02;
-9.16,4.34,49.77;
11.27,9.13,60.47;
28.80,6.95,62.46;
20.13,5.48,51.54;
12.95,2.35,42.92;
11.12,5.10,54.34;
23.71,3.96,72.35;
20.42,4.86,79.57;
9.47,-2.24,69.83;
-3.74,7.63,47.25;
10.13,8.40,39.22;
8.03,19.13,45.86;
2.83,18.25,62.78;
-1.57,11.74,74.02;
5.39,5.53,81.59;
7.01,12.29,73.42;
0.34,12.80,49.31;
3.58,13.57,23.85;
15.36,13.44,23.24;
20.64,8.54,39.56;
19.18,14.32,53.89;
14.02,15.02,56.84;
3.67,14.32,51.73;
-0.65,12.54,46.26;
2.32,10.09,36.32;
1.88,11.77,29.13;
15.29,13.47,30.17;
13.45,17.33,31.82;
8.08,14.21,26.18;
3.44,15.05,20.34;
9.97,16.06,23.38;
12.64,17.92,33.68;
10.57,14.31,38.03;
6.68,12.20,32.55;
2.28,9.15,23.56;
7.85,8.63,18.37;
9.16,8.35,17.41;
4.95,8.67,16.96;
1.84,9.88,20.50;
0.57,4.21,22.57;
-0.12,2.17,20.28;
4.51,2.23,21.09;
11.94,5.12,18.12;
16.49,4.40,8.57;
19.65,3.18,3.76;
11.47,2.08,5.99;
-1.63,2.76,10.41;
-9.40,3.63,14.14;
-10.23,3.50,8.81;
-5.92,3.54,4.40;
1.15,2.21,3.77;
3.48,3.13,3.79;
2.23,3.73,-1.11;
-3.07,-0.04,-8.32;
-5.60,1.01,-7.51;
-13.49,3.44,0.06;
-20.30,1.71,-2.30;
-19.14,-0.27,-10.91;
-10.53,2.69,-14.88;
-7.00,5.53,-13.68;
-10.76,3.88,-12.82;
-9.43,0.83,-17.22;
-5.23,1.73,-22.15;
-2.10,2.72,-20.41;
-6.39,1.16,-15.27;
-14.73,-1.43,-18.69;
-18.68,-1.65,-26.20;
-19.08,-0.03,-33.02;
-15.39,4.81,-33.63;
-14.24,3.31,-29.34;
-19.37,-1.91,-27.83;
-19.94,-2.01,-33.24;
-11.86,3.21,-40.64;
-9.89,7.73,-45.16;
-16.67,7.88,-46.88;
-28.50,5.16,-44.93;
-38.04,0.99,-47.14;
-41.51,0.18,-54.64;
-28.13,4.32,-55.59;
-20.49,5.02,-56.84;
-19.86,4.14,-61.28;
-28.00,3.31,-65.19;
-47.86,1.77,-69.92;
-49.34,3.62,-75.08;
-51.51,3.04,-74.11;
-41.48,2.00,-73.25;
-37.16,2.96,-77.74;
-32.04,1.97,-84.79;
-32.84,-0.33,-91.63;
-34.82,-0.17,-89.40;
-29.74,-4.55,-84.79;
-15.90,-6.46,-85.07;
-4.32,-7.33,-91.36;
-9.31,-10.00,-97.31;
-28.24,-9.69,-98.44;
-49.42,-7.37,-90.62;
-47.81,-9.40,-81.72;
-29.94,-14.11,-79.30;
-18.68,-20.26,-84.08;
-25.05,-19.30,-88.98;
-28.62,-15.16,-91.77;
-24.03,-14.00,-90.84;
-16.81,-11.85,-88.20;
-2.56,-16.88,-85.75;
0.57,-19.10,-85.53;
-1.36,-20.30,-85.14;
-4.85,-18.55,-82.85;
10.49,-15.30,-78.47;
15.53,-23.16,-80.38;
25.09,-25.86,-82.11;
27.32,-26.41,-76.03;
19.87,-24.79,-63.66;
29.15,-20.46,-48.38;
42.46,-19.54,-41.42;
48.81,-13.49,-35.60;
43.21,0.96,-25.24;
32.29,3.65,-15.37;
6.03,6.84,-4.46;
-7.92,5.44,-4.08;
-30.38,3.02,-9.22;
-30.94,4.43,-6.75;
-19.03,-0.67,-2.43;
-7.17,-2.21,-4.49;
2.31,-5.30,-10.32;
7.24,-1.37,-6.90;
11.30,7.01,-0.59;
19.71,3.77,3.31;
-0.16,2.80,4.78;
-12.68,5.25,1.44;
-10.65,5.65,-2.50;
-18.82,5.94,-1.30;
-25.86,3.65,6.58;
-24.78,-0.04,11.88;
-8.38,0.46,8.35;
6.95,2.09,-0.14;
8.02,2.73,-2.11;
5.07,3.27,2.54;
4.45,2.26,8.80;
6.63,-0.52,8.76;
0.10,2.47,6.08;
-6.88,2.70,4.83;
-10.53,5.42,9.50;
-3.05,7.67,13.54;
3.99,6.63,15.18;
3.74,5.39,13.62;
0.77,3.34,14.43;
4.78,5.12,16.58;
12.66,6.52,16.92;
12.61,0.41,14.47;
13.21,-7.17,12.49;
19.03,-10.47,13.80;
33.71,-1.46,20.40;
47.55,4.03,21.59;
46.48,-0.24,16.75;
28.34,-5.79,18.73;
13.55,-7.86,31.94;
24.42,2.29,43.80;
37.71,6.57,41.07;
28.29,6.58,33.33;
7.38,-1.59,29.54;
-8.16,-8.35,43.53;
18.83,1.36,58.41;
42.46,7.25,58.40;
30.28,7.82,44.90;
-7.22,3.34,38.18;
-22.62,4.25,54.50;
-4.30,5.45,66.96;
15.19,11.97,60.23;
12.95,10.17,41.33;
2.23,2.95,38.96;
6.03,2.70,54.26;
8.16,10.84,59.70;
8.54,14.00,50.57;
-1.32,10.28,40.03;
4.06,3.57,46.76;
-0.73,10.87,64.73;
4.28,15.38,73.18;
-5.22,8.41,66.09;
-9.60,-1.08,57.86;
-1.97,6.64,55.01;
18.57,3.92,48.47;
16.87,15.10,42.67;
33.67,12.89,50.98;
23.21,14.60,64.06;
26.80,4.38,71.77;
3.33,10.44,71.76;
-11.28,18.05,66.05;
-12.74,21.42,50.96;
0.48,11.85,40.55;
-5.60,9.59,40.29;
8.06,5.54,57.27;
11.96,9.88,77.44;
19.44,5.24,90.67;
28.95,-1.51,82.14;
6.25,3.42,45.10;
14.81,9.22,20.76;
16.35,12.69,28.95;
15.33,12.83,52.38;
10.32,13.79,58.46;
12.51,13.51,55.28;
13.30,14.73,42.78;
15.01,19.74,38.60;
12.51,22.26,39.77;
-1.02,18.37,34.66;
4.13,17.63,31.10;
3.26,18.54,33.09;
2.37,18.25,34.69;
-7.32,19.54,36.76;
-1.60,21.04,37.68;
6.00,16.63,35.99;
20.87,16.54,31.27;
16.55,16.75,27.68;
14.77,17.44,27.57;
9.73,14.93,30.50;
11.70,12.41,28.02;
8.93,8.73,26.00;
8.25,9.86,24.57;
12.77,12.99,24.40;
18.78,15.09,23.94;
16.89,8.66,24.09;
12.97,7.99,19.18;
12.97,13.71,13.77;
14.46,16.46,9.34;
13.32,15.13,8.61;
9.07,13.97,13.67;
-1.68,14.18,19.80;
-6.00,11.67,16.38;
0.58,9.05,7.56;
9.38,10.34,1.36;
10.61,10.44,-0.24;
4.42,7.77,-0.87;
-5.89,6.25,-2.08;
-10.10,7.28,-4.03;
-13.26,9.50,-5.13;
-12.10,9.57,-4.12;
-8.74,5.22,-5.45;
-3.31,3.54,-8.87;
2.23,4.52,-10.43;
0.60,2.18,-11.17;
-7.69,-1.14,-12.53;
-17.39,0.64,-13.69;
-25.86,0.31,-15.77;
-21.40,1.22,-17.37;
-12.55,2.81,-16.66;
-8.09,4.25,-18.49;
-6.90,6.23,-21.86;
-13.95,5.65,-27.72;
-16.88,5.60,-30.30;
-23.48,4.54,-24.82;
-29.11,1.89,-22.69;
-25.40,4.18,-25.17;
-21.10,5.22,-32.24;
-20.04,2.89,-40.11;
-17.54,0.02,-41.14;
-17.23,1.54,-36.06;
-16.99,0.34,-35.79;
-13.31,0.57,-41.88;
-20.49,0.69,-49.28;
-27.39,0.44,-54.81;
-30.53,2.81,-55.19;
-28.12,5.67,-53.42;
-25.11,5.51,-54.40;
-27.75,4.51,-57.37;
-38.39,4.03,-63.91;
-44.26,1.62,-67.60;
-46.76,1.53,-66.90;
-41.49,-0.69,-67.05;
-38.12,-2.17,-70.58;
-37.02,-1.27,-74.67;
-51.05,-2.82,-78.04;
-59.43,-3.92,-82.61;
-48.12,-2.32,-77.83;
-39.43,-4.03,-78.08;
-27.46,-8.03,-83.63;
-15.94,-13.40,-90.32;
-15.97,-14.47,-95.98;
-17.68,-17.85,-94.37;
-27.80,-21.94,-87.11;
-32.23,-21.92,-82.30;
-22.62,-19.92,-86.21;
-23.25,-17.74,-94.99;
-24.73,-21.79,-97.11;
-36.23,-23.83,-91.22;
-35.65,-25.95,-85.33;
-18.55,-26.91,-80.50;
-9.60,-28.49,-81.74;
-7.03,-27.02,-85.37;
-9.13,-26.08,-87.07;
-20.52,-24.46,-81.94;
-19.61,-21.68,-74.50;
-0.45,-16.15,-74.64;
13.21,-19.92,-79.01;
30.78,-28.03,-82.11;
50.58,-32.11,-78.09;
57.29,-22.64,-72.79;
59.06,-18.69,-60.73;
64.02,-23.77,-44.78;
54.45,-26.73,-31.14;
45.55,-10.61,-19.10;
18.34,5.38,-4.95;
-26.93,22.09,3.39;
-41.05,23.19,2.63;
-55.36,7.36,-1.74;
-60.00,-11.91,-12.44;
-47.46,-19.37,-15.71;
-26.21,-15.49,-13.69;
16.46,-6.38,-7.95;
47.56,3.94,-4.41;
43.18,8.92,-6.09;
15.26,7.21,-2.66;
-12.50,3.96,5.57;
-25.63,-0.76,5.85;
-26.27,-4.78,-0.52;
-25.97,-4.69,-4.21;
-15.40,1.19,1.30;
-5.40,2.54,7.12;
0.87,3.16,11.28;
4.68,0.86,8.21;
-0.33,0.78,4.21;
-6.44,2.43,4.46;
-10.90,4.93,9.16;
-11.74,3.86,13.24;
-2.10,4.35,11.85;
4.25,2.06,8.47;
2.49,3.39,10.25;
10.66,6.61,14.72;
27.94,4.92,14.06;
32.66,3.50,10.72;
31.22,3.27,11.28;
30.19,3.62,18.34;
39.12,4.55,24.03;
39.32,2.89,23.31;
22.87,1.38,18.67;
6.66,0.18,23.09;
4.03,1.01,33.10;
28.58,10.83,39.15;
23.97,14.06,34.66;
19.90,4.99,27.62;
10.10,-2.17,28.75;
23.19,1.27,37.31;
31.16,5.05,40.78;
31.12,7.21,42.49;
26.87,3.30,39.13;
17.32,-3.30,40.41;
4.22,1.36,48.69;
11.33,5.71,58.58;
18.37,10.70,57.19;
3.12,11.25,49.86;
-25.29,10.58,57.44;
-11.22,9.91,66.29;
-0.82,13.44,66.40;
11.58,12.15,60.15;
-2.70,10.32,51.65;
-6.23,14.14,57.91;
4.95,17.53,66.40;
12.90,14.92,67.45;
16.32,3.56,59.76;
19.82,1.01,50.47;
7.07,6.51,47.96;
9.15,19.71,56.12;
7.65,14.78,64.31;
1.91,-5.89,69.60;
-5.02,-2.75,76.35;
0.72,6.40,79.24;
2.95,14.80,68.00;
7.35,12.26,50.18;
25.64,15.16,58.89;
39.26,10.02,74.28;
30.55,8.58,76.41;
25.03,10.75,74.57;
24.26,18.90,69.12;
21.74,11.45,56.81;
17.09,14.80,44.21;
12.92,16.67,49.62;
4.80,17.83,58.52;
5.87,16.05,58.69;
-0.71,18.67,50.03;
5.32,23.27,42.54;
10.68,24.90,40.32;
20.28,19.80,46.93;
34.51,13.85,51.74;
24.63,15.63,48.00;
22.89,16.76,42.26;
13.44,18.02,43.24;
2.87,18.00,44.92;
1.50,14.76,42.32;
16.08,17.13,33.02;
25.35,19.47,28.83;
27.55,21.16,27.57;
12.86,22.76,28.23;
7.93,21.83,26.69;
3.42,18.35,25.80;
15.61,14.09,25.36;
17.19,14.08,21.18;
20.87,12.51,16.83;
19.35,13.86,11.30;
16.14,17.33,10.28;
9.24,17.50,13.33;
-5.32,15.85,17.05;
-17.69,10.29,21.76;
-16.91,9.10,23.21;
-3.68,9.33,21.57;
7.48,6.61,8.14;
14.49,1.50,-2.30;
12.55,-0.11,-1.17;
2.51,0.98,5.47;
-10.07,-0.04,6.41;
-16.07,-1.59,1.28;
-11.25,0.28,-3.25;
-8.03,2.00,-4.20;
-7.07,4.89,-3.33;
-6.16,5.77,-3.56;
-4.27,1.59,-8.62;
-8.96,-2.43,-14.41;
-10.99,0.84,-15.13;
-15.14,6.26,-10.37;
-17.42,2.86,-15.37;
-16.45,-0.21,-24.64;
-15.90,1.07,-27.08;
-8.93,9.89,-17.56;
-8.68,9.56,-13.17;
-12.24,0.84,-21.08;
-13.11,-1.88,-32.43;
-15.90,1.47,-34.09;
-19.43,3.19,-32.43;
-19.57,1.85,-32.88;
-20.23,3.07,-33.79;
-26.52,0.87,-33.37;
-33.69,-1.92,-35.68;
-27.16,0.40,-35.28;
-22.84,2.20,-33.43;
-16.70,-2.08,-39.98;
-16.73,-5.24,-47.36;
-22.09,-5.89,-49.16;
-32.32,-4.56,-48.95;
-41.97,-3.86,-49.74;
-40.65,-2.70,-52.85;
-35.49,-4.70,-54.76;
-28.09,-5.20,-56.55;
-23.55,-2.93,-55.74;
-24.84,-2.66,-58.37;
-29.20,-5.04,-64.79;
-31.83,-5.10,-70.64;
-32.13,-4.23,-69.08;
-37.40,-4.82,-67.43;
-43.10,-5.53,-71.45;
-43.43,-6.01,-72.75;
-47.61,-5.65,-74.67;
-48.74,-6.96,-75.92;
-47.29,-7.01,-76.40;
-44.33,-8.18,-80.98;
-43.43,-11.16,-87.46;
-39.84,-12.99,-90.41;
-29.89,-14.32,-90.11;
-10.47,-10.27,-83.07;
3.71,-13.24,-82.14;
0.69,-16.37,-86.55;
-10.44,-16.18,-88.17;
-28.39,-12.08,-84.50;
-34.06,-13.30,-80.93;
-40.82,-21.25,-78.33;
-38.18,-24.79,-77.36;
-32.56,-21.89,-77.62;
-24.62,-20.44,-77.54;
-25.02,-22.79,-74.66;
-39.45,-14.90,-66.99;
-36.18,-12.03,-62.43;
-22.00,-10.81,-60.11;
2.10,-8.79,-61.14;
11.36,-5.79,-57.69;
9.18,-5.56,-51.53;
25.85,-15.04,-51.28;
30.55,-22.66,-54.06;
39.09,-22.67,-55.89;
41.88,-13.33,-49.42;
46.57,-8.35,-36.20;
38.34,-7.28,-25.71;
22.77,-5.25,-18.76;
22.34,-2.53,-19.89;
18.52,0.38,-23.43;
13.15,8.28,-25.65;
3.48,3.33,-19.69;
-15.51,-2.17,-4.79;
-20.99,-2.76,-1.34;
-6.93,1.94,-2.46;
8.10,8.54,-5.50;
6.90,5.92,-7.60;
0.19,3.05,-4.67;
-8.74,-0.88,0.46;
-21.46,1.18,2.55;
-18.10,4.31,2.89;
-13.97,3.50,-0.46;
-6.26,-0.17,-2.20;
-1.03,-2.62,-1.33;
3.64,0.26,1.88;
6.87,5.48,5.38;
5.53,9.63,5.01;
2.57,7.47,4.52;
-5.98,5.39,5.19;
-12.49,1.86,5.59;
-16.85,1.80,7.97;
-15.97,4.25,11.04;
-4.16,3.30,10.69;
8.74,1.47,8.32;
13.71,0.87,5.31;
9.87,1.89,8.12;
7.47,7.57,15.13;
16.37,9.50,21.38;
24.23,7.89,23.74;
21.30,7.74,23.83;
14.34,2.84,22.43;
2.93,3.54,26.76;
7.24,5.99,30.35;
16.89,5.57,28.99;
16.98,3.62,22.87;
22.14,-3.69,18.89;
38.48,-7.86,20.89;
62.11,-6.50,28.03;
70.63,0.43,36.32;
72.54,0.75,34.78;
53.03,0.81,35.36;
18.29,1.27,49.76;
15.32,7.99,68.14;
19.10,12.51,74.87;
-7.61,15.82,61.92;
-40.09,12.41,50.41;
-31.34,13.50,49.33;
-13.66,11.53,49.79;
3.71,11.16,48.57;
13.87,9.70,44.89;
15.15,5.22,48.47;
6.45,12.99,68.80;
22.66,18.80,78.44;
20.74,17.19,79.36;
3.44,13.01,66.89;
-24.85,10.72,51.09;
-29.77,10.34,46.20;
-22.67,9.10,50.11;
1.33,9.79,64.70;
19.55,8.58,78.35;
29.97,5.83,80.41;
14.20,6.76,67.99;
4.42,11.24,61.51;
19.62,13.97,57.44;
42.32,11.92,60.12;
43.93,5.31,64.26;
31.45,1.56,64.69;
0.64,2.92,59.42;
-2.32,8.49,55.92;
-6.67,17.71,52.20;
2.39,26.12,49.74;
3.61,26.86,49.50;
7.32,17.62,50.92;
12.86,11.96,51.65;
15.55,10.54,55.71;
21.26,19.53,52.75;
15.64,19.54,45.70;
-1.37,19.51,33.68;
-7.02,15.99,43.38;
5.07,13.10,54.81;
10.90,8.47,59.21;
17.90,16.08,48.60;
14.10,18.58,42.03;
15.53,20.09,36.80;
5.47,14.49,35.01;
-1.16,14.96,37.45;
5.33,17.63,36.84;
19.30,19.13,30.61;
29.39,21.22,24.92;
21.88,22.49,23.68;
8.37,22.92,28.80;
-3.00,15.63,33.59;
-2.79,11.28,33.02;
0.87,13.36,31.63;
1.41,16.29,25.27;
4.48,13.91,18.46;
9.27,12.93,19.30;
6.25,10.87,20.96;
1.73,8.93,22.75;
-2.39,9.54,25.51;
3.64,7.09,21.51;
8.45,5.19,12.44;
14.02,4.83,8.67;
9.21,7.76,10.95;
-2.01,6.32,12.34;
-5.78,5.05,8.37;
-4.38,6.37,6.64;
-0.24,8.05,4.11;
-0.61,6.93,0.29;
-1.03,5.01,0.99;
-0.68,3.96,1.15;
-0.39,4.00,-0.17;
-2.36,3.33,-2.93;
-5.16,1.09,-7.66;
-10.10,0.54,-9.74;
-12.68,2.87,-9.28;
-11.83,3.86,-7.48;
-9.80,4.02,-10.49;
-13.42,3.65,-14.18;
-13.17,2.21,-18.95;
-10.61,2.99,-18.12;
-7.17,2.46,-14.56;
-8.78,-0.01,-14.91;
-8.42,-1.45,-17.68;
-18.03,-0.04,-18.78;
-25.13,-1.77,-21.37;
-25.22,-4.52,-25.19;
-17.22,-1.37,-25.05;
-4.13,1.71,-20.24;
-0.45,1.59,-19.98;
-9.83,-1.66,-24.56;
-18.90,-3.02,-30.20;
-21.46,-2.06,-29.57;
-21.74,0.99,-30.09;
-14.84,-1.33,-30.99;
-11.45,-4.91,-36.95;
-14.36,-1.34,-40.84;
-18.29,2.23,-38.59;
-26.59,4.25,-38.69;
-27.11,2.51,-41.07;
-29.98,2.54,-48.18;
-29.98,3.92,-53.83;
-29.31,2.09,-55.51;
-28.23,-1.49,-56.06;
-17.86,-1.97,-51.98;
-19.05,-1.45,-51.88;
-24.04,-2.47,-60.32;
-28.78,-2.66,-67.71;
-32.36,-2.52,-69.37;
-41.97,-4.73,-69.34;
-39.94,-4.38,-65.91;
-25.20,-2.56,-65.89;
-21.52,-0.47,-71.63;
-27.37,-1.37,-78.38;
-42.06,-6.73,-84.98;
-36.82,-4.81,-85.42;
-18.15,-7.31,-76.62;
-16.76,-12.04,-72.12;
-12.62,-11.11,-79.56;
-16.97,-11.01,-86.61;
-40.87,-14.35,-92.78;
-69.13,-18.87,-94.20;
-48.81,-18.41,-86.53;
-25.69,-25.13,-77.59;
-10.44,-25.68,-77.98;
1.03,-20.58,-82.27;
-11.92,-18.61,-86.96;
-32.32,-18.82,-88.04;
-36.42,-19.91,-86.15;
-31.81,-19.88,-77.69;
-15.32,-25.07,-69.11;
-12.12,-28.20,-68.62;
-19.87,-22.49,-69.19;
-19.80,-16.52,-68.88;
-13.19,-14.78,-66.67;
-2.64,-19.79,-63.79;
1.16,-21.77,-59.89;
3.71,-15.92,-52.82;
0.45,-8.24,-50.84;
13.18,-15.17,-52.41;
14.16,-19.19,-51.14;
26.86,-14.55,-50.69;
32.84,-17.40,-48.21;
39.03,-16.52,-42.35;
44.75,-19.80,-34.73;
42.35,-14.98,-22.87;
40.98,-6.00,-13.40;
11.48,6.03,-4.64;
-21.74,8.15,1.59;
-39.19,6.55,2.58;
-41.49,8.93,-7.36;
-13.00,1.60,-16.96;
-2.21,-1.45,-8.76;
0.58,-1.36,1.82;
10.60,-3.27,6.83;
11.84,-2.00,3.53;
4.34,1.28,1.34;
-10.39,8.06,4.60;
-16.93,7.99,5.63;
-19.72,3.89,3.15;
-30.13,1.34,0.20;
-24.32,-2.00,0.18;
-8.64,0.81,3.91;
10.87,2.34,5.13;
16.03,6.60,4.80;
13.13,5.86,1.24;
12.74,3.30,-1.75;
9.19,1.60,-0.85;
5.56,4.54,3.57;
5.94,4.31,6.76;
6.13,3.65,7.04;
6.49,4.61,4.37;
5.38,8.43,3.30;
8.75,5.89,4.75;
12.39,4.96,11.70;
20.05,3.68,18.92;
31.64,4.17,18.89;
33.77,3.92,11.30;
27.15,0.90,8.83;
21.10,-3.75,14.83;
30.39,-6.98,26.08;
52.77,2.44,30.84;
65.82,1.57,22.21;
55.51,-4.29,16.90;
44.23,-9.13,26.84;
59.59,-5.53,41.18;
59.65,5.16,46.49;
49.24,3.42,41.96;
27.03,-3.77,37.71;
12.78,-4.58,48.23;
29.59,3.74,60.02;
31.21,9.05,58.14;
24.08,7.91,51.24;
14.05,5.67,46.87;
10.78,3.79,52.81;
10.98,9.80,55.36;
24.63,18.02,53.27;
28.08,17.19,41.48;
-2.00,12.11,31.60;
-11.40,10.58,36.32;
3.80,10.51,51.57;
23.21,9.31,68.08;
19.59,15.16,69.62;
4.93,14.23,59.56;
-10.90,14.26,54.23;
-15.80,20.58,52.26;
5.65,18.69,56.31;
22.63,12.34,55.62;
24.32,10.54,52.57;
10.35,10.40,55.33;
9.94,25.02,61.38;
24.83,24.80,63.22;
15.26,23.92,59.56;
7.00,19.48,60.89;
2.84,13.30,61.12;
-8.53,12.72,50.12;
1.56,20.60,44.23;
14.02,24.89,55.25;
19.13,22.90,61.24;
11.24,17.99,56.14;
-2.41,22.12,52.66;
-0.50,30.00,63.57;
10.72,31.83,67.67;
14.54,22.72,59.63;
18.48,21.15,48.20;
9.74,20.93,50.49;
-2.18,25.22,58.67;
-4.78,22.54,54.90;
9.30,19.53,45.42;
18.02,21.33,43.74;
18.54,26.34,45.33;
19.93,26.05,42.11;
18.23,24.34,39.05;
5.27,27.27,34.69;
4.05,24.86,33.96;
6.03,22.25,39.85;
5.90,16.20,39.45;
16.52,12.15,34.46;
21.70,13.33,28.03;
26.22,16.21,22.67;
12.60,16.58,19.82;
1.22,10.98,23.12;
-11.26,7.79,27.88;
-3.86,7.19,27.44;
13.21,11.53,25.83;
26.05,12.05,18.43;
37.16,12.06,8.89;
27.03,13.22,10.43;
2.37,12.40,19.31;
-23.90,9.76,26.02;
-23.95,7.28,19.99;
-13.61,7.60,9.80;
-1.34,7.34,5.92;
10.45,6.73,4.75;
11.55,4.64,3.54;
6.02,2.41,-1.16;
1.59,1.31,-5.16;
-2.59,1.24,-5.85;
-5.10,0.49,-5.97;
-8.85,-0.49,-7.63;
-4.93,0.11,-10.20;
-5.78,0.41,-11.66;
-8.79,0.54,-13.02;
-10.62,1.36,-15.89;
-8.13,3.34,-15.27;
-8.53,3.73,-15.86;
-8.49,1.36,-17.77;
-11.77,1.05,-17.89;
-15.14,-0.69,-17.05;
-16.35,-0.23,-17.86;
-14.23,-0.33,-19.71;
-11.39,-0.44,-20.84;
-11.74,0.55,-21.20;
-18.23,-0.49,-23.14;
-22.55,-3.51,-27.05;
-21.25,-1.45,-26.99;
-13.16,0.08,-25.50;
-7.57,-0.98,-28.35;
-6.29,-1.46,-31.62;
-13.03,-2.90,-35.82;
-19.90,-1.95,-37.16;
-18.55,-2.21,-34.93;
-19.07,-4.91,-35.71;
-14.35,-4.50,-38.44;
-14.58,-3.42,-42.11;
-21.42,-3.27,-47.04;
-26.58,-2.67,-49.08;
-30.04,-2.01,-46.98;
-29.13,-3.79,-48.84;
-24.21,-2.90,-52.11;
-19.90,-2.40,-56.84;
-23.14,-3.08,-60.99;
-30.30,-3.14,-63.48;
-27.45,-2.23,-63.54;
-33.90,-7.30,-65.19;
-30.82,-8.35,-68.72;
-22.01,-6.85,-71.20;
-21.80,-7.22,-72.04;
-18.97,-7.05,-73.22;
-28.85,-9.79,-75.54;
-40.68,-11.91,-82.56;
-42.39,-8.35,-88.26;
-38.55,-9.89,-86.96;
-30.70,-14.32,-83.57;
-29.58,-20.50,-85.33;
-30.62,-21.19,-86.04;
-49.26,-21.16,-81.13;
-76.12,-18.59,-82.20;
-73.37,-16.14,-82.81;
-53.29,-19.75,-85.24;
-39.84,-24.37,-88.64;
-24.39,-26.90,-84.01;
-19.77,-30.61,-77.45;
-43.74,-26.30,-68.23;
-47.58,-19.53,-61.62;
-42.84,-17.51,-61.59;
-19.84,-20.61,-68.99;
-18.00,-22.29,-74.30;
-5.77,-19.91,-74.44;
19.87,-12.70,-75.19;
46.42,-20.44,-78.73;
65.71,-32.24,-75.91;
54.45,-40.67,-74.91;
36.17,-34.38,-66.35;
7.13,-26.82,-49.66;
-3.55,-20.67,-37.63;
12.14,-21.72,-26.09;
-1.16,-15.16,-19.07;
-4.10,-1.75,-14.85;
-3.86,11.28,-12.14;
13.85,10.49,-9.45;
5.87,6.06,-3.46;
-20.00,-2.33,-0.01;
-39.90,-5.10,-3.88;
-38.42,-3.77,-9.36;
-25.43,7.22,-5.54;
-1.07,11.02,-0.85;
-1.11,6.09,4.31;
-10.18,2.00,2.20;
-9.22,-7.08,-2.96;
-2.50,-1.43,-6.06;
3.15,1.91,-9.25;
4.87,4.03,-4.08;
5.32,1.45,3.09;
4.17,-2.17,4.12;
-4.03,-2.95,0.08;
-10.23,3.85,-2.73;
-9.74,7.47,0.28;
-5.46,4.15,7.45;
-3.78,-0.85,9.59;
-5.55,-2.55,5.33;
-6.06,1.28,3.34;
-1.77,7.01,6.58;
4.69,8.61,11.91;
9.93,5.12,12.58;
-0.56,6.31,9.68;
-10.45,4.57,9.51;
-10.65,4.61,14.92;
3.38,7.04,22.95;
31.53,5.99,20.99;
41.45,4.99,11.76;
33.38,1.91,7.01;
28.25,0.96,11.48;
24.75,1.09,24.75;
32.17,3.83,37.47;
49.26,8.76,44.47;
53.33,7.38,35.09;
35.15,2.38,27.47;
18.28,3.13,33.97;
34.52,-2.44,48.20;
48.83,3.80,54.90;
40.63,15.34,50.18;
18.98,17.45,43.73;
6.20,12.58,54.40;
6.89,9.44,71.48;
17.64,6.63,78.72;
10.98,11.73,64.43;
8.68,14.09,49.71;
7.84,15.77,48.57;
16.71,11.60,57.31;
8.46,10.49,63.27;
-3.51,13.76,61.91;
-6.85,19.53,62.57;
-3.48,21.85,72.96;
14.11,17.71,75.38;
18.39,14.84,72.58;
8.61,12.80,65.18;
-0.79,9.25,61.21;
9.35,14.99,58.81;
28.39,13.07,55.71;
23.45,18.99,57.44;
10.90,18.37,68.90;
1.67,12.51,78.29;
2.31,13.50,80.23;
7.24,14.52,75.34;
25.88,12.25,63.18;
30.48,9.86,50.93;
18.58,6.54,55.33;
6.72,6.23,63.79;
-4.79,10.34,63.82;
12.23,21.70,60.12;
20.77,28.12,55.31;
25.00,19.15,54.38;
17.06,14.60,50.61;
16.26,13.41,46.99;
17.04,21.94,40.05;
23.93,25.80,42.69;
24.61,25.56,43.25;
13.10,16.84,41.70;
-0.36,16.66,40.40;
2.74,21.47,44.66;
14.81,25.62,43.80;
18.66,15.89,40.09;
4.51,14.60,40.21;
-1.83,16.12,45.41;
-1.29,17.50,48.18;
2.81,16.02,42.25;
20.78,15.71,30.40;
28.17,17.34,26.35;
27.39,14.87,25.71;
19.65,16.83,30.23;
11.22,16.03,32.15;
3.47,14.89,26.98;
-0.71,17.48,20.17;
4.00,17.70,20.28;
9.33,15.96,19.73;
10.55,13.70,15.19;
9.74,14.14,13.30;
4.80,14.60,11.94;
-4.53,13.27,10.84;
-15.86,10.98,8.95;
-18.49,7.79,9.07;
-18.41,6.83,4.87;
-6.99,8.69,-2.47;
3.99,12.52,-4.06;
3.65,10.66,-4.53;
-11.11,7.42,-6.96;
-20.88,6.08,-8.58;
-13.48,3.70,-11.10;
-5.61,6.32,-13.25;
0.84,5.83,-15.36;
2.89,5.10,-16.66;
-8.91,4.00,-15.08;
-20.42,2.73,-13.85;
-22.99,2.00,-12.23;
-20.04,-0.53,-15.36;
-8.64,-0.66,-20.15;
1.32,1.28,-22.33;
2.93,3.09,-22.82;
-2.26,1.30,-21.36;
-11.94,-0.87,-17.01;
-26.04,-1.54,-12.73;
-31.08,-1.43,-14.50;
-19.61,-2.75,-23.05;
-4.78,-0.95,-31.22;
2.61,0.87,-31.65;
-3.90,0.23,-29.82;
-18.10,-1.31,-28.40;
-25.61,0.02,-25.83;
-27.34,3.44,-29.31;
-20.20,2.43,-34.90;
-13.14,2.76,-41.94;
-17.31,4.70,-41.88;
-24.65,4.87,-39.19;
-29.74,0.47,-38.06;
-29.68,-1.43,-41.79;
-21.26,1.39,-46.91;
-20.23,0.92,-51.10;
-21.78,-1.39,-55.54;
-25.87,0.61,-54.53;
-26.09,0.12,-54.62;
-25.42,0.11,-57.39;
-30.49,-1.08,-58.03;
-36.15,-2.17,-59.57;
-46.73,-5.30,-59.80;
-50.27,-7.02,-64.49;
-42.45,-5.92,-67.77;
-32.06,-6.08,-70.85;
-30.70,-6.62,-78.47;
-34.74,-5.75,-85.05;
-34.50,-7.56,-88.11;
-41.07,-11.34,-87.24;
-40.96,-13.36,-85.51;
-32.79,-16.12,-85.71;
-33.74,-22.85,-89.16;
-38.76,-25.56,-92.40;
-48.27,-27.05,-96.81;
-52.00,-26.81,-100.95;
-47.17,-34.56,-97.13;
-42.41,-42.37,-89.45;
-31.89,-46.87,-91.33;
-28.20,-43.48,-101.08;
-22.13,-42.04,-102.99;
-23.00,-45.65,-95.20;
-23.74,-42.43,-86.29;
-15.65,-33.91,-84.66;
-5.43,-31.20,-84.67;
23.82,-35.97,-80.93;
33.80,-37.86,-75.60;
44.86,-31.88,-74.08;
62.71,-33.66,-71.60;
58.74,-32.78,-62.23;
44.58,-24.11,-42.62;
28.58,-14.24,-26.69;
9.01,3.04,-8.56;
-13.57,12.75,-0.21;
-40.91,20.09,1.10;
-54.23,5.01,-3.92;
-41.10,-18.84,-23.85;
-28.09,-16.20,-27.79;
-5.36,2.21,-11.74;
21.64,7.45,8.00;
21.50,4.44,8.66;
18.20,-2.98,-2.44;
3.03,-3.69,-8.88;
-24.82,1.44,-9.95;
-31.74,5.01,-2.09;
-16.82,0.89,1.33;
-8.96,-8.00,1.50;
-13.92,-6.23,0.46;
-18.58,3.91,1.99;
-6.99,2.80,3.39;
-8.61,-4.41,5.10;
-8.27,-10.03,3.25;
-3.80,-8.95,1.79;
-1.68,4.76,3.44;
6.37,11.47,7.10;
5.21,10.51,9.99;
-0.49,1.85,9.77;
-10.49,-2.62,8.98;
-15.20,3.57,9.59;
-10.35,7.54,9.70;
-4.93,10.35,10.09;
-0.41,9.47,11.04;
11.03,6.92,14.34;
18.64,6.52,20.09;
20.10,10.72,23.70;
30.64,10.98,19.91;
29.56,10.60,16.15;
22.90,4.43,12.63;
24.34,1.31,12.41;
22.98,-3.10,16.67;
38.74,-0.27,28.63;
52.63,4.09,35.31;
59.22,9.63,38.90;
37.35,16.52,39.51;
18.00,16.02,39.47;
-4.68,16.40,44.78;
-16.21,12.02,59.99;
3.71,5.47,69.10;
13.42,10.96,61.31;
-0.61,24.47,42.92;
11.82,16.98,38.49;
19.15,5.91,54.66;
33.39,2.23,71.42;
27.41,13.45,75.94;
17.33,21.09,67.96;
3.22,20.57,61.79;
0.74,6.92,57.41;
-1.51,4.47,54.44;
7.42,7.82,56.89;
-2.21,13.27,59.10;
-15.26,17.01,64.98;
-19.07,20.80,73.73;
10.16,20.38,83.83;
19.18,19.10,78.76;
12.43,18.35,66.83;
9.42,11.31,60.58;
5.71,10.28,64.55;
-3.81,18.03,67.54;
-5.57,24.08,66.76;
-3.87,23.42,63.65;
7.24,12.17,58.25;
1.61,15.56,55.02;
4.74,18.61,56.17;
9.10,25.15,58.64;
3.70,22.00,57.22;
-1.02,20.61,51.83;
-9.43,21.73,56.38;
-0.99,20.02,61.71;
22.11,9.50,63.56;
25.90,5.12,57.48;
27.50,4.61,51.22;
10.63,9.13,48.55;
3.80,13.77,54.93;
4.29,9.62,60.15;
5.65,3.48,62.64;
6.11,6.05,52.08;
11.79,10.84,41.73;
19.90,14.96,32.17;
32.02,14.47,33.65;
34.11,13.76,35.85;
31.15,11.51,34.57;
21.22,12.86,29.53;
8.16,13.31,28.92;
6.45,11.47,32.12;
2.87,8.92,37.96;
4.48,10.96,42.76;
-1.78,10.28,38.64;
0.55,6.14,29.31;
5.29,5.62,28.28;
19.12,7.88,33.74;
15.94,12.34,32.92;
14.06,11.63,29.57;
11.39,5.38,24.38;
10.75,4.96,20.35;
3.82,10.37,19.33;
-4.41,11.76,20.47;
-4.49,9.44,18.05;
1.45,6.23,15.24;
4.11,5.92,11.31;
1.99,5.83,7.02;
3.30,7.47,6.76;
6.42,6.47,7.86;
2.74,2.34,3.62;
-2.84,2.61,-1.22;
-7.83,4.76,-3.63;
-8.30,3.18,-2.40;
-4.73,2.96,-3.60;
-1.95,5.09,-6.30;
-5.02,5.47,-12.58;
-4.81,6.57,-15.57;
-7.20,7.68,-15.33;
-6.97,8.31,-13.75;
-9.92,5.70,-11.83;
-6.07,3.62,-14.47;
-2.26,5.13,-18.26;
-2.67,4.93,-22.64;
-1.98,4.40,-20.98;
-11.42,6.72,-19.46;
-18.09,4.52,-19.08;
-22.27,4.23,-20.62;
-19.26,7.21,-21.57;
-15.20,8.51,-23.45;
-10.13,8.76,-23.80;
-7.81,9.63,-26.09;
-10.33,10.96,-26.09;
-17.86,11.56,-26.58;
-30.68,10.20,-27.30;
-34.78,8.99,-23.74;
-34.36,11.86,-22.01;
-27.43,8.44,-26.08;
-20.88,5.18,-32.76;
-14.42,3.97,-37.01;
-7.95,3.39,-35.10;
-6.90,5.13,-30.81;
-8.52,4.69,-30.04;
-18.67,1.62,-34.69;
-23.20,-3.01,-40.12;
-17.46,0.25,-40.06;
-13.57,6.31,-38.79;
-8.03,1.88,-41.72;
-4.50,-1.17,-45.69;
-9.78,1.74,-47.22;
-22.44,2.60,-49.28;
-25.98,-0.12,-51.34;
-19.11,0.38,-51.39;
-14.06,-0.88,-51.37;
-16.99,-3.62,-56.46;
-24.15,-3.20,-61.40;
-33.03,-0.29,-62.72;
-48.16,-3.54,-60.78;
-49.36,-7.74,-62.29;
-44.52,-9.16,-66.75;
-27.75,-8.20,-70.52;
-18.73,-9.01,-76.15;
-10.15,-12.24,-82.72;
-10.10,-15.56,-87.02;
-14.33,-15.85,-90.11;
-10.10,-17.14,-92.37;
-15.94,-20.76,-90.53;
-24.09,-25.86,-84.96;
-40.67,-29.34,-82.85;
-44.90,-30.04,-86.66;
-41.81,-30.21,-94.40;
-31.37,-34.91,-97.95;
-26.76,-39.85,-97.42;
-26.21,-43.65,-94.67;
-12.78,-43.86,-97.88;
4.60,-44.21,-100.17;
28.60,-51.65,-101.19;
34.37,-50.96,-101.82;
33.87,-44.78,-101.20;
32.81,-39.88,-98.67;
37.77,-39.16,-89.48;
37.21,-35.57,-76.53;
22.06,-32.66,-69.16;
4.16,-23.79,-53.63;
8.03,-14.09,-33.94;
13.00,-6.03,-26.29;
29.74,-11.22,-27.80;
19.80,-7.49,-28.38;
3.30,-1.65,-26.69;
1.21,1.38,-19.01;
1.06,1.04,-11.75;
0.28,-7.72,-8.44;
-8.91,-4.32,-13.80;
-7.66,-4.87,-23.46;
-3.05,-0.76,-18.12;
9.09,6.75,-7.75;
19.04,3.97,-1.16;
14.52,2.78,-0.98;
-2.71,2.47,-3.50;
-15.37,4.00,-4.78;
-25.80,6.28,-4.72;
-22.99,1.80,-1.79;
-13.05,-4.35,-2.30;
6.77,-6.95,-3.59;
14.98,-2.81,-2.04;
12.86,6.23,2.25;
10.35,8.98,6.84;
-11.92,8.60,11.68;
-32.00,6.44,15.12;
-36.74,1.05,16.02;
-33.39,1.89,15.83;
-18.70,5.21,14.89;
-1.43,5.10,12.93;
17.59,3.62,9.57;
27.93,1.25,9.27;
23.01,3.47,14.06;
19.55,5.60,19.67;
18.35,9.51,25.13;
13.27,7.85,24.61;
3.73,6.26,21.63;
-10.74,3.01,22.05;
-10.71,0.99,30.06;
4.43,5.62,34.57;
36.75,7.02,29.16;
43.44,7.71,21.12;
42.61,5.38,18.38;
38.95,2.98,22.67;
41.35,4.64,37.94;
52.64,2.41,49.19;
48.51,4.25,44.41;
20.84,8.23,28.80;
-5.19,7.68,28.75;
-10.85,3.07,42.37;
-9.23,7.13,57.94;
0.46,11.48,61.05;
-2.33,19.62,50.64;
2.40,20.06,43.05;
6.97,16.98,43.67;
12.31,6.99,50.12;
15.51,4.35,54.03;
22.89,9.45,55.74;
20.72,15.80,58.40;
10.23,18.17,57.65;
12.43,15.38,48.95;
18.05,10.15,44.73;
8.13,6.64,44.95;
-0.12,6.20,54.43;
-7.86,19.68,66.05;
6.55,21.77,74.90;
-0.18,22.40,77.57;
-5.61,5.65,76.15;
13.73,-4.33,65.96;
24.48,-4.46,55.83;
24.72,4.87,48.99;
26.48,9.36,58.57;
27.87,9.68,65.56;
21.38,5.63,54.75;
18.64,10.00,47.92;
16.05,14.38,58.43;
12.45,14.92,62.52;
11.48,10.63,55.76;
14.89,7.89,47.68;
17.56,7.62,46.73;
18.97,5.97,51.04;
20.25,4.15,57.09;
34.52,8.47,52.47;
27.48,13.65,41.86;
15.47,12.51,31.21;
1.22,16.12,34.09;
-3.34,18.46,44.84;
0.14,20.18,50.92;
16.92,15.67,45.57;
15.74,15.83,34.54;
8.17,15.96,26.67;
-0.73,17.45,30.92;
5.51,16.08,41.96;
9.48,11.71,43.39;
10.68,5.01,39.31;
11.97,7.74,33.82;
15.47,11.76,31.65;
21.19,11.38,25.63;
33.84,9.53,22.58;
35.07,11.54,24.92;
21.71,13.77,30.25;
9.55,16.89,28.60;
4.02,15.85,25.96;
4.46,14.32,23.74;
10.61,13.28,24.64;
16.55,14.43,22.58;
20.81,15.12,15.54;
18.48,12.93,11.92;
11.45,9.57,11.25;
-0.97,9.86,14.26;
1.19,11.79,15.21;
8.95,11.15,9.97;
13.22,11.48,0.87;
6.51,9.83,-3.83;
-2.21,8.58,0.00;
-10.16,7.33,5.73;
-9.45,5.45,4.26;
-4.49,6.66,-2.98;
0.46,6.44,-6.35;
-4.15,6.78,-8.69;
-11.31,5.88,-9.13;
-15.11,3.96,-7.94;
-14.62,1.02,-9.43;
-7.22,2.52,-12.69;
-0.99,4.90,-11.94;
-3.71,5.53,-12.55;
-15.71,5.05,-13.50;
-27.60,3.05,-12.98;
-28.29,1.59,-15.16;
-20.58,2.49,-20.62;
-3.29,5.73,-23.75;
4.77,6.52,-21.92;
-3.51,5.77,-21.19;
-20.53,4.11,-20.35;
-33.20,3.15,-20.12;
-33.45,2.34,-20.72;
-22.33,2.63,-25.45;
-9.37,3.41,-31.28;
-4.38,4.21,-35.53;
-12.21,3.48,-36.49;
-22.49,1.94,-37.43;
-33.52,2.05,-33.75;
-31.68,4.14,-28.18;
-26.52,4.70,-31.17;
-20.85,1.44,-44.12;
-19.36,0.64,-50.17;
-21.45,2.28,-45.71;
-30.24,-0.06,-40.00;
-31.74,-0.99,-40.59;
-29.20,-0.62,-44.84;
-22.68,-0.82,-50.40;
-19.57,-1.72,-53.68;
-20.49,-3.89,-53.63;
-18.03,-5.04,-53.60;
-20.67,-4.61,-57.46;
-27.60,-3.05,-61.24;
-31.31,-3.94,-63.95;
-39.97,-4.17,-63.98;
-44.26,-5.25,-64.49;
-48.88,-7.51,-70.03;
-48.39,-6.38,-77.48;
-43.17,-5.37,-79.43;
-37.87,-6.03,-83.08;
-38.26,-8.72,-90.79;
-35.95,-10.53,-92.87;
-46.52,-13.91,-94.29;
-55.37,-12.73,-95.72;
-37.94,-16.95,-93.10;
-30.76,-22.95,-92.96;
-22.94,-29.49,-94.84;
-31.40,-33.92,-100.23;
-43.60,-33.86,-99.53;
-55.22,-34.82,-93.22;
-56.44,-45.27,-86.08;
-49.07,-48.93,-83.19;
-24.61,-46.62,-80.24;
-7.48,-42.46,-75.56;
-0.13,-31.71,-71.53;
6.84,-21.77,-68.59;
17.50,-12.29,-68.20;
30.78,-14.09,-65.97;
36.83,-13.89,-63.68;
54.93,-22.32,-57.72;
58.43,-29.04,-48.64;
51.76,-24.82,-42.03;
40.19,-22.20,-37.14;
14.45,-14.75,-39.28;
1.77,-14.37,-35.89;
-0.29,-14.70,-27.28;
3.39,4.17,-14.47;
15.67,12.72,-4.72;
6.54,12.20,-0.70;
-23.16,8.78,-2.14;
-37.03,6.49,-8.61;
-17.77,0.92,-13.66;
-3.14,-3.88,-13.65;
16.54,-0.96,-6.32;
22.71,1.01,-1.68;
17.30,0.02,-2.23;
1.16,3.65,-4.91;
-14.16,6.51,-3.75;
-22.06,2.78,-0.98;
-32.04,-1.39,0.69;
-38.30,-3.48,-0.49;
-33.94,-2.59,-1.43;
-21.55,2.23,0.83;
-7.83,5.85,4.03;
5.58,6.95,6.08;
10.52,6.40,5.77;
5.33,4.99,6.17;
-7.69,2.20,6.52;
-19.17,3.83,7.15;
-13.03,2.66,5.86;
-7.75,4.05,4.26;
-7.52,6.05,6.08;
-7.40,6.12,8.05;
-5.77,7.67,8.81;
1.03,6.64,9.91;
10.89,7.05,12.40;
17.50,8.78,15.04;
16.23,5.99,13.68;
13.36,1.70,13.28;
17.70,-1.02,12.34;
24.40,-0.81,14.20;
37.13,1.36,22.29;
53.26,2.63,31.09;
66.63,4.08,32.08;
65.50,0.83,26.92;
52.06,-3.19,27.74;
54.11,-2.88,39.19;
77.32,3.18,47.34;
89.82,5.41,44.40;
65.33,7.59,32.28;
43.00,6.54,30.61;
28.23,3.38,39.80;
22.64,3.39,52.05;
9.87,11.97,54.43;
-3.36,11.18,51.25;
-30.73,7.91,44.00;
-43.37,10.29,48.99;
-31.89,17.19,57.99;
0.17,19.01,62.60;
11.26,12.95,57.24;
10.29,4.83,55.88;
8.92,3.28,62.70;
10.64,8.43,72.96;
19.64,10.03,68.89;
31.99,8.58,58.38;
36.40,9.53,50.99;
20.08,9.10,52.61;
8.49,11.76,59.97;
8.14,11.91,72.21;
11.50,14.93,74.80;
1.61,18.51,60.61;
-2.90,22.43,48.49;
14.74,28.26,46.18;
28.51,28.14,61.01;
23.03,24.70,64.98;
12.11,18.03,64.64;
-15.20,13.33,67.15;
-16.03,24.21,72.11;
-1.25,25.67,60.08;
7.42,23.15,45.53;
26.54,14.35,43.10;
39.19,12.26,49.96;
29.48,14.26,52.12;
6.66,24.64,48.20;
-2.55,28.66,47.10;
-3.17,27.82,46.18;
-4.35,20.98,49.42;
1.04,20.67,49.34;
2.78,22.95,50.37;
-1.40,23.56,41.86;
-2.65,24.05,34.28;
9.55,21.76,30.98;
19.47,17.86,24.99;
25.84,21.77,24.93;
33.97,22.72,34.50;
31.16,18.05,39.41;
11.79,15.92,33.71;
-3.17,22.37,26.38;
-4.61,24.63,27.44;
2.93,16.47,31.67;
5.58,10.66,31.05;
10.23,10.11,27.60;
16.84,14.78,20.15;
24.89,16.64,16.15;
21.39,14.17,15.56;
6.61,12.12,17.44;
-8.04,10.64,23.25;
-5.65,9.19,25.19;
2.80,8.03,18.54;
9.16,9.48,10.37;
6.31,8.11,8.78;
3.96,6.06,13.33;
10.63,5.73,11.73;
11.39,6.83,8.09;
6.46,4.60,2.95;
-1.63,5.51,1.48;
-9.65,6.64,8.61;
-7.92,6.40,10.80;
-6.79,6.34,5.67;
-10.20,7.18,-3.48;
-13.68,5.59,-6.08;
-11.17,6.08,0.64;
-5.60,4.98,6.43;
-0.03,2.52,2.44;
-1.95,-0.70,-5.82;
2.90,-1.83,-15.39;
-2.61,-0.85,-13.42;
-2.49,1.07,-9.27;
-2.87,1.57,-5.68;
-8.18,-1.34,-10.81;
-14.64,1.86,-17.05;
-22.64,5.28,-15.48;
-26.82,1.44,-14.38;
-14.10,0.00,-12.98;
-2.96,1.63,-12.59;
9.33,0.34,-16.44;
5.96,1.05,-21.56;
-6.52,4.70,-23.46;
-26.59,3.34,-23.20;
-34.81,1.47,-23.80;
-25.80,2.80,-22.15;
-7.60,3.91,-19.98;
1.12,4.12,-23.10;
-3.81,4.84,-29.42;
-17.36,4.60,-31.25;
-31.75,0.61,-31.75;
-33.90,1.16,-28.78;
-27.61,0.87,-25.68;
-19.34,0.21,-29.83;
-14.38,0.41,-37.42;
-15.23,1.44,-41.50;
-24.01,-2.47,-44.41;
-24.12,-3.13,-44.12;
-23.05,-0.90,-42.58;
-16.53,-0.59,-47.07;
-14.33,0.51,-52.46;
-19.26,-1.19,-56.44;
-26.85,-0.84,-56.52;
-31.92,-1.30,-54.44;
-35.03,-3.24,-55.27;
-32.71,-3.79,-58.55;
-24.93,-4.24,-61.36;
-22.39,-3.65,-65.72;
-26.47,-5.68,-71.22;
-23.07,-5.17,-73.46;
-27.10,-6.55,-75.69;
-28.07,-9.34,-77.04;
-30.29,-9.56,-76.08;
-34.06,-12.75,-77.48;
-35.02,-15.68,-81.57;
-34.20,-18.64,-85.10;
-37.48,-22.98,-87.04;
-37.83,-26.06,-88.06;
-43.61,-26.41,-87.33;
-48.65,-26.06,-83.19;
-58.58,-27.37,-77.91;
-68.41,-31.19,-76.98;
-71.72,-32.81,-74.95;
-69.00,-34.72,-70.72;
-60.04,-36.98,-67.77;
-42.58,-34.27,-68.44;
-26.81,-28.12,-70.90;
6.02,-22.85,-76.81;
28.10,-29.01,-79.10;
46.00,-36.30,-78.43;
50.77,-32.73,-71.17;
35.64,-22.35,-63.34;
32.90,-15.48,-55.83;
29.68,-16.44,-50.37;
16.52,-22.84,-51.74;
9.01,-27.74,-55.60;
5.90,-30.79,-54.46;
11.51,-25.80,-44.82;
25.48,-17.49,-37.72;
33.73,-14.50,-30.00;
23.22,-5.60,-22.17;
15.80,0.32,-14.33;
2.95,8.12,-4.95;
-17.31,13.63,1.30;
-35.65,10.08,3.56;
-43.61,0.61,3.65;
-40.58,-7.71,-4.40;
-19.03,-8.79,-15.68;
-2.84,-4.38,-17.11;
17.71,3.48,-8.41;
29.53,5.70,-0.01;
26.23,6.25,1.54;
12.57,4.18,1.13;
-3.34,4.35,1.12;
-14.76,5.65,-0.03;
-18.59,0.75,0.29;
-31.55,-3.88,2.11;
-38.82,-2.15,2.58;
-32.50,2.05,3.76;
-9.37,7.15,4.95;
7.79,4.14,5.94;
8.97,1.94,6.28;
0.51,2.54,6.93;
-10.85,4.15,7.53;
-15.42,5.18,6.34;
-12.16,2.43,4.78;
-10.44,0.75,4.58;
-5.95,3.67,6.86;
0.66,7.13,8.44;
1.00,9.62,10.03;
3.51,8.90,11.62;
5.80,5.57,10.80;
11.90,8.32,10.00;
13.27,7.80,8.29;
29.13,1.13,8.67;
39.91,-2.04,7.44;
51.97,-4.40,4.32;
54.31,-0.37,3.86;
58.00,0.55,7.77;
59.38,0.46,15.47;
52.20,1.36,18.69;
39.67,1.67,14.93;
10.95,4.61,14.67;
-9.54,5.04,20.96;
-19.60,1.34,32.66;
-8.74,0.83,37.48;
3.12,3.71,33.68;
16.29,4.06,26.40;
23.00,3.15,24.50;
31.38,2.64,32.80;
46.84,4.70,46.86;
54.55,9.54,50.58;
38.54,10.73,42.02;
25.96,8.96,40.93;
11.50,4.44,51.63;
11.15,2.92,60.70;
11.10,7.83,64.14;
-3.39,17.15,54.98;
-2.33,14.89,45.18;
6.13,8.03,48.03;
11.59,3.62,63.38;
16.14,11.80,73.91;
15.09,18.43,72.17;
2.42,26.81,59.68;
-1.00,24.28,51.33;
2.52,17.36,50.41;
3.19,6.02,62.14;
-4.78,9.09,75.41;
2.77,14.57,78.89;
5.58,20.66,74.50;
7.50,20.14,66.67;
12.13,12.73,63.91;
5.04,10.29,61.85;
4.34,13.57,56.96;
5.16,19.34,64.20;
7.03,19.79,70.73;
5.74,22.08,71.27;
-2.81,19.09,57.39;
-4.20,18.52,47.89;
9.42,19.59,52.72;
25.65,22.09,63.77;
22.16,25.56,68.87;
13.59,21.39,69.07;
-1.43,14.11,60.37;
-7.78,16.00,58.14;
-5.31,21.19,54.25;
4.49,19.70,46.92;
22.42,22.93,43.71;
27.96,23.30,39.48;
22.48,23.96,38.12;
9.22,23.62,44.98;
4.35,24.83,50.63;
6.11,20.81,48.03;
12.98,17.70,36.06;
17.67,18.72,25.83;
26.87,20.90,23.45;
22.86,22.87,24.64;
10.77,26.06,33.18;
4.80,25.85,39.76;
-12.96,17.91,35.65;
-13.77,14.67,29.12;
-1.77,18.09,25.77;
17.94,19.99,24.29;
31.15,15.68,21.99;
29.65,11.34,18.37;
11.10,11.54,15.22;
-11.28,11.68,16.02;
-16.76,11.09,16.96;
-7.34,11.18,16.80;
1.33,12.49,15.51;
8.77,11.12,10.76;
3.82,13.18,7.24;
-5.83,10.51,5.85;
-7.74,7.63,8.06;
-5.05,3.70,8.64;
0.19,7.47,3.62;
-1.22,7.86,-2.93;
-10.41,7.28,-7.05;
-18.49,6.86,-0.84;
-26.74,6.29,3.01;
-22.13,4.49,-1.68;
-10.56,2.17,-9.34;
4.42,0.46,-17.79;
8.86,3.24,-19.20;
1.01,2.47,-16.76;
-8.96,2.67,-12.18;
-21.84,4.29,-13.31;
-26.09,3.89,-16.59;
-25.81,4.09,-17.17;
-21.19,5.25,-16.29;
-12.06,5.18,-17.45;
-5.40,5.05,-17.82;
0.75,2.55,-19.68;
-4.52,-1.28,-22.30;
-14.56,-1.08,-21.34;
-22.15,1.57,-19.79;
-24.65,3.18,-19.97;
-23.77,1.86,-22.75;
-15.55,0.18,-26.70;
-11.13,0.17,-27.50;
-4.99,3.89,-25.11;
-6.58,4.90,-27.43;
-11.66,2.87,-30.18;
-23.34,2.93,-29.79;
-29.58,0.84,-28.24;
-31.98,-1.60,-28.24;
-27.14,-0.84,-31.28;
-21.07,1.42,-34.55;
-19.57,2.11,-37.22;
-19.98,-0.08,-40.75;
-22.65,-0.56,-39.91;
-18.23,0.35,-39.43;
-13.43,0.26,-43.80;
-10.16,0.93,-49.63;
-10.30,3.39,-49.10;
-21.87,0.64,-47.53;
-37.51,-1.77,-47.39;
-42.15,-2.55,-46.08;
-39.66,-3.27,-48.08;
-30.59,-3.36,-52.00;
-25.66,-6.75,-57.13;
-20.94,-6.58,-60.47;
-19.78,-5.34,-59.74;
-23.40,-5.04,-57.10;
-25.22,-8.01,-59.01;
-16.45,-7.11,-61.85;
-12.96,-6.52,-64.43;
-11.31,-9.20,-69.24;
-11.05,-11.07,-75.66;
-16.27,-11.16,-77.83;
-24.04,-12.69,-75.17;
-33.54,-15.36,-74.53;
-45.34,-16.81,-77.39;
-43.25,-16.33,-75.17;
-42.94,-19.04,-74.55;
-40.35,-18.00,-79.24;
-25.40,-18.08,-84.91;
-22.04,-19.63,-86.73;
-24.62,-22.73,-83.89;
-28.26,-29.72,-75.10;
-34.50,-33.77,-65.13;
-40.90,-35.94,-55.45;
-40.06,-33.79,-52.55;
-33.66,-31.83,-59.65;
-32.50,-29.66,-68.06;
-32.33,-25.74,-71.92;
-13.51,-20.90,-65.98;
28.55,-29.22,-62.41;
48.28,-41.56,-64.95;
53.29,-33.40,-73.83;
54.32,-28.01,-74.75;
40.22,-27.01,-68.14;
30.16,-23.88,-63.51;
15.09,-18.96,-60.46;
8.57,-19.53,-54.70;
19.47,-19.72,-39.30;
25.03,-13.75,-27.56;
26.26,-4.44,-20.52;
22.06,11.54,-15.45;
20.77,11.65,-9.04;
2.39,10.49,-7.56;
-1.19,-0.03,-12.52;
-10.13,-10.14,-18.32;
-22.52,-4.69,-14.46;
-11.51,-1.59,-6.88;
-1.45,-1.43,-4.15;
2.92,-1.56,-8.09;
0.42,-1.22,-9.43;
-4.79,0.72,-6.01;
-7.65,1.38,-2.06;
-8.61,4.69,-0.90;
-12.84,9.28,-2.75;
-12.20,7.51,-0.29;
-11.20,-0.09,3.63;
-3.98,-4.81,2.55;
-0.99,-3.24,-2.95;
0.83,3.12,-7.75;
2.14,6.55,-6.01;
2.87,5.79,-2.50;
7.07,1.99,1.88;
4.84,4.37,2.50;
2.39,6.54,3.01;
-5.11,6.54,5.50;
-10.09,7.07,8.44;
-14.55,4.58,9.02;
-18.87,4.78,8.63;
-21.25,6.92,9.45;
-21.25,6.37,9.30;
-19.94,5.33,10.46;
-17.46,5.33,10.76;
-11.23,5.48,8.84;
-3.00,5.47,5.18;
5.87,4.90,2.54;
13.77,8.02,3.86;
22.37,10.03,6.61;
24.90,11.51,8.66;
24.68,9.30,10.61;
27.93,5.53,12.28;
32.23,2.46,13.18;
30.03,2.31,15.41;
15.09,6.76,23.94;
0.23,13.62,39.04;
-5.16,18.26,51.54;
-9.26,21.34,58.78;
-20.13,19.09,60.57;
-14.97,18.83,60.72;
17.38,17.28,56.81;
33.64,16.76,50.84;
31.38,16.40,39.89;
32.54,18.46,35.68;
40.98,19.77,46.18;
46.26,15.47,58.83;
26.35,13.48,61.63;
3.27,13.39,57.16;
-11.81,12.29,57.85;
-20.01,13.54,62.06;
-1.29,13.68,68.40;
8.66,7.34,63.48;
10.80,2.98,53.09;
19.22,0.44,44.41;
32.23,5.56,50.02;
55.32,8.11,64.96;
58.68,2.86,78.84;
45.51,5.89,73.34;
28.61,5.50,52.54;
14.16,4.80,43.45;
6.98,7.22,56.02;
6.68,6.02,70.96;
8.14,0.47,70.08;
-7.42,1.63,56.50;
-9.10,11.31,48.34;
4.54,16.84,53.83;
28.14,17.48,56.84;
41.13,5.76,52.47;
41.93,3.71,50.35;
41.73,8.46,52.06;
17.06,14.60,51.42;
-7.98,16.70,48.34;
-18.06,16.11,48.32;
-3.49,11.13,49.97;
13.45,10.15,45.44;
28.49,13.73,39.74;
29.53,15.19,36.73;
20.90,18.80,40.98;
11.13,18.67,48.89;
6.20,14.80,51.25;
-5.75,13.44,46.49;
-8.53,14.49,35.96;
-8.27,15.05,33.85;
7.21,15.04,38.09;
18.25,13.85,40.64;
20.25,14.28,38.61;
14.68,13.42,34.08;
6.66,16.20,30.25;
1.12,14.32,26.31;
-2.45,16.84,24.57;
1.13,15.28,24.12;
3.35,17.74,23.99;
5.87,18.69,24.80;
5.10,16.70,20.44;
0.13,11.73,16.54;
-0.64,12.87,15.54;
-0.47,14.52,14.29;
0.75,13.50,13.71;
-5.68,10.40,15.51;
-7.55,8.73,13.04;
-9.74,8.46,11.01;
-3.57,9.53,11.07;
3.82,10.78,12.67;
9.09,8.63,12.90;
5.73,8.41,13.13;
-4.13,7.41,12.29;
-14.35,6.75,5.88;
-12.47,6.12,3.56;
-0.41,5.97,1.91;
5.50,8.31,1.92;
-0.99,7.01,0.80;
-8.93,3.10,-2.43;
-11.13,3.60,-2.55;
-9.32,3.63,-4.64;
-4.76,7.16,-6.96;
-3.16,7.57,-8.47;
-10.12,6.52,-10.93;
-17.80,7.57,-9.08;
-19.77,7.24,-8.30;
-13.87,7.82,-8.75;
-9.20,7.07,-13.31;
-10.09,8.32,-17.74;
-13.52,10.64,-17.71;
-20.42,10.18,-15.33;
-26.97,9.73,-11.69;
-30.74,9.68,-13.54;
-31.36,8.05,-16.52;
-25.52,9.10,-17.88;
-16.47,8.20,-18.18;
-11.39,5.36,-21.02;
-6.99,1.62,-23.07;
-8.64,-0.93,-24.96;
-8.24,-1.98,-25.79;
-8.61,-2.43,-26.12;
-7.72,-4.00,-25.05;
-8.26,-4.12,-24.99;
-13.29,-2.70,-28.91;
-14.87,-1.19,-31.07;
-16.06,1.13,-29.62;
-13.00,-0.24,-32.78;
-13.66,0.23,-35.14;
-13.43,1.15,-36.20;
-16.01,4.54,-38.43;
-18.99,2.90,-39.86;
-19.05,0.99,-42.47;
-15.97,0.93,-42.53;
-18.13,1.31,-40.90;
-20.81,-2.15,-42.75;
-22.59,-3.07,-46.37;
-19.78,-2.08,-52.49;
-18.64,-0.17,-54.30;
-19.98,-2.14,-57.31;
-22.06,-2.32,-59.88;
-27.08,-2.47,-58.00;
-31.86,-2.21,-56.21;
-33.19,-1.71,-53.97;
-32.18,-4.03,-56.93;
-32.38,-4.33,-64.90;
-25.03,-5.28,-69.28;
-26.41,-6.91,-72.84;
-31.83,-7.11,-72.66;
-40.06,-7.75,-68.72;
-42.53,-7.72,-67.97;
-36.32,-5.86,-67.86;
-25.08,-11.56,-72.01;
-28.00,-14.79,-80.08;
-31.25,-14.73,-82.73;
-36.12,-13.62,-77.25;
-39.34,-11.49,-71.63;
-40.47,-17.51,-71.37;
-42.50,-19.22,-73.14;
-39.90,-21.37,-73.59;
-32.26,-20.95,-73.27;
-25.71,-23.42,-72.03;
-15.23,-26.17,-70.95;
-9.02,-24.69,-70.21;
-7.08,-24.03,-69.68;
-22.41,-21.75,-64.61;
-19.48,-25.80,-57.82;
-16.47,-28.88,-58.08;
-5.52,-36.49,-67.51;
6.58,-38.66,-73.50;
13.06,-34.67,-77.05;
20.03,-32.78,-74.91;
31.29,-41.11,-70.91;
31.51,-50.29,-65.98;
26.81,-40.70,-51.43;
11.42,-15.83,-28.87;
-5.61,9.02,-2.18;
-19.92,25.92,8.63;
-31.20,25.56,9.83;
-38.76,10.32,3.01;
-46.16,-2.85,-7.22;
-31.71,-4.11,-8.64;
-10.74,-3.94,-4.47;
2.64,-0.99,-1.01;
11.87,4.23,-1.77;
18.57,2.38,-4.50;
19.90,-0.53,-4.91;
5.32,-1.10,-5.34;
-6.53,0.73,-4.04;
-14.62,-0.58,-0.90;
-15.03,-0.37,-1.83;
-11.36,1.97,-2.96;
-8.91,5.44,-0.46;
-8.55,5.65,3.47;
-4.78,1.65,3.30;
-3.52,-1.05,1.57;
-3.57,1.12,-0.76;
0.89,7.31,-0.50;
2.95,8.67,1.67;
3.80,5.38,4.26;
1.97,3.31,5.33;
0.42,2.15,4.20;
2.72,-0.08,4.41;
6.40,0.72,7.44;
17.51,2.54,8.67;
20.89,3.79,8.37;
26.29,3.10,7.96;
28.54,3.13,10.90;
33.10,4.14,14.87;
44.78,1.16,15.89;
47.19,3.80,15.51;
45.18,5.47,14.15;
39.47,3.82,17.65;
42.43,1.42,27.53;
47.01,2.11,33.89;
46.87,3.63,33.47;
35.12,7.80,31.92;
22.89,9.80,37.13;
20.48,11.50,43.51;
30.90,12.55,43.77;
23.82,14.84,40.81;
18.51,19.25,42.20;
27.74,15.50,42.54;
34.83,4.40,45.63;
24.23,3.76,49.05;
12.16,10.92,51.05;
11.68,19.07,50.93;
9.33,17.88,53.16;
6.54,14.72,51.86;
17.58,2.31,47.36;
14.97,2.20,50.55;
10.29,9.38,55.07;
1.71,14.03,56.44;
-5.75,15.21,59.27;
-3.60,15.12,60.67;
8.29,11.82,58.60;
25.07,1.70,50.43;
21.09,6.29,45.34;
25.74,10.43,50.12;
24.64,15.48,57.83;
20.83,16.87,61.94;
16.78,14.20,60.95;
5.03,13.39,54.28;
2.39,14.00,48.40;
6.84,16.32,54.20;
3.73,17.65,59.02;
-3.68,16.83,59.99;
-10.65,17.25,59.68;
-5.55,16.54,57.76;
-4.38,16.00,53.77;
4.14,14.83,49.96;
15.91,11.96,43.63;
35.93,10.29,43.39;
26.42,13.53,40.67;
5.51,17.89,42.12;
-6.56,21.60,44.75;
-4.41,19.80,46.78;
-2.24,18.46,43.18;
6.66,16.35,37.51;
12.98,17.09,33.57;
19.65,17.54,34.54;
17.07,19.79,34.38;
8.84,16.09,34.03;
-3.23,16.02,37.10;
-4.87,14.57,37.70;
-5.48,13.97,32.15;
4.08,15.39,26.64;
6.66,18.47,27.54;
8.14,17.71,30.32;
7.96,15.07,32.34;
5.26,12.69,28.89;
5.27,12.51,28.52;
3.67,14.03,33.47;
2.10,13.30,34.58;
1.07,9.99,29.68;
-3.66,6.69,24.95;
-2.09,7.88,21.89;
1.97,7.42,23.71;
5.68,7.16,22.60;
10.37,7.53,20.67;
14.57,10.06,14.14;
8.78,10.72,10.92;
5.22,10.54,16.58;
-0.61,9.63,20.44;
-1.66,9.62,20.31;
-5.90,7.13,16.08;
-2.76,8.52,12.34;
-1.17,8.73,10.92;
0.72,8.40,9.71;
5.96,8.29,8.28;
5.48,10.89,6.06;
-1.10,12.72,3.91;
-13.83,9.80,0.98;
-16.53,8.44,4.25;
-12.79,7.16,6.67;
-3.90,6.23,3.15;
7.73,6.25,-3.98;
9.48,5.99,-5.98;
4.71,4.37,-4.29;
-10.26,2.87,-1.54;
-20.30,2.38,-6.23;
-16.30,5.16,-12.08;
-6.84,8.54,-13.02;
-7.20,9.27,-10.85;
-12.65,7.57,-8.29;
-14.10,6.14,-9.17;
-8.96,4.78,-14.03;
-0.06,5.48,-17.08;
2.37,3.53,-17.71;
-3.97,0.51,-17.95;
-12.13,1.18,-17.68;
-17.39,2.29,-18.29;
-20.36,0.86,-19.62;
-17.66,1.76,-20.79;
-12.03,4.92,-19.85;
-7.83,7.76,-20.14;
-8.24,7.83,-22.64;
-12.09,6.60,-25.28;
-15.68,5.47,-24.15;
-17.54,3.47,-22.78;
-14.35,3.02,-21.86;
-13.49,1.53,-23.85;
-14.41,1.12,-27.77;
-19.60,1.36,-29.17;
-22.21,-0.11,-30.30;
-19.26,0.31,-28.59;
-9.84,0.47,-28.27;
-0.67,0.00,-30.46;
-0.03,0.32,-32.01;
-10.91,-1.59,-34.59;
-19.36,-3.86,-35.53;
-22.53,-3.54,-33.69;
-23.19,-0.29,-33.46;
-21.77,0.92,-37.82;
-22.00,-0.46,-43.05;
-18.81,0.21,-44.84;
-21.03,0.08,-41.80;
-20.12,-0.43,-40.64;
-14.84,-0.01,-42.84;
-14.82,-0.93,-47.30;
-20.99,-3.88,-49.42;
-24.58,-4.98,-49.13;
-26.99,-4.53,-46.69;
-20.30,-4.23,-45.48;
-17.16,-5.27,-48.40;
-17.86,-6.58,-54.30;
-13.40,-7.60,-58.58;
-14.93,-5.07,-58.82;
-12.15,-4.91,-58.62;
-14.65,-8.41,-64.50;
-16.26,-9.11,-66.79;
-23.87,-9.08,-64.23;
-28.62,-10.49,-62.49;
-32.61,-12.91,-63.14;
-36.13,-16.21,-63.74;
-38.21,-16.98,-65.60;
-32.45,-15.83,-64.81;
-30.42,-15.51,-66.12;
-21.42,-16.62,-66.53;
-22.73,-16.30,-67.54;
-26.26,-16.66,-66.88;
-33.87,-16.03,-62.08;
-35.05,-15.49,-57.72;
-36.90,-18.96,-56.79;
-38.85,-19.77,-60.53;
-36.44,-18.99,-62.04;
-29.05,-19.05,-61.01;
-19.29,-18.56,-61.57;
-3.69,-21.57,-57.37;
1.33,-25.53,-54.30;
5.26,-26.44,-57.16;
7.96,-25.53,-61.28;
5.94,-31.60,-62.03;
-3.20,-39.62,-60.93;
-9.55,-45.86,-56.93;
-10.59,-45.43,-54.26;
-9.13,-40.43,-54.90;
-4.30,-31.60,-55.57;
0.74,-25.33,-51.30;
7.48,-23.34,-42.52;
13.61,-13.86,-30.81;
15.50,3.71,-9.42;
4.02,15.36,5.85;
-16.00,17.53,11.05;
-31.87,13.83,8.75;
-44.73,3.12,-4.23;
-33.29,-3.75,-11.82;
-18.39,-2.91,-8.88;
7.68,0.72,-1.31;
17.94,1.65,3.38;
13.99,2.76,2.32;
6.61,3.39,-1.95;
-2.79,1.36,-4.29;
-13.31,1.24,-4.55;
-16.20,0.37,-2.75;
-7.65,-2.78,-3.28;
0.98,-5.40,-3.97;
2.81,-3.02,-0.40;
4.17,2.73,5.73;
8.14,4.66,8.61;
4.87,5.51,5.86;
-3.23,3.80,2.00;
-5.66,1.18,1.71;
-4.73,2.49,4.15;
3.67,6.72,6.03;
18.64,6.67,5.60;
26.95,5.80,3.80;
27.84,6.00,2.14;
28.87,4.47,3.70;
27.73,6.55,9.19;
27.16,7.71,14.90;
30.34,7.13,20.00;
28.95,6.38,20.92;
21.70,6.81,21.83;
18.90,6.99,23.21;
18.55,7.24,27.44;
30.61,7.41,30.20;
44.22,4.84,30.35;
49.26,-0.40,29.41;
43.79,0.28,32.93;
46.74,3.80,37.92;
54.69,5.25,41.22;
55.44,9.59,38.98;
44.19,15.04,32.47;
37.50,12.09,32.17;
23.22,8.95,38.46;
14.28,8.99,44.81;
2.78,15.28,46.86;
-4.35,16.25,44.75;
-12.39,13.42,42.99;
-10.00,8.06,43.56;
-1.19,5.22,45.67;
9.61,7.79,43.39;
20.34,11.97,37.04;
24.97,12.57,38.09;
19.77,7.94,45.60;
19.09,7.67,50.75;
24.97,7.48,48.80;
15.70,10.61,46.80;
2.57,11.10,47.92;
-5.84,7.05,53.47;
-0.94,1.51,56.18;
11.74,-0.62,53.63;
21.84,0.99,46.11;
17.99,4.78,44.78;
9.80,6.90,48.26;
0.74,8.05,59.33;
8.64,7.25,67.44;
20.20,4.66,64.46;
23.04,3.63,51.63;
23.10,4.03,41.77;
27.32,3.60,41.31;
22.46,4.61,44.41;
17.96,5.91,46.18;
13.79,5.67,45.42;
9.38,7.47,41.04;
6.68,10.12,32.93;
8.61,14.60,31.24;
14.05,19.44,31.09;
11.65,16.76,27.74;
5.42,16.43,25.19;
5.13,18.31,29.28;
0.20,17.91,31.85;
-3.08,17.07,25.42;
-1.08,16.35,23.16;
4.31,14.73,27.94;
6.90,12.73,34.17;
5.32,10.00,34.83;
-2.20,8.23,32.20;
-5.78,6.55,31.99;
3.47,5.16,34.66;
14.08,3.02,34.43;
14.20,0.64,29.97;
15.44,3.86,30.15;
14.80,6.99,31.76;
11.56,8.89,29.56;
5.26,10.28,27.77;
5.24,12.51,27.74;
2.11,9.48,26.64;
-2.13,8.35,25.19;
5.22,9.53,22.17;
9.87,10.29,20.29;
6.25,10.11,17.19;
-0.52,10.70,13.54;
-4.27,9.05,12.44;
-0.56,7.39,14.60;
10.74,8.96,15.05;
17.44,11.83,14.76;
15.51,9.60,14.66;
1.70,6.81,14.84;
-7.17,4.76,15.68;
-7.25,2.55,11.86;
3.53,6.92,9.65;
7.50,8.46,10.43;
8.37,8.78,10.86;
1.26,8.21,12.05;
-2.94,9.74,11.13;
-5.39,8.43,12.61;
-1.14,9.28,13.07;
-2.49,8.20,12.23;
-1.10,6.23,8.06;
1.03,4.84,7.24;
-0.09,6.03,7.89;
-8.15,6.00,8.05;
-10.52,5.27,6.61;
-5.20,4.57,3.65;
3.39,4.87,2.12;
7.71,6.09,4.80;
4.29,6.31,5.10;
0.58,5.79,2.58;
-4.65,5.30,-1.13;
-8.38,5.85,-2.58;
-9.54,6.73,-2.62;
-11.92,5.91,-2.12;
-5.86,4.84,-2.32;
0.31,6.57,-3.04;
-2.21,8.09,-4.78;
-10.41,7.70,-6.53;
-20.29,5.42,-7.80;
-20.88,3.97,-9.37;
-10.56,4.17,-12.49;
2.63,5.67,-12.33;
5.62,6.54,-12.69;
-1.80,5.38,-16.15;
-14.18,4.96,-16.76;
-24.30,4.61,-13.74;
-23.75,4.43,-11.43;
-20.50,4.06,-12.91;
-14.15,3.50,-20.32;
-5.98,6.98,-22.33;
-11.22,11.15,-17.94;
-21.80,8.69,-15.36;
-29.49,3.79,-17.10;
-25.92,2.84,-19.19;
-14.74,3.24,-21.74;
-3.87,0.06,-23.01;
3.15,-1.91,-20.59;
-5.71,-3.45,-22.06;
-15.51,-4.79,-27.14;
-20.61,-3.63,-28.14;
-20.38,-0.84,-25.79;
-19.40,0.66,-24.43;
-14.01,1.51,-27.60;
-12.36,2.49,-31.72;
-11.10,5.19,-33.39;
-15.77,5.76,-30.41;
-18.90,3.02,-27.53;
-26.04,0.21,-31.39;
-27.23,0.05,-38.43;
-26.20,1.65,-43.82;
-23.46,2.31,-45.34;
-18.00,1.97,-44.38;
-19.02,0.87,-42.96;
-19.87,-1.02,-44.72;
-19.58,0.14,-45.63;
-16.64,-1.75,-47.01;
-15.75,-1.98,-48.53;
-16.49,-2.32,-50.01;
-18.81,-3.91,-53.88;
-25.77,-2.84,-55.91;
-30.29,-2.90,-56.08;
-36.59,-2.53,-56.24;
-34.20,-3.34,-55.77;
-30.90,-5.30,-58.11;
-25.05,-6.76,-61.13;
-22.33,-5.42,-62.11;
-28.74,-6.98,-61.79;
-37.46,-9.31,-62.40;
-43.58,-8.21,-62.62;
-38.68,-8.82,-62.18;
-35.74,-12.38,-68.91;
-27.58,-12.91,-72.15;
-26.52,-15.88,-71.46;
-32.90,-18.84,-70.96;
-40.42,-19.68,-67.85;
-37.92,-17.22,-63.02;
-33.57,-17.13,-59.86;
-27.19,-21.63,-61.89;
-22.70,-24.37,-65.37;
-22.93,-21.56,-63.59;
-22.21,-20.37,-60.30;
-25.55,-21.56,-55.22;
-23.32,-23.88,-50.87;
-22.06,-25.82,-48.58;
-17.22,-23.79,-46.49;
-11.43,-21.31,-47.86;
-8.16,-15.98,-50.52;
-0.23,-11.42,-50.53;
5.64,-16.12,-45.75;
8.86,-23.13,-40.58;
7.36,-24.90,-38.99;
-0.65,-22.81,-40.53;
-15.58,-17.75,-42.85;
-17.54,-17.53,-47.11;
-3.89,-31.92,-50.76;
6.60,-44.67,-51.13;
10.78,-37.17,-47.53;
10.87,-15.25,-37.48;
2.97,1.15,-19.97;
-1.97,8.21,-7.34;
-3.75,7.85,1.02;
-12.35,10.03,3.24;
-17.69,13.01,0.46;
-20.99,8.17,-2.20;
-22.70,-4.12,-5.91;
-17.54,-9.02,-5.01;
-7.37,-3.33,-1.59;
5.80,4.44,3.13;
9.94,7.76,4.83;
-0.36,5.57,2.81;
-10.68,3.85,-0.76;
-12.27,0.99,-3.34;
-13.32,2.64,-2.30;
-9.81,4.09,-0.78;
-1.80,3.47,2.43;
0.72,1.57,4.18;
-0.32,3.71,2.06;
6.64,2.31,-1.40;
11.55,-1.45,-3.14;
14.25,-2.23,-0.91;
15.16,0.47,0.96;
13.01,2.06,3.12;
7.38,2.99,4.18;
4.69,2.40,4.00;
5.51,1.22,4.78;
9.56,0.28,7.27;
11.35,-0.76,10.50;
12.49,1.97,13.77;
10.42,4.99,14.44;
9.67,7.63,12.11;
10.29,9.18,10.03;
20.20,5.12,11.62;
32.45,1.31,19.33;
39.96,2.05,26.25;
43.74,5.45,30.18;
37.21,11.25,28.03;
24.74,15.41,26.99;
16.98,14.20,29.54;
19.84,9.53,31.56;
19.33,8.86,33.86;
17.88,9.41,36.70;
16.90,10.78,40.28;
20.64,10.47,42.69;
23.79,10.09,37.39;
28.16,9.92,31.48;
23.35,11.99,31.38;
16.93,12.32,37.38;
7.71,14.34,46.02;
5.61,13.76,48.57;
-0.01,15.05,45.47;
-6.74,17.71,42.14;
-4.32,12.81,41.01;
2.61,6.02,43.41;
9.56,3.38,43.92;
12.16,8.28,43.16;
19.53,15.10,43.77;
17.47,13.56,46.99;
16.03,8.76,51.53;
13.71,5.74,54.52;
17.55,6.95,55.16;
11.80,12.26,54.29;
11.67,14.28,56.75;
7.65,8.81,55.57;
14.66,3.39,53.86;
23.84,3.53,55.89;
30.98,5.60,57.83;
31.27,6.46,57.19;
22.55,9.25,55.67;
11.85,14.18,54.11;
12.00,12.49,57.33;
15.41,8.80,58.15;
16.77,6.35,50.46;
13.59,7.89,44.44;
15.38,9.86,45.02;
4.61,13.01,45.73;
3.06,15.39,44.05;
5.00,13.97,41.53;
11.65,10.76,39.79;
14.40,11.94,41.82;
21.64,16.57,44.46;
19.91,17.19,44.28;
16.19,16.80,42.21;
9.58,14.25,46.29;
5.00,10.55,51.83;
3.10,8.84,53.45;
10.60,12.83,52.17;
21.10,12.57,52.00;
16.03,9.62,46.84;
4.03,10.31,39.16;
-1.40,11.97,40.12;
-1.65,14.80,42.46;
6.81,15.73,38.52;
14.98,18.83,33.67;
15.04,21.02,32.60;
5.44,24.60,34.72;
-1.75,20.52,33.30;
-5.19,18.83,29.70;
0.69,18.02,25.99;
9.48,15.50,28.09;
11.61,14.03,29.16;
5.32,12.20,25.47;
5.18,10.26,22.31;
6.29,7.36,18.58;
9.61,6.84,18.37;
12.39,9.42,19.86;
9.18,12.21,18.72;
5.99,11.22,15.10;
2.34,11.89,13.39;
-0.68,12.32,14.64;
-1.75,11.09,13.68;
3.07,11.63,11.47;
8.00,11.92,12.26;
9.27,10.37,11.39;
1.38,9.34,7.92;
-7.07,9.42,7.27;
-11.92,9.12,10.34;
-12.73,8.29,11.88;
-10.12,6.84,8.93;
-2.58,6.93,3.13;
4.26,7.30,-0.79;
9.22,5.91,-1.16;
5.16,4.80,0.75;
-0.94,5.30,3.12;
-10.32,4.41,2.63;
-13.51,1.56,-2.41;
-8.81,3.82,-7.42;
-2.00,4.52,-9.22;
1.00,3.79,-9.95;
0.29,5.86,-8.78;
-3.80,6.54,-8.11;
-12.67,7.48,-7.69;
-17.17,9.30,-8.52;
-21.52,9.68,-9.88;
-19.37,8.92,-9.39;
-14.13,8.55,-7.10;
-8.35,5.38,-8.29;
-2.97,1.10,-11.25;
4.00,-0.55,-12.64;
5.00,1.71,-12.47;
-0.27,4.29,-13.75;
-8.93,7.71,-15.75;
-24.74,8.38,-15.80;
-36.85,7.50,-13.45;
-35.94,8.67,-9.69;
-22.52,9.47,-10.21;
-4.78,9.74,-14.52;
8.02,10.02,-17.83;
8.80,6.54,-21.30;
-7.37,3.36,-21.07;
-24.90,1.28,-19.69;
-26.84,-0.78,-20.76;
-16.88,-0.47,-23.97;
-4.52,3.12,-26.76;
0.54,5.86,-25.42;
-7.74,5.97,-24.38;
-18.36,5.54,-24.61;
-25.37,6.09,-22.61;
-25.72,5.09,-21.02;
-16.91,1.47,-24.61;
-5.20,0.75,-28.99;
5.97,0.51,-30.03;
6.68,-0.52,-26.09;
-7.71,-4.09,-22.35;
-27.19,-4.99,-21.92;
-32.00,-5.22,-25.24;
-16.76,-4.84,-32.26;
1.30,-3.30,-34.38;
16.58,-2.76,-33.57;
13.04,-2.23,-28.84;
-5.58,-2.55,-26.49;
-26.87,-4.41,-27.83;
-32.82,-3.28,-30.09;
-26.03,-3.85,-34.14;
-11.29,-4.55,-38.64;
-1.05,-3.71,-40.33;
-6.59,-2.23,-41.20;
-16.68,-2.91,-43.30;
-26.06,-1.62,-43.30;
-27.65,-1.30,-41.74;
-21.87,-3.28,-42.73;
-16.97,-6.43,-47.46;
-15.45,-6.46,-49.37;
-14.15,-4.84,-49.36;
-18.53,-4.24,-49.92;
-14.32,-5.33,-52.64;
-14.44,-7.07,-56.93;
-13.46,-9.01,-60.59;
-18.38,-7.16,-57.98;
-23.80,-5.82,-52.59;
-30.64,-7.48,-50.62;
-32.62,-8.73,-52.26;
-31.89,-7.02,-55.48;
-33.37,-7.20,-58.95;
-31.46,-10.87,-62.67;
-30.76,-11.36,-61.01;
-32.12,-9.39,-57.40;
-33.63,-10.09,-56.58;
-32.42,-11.40,-61.25;
-29.32,-15.66,-64.85;
-30.53,-19.94,-66.78;
-33.11,-21.68,-67.48;
-31.22,-23.56,-64.56;
-32.85,-22.98,-59.75;
-26.53,-23.31,-58.14;
-22.06,-24.24,-61.11;
-19.32,-26.32,-63.24;
-22.73,-27.46,-60.82;
-18.59,-25.94,-54.46;
-16.44,-25.82,-49.10;
-14.10,-27.20,-48.81;
-20.47,-26.76,-47.24;
-28.32,-25.69,-44.84;
-30.13,-24.61,-43.05;
-27.89,-25.02,-42.09;
-22.65,-23.31,-42.37;
-16.27,-22.79,-40.81;
-12.58,-21.05,-36.06;
-10.53,-21.71,-35.16;
-3.98,-19.51,-35.08;
-0.09,-19.05,-34.78;
1.97,-21.40,-37.53;
7.41,-27.22,-38.18;
8.84,-21.82,-36.81;
10.84,-15.11,-34.95;
4.64,-7.24,-22.12;
-3.29,-1.57,-11.65;
-5.42,1.62,-1.74;
-9.72,7.76,2.54;
-14.84,11.22,3.57;
-22.41,8.78,2.76;
-29.32,-1.13,0.40;
-26.45,-4.15,-3.28;
-7.77,-0.15,-3.20;
12.51,3.56,-1.62;
17.53,7.24,1.76;
9.19,9.39,2.61;
-2.91,7.96,3.51;
-11.97,4.03,1.05;
-14.61,2.31,0.28;
-14.90,1.45,-0.04;
-14.06,2.80,0.15;
-10.16,2.46,1.25;
-8.84,5.21,3.60;
-3.94,5.92,3.77;
5.51,4.26,2.02;
13.70,1.68,0.70;
16.10,-0.52,1.31;
12.51,0.54,2.06;
8.20,-0.70,2.12;
3.87,-2.32,1.33;
4.54,-2.35,0.25;
7.93,0.15,1.16;
14.72,1.42,3.79;
22.40,3.67,7.12;
26.35,4.23,6.11;
28.02,3.18,4.03;
30.35,0.43,6.37;
34.64,3.10,12.20;
46.13,3.70,15.68;
62.45,5.04,15.96;
67.67,4.75,13.33;
64.69,5.79,11.19;
53.21,5.99,14.81;
38.78,6.96,21.01;
26.48,8.40,24.86;
17.91,8.98,22.29;
13.12,6.11,18.69;
17.19,0.69,20.93;
24.37,-1.56,25.54;
40.81,-1.43,30.40;
54.02,1.18,29.54;
53.27,2.14,25.59;
43.62,1.41,21.82;
34.05,4.43,26.47;
30.81,5.89,30.80;
22.92,8.06,34.18;
12.61,5.62,37.10;
1.09,1.96,37.92;
-2.35,1.60,36.67;
-4.93,6.38,34.61;
5.59,5.60,35.39;
15.90,2.84,39.45;
30.87,-0.20,41.36;
29.30,3.63,38.20;
22.95,10.44,37.65;
13.32,11.77,40.81;
13.87,9.18,48.80;
11.30,5.22,53.70;
10.60,1.80,51.27;
5.94,7.56,45.19;
5.96,15.80,45.25;
8.31,18.43,51.28;
11.45,13.94,54.66;
18.87,10.09,54.14;
24.45,10.17,53.51;
22.23,14.75,53.91;
9.13,18.34,54.29;
3.67,19.57,54.55;
0.43,17.28,50.96;
-1.05,13.25,46.92;
1.42,12.31,49.18;
3.21,9.62,51.65;
3.76,11.10,48.00;
9.59,11.94,42.54;
13.99,13.18,42.49;
19.74,9.92,41.59;
19.84,9.41,38.26;
12.51,9.65,37.44;
7.21,12.49,36.87;
11.18,17.21,40.96;
14.77,17.19,44.15;
12.17,15.44,43.88;
12.14,16.23,43.28;
10.74,17.07,43.10;
10.89,19.67,45.25;
18.51,17.05,48.76;
15.09,18.55,46.67;
12.06,18.73,46.64;
8.66,21.02,48.47;
7.35,18.63,50.11;
-3.02,16.37,47.10;
-4.18,16.64,47.39;
-2.90,15.57,47.01;
2.37,15.71,42.41;
7.53,17.30,39.79;
6.93,17.16,36.00;
-1.83,18.15,37.10;
2.84,19.02,38.64;
6.45,15.27,36.32;
19.94,13.41,32.52;
28.03,11.41,28.64;
21.45,12.49,25.86;
13.22,14.54,26.60;
5.79,18.49,27.62;
2.23,18.25,24.00;
-0.01,18.12,16.63;
6.39,18.87,15.68;
9.73,21.07,19.24;
11.22,22.73,20.00;
10.83,21.21,17.77;
-0.87,19.10,16.35;
-12.16,18.15,17.27;
-23.87,14.84,17.88;
-23.22,11.83,15.80;
-14.07,8.47,11.74;
1.00,8.05,7.13;
10.84,9.82,5.63;
8.25,9.19,6.17;
-1.11,4.41,6.09;
-3.77,2.29,2.70;
-3.72,2.92,-1.65;
3.88,3.65,-5.39;
11.45,3.86,-6.58;
12.22,4.41,-4.38;
3.22,1.80,-3.51;
-7.69,0.17,-6.85;
-4.96,1.10,-8.91;
-0.50,3.38,-9.13;
3.33,5.10,-10.46;
-2.45,4.83,-10.40;
-11.26,1.50,-9.72;
-11.10,-0.01,-7.63;
-6.42,0.83,-8.23;
1.73,0.89,-15.57;
6.87,2.86,-19.04;
2.14,7.13,-17.45;
-13.23,8.93,-13.57;
-33.43,7.33,-9.20;
-38.96,4.08,-7.43;
-28.06,5.12,-8.56;
-6.52,6.34,-13.46;
8.20,6.52,-18.21;
14.77,3.70,-20.38;
5.26,1.07,-17.77;
-11.49,-1.40,-16.87;
-24.99,-3.34,-18.99;
-23.81,0.98,-17.71;
-10.52,4.73,-15.65;
-4.73,2.86,-18.18;
-9.00,2.72,-19.57;
-14.42,1.41,-20.81;
-8.94,0.64,-21.91;
3.30,0.28,-23.31;
10.08,-2.20,-26.30;
6.63,-3.04,-26.64;
-9.89,-0.53,-24.53;
-29.03,-0.87,-24.46;
-37.14,-1.05,-24.75;
-30.45,-1.57,-23.83;
-16.16,-0.88,-24.87;
-6.09,-0.59,-28.32;
1.84,0.21,-31.71;
7.19,-1.89,-35.11;
0.19,-5.27,-36.58;
-6.64,-5.05,-32.44;
-21.74,-4.96,-28.66;
-30.74,-4.75,-29.01;
-27.74,-2.46,-30.79;
-17.31,-1.16,-35.07;
-7.87,-1.08,-36.55;
-5.00,-2.03,-34.04;
-9.61,-1.92,-33.24;
-14.56,-2.72,-37.10;
-20.65,-4.75,-42.90;
-22.93,-4.85,-44.69;
-24.67,-2.90,-41.85;
-24.09,-1.13,-38.99;
-24.53,-2.17,-38.20;
-24.50,-3.46,-40.24;
-24.12,-4.55,-45.34;
-20.91,-4.04,-48.00;
-19.49,-2.81,-49.11;
-18.39,-3.59,-51.86;
-16.21,-4.58,-53.40;
-14.50,-6.08,-51.27;
-21.23,-6.15,-49.46;
-21.54,-5.94,-48.15;
-22.82,-7.80,-50.87;
-22.96,-7.72,-56.70;
-26.23,-6.59,-58.79;
-31.32,-7.77,-58.69;
-30.00,-11.20,-59.63;
-21.05,-12.79,-60.78;
-19.48,-14.21,-62.29;
-19.46,-16.46,-65.16;
-30.23,-15.85,-65.13;
-38.49,-16.06,-63.97;
-38.91,-16.27,-65.74;
-27.11,-16.18,-67.19;
-20.33,-19.30,-67.89;
-11.08,-23.86,-69.36;
-12.58,-26.44,-71.82;
-24.56,-25.01,-67.10;
-36.30,-26.85,-62.35;
-44.82,-29.79,-57.75;
-43.77,-31.28,-54.95;
-31.72,-34.32,-58.23;
-19.61,-37.42,-59.45;
-11.03,-41.13,-60.66;
-6.12,-37.60,-60.58;
0.69,-35.28,-59.80;
4.92,-38.91,-60.46;
4.68,-43.95,-60.52;
14.54,-43.91,-61.28;
23.61,-38.53,-65.10;
41.84,-38.29,-65.22;
42.98,-40.85,-56.76;
39.62,-31.39,-41.79;
29.51,-11.08,-19.98;
19.70,9.76,-3.48;
3.65,19.71,2.28;
-14.21,14.54,0.80;
-29.77,0.21,-6.58;
-39.55,-6.78,-11.43;
-34.87,-0.91,-5.83;
-16.47,6.84,2.75;
5.94,5.79,2.21;
11.61,-2.20,-2.08;
5.65,-4.70,-6.00;
1.79,1.04,-5.86;
-2.24,2.60,-3.74;
-5.16,0.64,-2.41;
-8.41,0.11,-1.85;
-10.27,1.73,-1.34;
-13.63,5.10,1.02;
-16.99,5.91,3.51;
-21.98,6.23,4.73;
-20.06,3.38,4.73;
-11.13,1.74,3.89;
-0.62,2.40,2.72;
1.68,1.31,3.19;
7.59,0.17,6.05;
9.91,2.81,5.89;
13.36,4.76,1.39;
14.66,5.51,-1.31;
12.68,3.47,-1.30;
15.13,1.76,0.41;
20.83,2.76,3.21;
24.92,4.99,4.89;
29.18,5.71,5.65;
30.29,4.03,5.47;
26.81,1.42,5.60;
20.48,2.20,9.13;
24.63,3.56,12.43;
37.84,2.35,14.54;
53.79,-1.33,14.17;
62.78,-6.98,10.03;
64.68,-9.85,5.62;
64.10,-8.44,9.39;
69.70,-8.72,17.88;
75.87,-9.11,21.62;
82.49,-7.30,20.08;
78.51,-4.12,15.57;
55.36,-1.40,12.40;
30.42,1.85,18.41;
9.06,3.94,28.18;
-2.88,2.08,28.80;
-4.03,1.42,23.62;
1.99,-2.64,14.58;
6.37,-5.19,13.10;
3.24,-3.98,16.47;
0.42,1.89,23.36;
5.07,7.45,29.45;
6.42,8.46,27.79;
6.19,4.18,23.99;
6.75,1.76,26.93;
9.33,-0.27,40.20;
8.22,-0.72,46.41;
8.86,4.03,45.42;
0.69,9.16,40.78;
-2.87,8.66,37.42;
0.61,8.44,41.09;
15.91,5.71,46.73;
24.40,5.28,45.22;
28.39,7.68,37.15;
22.93,11.24,30.44;
10.66,13.30,33.51;
-1.83,14.86,38.66;
-14.64,16.46,43.71;
-22.97,18.49,44.70;
-22.96,17.68,45.99;
-16.99,17.44,46.40;
-7.31,12.52,52.78;
-1.42,11.39,55.33;
5.16,11.51,52.12;
8.68,14.09,44.95;
11.09,16.34,43.94;
12.63,16.44,48.81;
14.71,14.17,56.87;
17.03,11.76,59.65;
14.11,13.83,53.07;
9.00,16.29,46.92;
0.16,18.44,40.90;
-9.25,21.86,38.31;
3.77,22.09,41.15;
13.58,18.98,42.60;
18.29,19.68,40.75;
15.74,23.50,43.33;
7.36,23.88,44.11;
-1.60,23.70,42.87;
-5.75,24.44,42.84;
-0.79,23.65,43.86;
7.47,22.86,42.49;
12.05,22.23,42.52;
10.89,20.49,43.31;
10.43,18.20,43.83;
8.80,16.02,44.21;
5.27,17.28,42.69;
3.53,15.45,39.01;
11.15,15.31,38.26;
19.16,16.58,40.81;
24.95,17.34,41.44;
17.33,16.38,39.24;
1.62,19.33,38.11;
-0.85,21.85,37.88;
0.17,22.06,35.19;
8.34,19.92,29.12;
13.85,18.18,26.66;
18.63,17.50,24.64;
18.58,18.92,23.02;
14.52,19.22,23.04;
0.92,19.30,22.25;
-10.79,17.24,19.89;
-6.06,15.79,20.57;
5.21,15.85,21.33;
19.45,16.12,17.33;
21.38,16.18,15.68;
13.99,13.19,12.99;
5.55,12.92,12.61;
-4.91,14.20,16.73;
-5.34,13.54,17.88;
-0.91,11.15,16.86;
3.97,8.93,13.71;
4.80,10.87,14.17;
3.87,11.73,16.29;
-1.60,8.15,14.81;
-1.26,7.04,13.42;
1.94,6.23,12.61;
0.74,6.80,9.09;
2.55,6.20,4.75;
9.73,6.76,3.39;
5.44,8.89,3.83;
-2.21,9.25,2.50;
-8.13,9.42,0.73;
-8.44,8.20,-1.59;
-3.25,9.53,-2.56;
-3.66,8.35,-2.84;
-4.45,5.04,-1.91;
-1.49,3.01,-3.05;
-2.12,1.60,-9.14;
-2.12,3.48,-13.91;
-0.07,6.57,-11.22;
-4.30,7.89,-8.56;
-14.00,7.12,-8.29;
-28.36,5.41,-10.47;
-29.58,6.23,-12.93;
-13.52,6.89,-12.53;
1.71,4.61,-12.66;
5.48,1.24,-14.64;
-2.64,-0.87,-19.08;
-13.10,-0.14,-19.59;
-19.13,0.00,-19.68;
-22.16,0.66,-23.62;
-18.97,3.15,-25.95;
-16.21,5.86,-24.40;
-14.50,7.07,-22.08;
-19.14,4.35,-22.15;
-19.97,3.27,-24.30;
-14.53,3.70,-24.35;
-10.35,2.83,-25.97;
-13.36,0.18,-26.73;
-22.10,-2.08,-25.65;
-30.99,-2.55,-25.75;
-29.77,-1.40,-27.72;
-22.03,0.14,-26.91;
-9.68,1.50,-26.32;
-6.38,0.02,-28.69;
-11.03,-1.17,-30.44;
-18.33,-0.32,-29.17;
-23.26,1.63,-26.55;
-24.21,1.63,-27.42;
-21.97,1.92,-31.98;
-20.79,2.32,-34.61;
-26.23,1.97,-35.85;
-33.97,0.41,-34.44;
-39.48,0.90,-30.72;
-37.11,-0.11,-30.21;
-30.93,-1.25,-34.00;
-19.29,-1.13,-39.59;
-4.56,-3.94,-45.22;
4.10,-6.11,-47.97;
-1.92,-4.04,-47.05;
-13.20,0.18,-42.66;
-29.89,-0.50,-40.56;
-40.96,-3.34,-42.90;
-40.55,-1.65,-45.86;
-24.44,0.47,-47.22;
-10.97,0.18,-50.14;
-0.96,-1.14,-52.72;
-10.78,-3.34,-51.94;
-29.80,-2.95,-50.62;
-48.62,-3.46,-47.01;
-55.39,-3.22,-48.47;
-44.79,-0.14,-49.36;
-28.81,-1.91,-52.38;
-23.26,-4.95,-58.40;
-28.50,-7.46,-62.43;
-35.61,-7.89,-64.72;
-36.27,-6.08,-65.14;
-31.75,-9.04,-64.40;
-26.36,-13.14,-64.87;
-26.47,-15.59,-64.70;
-36.35,-14.75,-63.30;
-42.82,-13.89,-59.94;
-48.29,-15.11,-54.49;
-44.15,-22.44,-54.82;
-39.11,-27.37,-60.52;
-33.49,-26.53,-63.33;
-29.74,-23.33,-62.20;
-22.67,-22.72,-60.49;
-16.74,-24.44,-59.13;
-10.04,-25.57,-57.95;
-2.94,-25.53,-60.21;
10.05,-27.80,-58.47;
16.68,-37.28,-60.95;
15.48,-43.48,-63.66;
7.65,-43.75,-66.72;
-0.58,-43.13,-66.61;
-4.16,-46.93,-66.21;
-0.93,-55.66,-65.77;
-0.10,-55.83,-58.70;
3.65,-38.41,-43.56;
10.84,-11.53,-20.03;
13.79,4.58,-3.45;
7.85,13.68,4.64;
-6.47,11.94,-0.20;
-19.72,3.09,-7.20;
-26.84,-2.53,-4.43;
-16.85,-1.62,1.31;
2.20,0.87,3.04;
3.13,3.42,0.57;
-0.47,6.40,0.95;
-2.45,9.42,0.98;
-5.07,7.65,0.34;
-4.32,4.17,-1.05;
-6.49,-0.81,-3.65;
-10.49,0.38,-4.40;
-8.79,4.37,-2.59;
-5.77,4.58,1.13;
-1.63,4.83,3.24;
3.90,7.57,1.83;
11.91,6.41,-3.10;
17.18,2.70,-5.77;
21.74,1.50,-6.14;
27.39,3.33,-4.50;
29.59,3.44,-0.70;
25.03,4.44,2.92;
11.06,6.17,6.50;
-4.06,6.51,6.47;
-13.02,5.33,3.77;
-16.59,3.67,1.94;
-11.23,2.86,1.05;
0.29,4.89,1.15;
9.85,5.33,0.99;
16.75,4.17,0.29;
22.64,1.76,-0.30;
24.03,2.17,0.61;
25.97,4.70,3.07;
23.27,7.44,6.23;
19.12,8.09,8.54;
13.85,8.15,10.47;
8.02,4.58,10.83;
3.42,4.35,9.89;
6.13,2.80,9.74;
15.82,4.99,15.18;
32.64,6.06,19.59;
37.79,5.21,19.47;
32.31,5.57,15.74;
23.18,4.76,13.70;
17.97,5.13,13.77;
15.41,7.16,12.54;
17.58,7.41,11.31;
21.29,6.29,11.70;
21.93,6.05,13.60;
18.46,7.09,18.78;
14.97,7.47,25.59;
12.29,8.47,27.86;
8.10,9.41,27.47;
9.12,7.80,29.13;
6.98,7.71,31.59;
11.21,8.55,34.17;
8.39,14.41,37.54;
5.13,19.10,39.21;
8.81,19.62,36.86;
14.78,10.73,35.27;
15.44,4.51,32.21;
14.81,5.99,28.78;
13.45,12.31,31.04;
12.40,19.89,40.00;
10.74,19.74,43.56;
10.48,14.17,42.21;
0.54,10.73,39.91;
-7.22,11.07,39.74;
-9.61,14.73,45.62;
-8.61,15.38,53.70;
-5.89,13.77,55.04;
-5.07,14.06,49.07;
0.98,16.86,44.90;
0.31,14.31,45.34;
-0.84,10.66,44.69;
1.26,11.62,46.11;
8.05,13.47,49.67;
15.91,13.88,50.69;
16.75,12.09,47.97;
8.28,11.97,44.06;
4.10,14.76,44.41;
6.68,16.60,48.38;
15.22,17.47,54.00;
15.22,14.34,52.03;
10.87,16.12,49.09;
7.97,16.87,45.50;
8.63,17.18,45.25;
12.81,14.32,47.13;
13.50,13.96,50.87;
13.93,15.76,48.38;
9.29,16.32,41.42;
8.64,18.02,37.70;
8.23,18.21,37.57;
6.32,19.15,42.60;
3.42,18.87,46.18;
-1.51,18.70,43.94;
-6.27,19.56,41.62;
0.93,22.66,43.62;
12.80,22.03,45.99;
19.50,17.42,45.62;
16.69,14.46,46.64;
8.89,16.14,48.89;
-2.67,15.47,50.34;
-4.93,13.71,48.95;
-7.32,11.71,47.53;
0.43,10.84,44.73;
12.22,8.80,39.62;
13.91,9.28,35.01;
15.48,13.19,32.44;
6.69,14.66,27.19;
3.56,17.34,22.69;
5.48,17.53,21.86;
2.29,15.62,22.09;
1.12,15.01,22.80;
0.55,15.79,22.47;
3.03,14.49,19.73;
6.46,12.05,17.16;
4.69,10.52,17.22;
2.29,8.61,19.25;
-4.59,7.96,20.28;
-3.36,8.90,17.07;
-0.32,7.94,12.75;
2.20,9.41,12.43;
-3.39,12.47,17.96;
-9.65,10.51,18.78;
-6.61,4.75,11.24;
1.76,5.01,5.25;
8.40,7.65,5.59;
13.87,7.65,8.84;
9.13,5.47,7.63;
0.17,2.20,3.28;
-9.72,1.16,-2.06;
-9.28,3.24,-5.92;
-3.39,7.53,-4.32;
-2.23,7.94,-2.59;
-5.13,5.89,-4.53;
-8.85,5.25,-5.43;
-9.81,4.31,-5.88;
-2.58,3.76,-6.64;
1.87,4.90,-7.82;
2.03,3.88,-9.69;
-4.13,3.19,-10.88;
-18.91,2.60,-12.44;
-20.04,1.82,-15.17;
-10.16,3.76,-16.56;
4.55,8.55,-14.88;
6.77,7.30,-14.85;
-3.97,6.43,-14.40;
-22.38,5.53,-13.34;
-27.13,4.47,-16.21;
-20.03,4.15,-21.39;
-4.59,4.26,-24.91;
2.49,4.23,-22.62;
-1.65,5.47,-18.69;
-16.73,3.21,-17.05;
-30.23,1.28,-17.50;
-32.50,0.40,-21.68;
-20.58,1.36,-27.17;
-2.00,3.12,-26.56;
8.98,1.09,-24.53;
5.79,-1.80,-25.95;
-15.26,-1.22,-28.12;
-35.05,1.02,-28.69;
-35.92,2.64,-28.70;
-28.13,4.99,-28.04;
-16.50,6.72,-27.40;
-8.18,5.59,-27.82;
-9.07,4.51,-27.74;
-17.98,1.92,-29.17;
-25.11,2.29,-28.00;
-28.09,4.18,-28.08;
-27.14,4.15,-28.17;
-24.59,3.92,-27.59;
-23.89,4.49,-27.48;
-23.00,4.96,-28.76;
-21.77,2.06,-33.46;
-18.85,-0.24,-38.78;
-11.80,-0.91,-40.69;
-7.03,-0.78,-38.85;
-7.07,-1.65,-37.34;
-19.11,-2.23,-35.04;
-33.87,-2.93,-34.18;
-38.29,-1.71,-35.66;
-32.21,-3.05,-39.05;
-21.17,-6.09,-45.04;
-7.11,-6.00,-48.64;
-2.00,-3.89,-47.48;
-9.00,-2.76,-44.59;
-20.68,-4.55,-43.79;
-24.16,-4.87,-43.80;
-20.74,-6.56,-45.48;
-16.93,-6.18,-47.68;
-14.36,-4.23,-48.70;
-17.54,-4.04,-50.24;
-22.36,-6.08,-51.04;
-32.49,-6.52,-52.59;
-36.78,-6.46,-54.12;
-36.97,-6.24,-52.93;
-36.03,-9.19,-51.37;
-34.50,-12.21,-50.40;
-32.42,-12.95,-51.92;
-20.67,-11.92,-52.70;
-19.95,-11.75,-50.23;
-16.94,-14.26,-49.66;
-16.49,-17.24,-53.98;
-16.56,-17.89,-56.37;
-17.31,-17.97,-53.97;
-16.24,-19.20,-49.04;
-20.24,-20.46,-46.49;
-25.28,-21.56,-48.38;
-29.83,-22.46,-51.66;
-25.45,-23.17,-51.02;
-15.17,-24.64,-46.33;
-1.45,-26.52,-45.63;
10.35,-25.65,-48.38;
12.02,-26.81,-50.50;
8.89,-29.56,-50.84;
5.55,-32.08,-47.56;
3.80,-31.11,-45.16;
-0.04,-31.66,-46.32;
-2.47,-32.47,-49.40;
-1.89,-31.74,-51.88;
0.74,-38.14,-54.11;
-1.55,-48.79,-54.73;
-5.78,-50.27,-53.17;
-7.65,-45.77,-52.64;
-7.37,-39.49,-50.52;
-4.64,-32.30,-40.82;
1.26,-24.55,-32.50;
2.23,-18.17,-20.21;
-7.89,-8.14,-2.87;
-24.82,0.49,10.99;
-39.19,3.97,13.48;
-44.97,7.16,9.21;
-39.43,5.41,0.93;
-28.99,1.76,-4.26;
-10.68,-2.56,-8.20;
9.68,-1.27,-4.38;
20.23,4.89,-0.20;
20.39,10.64,3.25;
8.49,9.99,3.27;
-9.97,5.38,0.54;
-24.01,-0.12,-2.90;
-33.83,-4.18,-4.43;
-32.01,-2.15,-1.31;
-23.51,2.84,2.11;
-11.08,7.36,4.89;
-7.58,6.64,4.95;
-11.13,5.96,3.85;
-11.80,5.45,1.10;
-8.01,4.09,-1.11;
3.59,3.50,-4.01;
13.62,3.12,-4.12;
22.98,5.86,-1.07;
24.93,6.47,0.05;
19.97,3.85,0.49;
8.48,0.64,-0.20;
-1.97,0.58,-0.67;
-3.55,1.05,-2.08;
-3.25,0.02,-3.51;
-2.29,-0.61,-5.53;
0.22,1.18,-5.80;
3.47,2.96,-4.03;
8.22,3.79,-3.31;
9.18,1.45,-3.13;
7.90,0.72,-3.79;
7.30,2.15,-4.04;
7.53,5.62,-2.17;
9.12,7.54,-1.31;
13.18,8.11,-1.97;
14.08,5.53,-3.08;
16.86,1.39,-4.12;
22.74,2.54,-5.53;
36.42,3.54,-7.60;
45.50,5.91,-7.28;
48.69,6.92,-7.16;
45.68,7.25,-7.43;
32.75,4.83,-6.75;
18.22,2.05,-6.30;
11.51,0.34,-7.01;
8.49,1.67,-5.83;
14.52,3.25,-4.32;
22.93,3.88,-3.53;
27.44,4.40,-3.20;
24.52,3.53,-2.06;
16.42,2.86,-0.23;
9.13,2.61,0.66;
3.07,3.53,-0.67;
2.42,5.07,-3.92;
2.77,4.98,-4.99;
2.66,5.16,-3.57;
4.31,4.93,-2.82;
6.13,4.66,-3.31;
6.54,4.92,-5.56;
7.59,6.02,-5.80;
11.06,7.48,-6.06;
10.06,7.16,-5.17;
7.12,7.13,-5.14;
5.65,6.03,-6.66;
4.22,5.01,-8.00;
2.63,5.59,-8.70;
3.53,6.78,-7.92;
5.96,7.86,-7.88;
6.90,9.48,-8.21;
6.92,8.80,-8.40;
7.33,8.18,-8.70;
11.35,7.01,-10.56;
12.64,6.84,-13.51;
11.61,7.92,-14.81;
11.87,9.16,-15.74;
12.06,10.28,-14.59;
13.59,10.02,-14.88;
15.26,10.67,-16.08;
14.66,11.27,-15.95;
13.99,12.37,-14.58;
13.09,11.47,-13.68;
10.08,10.47,-14.08;
12.00,10.23,-15.86;
16.66,9.96,-17.72;
23.01,10.90,-20.20;
26.42,9.74,-25.13;
41.38,8.83,-28.01;
42.43,7.18,-21.63;
38.74,7.36,-17.36;
27.82,9.63,-12.04;
16.69,10.38,-9.25;
4.26,8.76,-8.14;
-3.40,7.63,-8.95;
-4.85,6.03,-8.62;
-2.16,3.48,-7.24;
-1.89,2.41,-4.73;
-2.88,4.05,-0.78;
-3.58,6.25,1.86;
-2.61,8.00,1.89;
-2.79,9.15,0.72;
-1.32,8.66,-0.01;
2.75,9.86,-2.55;
5.93,10.32,-4.32;
7.97,10.61,-4.09;
10.03,10.32,-2.82;
10.58,11.42,-2.06;
10.55,12.76,-2.03;
7.03,14.09,-1.42;
4.81,13.21,-1.91;
5.24,12.09,-5.07;
4.20,11.31,-7.68;
2.77,10.63,-9.01;
1.85,9.91,-9.14;
1.91,10.66,-9.36;
0.26,12.00,-11.51;
-1.60,11.65,-13.22;
-1.20,10.08,-12.69;
1.07,6.52,-12.82;
1.04,6.21,-13.63;
0.57,7.79,-13.45;
0.46,11.59,-10.17;
1.30,11.91,-8.14;
-3.28,10.00,-10.26;
-7.92,9.25,-11.63;
-8.49,9.70,-10.56;
-8.42,11.48,-7.53;
-4.27,12.54,-6.03;
1.29,13.51,-4.55;
2.63,12.38,-6.30;
1.04,11.50,-7.20;
-0.13,11.27,-6.95;
-1.36,12.83,-7.20;
1.76,14.37,-8.08;
3.97,15.09,-8.29;
5.70,13.79,-8.52;
5.53,12.76,-8.87;
3.77,12.86,-8.32;
0.89,13.76,-7.59;
0.46,15.56,-6.93;
3.36,15.74,-6.64;
5.47,14.15,-7.37;
5.64,13.10,-9.30;
4.26,14.17,-8.98;
4.00,14.93,-6.82;
6.69,14.34,-5.86;
4.35,13.86,-5.45;
2.11,13.71,-5.30;
1.10,13.25,-5.72;
1.79,12.44,-6.35;
0.77,13.16,-6.40;
0.10,12.96,-6.58;
-0.71,12.28,-5.60;
1.96,11.59,-5.10;
3.41,11.30,-7.05;
2.35,13.48,-7.16;
2.43,13.88,-5.63;
2.19,13.10,-4.85;
0.87,12.46,-6.90;
3.65,13.53,-9.45;
8.40,14.54,-9.27;
12.28,12.32,-9.22;
11.59,11.22,-10.26;
8.78,11.67,-9.75;
5.38,12.69,-9.68;
-0.26,12.84,-11.16;
-4.47,12.20,-10.88;
-5.81,11.71,-9.82;
-3.54,11.67,-9.94;
-0.76,11.53,-11.48;
-1.45,12.95,-11.92;
-2.32,13.21,-11.80;
-0.13,12.52,-12.44;
3.79,12.03,-12.85;
4.28,13.36,-13.11;
5.55,15.09,-11.37;
5.68,14.96,-10.70;
3.79,12.92,-11.88;
-1.84,11.19,-12.91;
-4.76,11.77,-14.11;
-5.39,11.96,-14.55;
-0.62,12.20,-15.01;
6.57,11.22,-17.25;
10.81,12.06,-19.39;
15.71,12.72,-20.14;
18.75,13.13,-19.63;
18.83,12.63,-18.35;
19.70,11.99,-17.39;
20.80,11.85,-16.12;
18.34,9.77,-16.75;
14.20,7.60,-17.08;
9.90,6.38,-16.87;
9.82,6.57,-17.71;
12.13,7.85,-17.62;
16.63,10.29,-16.58;
21.00,10.43,-15.24;
27.44,9.94,-14.38;
29.07,7.91,-14.09;
27.13,5.25,-10.90;
21.45,5.12,-5.94;
17.29,4.92,-2.35;
14.05,5.71,0.61;
13.47,5.63,1.02;
11.27,3.51,0.21;
8.89,5.44,1.48;
5.42,8.92,5.24;
1.21,11.97,8.81;
-0.65,12.92,10.38;
-1.46,13.91,12.15;
-2.47,14.86,13.47;
-4.21,15.85,13.41;
-1.43,16.03,12.72;
10.14,15.94,12.54;
20.58,18.44,10.99;
27.15,23.56,10.76;
25.06,26.66,12.69;
15.50,24.52,13.19;
11.73,22.93,11.89;
8.93,23.73,8.83;
7.38,25.38,6.93;
9.30,24.37,6.81;
13.47,23.80,7.07;
19.01,25.54,9.07;
23.29,24.90,11.80;
22.29,26.75,15.51;
19.13,28.78,19.62;
14.77,24.17,21.16;
12.42,20.29,20.08;
13.38,19.92,19.09;
12.16,21.50,20.05;
11.59,20.58,20.15;
12.81,18.46,18.90;
12.35,19.92,19.31;
12.05,22.55,20.40;
11.58,25.07,22.60;
6.90,26.06,24.63;
-1.17,28.28,27.82;
-4.91,29.53,29.86;
-9.98,29.63,32.12;
-12.04,30.11,32.18;
-12.36,28.47,30.18;
-13.80,28.96,28.49;
-11.00,29.60,30.63;
-6.50,30.61,35.65;
1.10,29.15,38.11;
5.33,29.47,37.67;
7.21,31.48,38.14;
4.48,34.87,40.66;
7.65,37.50,45.38;
9.42,37.99,47.36;
7.39,38.38,47.19;
5.30,41.62,48.60;
7.30,45.60,53.67;
10.28,50.37,58.93;
11.82,52.99,63.42;
7.87,55.62,64.14;
5.47,59.65,70.76;
0.22,57.76,84.46;
-5.16,52.55,88.29;
3.45,45.50,85.38;
10.08,42.14,77.57;
18.46,42.08,75.73;
29.61,43.30,78.43;
37.84,43.65,76.73;
36.11,40.08,71.22;
21.99,38.96,69.16;
8.77,38.31,71.24;
-1.94,32.12,75.27;
-2.47,29.10,77.38;
-2.68,26.69,74.40;
-5.43,22.37,70.05;
-14.44,22.14,69.16;
-13.16,19.04,67.60;
-5.26,16.60,68.49;
4.45,8.54,73.18;
4.05,4.00,71.76;
-1.45,-1.74,66.98;
-8.91,-7.08,59.39;
-11.49,-12.23,55.07;
-7.84,-17.36,54.23;
-5.10,-17.01,61.62;
-3.02,-15.79,68.17;
-6.56,-17.43,67.60;
-15.92,-19.48,63.85;
-25.37,-18.49,61.02;
-31.32,-16.62,57.91;
-34.01,-14.37,56.52;
-32.12,-9.49,55.92;
-27.08,-4.41,55.28;
-25.92,-1.14,55.09;
-23.46,2.14,53.71;
-22.32,4.14,53.38;
-22.06,7.54,54.73;
-20.39,12.43,52.72;
-23.11,14.55,47.45;
-30.70,15.04,41.50;
-36.47,15.54,38.15;
-41.92,15.71,37.45;
-41.65,17.13,39.25;
-37.11,17.10,41.99;
-28.94,16.93,41.97;
-23.34,15.19,39.07;
-26.15,12.02,34.78;
-29.87,9.41,30.87;
-32.03,7.12,29.68;
-30.90,6.41,31.18;
-28.00,5.48,31.62;
-24.32,3.21,30.57;
-20.94,1.77,29.56;
-21.61,0.47,28.40;
-23.17,0.55,27.62;
-22.70,1.80,28.70;
-22.38,1.91,30.14;
-23.29,-0.08,29.28;
-24.52,-1.11,25.47;
-24.18,-1.27,22.02;
-25.26,0.35,20.84;
-26.23,2.14,19.85;
-23.16,2.14,20.14;
-18.03,0.73,20.03;
-15.74,-0.66,19.44;
-16.13,-1.04,19.16;
-16.61,-0.93,18.86;
-17.48,-0.27,18.55;
-17.20,0.73,18.70;
-17.28,0.72,19.05;
-17.42,1.15,19.67;
-17.32,0.76,19.60;
-18.41,0.54,18.80;
-18.39,0.00,17.54;
-18.09,-0.27,16.98;
-17.60,0.58,16.52;
-16.29,0.03,15.83;
-14.29,-1.51,13.76;
-13.97,-3.08,11.36;
-12.93,-4.70,9.99;
-12.42,-4.88,8.75;
-8.93,-6.09,8.49;
-8.81,-7.98,7.21;
-8.79,-7.92,6.63;
-7.22,-7.86,7.42;
-7.31,-7.17,9.01;
-9.32,-7.34,9.31;
-11.22,-7.43,8.37;
-10.94,-7.05,7.30;
-11.48,-5.30,5.83;
-11.69,-3.54,5.25;
-9.87,-2.12,4.81;
-6.94,-0.81,5.41;
-5.22,-0.32,5.45;
-5.31,-0.08,5.31;
-5.51,0.31,4.86;
-6.59,0.83,3.80;
-6.87,1.10,3.12;
-6.79,1.31,2.38;
-6.47,0.95,2.28;
-6.97,0.23,2.66;
-6.56,-1.30,3.15;
-5.16,-2.67,2.80;
-4.09,-3.66,2.21;
-3.61,-4.14,1.07;
-2.61,-5.34,-0.61;
-0.73,-6.47,-2.12;
1.73,-8.21,-3.79;
4.87,-8.84,-5.79;
7.79,-9.14,-7.34;
9.80,-9.10,-8.30;
11.97,-10.15,-8.14;
12.81,-11.66,-7.19;
11.68,-13.94,-6.08;
8.86,-15.22,-5.27;
5.85,-15.28,-3.63;
2.39,-14.24,-0.98;
0.48,-14.32,1.99;
-1.86,-16.00,3.34;
-4.52,-16.53,2.66;
-5.60,-14.59,1.48;
-4.29,-12.24,-0.88;
-2.03,-10.56,-2.37;
-0.15,-9.10,-2.64;
3.77,-8.27,-0.91;
5.94,-7.36,0.66;
6.13,-6.66,1.30;
6.13,-5.46,1.30;
4.16,-4.27,1.16;
1.32,-3.05,1.30;
-0.73,-2.44,1.45;
-2.70,-2.01,1.71;
-4.52,-2.23,1.85;
-6.23,-2.15,2.11;
-7.37,-1.65,2.21;
-7.17,-1.59,2.31;
