0.81,-3.26,-0.22;
0.69,0.03,0.18;
-0.38,-0.84,0.62;
-0.37,-2.42,0.99;
0.05,-2.43,1.63;
0.67,-3.26,1.12;
0.67,-3.18,1.00;
1.42,-2.48,0.94;
1.42,-2.81,0.47;
2.75,-3.04,0.33;
1.94,-3.01,-0.01;
1.69,-3.04,-0.43;
0.84,-2.77,-0.88;
1.22,-2.58,-1.33;
1.53,-2.31,-1.53;
1.68,-2.16,-0.98;
0.72,-2.10,-0.39;
0.85,-2.87,0.09;
0.93,-2.05,-0.57;
0.53,-2.32,-0.20;
0.23,-2.03,-0.33;
0.93,-1.73,-0.01;
1.10,-2.48,0.13;
0.47,-2.54,0.28;
0.84,-3.41,1.23;
0.08,-1.27,1.11;
0.06,-2.40,0.83;
0.32,-2.60,0.19;
-0.43,-1.88,0.19;
0.18,-3.04,0.25;
0.08,-2.83,0.12;
-0.00,-2.02,0.42;
-0.72,-2.48,0.27;
0.05,-2.13,0.21;
-0.38,-1.68,-0.13;
-0.78,-1.61,-0.17;
-0.99,-1.67,-0.17;
-0.81,-2.00,-0.05;
-0.54,-2.31,-0.04;
-0.38,-1.50,0.18;
0.37,-0.77,0.35;
0.35,-1.21,0.15;
0.20,-1.74,0.38;
0.81,-1.23,0.13;
-0.03,-0.52,0.07;
-0.49,-1.10,0.31;
0.40,-1.42,0.47;
0.15,-1.55,0.47;
0.34,-1.03,0.33;
0.21,-1.03,-0.17;
-0.09,-0.68,-0.13;
0.70,-0.83,0.04;
0.11,-0.06,0.12;
-0.78,-1.13,-0.10;
0.79,-3.13,-0.65;
0.55,-0.42,-0.56;
-0.79,-0.05,0.28;
-0.69,-2.05,0.30;
0.92,-2.00,-0.05;
0.67,-3.33,-0.31;
1.42,-2.39,-0.65;
2.29,-1.26,-1.04;
2.17,-1.87,-0.97;
2.21,-1.61,-0.11;
2.05,-1.90,-0.07;
1.46,-1.48,-0.75;
1.42,-1.03,-1.32;
1.45,-0.78,-1.50;
1.36,0.23,-0.97;
0.84,-0.03,-0.59;
-0.05,-0.31,-0.04;
-0.03,-0.26,-0.22;
-0.50,0.13,-0.62;
-0.14,0.82,-0.57;
0.05,1.39,-0.34;
0.40,1.95,-0.39;
-0.28,2.29,0.24;
-0.35,2.82,0.48;
-0.46,3.66,0.93;
-0.32,4.61,0.48;
-0.20,3.14,0.24;
-0.29,1.75,0.31;
-0.54,3.29,0.45;
-0.64,3.46,0.65;
-0.47,2.52,0.41;
-0.61,2.36,0.47;
-0.41,1.84,0.56;
-0.34,3.14,0.38;
-0.69,3.00,0.28;
-1.45,3.11,0.19;
-1.47,2.29,0.25;
-1.15,2.27,0.24;
-1.10,3.37,0.25;
-0.60,2.90,0.13;
-0.89,1.35,0.04;
0.01,1.86,-0.01;
-0.26,2.88,0.19;
-0.02,3.71,0.73;
0.59,3.31,0.64;
0.26,2.73,0.76;
-0.14,1.34,0.39;
-0.87,0.93,0.39;
-0.78,2.18,0.22;
-0.52,2.50,0.19;
0.15,1.60,-0.30;
0.46,2.06,-0.02;
0.15,1.39,-0.02;
2.15,-1.81,-0.75;
3.34,-1.52,-0.72;
0.06,1.72,0.38;
-0.72,-1.79,1.41;
-0.08,-3.97,1.69;
2.15,-4.94,0.93;
3.31,-4.14,0.13;
4.66,-2.68,-0.51;
2.09,-2.77,0.39;
1.68,-3.99,1.64;
1.76,-5.26,2.39;
1.40,-5.44,2.22;
1.02,-3.38,0.82;
0.53,-3.07,-0.59;
0.81,-2.86,-1.41;
1.45,-3.35,-0.95;
0.37,-4.32,-0.02;
0.63,-3.88,-0.20;
1.65,-3.24,-0.65;
2.17,-3.13,-0.80;
2.95,-3.65,-0.33;
0.40,-5.64,0.16;
0.18,-6.23,0.96;
-0.02,-6.55,1.31;
0.37,-5.39,0.67;
1.46,-2.81,0.50;
1.95,-5.70,0.12;
1.04,-5.96,0.13;
-0.29,-2.87,0.93;
-0.58,-0.42,1.41;
-0.87,0.10,0.48;
-1.01,-0.86,-0.63;
-1.41,-1.87,-1.06;
-0.75,-2.39,-1.53;
-0.43,-1.77,-2.24;
-0.87,0.81,-3.17;
-0.11,1.97,-3.12;
-0.79,0.73,-2.49;
-0.84,-1.71,-1.43;
-0.35,-2.14,-0.71;
1.33,-0.19,-0.57;
0.93,1.13,-2.20;
0.44,-0.19,-2.05;
-0.52,-4.22,-1.69;
0.67,-2.69,-1.32;
1.95,2.19,-0.80;
2.53,3.05,-0.54;
0.79,0.99,-0.66;
0.40,-1.01,-0.83;
1.31,-1.48,-1.40;
1.98,-0.43,-1.52;
2.29,1.39,-1.49;
0.70,1.35,-1.88;
0.59,-3.62,-2.19;
0.38,-2.78,-1.43;
-1.63,1.92,-0.37;
-0.99,-0.10,0.76;
-0.99,-0.57,0.53;
1.40,-4.03,0.62;
2.63,-3.12,0.25;
3.53,-2.74,0.19;
3.86,-2.19,-0.56;
4.17,-1.50,-0.19;
3.97,-1.65,0.36;
4.23,-2.06,0.59;
3.36,-1.77,0.50;
1.57,-1.62,0.83;
0.38,-0.98,0.79;
0.34,-0.98,0.70;
1.17,-1.13,0.67;
0.70,-1.56,0.74;
-0.28,-0.78,0.51;
0.21,-1.58,0.13;
0.70,-0.05,-0.49;
0.41,0.38,-0.71;
-0.32,-0.55,-0.16;
-0.14,-0.34,0.18;
-1.18,-1.12,0.51;
-1.08,0.24,0.41;
-1.54,0.93,0.16;
-0.34,-2.65,0.07;
0.95,-2.60,0.09;
0.75,-1.65,0.21;
0.55,-1.41,0.09;
-0.70,-0.66,-0.10;
-2.11,0.47,0.21;
-1.74,0.70,0.39;
-1.76,-0.57,0.24;
-2.92,-1.48,-0.36;
-4.14,-0.78,-0.78;
-3.12,-0.68,-0.74;
-1.59,-0.39,-0.01;
-1.15,-1.35,-0.01;
-2.35,-3.15,-0.10;
-2.12,-2.08,-0.01;
-3.33,-1.71,0.22;
-3.41,0.32,1.81;
-3.92,2.97,2.12;
-4.92,5.48,1.47;
-7.07,3.35,0.51;
-7.66,8.65,0.99;
-3.41,10.88,1.51;
-8.50,9.63,1.61;
-6.83,13.78,0.36;
-6.63,31.39,-2.04;
-2.63,46.91,-4.72;
3.43,67.16,-9.98;
1.89,64.96,-6.98;
6.40,65.90,-4.72;
9.57,77.29,-1.65;
12.47,82.18,0.18;
7.30,74.50,0.15;
4.23,70.21,-1.11;
6.44,67.06,-3.99;
2.46,63.08,-6.57;
-3.36,59.57,-4.71;
-8.08,50.62,-2.36;
-9.54,44.79,-5.18;
-3.37,42.81,-6.28;
0.21,48.42,-15.04;
-3.07,49.34,-16.71;
-4.57,52.47,-8.17;
-3.57,63.39,5.57;
-7.95,73.28,11.29;
-4.28,75.40,9.06;
3.28,62.77,6.64;
-3.19,63.05,3.99;
-9.28,63.16,5.52;
-3.60,64.56,6.77;
6.35,49.89,5.63;
14.70,40.88,4.12;
11.69,45.86,4.27;
-4.05,45.39,6.45;
-11.73,45.95,7.84;
-11.73,48.93,5.51;
1.02,54.74,1.25;
11.28,47.20,-0.25;
28.64,36.71,0.19;
16.96,46.01,3.38;
-10.87,46.18,9.54;
-12.17,39.05,14.64;
-11.68,41.29,7.34;
-1.51,49.75,-4.45;
5.74,46.74,-8.71;
4.11,45.52,-6.36;
-8.21,43.80,1.78;
-14.83,30.15,8.68;
-17.21,33.43,6.39;
-11.89,44.41,-0.66;
-2.78,48.23,-6.54;
2.30,39.65,-6.86;
-12.23,42.36,-3.65;
-14.81,49.71,4.71;
-15.34,49.92,13.14;
-14.34,52.03,13.06;
-8.17,57.42,8.15;
-4.40,55.29,3.67;
-3.42,50.58,2.28;
-5.54,48.59,3.46;
-14.46,51.81,8.83;
-24.32,68.23,11.52;
-19.04,79.98,12.31;
-13.27,79.11,7.08;
0.81,74.45,-1.01;
8.52,66.27,-5.91;
13.94,54.61,-8.16;
-3.45,45.57,-7.03;
-11.45,54.87,-0.16;
-19.42,68.30,2.89;
-10.81,80.58,7.25;
1.63,82.15,6.22;
7.94,75.68,3.09;
3.56,63.25,-0.95;
5.08,54.21,-3.56;
-9.92,50.01,-1.84;
-0.08,53.98,3.51;
4.21,65.19,3.63;
12.01,76.68,2.89;
8.09,74.71,-0.17;
2.95,65.13,-3.53;
8.99,54.85,-4.53;
8.50,46.38,-4.20;
9.77,42.56,-3.01;
6.37,51.26,0.74;
4.93,60.82,2.13;
7.17,67.23,1.14;
9.92,70.38,-1.03;
14.95,70.03,-1.65;
8.15,69.11,-1.79;
12.66,70.76,1.12;
9.19,73.26,3.54;
5.30,74.73,6.12;
1.19,68.91,6.94;
7.25,68.44,6.01;
7.72,74.09,3.98;
7.28,78.53,3.64;
4.87,78.79,4.85;
4.99,79.16,3.81;
4.44,72.88,2.38;
1.25,64.53,0.54;
0.34,64.62,-0.77;
-3.16,65.57,-1.78;
-4.49,68.68,0.33;
-7.74,68.03,1.31;
-4.54,66.45,-0.16;
-5.94,63.51,-1.06;
-3.86,60.29,-0.85;
3.83,64.45,0.10;
8.37,65.69,2.50;
5.94,63.28,4.57;
1.68,62.15,5.32;
-0.50,59.72,4.47;
-0.02,57.29,3.43;
3.95,55.32,2.10;
8.61,55.22,1.72;
8.18,54.79,0.19;
9.60,54.26,-0.46;
9.62,53.10,-0.78;
11.72,50.23,0.74;
10.32,47.46,0.64;
9.28,44.36,0.38;
9.19,44.27,-0.68;
7.83,41.57,-0.14;
7.74,39.54,0.05;
8.95,37.77,-0.66;
3.60,33.19,-0.66;
4.92,31.20,-1.46;
5.42,26.79,-0.69;
2.63,22.71,-0.27;
1.33,18.38,-1.04;
-2.08,16.15,-1.18;
-5.31,11.87,-1.87;
-3.73,9.40,-2.57;
-5.76,5.23,-2.82;
-5.47,4.48,-4.14;
-5.05,-0.32,-4.33;
-1.47,-6.95,-3.47;
1.72,-6.98,-1.76;
2.35,-3.74,-1.15;
-2.11,-0.54,-1.32;
-3.07,-2.03,-2.45;
-2.50,-4.35,-3.75;
2.01,-5.30,-3.17;
2.92,-5.04,-1.46;
-0.70,0.01,-0.77;
-3.27,-2.45,-1.29;
-1.63,-5.30,-1.20;
1.48,-6.92,-0.13;
2.18,-6.03,-0.19;
0.61,-6.16,-0.37;
-2.35,-7.13,0.21;
-4.63,-6.81,0.42;
-3.83,-6.23,0.28;
-1.62,-5.19,-0.10;
-2.61,-6.45,-0.75;
-0.89,-8.22,-0.40;
-0.54,-8.08,0.77;
-2.24,-6.97,1.22;
-0.96,-7.32,0.47;
0.69,-9.42,-0.62;
1.16,-8.16,-0.95;
-1.45,-8.22,-0.75;
-2.20,-11.96,-1.00;
0.56,-11.53,-0.43;
2.18,-13.91,0.33;
4.20,-14.16,1.06;
4.79,-13.29,1.06;
3.57,-14.57,0.94;
1.42,-16.81,0.44;
0.95,-17.26,-0.54;
-0.58,-18.92,-0.69;
-0.21,-19.26,-1.06;
0.58,-21.13,-1.21;
2.50,-22.83,-1.06;
3.25,-22.72,-1.11;
5.22,-21.70,0.19;
3.65,-24.95,0.74;
4.63,-27.18,-0.25;
5.46,-28.28,-0.34;
3.11,-31.42,-0.20;
2.53,-36.68,-0.20;
1.57,-35.97,0.12;
2.46,-35.87,-0.19;
-0.32,-39.10,1.18;
-4.55,-41.44,2.01;
-1.62,-40.31,1.96;
4.14,-45.90,2.94;
3.48,-49.27,4.42;
-3.18,-48.90,4.79;
-4.00,-45.35,2.27;
-5.66,-51.48,2.12;
-3.71,-58.61,2.22;
-2.40,-55.29,0.70;
-2.38,-47.55,-0.42;
-2.90,-47.84,0.28;
-4.84,-53.47,1.96;
-2.61,-54.58,3.08;
-3.37,-48.80,1.66;
-2.08,-55.52,0.15;
-0.90,-66.05,-0.65;
-2.66,-67.24,-0.28;
-3.97,-74.19,3.46;
-2.73,-85.71,4.16;
4.32,-91.99,3.44;
5.63,-82.55,3.32;
2.84,-57.96,3.34;
-10.00,-10.25,1.06;
-25.05,2.10,-2.05;
-6.08,-45.61,-4.86;
6.59,-113.07,-4.72;
7.25,-115.87,2.09;
13.57,-89.44,7.03;
7.42,-66.61,8.38;
5.63,-53.38,4.97;
8.82,-69.10,1.87;
5.22,-75.77,1.96;
-4.92,-73.29,4.99;
-9.47,-72.19,6.31;
-9.33,-76.20,5.05;
-11.97,-69.79,1.89;
-6.05,-63.16,-1.30;
0.21,-58.34,-0.17;
1.02,-60.20,3.28;
-2.69,-60.74,5.73;
-12.44,-55.48,5.40;
-12.32,-55.74,4.02;
-6.20,-57.56,0.86;
1.21,-61.99,1.76;
4.56,-59.55,3.60;
-5.04,-58.03,4.12;
-7.19,-56.94,0.89;
-4.41,-50.43,-5.26;
-0.12,-50.52,-7.64;
1.34,-56.87,-5.90;
3.42,-60.46,-2.39;
5.43,-55.88,-0.33;
4.56,-51.56,0.36;
8.46,-56.78,-1.88;
11.94,-59.65,-2.49;
12.09,-58.39,-2.95;
8.98,-59.45,-3.27;
8.84,-55.71,-2.71;
2.06,-49.45,-0.10;
5.85,-49.48,1.66;
6.38,-50.83,3.11;
4.58,-50.51,4.05;
3.07,-46.37,5.67;
2.47,-44.19,3.81;
2.40,-45.10,1.75;
2.99,-43.32,2.62;
-2.47,-43.19,3.76;
2.67,-50.58,2.70;
10.15,-51.13,-1.50;
9.04,-47.68,-5.04;
13.82,-45.76,-3.38;
5.42,-44.80,0.30;
-3.25,-45.74,5.17;
-1.77,-49.35,8.42;
1.68,-48.23,7.11;
4.75,-47.70,2.13;
5.89,-37.27,1.93;
-4.90,-33.65,5.75;
-8.08,-40.83,11.37;
-13.05,-41.38,10.77;
-9.53,-39.71,6.39;
-6.02,-38.94,0.24;
-2.86,-36.86,-2.78;
4.30,-38.63,0.76;
2.73,-44.97,4.07;
-6.79,-47.53,5.93;
-9.05,-40.60,4.89;
-10.38,-34.63,2.44;
-10.40,-36.43,0.65;
-7.91,-38.03,1.52;
-2.63,-39.84,3.47;
-6.20,-42.92,2.77;
-7.89,-41.23,3.22;
-10.70,-40.46,3.51;
-6.69,-36.52,1.84;
-8.09,-34.28,2.73;
-9.51,-36.46,2.19;
-15.04,-38.90,4.79;
-15.47,-36.23,3.93;
-11.62,-35.33,1.12;
-4.63,-33.96,-2.42;
-1.65,-32.74,-1.50;
-4.20,-37.52,-1.18;
-4.86,-40.14,0.19;
-5.44,-37.99,2.07;
-1.08,-36.63,2.41;
-0.61,-36.49,0.07;
-0.52,-37.35,-2.53;
-1.39,-32.84,-3.75;
-1.54,-32.23,-2.08;
-5.66,-34.10,1.38;
-7.10,-29.19,3.25;
-4.12,-28.03,2.39;
-1.54,-31.56,1.02;
0.47,-37.03,0.60;
0.55,-33.44,0.73;
-4.34,-36.48,1.00;
-5.48,-36.19,1.00;
1.22,-30.60,0.35;
4.59,-34.23,-5.47;
8.03,-35.12,-6.60;
3.45,-32.55,-5.01;
3.69,-30.68,-2.42;
4.84,-26.94,-1.01;
5.16,-25.48,-3.82;
8.66,-27.61,-6.16;
6.00,-11.77,-5.21;
-2.47,-18.14,-7.95;
-0.92,-18.65,-5.79;
4.21,-17.73,-2.85;
9.17,-24.46,-0.65;
6.21,-27.56,-1.98;
0.06,-28.20,-5.06;
-2.29,-26.42,-6.85;
-3.73,-27.76,-7.65;
-3.99,-26.03,-4.63;
-0.73,-15.44,-1.41;
7.10,-15.59,1.52;
12.18,-15.82,2.68;
13.72,-10.71,2.25;
14.95,-4.22,1.43;
11.94,1.58,-0.17;
8.92,4.93,-2.91;
5.71,2.12,-3.03;
6.26,2.87,-1.82;
7.57,6.65,-0.20;
7.07,8.85,0.68;
5.37,4.87,1.20;
2.93,1.17,0.15;
-0.93,3.32,-1.21;
-0.49,8.53,-1.55;
7.82,16.59,-0.53;
15.40,25.57,-0.36;
11.91,19.89,0.71;
5.04,13.13,-0.54;
2.55,12.93,-1.18;
0.98,11.77,-1.07;
1.21,8.93,-1.17;
3.95,7.03,-0.33;
6.15,4.35,0.19;
6.38,5.11,0.07;
-0.12,1.75,0.67;
-2.03,-1.32,0.99;
-0.29,1.16,0.41;
2.93,-2.86,0.31;
5.37,-3.90,0.02;
4.32,-4.83,-0.02;
1.79,-3.81,-1.03;
2.95,-1.97,-1.14;
3.43,-3.09,-0.57;
7.05,-5.74,0.27;
6.96,-5.15,0.30;
3.42,-2.78,-0.27;
2.88,0.67,-1.30;
3.39,0.26,-2.34;
-2.23,-2.51,-2.57;
-2.31,-9.68,-2.77;
-0.37,-9.01,-2.94;
2.46,-6.84,-3.29;
2.49,-8.26,-3.03;
-1.08,-3.26,-2.22;
-3.25,-3.62,-1.98;
-5.53,-7.56,-1.96;
-2.95,-4.35,-2.34;
1.59,-5.90,-2.53;
5.34,-5.30,-2.56;
7.30,-2.49,-1.76;
6.14,-1.97,-0.27;
2.35,-2.20,1.09;
0.44,-1.15,1.06;
-2.15,-2.84,-0.05;
-0.34,-3.12,-0.88;
-0.28,-3.09,-0.56;
-1.05,-2.42,-0.05;
-2.49,0.42,-0.04;
-1.62,0.76,0.05;
0.47,-0.65,0.56;
1.83,-2.02,0.24;
1.69,0.23,-0.28;
0.84,1.83,-0.37;
-1.27,2.88,0.15;
-1.63,1.39,1.26;
-0.38,-5.06,2.24;
2.00,-3.18,2.22;
2.53,-1.06,1.43;
0.66,-1.42,0.82;
0.18,2.27,0.07;
1.53,0.33,-1.09;
2.26,-1.94,-1.93;
0.27,-3.38,-2.07;
1.22,-3.70,-1.81;
1.68,-2.49,-1.12;
1.22,-1.73,-0.78;
0.70,-1.36,-0.74;
-1.82,-0.98,-0.75;
-4.14,-1.26,-0.05;
-4.11,-1.44,1.06;
-1.41,-0.42,1.87;
-0.08,-0.42,1.89;
0.95,-2.39,0.68;
0.32,-1.93,0.51;
-1.47,-1.93,0.41;
-2.03,-1.27,0.21;
-0.28,-0.68,-0.30;
1.17,0.65,-0.42;
3.36,-0.16,-0.74;
2.15,-2.37,-0.53;
0.72,4.53,0.27;
-0.02,1.06,-0.19;
-2.64,-0.28,-0.14;
-0.79,-1.32,-0.86;
1.45,-1.36,-1.41;
2.00,2.50,-1.47;
2.92,3.51,-0.72;
1.74,3.06,0.07;
0.56,1.48,1.17;
-0.50,-0.61,1.12;
0.69,2.16,0.67;
0.55,2.33,-0.10;
0.61,3.17,-0.91;
-0.05,2.06,-1.00;
-0.58,0.50,-0.85;
-0.26,0.19,-0.11;
-0.28,0.15,0.39;
0.21,1.31,0.67;
-0.72,1.19,0.48;
-0.63,0.88,-0.20;
-1.73,1.25,-0.66;
-2.55,-0.63,-1.04;
-3.65,1.16,-0.71;
-3.24,2.33,-0.14;
-2.50,0.42,-0.11;
-2.14,-0.52,0.30;
-1.21,-0.23,0.80;
-1.62,0.15,0.64;
-0.38,0.26,0.53;
-0.87,1.52,-0.11;
-0.02,2.81,-0.20;
-0.05,2.33,0.09;
0.37,1.03,0.12;
-0.38,2.32,0.56;
-1.48,3.13,0.60;
-2.44,4.58,0.94;
-2.93,4.44,0.38;
-1.63,3.11,-0.08;
-1.73,2.12,-0.75;
-0.37,2.65,-0.51;
0.05,3.19,-0.28;
0.08,4.42,0.22;
-1.28,4.64,0.36;
-1.01,3.51,0.27;
-0.35,3.19,0.05;
-1.24,5.20,0.45;
0.73,2.77,0.42;
-0.06,3.63,0.68;
-2.49,7.58,0.89;
-2.69,3.35,0.19;
-2.00,2.70,-0.02;
-0.44,1.75,0.01;
1.71,3.40,-0.20;
2.61,4.53,-0.16;
2.49,4.16,-0.51;
1.66,4.13,-0.46;
1.34,3.25,-0.02;
0.75,3.68,0.47;
-0.35,3.83,0.51;
-1.30,4.52,0.41;
-0.84,3.20,-0.27;
-0.21,3.34,-0.85;
-0.70,3.74,-0.62;
-0.29,4.56,-0.30;
-0.18,4.58,0.05;
-1.27,3.68,0.21;
-1.24,2.77,0.09;
-1.37,3.49,-0.36;
-1.68,3.63,0.02;
-1.50,2.36,-0.08;
-2.09,4.68,-0.01;
-1.21,3.49,0.07;
-0.05,1.28,-0.46;
0.11,0.41,-0.39;
0.03,0.77,-0.05;
0.26,2.00,0.13;
0.06,1.57,-0.04;
-0.67,2.04,0.28;
-1.54,1.61,0.16;
-1.24,1.65,-0.14;
-1.15,2.94,-0.25;
-1.44,2.97,-0.43;
-2.09,2.21,-0.01;
-2.31,1.68,0.02;
-2.31,2.23,0.12;
-1.22,1.22,-0.45;
1.21,1.58,-0.10;
1.46,2.39,0.41;
1.16,1.26,0.44;
-0.49,1.45,0.18;
-0.84,1.45,0.19;
-0.76,1.08,-0.10;
-0.26,0.18,-0.02;
-0.64,2.21,0.02;
-0.34,1.71,-0.19;
0.21,-1.12,-0.42;
-1.54,3.16,0.15;
-2.72,0.67,0.79;
-1.13,-0.63,0.53;
-1.47,-1.58,-0.04;
0.75,-0.83,-0.14;
0.58,0.24,-0.05;
0.81,-0.39,0.13;
1.82,-0.54,0.15;
1.54,-0.81,0.86;
1.10,0.23,0.86;
0.58,1.14,0.48;
-0.31,1.61,-0.11;
-0.06,1.40,-0.37;
0.30,0.74,-0.39;
0.52,1.26,0.07;
-0.23,1.57,-0.05;
0.03,1.68,0.10;
-1.22,1.10,0.15;
-0.83,0.35,0.30;
-0.84,-0.31,0.21;
0.12,0.38,0.25;
0.64,0.27,0.41;
0.64,-0.22,0.42;
-1.73,1.84,0.31;
-1.21,-0.49,-0.08;
0.72,-1.36,0.07;
1.50,-0.87,-0.10;
-0.08,-1.36,-0.39;
0.14,-0.71,-0.31;
0.14,0.13,-0.05;
-1.05,-0.08,0.33;
0.01,0.59,0.31;
0.47,0.79,0.16;
0.56,0.15,0.44;
-0.11,-1.70,0.65;
-2.02,-2.71,0.62;
-1.19,-3.29,0.53;
0.01,-3.12,0.50;
1.04,-3.04,0.33;
1.76,-2.51,0.53;
1.39,-3.01,0.22;
0.75,-1.91,0.05;
0.46,-1.82,0.28;
0.53,-2.58,-0.04;
2.08,-3.52,-0.53;
2.72,-3.00,-0.65;
0.95,-0.84,-0.42;
0.15,-4.61,0.05;
-0.50,-7.42,0.12;
-1.83,-3.15,0.56;
-2.08,-5.71,0.24;
0.08,-5.13,0.13;
-0.00,-5.35,0.41;
0.82,-3.55,0.28;
2.18,-2.81,-0.11;
1.40,-3.74,-0.30;
2.15,-4.10,0.39;
1.08,-5.56,0.59;
0.29,-4.72,0.85;
1.13,-3.52,0.76;
1.43,-3.94,0.62;
0.05,-4.03,0.16;
-0.18,-4.66,-0.46;
1.07,-3.91,-0.66;
1.04,-3.12,-0.59;
1.08,-2.86,-0.11;
0.82,-2.97,0.35;
1.25,-3.81,0.25;
0.98,-3.71,0.44;
0.38,-3.56,0.68;
-0.35,-2.90,0.86;
-0.55,-3.91,0.67;
-0.57,-0.68,0.22;
-0.14,-1.87,0.47;
0.40,-4.11,1.00;
-1.02,-4.54,1.34;
-2.12,-3.50,1.11;
-0.95,-3.33,0.91;
-0.57,-2.52,0.82;
-0.23,-3.77,0.88;
-0.03,-4.40,1.18;
-1.08,-4.23,1.41;
-3.19,-4.42,1.52;
-2.37,-2.90,1.09;
-4.96,-3.15,-0.34;
-4.06,-6.14,-0.59;
-2.66,-4.78,-0.45;
-1.88,-1.21,0.01;
-2.83,2.01,0.86;
-2.31,-1.70,1.25;
-3.12,-4.49,0.97;
-3.34,-2.49,1.75;
-2.08,2.47,2.77;
-3.89,3.54,2.67;
-3.44,6.71,2.25;
-6.69,4.58,0.83;
-10.44,0.87,-0.91;
-8.55,4.47,-0.62;
-18.87,7.25,-0.43;
-18.43,2.01,-0.16;
-16.76,10.21,-0.10;
-10.23,14.06,0.25;
-10.03,14.12,0.04;
-14.54,20.85,0.30;
-13.21,41.72,1.69;
-24.54,72.96,0.70;
-27.39,85.92,-0.59;
-15.92,85.25,-2.98;
-8.31,86.81,-2.62;
-5.77,89.90,-0.25;
-3.24,85.14,2.16;
0.46,87.05,2.41;
-2.32,77.83,2.86;
-3.48,68.93,5.47;
-4.57,62.88,10.13;
-6.08,54.77,13.78;
-11.07,48.06,15.40;
-9.71,42.88,16.47;
-3.45,39.52,15.38;
-1.91,41.94,12.01;
-0.54,49.74,7.96;
1.62,48.48,2.21;
-2.78,46.94,-1.07;
-4.75,48.03,3.32;
-2.17,42.85,7.43;
2.99,43.16,5.37;
-5.82,40.81,3.26;
-8.15,47.94,7.99;
-6.84,52.67,7.63;
-2.12,60.90,4.24;
-3.07,54.10,1.73;
0.92,48.29,6.10;
-0.58,52.09,8.01;
-8.69,57.45,1.52;
-13.79,63.72,2.44;
-11.18,61.35,3.75;
-3.12,58.71,4.39;
8.58,52.27,4.47;
5.16,41.43,3.43;
-5.97,39.19,4.28;
-11.83,58.35,4.88;
-10.81,58.71,5.00;
-1.08,51.17,4.02;
11.54,36.21,6.15;
12.66,29.78,5.57;
-3.34,25.94,-2.63;
-5.47,24.15,-1.76;
-3.27,22.55,3.83;
0.69,25.89,8.35;
5.34,23.19,10.53;
-1.19,26.00,9.12;
-1.51,18.70,5.76;
-1.28,18.01,7.57;
-4.55,19.23,5.26;
-0.66,20.12,2.54;
8.09,18.73,-3.69;
6.67,19.10,-6.66;
-7.62,29.37,-4.48;
-0.84,25.39,5.28;
1.53,25.11,7.90;
6.64,36.48,1.92;
10.88,39.00,-1.69;
11.74,35.77,-3.01;
2.99,38.32,0.19;
-0.26,39.89,5.51;
-1.33,40.39,6.21;
5.65,39.54,1.03;
13.34,40.38,-5.95;
14.98,44.39,-8.71;
8.32,46.04,-7.01;
2.03,46.09,-1.96;
-2.00,48.35,3.38;
-3.41,50.97,4.86;
0.43,57.61,3.69;
7.57,60.64,0.19;
12.46,55.71,-4.68;
7.97,52.88,-7.87;
7.43,51.08,-8.56;
5.57,46.94,-6.33;
5.86,46.53,-2.02;
6.11,51.06,-1.03;
8.55,50.33,-3.06;
10.73,47.45,-5.15;
5.30,44.33,-6.39;
3.14,40.21,-4.88;
-2.50,45.72,-1.18;
2.56,49.84,0.48;
5.13,49.06,-0.46;
9.45,46.90,-1.36;
6.69,41.11,-2.98;
8.05,37.00,-3.44;
5.92,42.36,-1.41;
0.08,44.79,1.67;
-3.50,45.61,1.70;
3.22,48.97,0.39;
4.82,49.57,-1.53;
6.88,52.70,-2.02;
8.92,51.52,-2.89;
7.56,45.80,-3.04;
6.18,41.52,-2.43;
3.16,38.53,-0.05;
1.66,38.33,1.69;
1.11,40.71,2.48;
0.56,41.78,1.49;
3.51,46.24,-0.28;
4.20,47.32,-2.14;
5.95,46.90,-2.17;
4.92,43.98,-0.97;
4.95,40.52,-0.02;
2.99,40.90,-0.40;
1.56,42.39,-0.11;
-1.05,43.66,-0.48;
-3.94,43.87,-0.40;
-3.65,44.18,-0.65;
-1.73,48.96,-1.20;
-0.28,54.44,-2.86;
-2.40,50.44,-3.20;
-2.81,43.94,-2.08;
-1.77,46.30,-1.29;
-1.85,50.18,-1.59;
0.06,52.61,-1.12;
3.54,55.19,0.07;
2.84,52.87,2.09;
3.62,49.54,3.46;
2.46,49.49,4.09;
-0.60,50.91,2.71;
0.93,51.86,0.47;
4.47,57.95,-0.66;
8.43,62.30,-1.64;
11.50,63.71,-1.49;
11.28,60.82,-0.65;
9.89,58.59,1.86;
6.73,57.98,4.13;
6.41,59.03,3.64;
7.05,55.87,3.22;
7.86,55.84,1.92;
6.50,57.02,-0.04;
7.85,54.39,-0.77;
7.24,51.77,-2.28;
3.65,52.15,-2.75;
-4.09,48.62,-1.36;
-4.21,45.03,-1.59;
2.96,41.68,-1.32;
5.65,43.03,-1.53;
4.59,43.35,-0.85;
1.82,41.45,-2.14;
2.20,40.29,-3.17;
1.30,39.26,-2.46;
0.41,38.62,-0.92;
-3.48,35.61,-0.01;
-1.83,32.61,-0.97;
1.69,30.61,-3.20;
2.44,28.68,-2.72;
2.79,27.54,-1.84;
1.51,24.56,-1.38;
1.54,21.43,-2.10;
1.51,16.79,-2.98;
0.56,13.60,-2.60;
-0.28,12.19,-1.36;
1.13,10.68,-0.82;
2.01,9.80,-1.62;
4.93,7.78,-1.61;
6.17,8.39,-1.09;
6.37,8.18,-1.20;
3.83,3.98,-0.17;
1.45,2.76,0.60;
-1.85,2.19,0.31;
-2.49,0.07,-0.27;
1.43,-0.83,-1.14;
2.47,-1.26,-0.22;
4.92,-1.96,0.35;
6.17,-1.65,0.76;
4.00,-0.61,0.41;
0.70,-0.66,-0.10;
-0.49,-2.71,-0.33;
1.71,-3.90,-0.05;
2.03,-2.81,0.59;
3.42,-3.26,1.28;
5.31,-3.24,1.11;
4.82,-5.87,1.08;
1.74,-7.13,1.92;
-2.38,-7.73,1.95;
-2.03,-8.29,1.49;
-1.91,-9.90,0.99;
-2.47,-10.68,1.14;
-0.55,-11.96,0.97;
1.79,-14.66,1.83;
0.90,-12.40,2.68;
-4.44,-13.00,2.64;
-3.59,-15.27,1.90;
-1.63,-16.72,1.99;
-0.29,-16.78,2.59;
2.37,-16.03,2.50;
2.58,-15.88,2.16;
2.56,-16.03,2.48;
0.49,-17.06,3.11;
-0.41,-17.84,3.18;
-1.42,-17.77,2.65;
-1.94,-18.48,1.83;
-0.05,-19.33,1.69;
1.04,-20.71,2.24;
1.19,-21.74,2.64;
-0.20,-22.57,2.38;
-0.58,-23.29,1.83;
-0.83,-25.06,2.12;
-0.17,-25.48,3.12;
-0.64,-25.76,3.55;
-0.35,-26.60,3.06;
-2.02,-28.42,2.67;
-2.64,-31.94,3.23;
-2.18,-29.96,2.44;
-1.92,-30.65,1.92;
-0.41,-34.06,2.25;
-0.47,-36.11,2.53;
3.66,-33.82,1.76;
3.56,-32.90,0.96;
1.82,-37.82,0.48;
2.20,-39.96,0.54;
1.86,-38.92,0.47;
3.30,-35.45,0.25;
4.56,-36.81,0.39;
1.39,-36.26,0.31;
1.21,-36.45,-1.53;
3.56,-38.52,-2.71;
5.46,-40.83,-1.56;
5.39,-40.10,-1.40;
7.01,-42.49,-1.07;
6.35,-47.59,-0.60;
5.11,-46.60,0.25;
4.52,-45.56,-0.75;
1.36,-46.25,-2.31;
-1.34,-45.09,-3.23;
-1.50,-40.52,-4.25;
3.88,-42.84,-5.07;
2.75,-47.24,-1.91;
-2.78,-34.02,2.33;
-3.77,-29.61,0.62;
-1.18,-41.64,-1.15;
-2.29,-61.07,0.24;
0.14,-59.03,-0.40;
-3.56,-48.72,-1.17;
-6.06,-33.99,-2.68;
-23.15,-6.29,-3.82;
-19.70,-36.83,-3.72;
-14.58,-77.79,-2.57;
-12.81,-85.68,-2.48;
3.16,-70.61,-1.49;
5.98,-58.65,-0.80;
0.88,-46.87,-1.40;
-3.62,-57.24,-2.08;
-13.54,-69.96,-1.90;
-16.84,-77.94,0.93;
-11.91,-73.50,3.61;
-12.57,-65.27,3.57;
-14.57,-62.84,1.52;
-10.06,-61.44,-2.71;
-5.99,-63.03,-4.24;
-4.73,-64.17,-2.20;
-10.63,-59.18,0.07;
-7.57,-60.75,0.86;
-5.13,-58.78,-1.56;
-5.34,-53.82,-2.53;
-2.99,-58.08,-1.96;
-3.13,-59.82,-1.98;
-0.41,-57.77,-0.75;
-0.35,-59.48,0.80;
-4.11,-57.00,1.38;
-7.76,-56.35,0.15;
-9.56,-56.06,-2.92;
-2.21,-57.76,-4.77;
-5.51,-56.83,-3.53;
-1.88,-54.65,-1.11;
0.59,-52.35,-1.20;
-1.27,-53.62,-3.67;
-7.94,-58.69,-4.86;
-2.66,-59.33,-2.54;
-5.07,-57.82,3.15;
-10.52,-51.32,6.15;
-8.05,-50.74,4.60;
-4.41,-48.28,-0.94;
-2.66,-46.69,-2.20;
-5.91,-51.47,0.16;
-2.84,-60.17,4.24;
-9.37,-51.91,4.65;
-10.92,-45.94,3.38;
-6.95,-44.45,0.38;
0.47,-38.87,-1.32;
0.98,-35.99,-0.63;
8.59,-37.59,1.34;
3.17,-45.53,-1.03;
-5.97,-39.53,-1.29;
-2.93,-37.04,-1.04;
2.75,-32.66,-0.28;
7.43,-23.04,-1.50;
4.40,-23.71,-1.93;
0.50,-30.35,-1.36;
0.21,-30.80,0.44;
0.58,-29.30,2.28;
5.48,-27.00,1.51;
1.83,-18.71,-0.46;
3.07,-26.71,-1.21;
-0.12,-34.39,-1.88;
-4.14,-25.64,2.82;
-4.18,-26.89,4.04;
0.03,-27.21,0.96;
1.13,-24.81,-1.01;
4.05,-26.46,0.91;
0.78,-35.87,2.71;
-6.70,-36.49,6.13;
-8.70,-29.81,4.16;
-3.86,-30.39,-1.27;
2.49,-28.74,-4.66;
-1.99,-30.16,-1.64;
-3.54,-44.83,1.78;
-8.15,-42.57,3.63;
-12.31,-37.87,2.45;
-10.18,-40.28,0.47;
-6.50,-42.81,1.09;
-5.86,-42.90,4.05;
-11.21,-44.84,7.89;
-13.07,-39.93,9.72;
-14.72,-41.45,7.60;
-13.89,-40.55,-1.17;
-9.99,-44.69,-5.62;
-5.02,-44.68,-3.99;
-3.76,-47.30,1.75;
0.15,-49.24,4.47;
-0.31,-47.13,0.79;
-1.94,-46.52,-5.82;
2.21,-43.36,-6.66;
5.07,-44.97,-4.14;
9.83,-57.42,-1.93;
11.17,-50.39,-0.13;
2.96,-43.00,0.53;
6.37,-43.93,-4.62;
16.00,-44.65,-4.31;
20.46,-59.38,-3.40;
16.29,-61.48,-6.66;
5.39,-62.58,-5.47;
2.35,-62.90,0.10;
2.93,-66.10,1.35;
5.86,-68.31,0.51;
12.75,-67.55,-0.49;
13.95,-62.17,-9.81;
12.01,-67.16,-11.17;
13.88,-69.84,-6.19;
13.10,-63.96,2.28;
18.14,-55.52,4.94;
24.82,-37.87,2.62;
24.73,-17.81,-2.77;
17.34,-17.33,-6.83;
3.21,-36.63,-11.03;
6.41,-37.44,-4.49;
14.52,-25.10,1.63;
16.90,-0.72,5.11;
19.48,17.28,6.62;
22.18,32.44,6.02;
16.17,23.00,1.55;
7.54,-9.21,-3.84;
3.21,-13.39,-7.62;
10.41,-8.48,-5.43;
23.10,7.71,-3.00;
25.04,20.93,-1.09;
20.49,25.55,0.82;
14.55,20.15,1.57;
-9.47,-5.06,0.97;
-7.77,-13.12,0.45;
0.81,-6.54,0.41;
7.40,3.02,0.13;
7.82,11.52,2.82;
4.96,13.16,3.22;
-4.67,7.58,3.23;
-11.22,-11.13,2.10;
1.45,-16.87,2.27;
8.90,-6.66,3.87;
13.72,2.47,4.68;
11.50,5.74,5.35;
9.46,7.51,5.67;
9.98,6.01,4.74;
-1.47,-5.01,1.98;
-8.40,-10.05,1.08;
-4.73,-11.30,1.11;
1.66,-9.09,1.96;
5.30,-2.45,2.56;
2.85,-1.91,2.91;
1.95,-1.01,2.71;
-3.47,10.04,2.50;
0.70,-3.32,1.99;
8.23,-5.38,3.26;
4.53,4.19,3.28;
-0.31,0.91,2.57;
2.47,1.72,2.21;
1.45,-0.46,3.06;
3.80,-0.78,4.09;
7.74,3.84,5.78;
10.12,4.85,6.53;
7.45,0.03,7.00;
-0.84,-0.66,5.81;
-4.60,-6.46,5.03;
-0.81,-1.68,4.44;
1.10,5.14,3.00;
3.50,4.09,2.31;
3.43,2.82,1.47;
0.69,5.14,0.53;
-0.09,1.80,0.18;
-1.45,-1.62,0.83;
-4.20,-1.42,0.54;
-3.37,0.38,0.21;
-0.95,-1.09,0.27;
-0.06,-4.39,0.02;
-0.76,-4.26,0.16;
-3.92,-6.71,0.15;
-5.31,-7.77,-0.71;
-8.06,-8.74,-1.76;
-11.04,-6.49,-3.12;
-12.12,-7.41,-4.27;
-9.13,-8.48,-4.74;
-8.60,-3.64,-4.60;
-6.87,-0.84,-4.53;
-5.53,-0.51,-3.00;
-3.66,-0.69,-1.26;
-2.96,0.68,1.31;
-2.52,-0.65,2.09;
-1.71,-0.05,2.21;
1.34,0.07,0.86;
6.35,-5.55,-0.80;
1.71,1.84,-1.73;
-4.79,1.43,-3.65;
-6.52,-3.48,-5.17;
-3.89,-7.70,-5.61;
-1.60,-7.65,-5.58;
0.50,-3.15,-5.06;
1.01,-1.38,-4.98;
1.04,-0.83,-4.65;
-0.26,0.70,-3.85;
-1.16,0.65,-3.20;
-1.27,0.93,-2.63;
-2.18,0.47,-2.42;
-1.68,0.07,-2.56;
-0.24,0.99,-2.45;
-0.38,1.69,-1.90;
-0.79,1.98,-1.69;
-1.71,1.52,-1.99;
-1.91,1.65,-1.52;
-1.51,3.26,-1.30;
-1.57,3.78,-0.88;
-1.71,2.88,-0.07;
-2.81,1.51,0.19;
-4.32,2.00,0.38;
-3.24,4.38,-0.25;
-2.58,2.00,-0.72;
-1.77,0.61,-0.20;
-1.47,-1.03,-0.43;
0.35,0.12,-0.77;
0.75,0.67,-0.53;
0.11,0.52,-0.05;
-0.54,1.46,0.15;
-0.44,1.66,0.18;
-0.09,2.44,0.02;
-1.30,3.25,0.38;
-2.52,3.05,0.50;
-2.37,4.19,0.53;
-2.86,3.86,0.30;
-2.02,3.34,0.16;
-0.00,2.09,0.02;
1.21,1.37,-0.27;
0.76,1.80,-0.28;
0.52,2.67,-0.31;
-0.50,3.05,-0.13;
-0.31,2.87,-0.60;
-0.35,4.18,-0.63;
-0.21,3.89,-1.07;
2.75,-1.56,-1.24;
2.27,3.68,-0.42;
-2.50,5.48,0.25;
-2.75,-0.74,-0.08;
-1.88,-1.04,-0.54;
-0.08,-2.69,-0.42;
1.56,-1.42,0.04;
2.46,-0.43,0.35;
1.74,1.34,0.45;
1.80,2.42,-0.08;
0.64,2.27,0.10;
-0.60,2.39,0.19;
-1.02,1.87,-0.11;
-1.45,2.07,-0.24;
-0.98,1.86,-0.28;
-1.31,1.77,-0.48;
-0.47,1.72,-0.27;
0.20,1.60,-0.33;
0.30,1.49,0.27;
-0.29,0.85,0.22;
-0.09,1.16,-0.16;
-0.23,1.14,-0.46;
-0.79,1.05,-0.07;
-1.30,0.74,0.24;
-1.13,3.29,-0.27;
-0.44,0.55,-0.36;
0.66,-0.98,-0.02;
1.17,0.09,0.51;
0.50,-0.20,0.59;
0.47,-1.35,0.82;
0.14,-0.66,0.19;
-0.06,0.47,0.28;
-0.28,0.68,0.42;
-0.14,0.93,0.33;
-1.24,1.23,0.35;
-1.83,0.64,0.05;
-1.71,0.23,-0.05;
-1.12,0.96,-0.13;
-0.28,0.50,-0.04;
0.32,0.41,-0.25;
0.56,0.91,0.09;
0.32,0.67,-0.22;
1.33,-0.10,-0.08;
1.31,1.32,0.53;
0.30,1.19,0.64;
-0.57,0.12,0.54;
0.32,-0.06,-0.01;
-0.08,1.00,0.10;
-0.52,2.00,-0.10;
1.43,-2.11,-0.01;
2.18,0.77,0.02;
-0.99,2.32,0.74;
-1.39,-1.76,0.57;
-1.15,-3.16,-0.07;
0.55,-5.81,0.07;
2.21,-3.77,0.50;
2.64,-2.75,0.62;
2.23,-1.96,0.56;
1.74,-1.00,0.41;
0.52,-0.71,0.24;
0.03,-0.31,0.35;
-0.54,-0.37,0.31;
-0.69,-0.87,0.19;
-0.08,-0.83,-0.24;
0.43,-0.61,-0.20;
0.69,-0.61,0.07;
0.70,-1.04,0.19;
0.78,-1.36,0.59;
0.18,-1.55,0.57;
-0.58,-1.82,0.73;
-1.10,-2.14,0.64;
-0.79,-2.02,0.35;
-1.04,-3.01,0.73;
-1.10,-0.16,0.47;
-1.71,-2.32,0.19;
0.03,-5.09,0.19;
0.69,-3.87,0.10;
0.66,-2.74,0.47;
0.87,-3.68,0.30;
1.05,-2.31,-0.16;
0.40,-1.76,0.04;
-0.03,-1.52,-0.08;
0.12,-1.73,0.18;
-0.05,-0.92,0.59;
-0.98,-0.68,0.65;
-1.08,-1.71,0.54;
-0.35,-1.68,0.19;
0.63,-2.31,0.38;
1.39,-2.34,0.65;
1.19,-2.13,1.14;
0.56,-2.20,0.86;
1.11,-2.39,0.76;
1.42,-2.34,0.82;
1.14,-2.86,0.76;
1.05,-2.98,0.50;
0.50,-2.29,0.39;
0.61,-1.50,0.09;
0.75,-1.99,0.01;
1.42,-2.54,-0.05;
1.43,-2.61,0.12;
-0.26,-0.80,0.10;
0.37,-2.06,-0.14;
2.78,-5.38,-0.19;
0.87,-2.63,0.44;
-1.12,-2.55,1.03;
-1.27,-3.09,0.88;
0.32,-6.61,1.34;
1.76,-5.47,1.23;
3.77,-2.92,0.89;
3.92,-2.11,0.54;
3.07,-1.27,0.57;
1.40,-2.02,0.45;
0.37,-2.54,0.21;
-0.28,-3.00,0.18;
0.18,-3.27,0.19;
0.66,-3.06,0.02;
1.28,-2.81,0.07;
1.62,-2.57,-0.22;
2.06,-2.23,0.41;
1.08,-1.96,0.27;
0.99,-1.74,0.41;
0.84,-1.59,0.59;
1.16,-1.27,0.73;
0.58,-2.42,0.73;
-0.12,-3.52,0.83;
-2.00,-1.65,0.56;
-2.03,-0.29,0.38;
-1.33,-3.74,0.41;
-0.90,-2.05,0.71;
-0.66,-4.14,0.50;
0.23,-2.34,0.07;
0.12,-1.38,0.07;
0.95,-1.73,0.30;
0.63,-0.69,0.74;
0.73,-1.55,0.76;
1.28,-2.49,0.67;
0.56,-1.26,1.12;
0.43,-0.60,1.11;
-0.17,-0.66,0.71;
0.85,-1.88,0.22;
2.00,-3.36,0.53;
2.24,-1.87,0.83;
0.76,2.00,0.73;
0.90,4.82,0.21;
2.32,6.01,-0.46;
1.85,8.27,-0.22;
3.28,12.18,-0.40;
3.97,11.11,0.30;
4.35,11.61,0.16;
2.82,10.88,-0.42;
5.10,6.97,-0.20;
7.89,1.65,0.35;
6.20,4.36,1.83;
7.36,3.98,2.35;
7.24,3.31,2.77;
3.10,1.97,2.44;
-2.75,-0.43,2.36;
0.30,-0.22,1.17;
3.76,-1.00,1.64;
7.95,-1.58,2.09;
7.01,-3.58,2.27;
4.32,-4.57,2.02;
-1.18,-4.37,1.87;
3.62,-6.94,1.54;
3.28,-4.26,1.66;
-0.46,-6.34,1.46;
-0.32,-4.84,0.97;
1.68,-3.04,0.54;
3.68,-2.78,0.94;
3.17,-1.73,0.64;
-0.23,-2.52,0.39;
0.41,-2.87,1.00;
0.30,-0.92,0.93;
0.50,-1.16,1.22;
-0.11,-1.48,0.91;
-1.41,-1.62,0.71;
-1.70,-2.65,0.41;
-2.34,-4.66,0.35;
-1.05,-0.95,0.31;
0.59,-0.78,0.28;
-1.27,-1.71,-0.01;
-2.41,-1.56,0.35;
-3.31,-3.01,-0.05;
-1.53,-1.93,-0.46;
-2.87,-2.80,-0.57;
-2.78,-3.85,-1.20;
-6.31,-3.10,-1.47;
-1.70,-1.48,-1.53;
0.46,-1.50,-0.60;
1.14,1.00,0.59;
-5.80,-0.49,0.39;
-6.98,-2.69,-0.72;
-8.38,-2.55,-1.64;
-2.46,-2.68,-1.95;
-4.35,-3.48,-1.20;
-8.73,-3.76,-0.95;
-12.47,-0.37,-1.55;
-8.28,-4.89,-0.83;
-7.27,-0.02,-0.80;
-12.96,0.39,-1.61;
-24.12,-0.43,-3.61;
-23.07,16.07,-2.77;
-25.45,44.30,-1.61;
-34.58,58.36,-0.62;
-32.09,75.87,-2.22;
-26.47,80.94,-3.12;
-19.19,82.96,-2.71;
-14.12,80.59,0.25;
-9.95,79.69,1.63;
-6.17,73.08,1.57;
1.82,77.89,3.06;
9.21,78.70,4.53;
9.05,81.42,8.01;
9.31,71.69,11.83;
10.37,71.52,12.12;
2.98,67.16,12.45;
5.08,68.07,11.72;
10.32,65.45,10.99;
9.39,56.79,7.35;
5.63,56.84,4.51;
-0.46,56.76,2.28;
-2.76,56.26,3.09;
-5.56,54.64,2.16;
-4.35,50.76,-3.21;
-2.58,45.66,-2.75;
2.06,46.71,-0.60;
-0.67,54.56,-3.38;
-4.92,58.67,-4.20;
-7.80,62.76,-3.47;
-3.04,66.01,-0.69;
2.69,67.02,0.86;
8.26,58.29,4.39;
-3.04,60.61,2.79;
-7.94,64.39,2.39;
-7.83,72.13,4.05;
-0.35,71.66,3.20;
10.11,64.73,0.19;
23.33,52.70,1.76;
6.81,51.98,1.81;
-3.45,47.10,2.42;
-6.61,52.96,6.04;
2.99,51.00,1.99;
12.15,46.93,-5.50;
9.71,42.62,-7.81;
-5.63,48.70,-3.55;
-6.32,41.11,4.89;
-8.43,24.79,8.36;
5.31,33.83,1.32;
9.51,40.00,-4.46;
6.50,39.37,-5.73;
3.14,39.55,-0.86;
-1.82,39.22,8.01;
-10.49,25.39,9.72;
3.17,29.92,2.91;
13.40,31.45,-7.87;
9.10,30.87,-10.72;
-3.27,34.74,-5.61;
-11.45,31.16,2.31;
-17.94,29.14,6.86;
-15.68,30.58,5.47;
-1.19,34.32,-0.10;
6.98,34.47,-3.98;
9.94,33.58,-5.20;
1.22,31.61,-4.16;
-3.30,37.17,-1.03;
-8.24,41.89,3.54;
-6.90,43.05,6.13;
-2.03,43.28,3.44;
5.48,42.26,0.64;
9.98,36.87,-1.41;
8.87,28.06,-1.14;
-0.72,34.03,-0.82;
-1.01,45.37,1.70;
-3.59,49.95,3.28;
0.82,49.52,2.60;
3.85,45.37,1.40;
6.78,38.77,-0.37;
0.43,41.23,-1.17;
-3.33,45.52,0.41;
-8.03,49.49,1.92;
-9.42,54.42,1.90;
-4.40,53.43,1.99;
1.24,55.55,1.35;
3.60,55.75,0.16;
3.66,47.60,-1.04;
2.11,45.60,-0.75;
-1.65,50.96,0.89;
-2.57,52.15,2.67;
0.34,51.42,2.96;
1.43,52.12,3.38;
0.41,52.19,2.68;
1.65,52.32,2.94;
1.24,49.08,2.64;
2.78,48.48,2.59;
-1.65,45.05,3.08;
-3.39,42.56,4.10;
-5.13,42.82,4.01;
-6.54,46.74,3.26;
-5.62,51.72,2.19;
-6.24,54.88,0.16;
-7.34,55.17,-0.69;
-5.80,54.30,-0.40;
-3.15,52.21,-0.34;
2.21,48.68,-0.28;
2.14,52.41,1.63;
-0.76,57.83,2.53;
-1.02,57.65,1.44;
1.33,50.79,0.41;
4.38,49.28,0.48;
2.24,52.33,-0.30;
1.79,57.05,-1.17;
5.65,57.51,-1.32;
5.95,56.77,-0.13;
3.74,54.77,1.70;
2.44,56.15,2.33;
4.72,56.45,2.65;
4.64,56.70,4.36;
9.46,58.71,3.89;
14.15,58.62,3.69;
10.58,60.90,5.03;
6.92,59.13,7.41;
-2.23,54.77,7.17;
-3.91,53.55,5.66;
5.13,53.57,5.32;
8.59,54.47,4.85;
10.14,58.26,4.91;
9.33,60.44,4.02;
4.27,60.90,3.60;
2.96,60.85,2.41;
3.79,55.98,3.64;
4.50,43.46,4.83;
5.82,40.71,4.21;
5.76,43.61,5.03;
1.86,44.32,3.41;
-0.32,43.28,1.31;
0.63,43.57,-1.07;
2.34,41.86,-2.68;
2.05,39.49,-0.54;
4.44,39.48,1.89;
8.41,42.13,3.15;
5.98,42.33,3.58;
2.32,37.77,1.34;
2.90,34.44,-0.83;
0.70,31.78,-1.90;
-2.43,28.85,-1.40;
-1.71,24.96,-1.43;
0.26,22.06,-2.34;
0.98,18.74,-3.67;
2.17,15.81,-4.83;
0.87,13.45,-5.15;
-2.52,9.02,-4.85;
-2.87,7.60,-5.40;
-1.04,7.66,-6.28;
0.17,4.44,-6.17;
0.98,5.95,-4.40;
-3.34,4.99,-3.82;
-5.66,2.12,-3.95;
-5.71,-1.87,-4.69;
-4.72,-6.77,-3.00;
-1.12,-7.33,-2.33;
0.63,-6.45,-1.95;
2.41,-6.45,-1.91;
2.53,-6.98,-1.78;
-1.22,-9.93,-1.12;
-2.61,-11.41,-1.17;
-2.58,-10.74,-2.75;
-0.47,-10.23,-3.81;
1.01,-9.64,-3.67;
1.37,-8.74,-3.12;
0.41,-9.19,-3.50;
-0.86,-11.04,-3.06;
-3.08,-12.60,-2.75;
-2.90,-13.48,-2.59;
-2.08,-14.28,-2.10;
-0.61,-15.15,-1.36;
-0.58,-16.20,-1.18;
-0.05,-17.00,-0.85;
0.08,-19.06,1.06;
0.81,-17.64,0.45;
0.23,-21.56,0.96;
1.50,-22.90,1.49;
2.49,-22.80,1.25;
2.05,-22.46,0.97;
1.60,-23.81,1.11;
1.10,-23.41,0.12;
1.19,-23.21,-0.16;
1.69,-22.55,-0.63;
3.80,-24.54,-0.37;
4.84,-25.07,0.21;
2.15,-27.04,1.15;
2.47,-27.84,1.40;
2.64,-27.50,1.58;
1.95,-27.79,1.75;
3.04,-28.58,1.43;
5.50,-29.65,1.32;
4.79,-32.20,1.66;
3.82,-34.06,2.04;
2.75,-35.65,2.31;
3.13,-35.23,1.83;
5.89,-35.21,1.31;
6.46,-35.09,1.26;
2.20,-35.55,1.80;
3.42,-37.82,1.15;
4.52,-41.53,1.43;
3.57,-37.61,1.31;
0.76,-41.91,1.67;
4.03,-42.95,1.17;
5.57,-45.44,1.06;
7.77,-46.06,1.73;
6.32,-46.61,2.18;
3.82,-47.13,1.75;
1.94,-46.65,0.86;
-0.60,-46.81,-0.10;
-0.06,-47.62,-0.69;
1.66,-49.91,-0.83;
2.98,-53.18,-0.11;
0.78,-54.45,0.89;
1.43,-53.44,0.48;
1.97,-52.80,-0.17;
0.90,-54.58,-0.69;
-1.19,-57.33,-1.30;
-6.02,-58.90,-0.86;
-8.57,-59.59,-0.60;
-4.92,-58.90,-0.86;
-1.62,-56.94,0.47;
-13.33,-45.36,2.99;
-29.04,-38.32,3.73;
-21.28,-45.45,0.18;
-8.35,-60.48,-3.98;
-2.83,-64.72,-4.34;
1.83,-62.55,-2.33;
-8.92,-21.53,0.51;
-14.84,-5.65,-1.46;
-6.09,-38.54,-2.27;
0.46,-58.05,-1.11;
2.47,-52.95,1.11;
4.32,-49.26,2.30;
-1.47,-34.83,0.76;
-4.50,-26.00,-0.56;
-0.37,-37.62,-1.03;
-1.80,-46.00,0.19;
1.42,-46.55,1.22;
-1.27,-43.44,0.48;
2.78,-43.87,-0.24;
-3.92,-37.04,0.15;
-3.25,-41.42,0.64;
0.21,-42.35,-0.10;
7.33,-42.61,-0.43;
5.01,-43.94,1.20;
2.08,-50.16,-0.43;
10.03,-57.06,-1.17;
4.55,-49.96,0.45;
5.98,-54.11,1.49;
6.23,-55.03,0.60;
7.11,-54.87,0.50;
1.74,-59.12,1.26;
-0.99,-61.15,1.81;
-1.12,-57.03,1.09;
-3.34,-54.13,1.32;
-16.00,-51.18,-0.05;
-18.43,-54.55,-4.19;
10.06,-50.22,-6.08;
11.14,-46.05,-4.17;
10.81,-51.47,-1.12;
6.67,-52.19,1.02;
2.87,-53.68,0.45;
-9.76,-49.50,-1.69;
-11.30,-54.84,-1.53;
-2.92,-58.52,1.09;
8.52,-54.34,4.28;
15.14,-50.25,4.39;
5.13,-49.91,0.56;
-1.50,-44.95,-1.79;
-4.84,-43.97,-2.07;
-3.48,-48.84,0.15;
-4.76,-47.24,-0.33;
-0.29,-50.13,-2.27;
12.06,-48.74,-4.56;
7.71,-46.45,-5.29;
1.33,-43.30,-1.50;
-2.84,-41.74,2.13;
-8.76,-39.55,0.97;
-7.62,-40.81,0.01;
-3.44,-44.89,-2.65;
-1.95,-40.39,-3.53;
-0.64,-34.06,-1.98;
-0.20,-38.60,1.72;
-4.52,-36.68,-0.07;
-3.91,-29.93,-2.13;
-2.92,-29.21,-1.96;
-2.81,-29.33,-2.39;
-3.12,-26.51,-0.85;
-2.72,-24.80,-0.01;
-2.64,-27.07,0.71;
-5.22,-26.61,-1.40;
-9.08,-25.73,-1.55;
-3.79,-28.51,-1.27;
-0.09,-27.09,-0.02;
0.12,-22.03,1.46;
-2.15,-21.90,2.19;
-11.04,-22.49,3.09;
-5.47,-27.27,0.22;
-0.49,-28.80,-3.01;
-0.64,-30.19,-2.30;
-2.73,-31.50,0.16;
-4.60,-30.72,4.09;
-7.22,-31.04,8.70;
-8.21,-35.13,5.22;
-2.28,-39.39,1.54;
-6.05,-39.13,0.01;
-9.22,-38.03,3.23;
-5.27,-37.99,6.60;
-7.24,-39.84,3.64;
-4.89,-38.13,-1.75;
-1.79,-43.26,-5.90;
-0.49,-44.57,-5.33;
-6.15,-45.82,-4.07;
-7.86,-40.14,-1.00;
-7.51,-40.95,1.31;
-0.38,-40.13,1.99;
4.14,-46.57,-1.49;
0.27,-51.67,-4.30;
-6.37,-48.71,-5.43;
-6.66,-48.68,-4.36;
-6.05,-53.41,-3.93;
-2.26,-55.73,-2.56;
4.00,-55.93,-2.36;
0.61,-55.84,-6.53;
-1.51,-52.61,-9.43;
-1.44,-55.59,-9.32;
0.11,-60.75,-6.04;
5.14,-65.10,-1.36;
3.16,-65.10,-0.04;
1.63,-52.74,-3.43;
-5.39,-47.33,-7.98;
-3.66,-40.72,-8.07;
1.21,-37.65,-5.75;
8.15,-37.18,-1.44;
9.97,-24.35,-1.40;
4.84,-12.94,-1.59;
2.43,-19.88,-0.74;
2.66,-32.23,-1.15;
4.99,-24.34,-3.21;
10.20,-10.54,-3.17;
12.17,12.03,1.05;
7.05,24.96,3.70;
6.98,-2.39,5.35;
12.99,-18.75,4.83;
5.74,-11.12,-0.33;
6.37,-0.22,0.74;
14.47,12.45,-0.14;
8.79,16.94,0.30;
8.95,18.53,2.74;
5.80,7.39,5.95;
0.63,-19.76,7.09;
5.19,-21.24,5.34;
16.58,-7.52,2.16;
12.59,-3.82,1.47;
10.18,-1.41,1.81;
8.61,-2.22,1.29;
5.82,-5.27,2.82;
2.59,-10.75,5.61;
13.95,-12.97,3.14;
6.75,-15.44,0.89;
-0.31,-15.16,-0.74;
1.04,-11.73,-3.64;
-1.05,-12.10,-2.98;
2.30,-11.23,0.79;
3.28,-11.85,3.78;
5.39,-10.77,3.87;
6.72,-9.48,1.41;
5.11,-11.90,0.89;
3.86,-8.08,0.97;
0.30,-2.05,2.13;
2.53,-4.42,1.43;
-0.37,-4.55,2.51;
6.12,-7.56,1.96;
10.88,-3.44,2.93;
6.21,-1.35,3.92;
1.24,0.41,4.31;
-0.43,-1.84,2.39;
-0.58,-2.17,0.62;
-1.10,-3.68,1.96;
0.20,-4.10,3.98;
2.17,-3.62,4.36;
3.22,-4.40,4.15;
0.95,-2.02,2.91;
1.17,-1.99,2.56;
2.72,-1.48,3.25;
4.87,0.35,3.32;
4.37,-1.99,3.03;
2.47,-2.94,3.72;
-2.40,-2.90,4.18;
1.19,-2.20,3.51;
3.28,0.45,3.54;
0.67,2.30,3.51;
-0.99,1.80,2.88;
3.24,2.19,1.73;
5.97,-0.66,1.40;
7.86,0.09,1.86;
-1.24,6.79,2.36;
-6.67,-0.00,2.24;
-4.58,-6.32,1.29;
1.17,-6.34,1.61;
3.54,-2.20,1.46;
2.27,0.74,1.70;
1.56,0.59,1.64;
-2.17,0.36,1.78;
-2.46,3.11,0.96;
0.18,4.27,0.56;
1.34,4.71,-0.42;
0.32,4.33,-1.32;
-0.34,2.33,-1.70;
-0.76,1.43,-2.42;
0.63,1.20,-2.24;
-0.00,2.58,-2.10;
-0.78,1.74,-2.01;
-0.26,2.29,-2.37;
-0.17,1.22,-2.43;
0.69,5.81,-2.54;
0.63,6.41,-2.25;
-1.28,8.04,-2.56;
-2.95,5.74,-2.97;
-3.54,3.78,-3.01;
-5.04,2.84,-2.72;
-3.47,2.79,-2.33;
-1.24,4.97,-1.95;
-0.67,5.69,-1.98;
0.76,5.87,-1.11;
1.77,6.29,-1.69;
2.41,7.00,-1.82;
1.95,7.46,-2.13;
0.34,6.13,-2.98;
-1.15,4.18,-3.09;
-1.48,2.62,-3.38;
-1.50,1.43,-3.72;
-0.31,1.20,-3.38;
-0.99,2.12,-3.09;
-2.14,2.84,-2.22;
-1.39,2.85,-1.53;
-0.64,2.85,-1.46;
-0.03,1.95,-0.91;
-0.98,1.74,-0.51;
-0.72,2.38,-0.51;
-0.43,3.34,-0.95;
-0.90,4.45,-0.63;
-1.99,5.19,-1.07;
-2.28,4.93,-1.26;
0.63,0.27,-1.32;
0.73,2.71,-1.06;
-2.81,5.32,-0.19;
-3.45,0.47,-0.07;
-2.29,-0.80,-0.46;
0.08,-2.00,-0.95;
0.53,-0.23,-1.23;
1.28,2.00,-1.00;
0.70,2.99,-0.94;
0.12,3.48,-1.33;
-1.04,3.49,-1.24;
-1.44,2.81,-1.04;
-0.54,2.76,-1.12;
0.08,3.57,-1.15;
-0.02,3.26,-1.18;
0.34,2.32,-1.15;
0.26,2.70,-0.91;
0.40,2.36,-0.78;
0.27,1.87,-0.53;
0.56,2.07,-0.16;
0.96,1.37,-0.40;
-0.52,0.56,-0.01;
-2.35,1.84,0.22;
-2.75,3.63,0.36;
-1.56,-0.03,0.16;
-0.52,-0.97,0.15;
-0.61,-0.32,0.16;
-0.75,-1.39,0.30;
-1.12,-2.03,0.45;
-1.92,-0.40,0.27;
-1.80,-0.95,0.22;
-1.54,-0.90,0.21;
-0.17,0.61,0.62;
-0.99,1.54,0.51;
-2.54,0.97,0.91;
-3.24,0.65,0.83;
-2.60,0.39,0.68;
-0.29,0.18,0.59;
0.01,0.13,1.06;
-0.58,-1.27,1.18;
-0.20,-0.98,1.17;
-0.46,-0.66,1.15;
-0.76,-1.15,0.97;
0.15,-1.15,0.67;
1.07,-2.14,0.89;
0.81,-1.06,1.08;
-0.24,-0.29,0.79;
-1.02,-1.03,0.47;
-0.84,-2.71,-0.01;
0.20,-1.07,0.05;
0.06,-0.68,-0.40;
2.08,-5.41,-0.13;
1.97,-2.08,0.41;
-2.54,-1.59,0.80;
-2.76,-3.90,0.59;
-1.25,-4.46,0.41;
0.98,-5.84,0.56;
3.13,-3.10,0.18;
3.83,-1.71,0.22;
3.34,-0.94,0.30;
1.80,-0.13,0.44;
1.60,-0.43,0.51;
0.52,-0.31,0.07;
-1.18,-2.37,-0.49;
-0.34,-2.13,-0.27;
0.49,-0.95,-0.46;
0.87,-0.81,-1.03;
1.17,-0.74,-0.72;
0.14,-0.98,-0.43;
-0.21,-1.81,-0.07;
0.30,-1.48,0.01;
0.64,-2.06,0.13;
1.05,-2.87,0.21;
-1.21,-3.03,0.79;
-2.79,-0.92,0.47;
-2.11,-3.29,0.47;
-0.83,-3.36,0.47;
0.15,-1.35,0.93;
0.38,-4.43,0.85;
0.03,-5.67,0.39;
0.14,-3.76,0.42;
0.18,-2.78,0.42;
0.67,-2.13,0.73;
0.61,-1.87,1.03;
0.59,-3.87,1.22;
0.24,-2.94,1.14;
-0.26,-2.29,1.02;
-0.61,-2.43,0.85;
-1.41,-2.83,0.64;
-0.49,-4.57,0.67;
2.20,-3.81,0.82;
1.68,-3.41,1.06;
1.17,-4.34,0.83;
1.40,-3.99,0.62;
0.64,-2.16,0.48;
-0.67,-1.94,0.36;
-0.32,-3.33,-0.08;
0.67,-3.24,0.38;
0.17,-1.82,0.33;
1.71,-3.01,-0.01;
3.14,-6.39,0.25;
1.60,-4.29,0.93;
-1.54,-3.61,1.46;
-1.63,-3.71,1.14;
0.12,-8.87,0.77;
1.62,-6.75,0.33;
3.43,-4.08,0.56;
3.17,-3.93,0.53;
2.34,-4.78,0.74;
0.50,-5.74,1.14;
0.43,-5.38,0.91;
0.06,-5.38,1.15;
-0.21,-6.37,0.41;
0.55,-6.06,0.25;
0.82,-5.24,-0.28;
-0.15,-4.83,-0.16;
-0.43,-4.32,-0.01;
-0.46,-3.67,0.35;
-0.15,-2.89,0.21;
0.32,-2.81,-0.13;
0.53,-2.23,-0.46;
0.87,-2.74,-0.27;
-1.76,-5.32,0.50;
-3.85,-2.29,0.50;
-2.49,-3.56,0.50;
-1.34,-5.41,0.51;
-0.52,-3.30,0.50;
-0.70,-4.22,0.67;
-0.81,-3.41,0.16;
-0.60,-1.82,0.33;
0.05,-2.28,0.53;
1.36,-3.13,0.71;
2.14,-3.90,0.57;
0.95,-2.63,0.68;
-0.21,-2.05,0.71;
-1.41,-2.54,0.38;
-1.88,-1.99,0.47;
-0.41,-4.42,0.21;
1.24,-5.16,0.39;
1.31,-3.56,0.35;
1.02,-2.94,0.28;
0.67,-2.23,0.33;
-0.57,-0.65,0.41;
-0.84,-0.74,0.30;
-0.05,0.55,-0.28;
-1.31,1.84,-0.25;
1.95,0.59,-0.77;
4.32,-0.78,-0.17;
-1.07,1.72,0.73;
-4.81,2.84,0.57;
-3.01,0.47,0.07;
0.79,-2.94,0.15;
2.96,1.16,0.10;
3.91,4.62,0.05;
2.52,5.14,-0.08;
1.74,2.64,0.38;
0.82,0.67,0.45;
0.23,0.64,0.28;
-0.05,1.31,-0.33;
-0.50,1.83,-0.69;
-0.67,2.12,-1.00;
-0.90,1.46,-1.01;
0.17,2.03,-0.85;
0.61,3.08,-0.63;
0.14,3.77,-0.20;
-0.63,3.54,0.09;
-1.28,3.25,-0.24;
-0.93,2.42,-0.10;
-0.11,2.91,0.04;
-0.52,2.76,0.19;
-2.26,2.09,0.64;
-2.18,3.65,0.35;
-0.86,2.09,0.22;
-0.93,1.87,0.44;
0.15,1.39,0.22;
0.38,2.45,0.07;
0.49,2.64,-0.27;
0.35,1.48,-0.33;
-0.57,1.65,0.04;
-0.05,2.15,0.50;
0.47,1.97,0.07;
0.98,3.84,0.09;
0.29,4.70,0.25;
-1.30,3.58,-0.13;
-1.48,3.75,0.05;
-0.64,2.61,-0.39;
0.46,1.19,-0.24;
1.07,1.48,0.05;
0.95,2.64,-0.11;
0.26,2.35,-0.13;
-0.66,3.75,-0.05;
0.06,4.10,-0.16;
-0.28,4.71,-0.53;
0.08,5.32,-0.78;
4.14,1.71,-0.78;
1.68,8.21,-0.16;
-2.99,8.12,0.54;
-2.96,2.27,-0.02;
-1.01,-1.38,-0.28;
1.65,-1.73,0.19;
2.81,2.82,-0.22;
2.79,3.92,-0.20;
1.95,4.06,-0.28;
1.34,4.01,-0.04;
0.75,3.54,0.15;
0.46,3.23,-0.30;
0.05,3.42,-0.54;
-1.12,3.49,-0.85;
-0.81,4.19,-1.01;
-0.46,4.81,-1.00;
-0.15,4.97,-0.80;
-0.75,4.18,-0.54;
-1.51,5.03,-0.27;
-1.51,6.32,-0.54;
-1.18,6.38,-0.25;
-0.24,6.24,-0.05;
-0.34,5.54,0.10;
-0.95,3.98,-0.02;
-1.92,5.26,0.13;
-2.12,7.71,-0.60;
-0.95,3.81,-0.86;
-0.35,0.96,-0.51;
0.41,2.99,-0.30;
0.34,2.77,-0.72;
0.09,2.71,-0.62;
-0.46,3.49,-0.49;
-0.49,4.00,-0.56;
-0.72,4.04,-0.25;
0.21,3.63,-0.04;
-0.84,4.52,-0.36;
-1.77,4.15,-0.24;
-2.21,3.81,-0.04;
-2.41,3.19,0.13;
-1.27,2.30,-0.19;
0.26,2.09,-0.11;
0.98,2.79,-0.30;
0.29,2.85,-0.43;
-0.83,2.73,0.05;
-1.05,2.65,-0.11;
0.29,2.41,-0.40;
0.17,3.40,-0.24;
-1.21,4.29,-0.53;
1.57,-0.55,-0.88;
1.66,2.16,-0.53;
-2.14,5.68,0.30;
-2.95,1.61,0.35;
-3.02,0.42,-0.11;
-1.36,-2.32,0.09;
0.76,-0.35,0.41;
2.20,1.02,0.38;
2.34,1.66,0.16;
1.91,3.92,0.25;
-0.00,3.28,0.01;
-0.64,3.28,0.21;
-0.90,3.83,0.19;
-1.19,3.57,-0.22;
-0.64,3.68,-0.74;
-0.29,3.29,-0.69;
0.06,2.99,-0.42;
-0.43,2.74,-0.60;
-0.44,2.94,-0.42;
-0.73,2.84,-0.39;
-0.69,2.62,-0.14;
-0.06,2.39,0.19;
-0.15,1.84,0.59;
0.09,1.51,0.44;
-0.99,1.77,0.07;
-0.12,5.08,-0.08;
0.64,5.51,1.35;
4.88,4.16,1.86;
6.00,7.43,1.70;
5.21,4.10,2.04;
5.13,3.10,1.78;
5.31,2.56,1.22;
3.98,2.36,1.46;
4.66,0.77,1.22;
6.29,1.03,2.28;
5.66,3.16,2.41;
2.55,-1.24,2.42;
-2.60,-3.01,2.22;
-3.89,-5.27,1.25;
-1.30,-4.34,1.08;
0.32,-6.98,1.22;
-0.14,-8.20,1.63;
-1.13,-8.68,1.86;
3.77,-8.32,1.81;
5.51,-8.28,1.98;
6.67,-8.00,0.94;
2.12,-7.15,0.15;
0.70,-9.33,-0.80;
0.15,-8.97,-0.36;
5.40,-5.09,0.41;
2.81,-3.33,1.98;
3.74,-7.38,1.73;
1.39,-6.60,1.63;
-0.93,-6.02,1.52;
0.43,-5.06,1.32;
1.65,-2.86,1.46;
-1.25,-5.77,1.22;
-0.83,-5.90,1.09;
-0.99,-6.26,0.68;
2.24,-5.10,0.80;
3.13,-6.22,1.18;
2.81,-5.06,0.19;
-2.11,-4.17,-1.36;
0.82,-4.52,-2.85;
-1.02,-5.44,-3.78;
0.34,-5.04,-4.07;
1.33,-3.70,-3.50;
0.24,-4.25,-3.62;
-0.54,-5.26,-4.11;
-0.00,-5.16,-3.41;
-0.00,-2.81,-2.20;
-2.15,-2.16,-2.02;
-4.52,-3.77,-1.43;
-1.80,-8.81,-0.63;
-8.67,-7.47,-1.47;
-14.34,-5.64,-2.65;
-21.13,-5.44,-4.02;
-17.51,-9.30,-4.04;
-18.50,-5.13,-2.62;
-21.25,4.71,-1.36;
-24.47,18.50,-3.98;
-21.71,41.55,-8.11;
-29.48,65.54,-8.88;
-31.12,67.57,-5.07;
-36.55,74.81,-1.90;
-25.48,74.35,-2.74;
-20.26,76.39,-5.49;
-8.66,77.02,-5.98;
-6.08,76.91,-4.19;
-6.21,78.58,-0.60;
6.20,84.26,3.51;
4.67,87.37,4.65;
3.04,74.48,6.35;
-1.10,72.96,9.70;
1.45,68.24,14.30;
-0.02,71.20,14.99;
1.46,68.39,12.76;
-1.60,63.08,3.78;
-5.86,58.07,-1.27;
-8.54,53.48,3.03;
-3.86,53.19,8.16;
-5.44,60.10,6.41;
-8.78,58.59,2.82;
-9.12,56.36,1.67;
-3.89,61.06,4.30;
-7.31,63.35,3.84;
-9.21,59.34,-0.63;
-10.15,61.35,-2.05;
-5.63,51.31,0.65;
3.46,55.89,5.58;
2.95,53.31,5.40;
-2.15,52.61,4.73;
-6.11,53.69,1.89;
-9.53,53.06,4.30;
-2.31,52.99,6.28;
1.33,53.43,2.16;
2.99,49.25,-1.72;
2.88,45.29,0.68;
-0.73,47.92,3.95;
-10.09,54.97,10.22;
-13.65,47.14,10.64;
-6.12,51.66,4.54;
1.79,45.61,0.35;
6.49,37.03,-0.42;
1.77,39.80,2.19;
-8.15,48.21,7.75;
-15.97,42.50,8.16;
-9.65,49.97,1.72;
-5.28,45.98,-1.47;
-2.05,40.84,1.98;
0.09,37.32,6.54;
-10.79,44.23,8.56;
-26.02,44.79,8.22;
-18.00,45.42,6.28;
-9.51,43.35,4.27;
-3.47,39.97,4.15;
0.99,34.16,3.69;
-3.63,33.60,0.51;
-5.01,41.94,1.76;
-8.28,38.93,3.41;
-2.43,41.26,5.08;
4.69,41.51,4.60;
9.62,35.45,3.75;
9.25,34.42,2.85;
3.40,34.56,1.29;
1.80,42.71,1.35;
2.76,48.56,3.60;
0.92,50.67,4.05;
6.96,51.61,4.25;
11.13,47.63,3.34;
8.32,44.06,1.69;
-1.16,53.13,1.80;
-0.49,53.35,1.75;
1.31,51.31,1.58;
0.50,55.58,2.19;
4.99,51.60,3.14;
6.73,47.71,0.50;
1.74,55.19,0.56;
2.01,55.48,1.46;
1.33,51.78,2.88;
0.70,51.17,4.74;
0.49,50.59,4.96;
1.63,47.19,3.90;
3.14,43.25,2.38;
3.98,39.52,1.78;
1.08,35.90,2.82;
-4.73,41.74,4.80;
-4.05,40.84,6.07;
-2.67,36.91,6.44;
0.64,34.44,6.24;
6.00,36.64,6.42;
8.63,39.61,6.73;
8.30,41.75,6.18;
5.11,39.39,5.70;
2.88,38.88,4.39;
2.92,40.16,3.32;
1.98,43.66,4.19;
0.20,52.12,5.23;
-0.58,57.10,5.17;
-3.68,59.78,3.84;
-2.86,61.86,2.68;
3.39,59.32,2.36;
4.79,52.90,3.51;
6.69,53.58,4.27;
7.59,57.08,3.54;
6.93,59.37,1.70;
7.36,59.32,0.73;
7.34,56.58,1.76;
7.80,58.19,2.62;
8.59,62.10,2.48;
8.64,62.59,1.99;
10.75,61.54,2.36;
11.27,60.77,4.24;
8.64,61.06,6.48;
5.05,61.31,8.04;
4.88,55.14,8.56;
2.70,48.67,7.86;
0.81,51.19,6.82;
9.36,52.67,6.88;
10.44,57.52,7.20;
10.99,61.55,7.72;
8.49,60.15,7.83;
4.26,55.72,6.30;
0.47,47.35,4.50;
-0.23,45.05,1.87;
4.38,43.81,3.18;
5.34,46.81,4.16;
2.26,46.00,5.09;
0.06,46.42,1.98;
0.61,41.03,-0.46;
2.00,40.26,-0.46;
2.46,40.33,-0.46;
4.64,37.43,0.57;
7.46,33.06,-0.28;
7.88,31.87,-2.49;
6.70,30.94,-4.54;
5.51,28.07,-5.14;
3.36,26.04,-5.23;
3.88,23.63,-4.94;
5.13,21.65,-5.33;
3.74,19.16,-5.44;
2.70,16.84,-5.50;
3.04,15.02,-4.95;
5.82,12.00,-3.47;
3.79,10.15,-1.91;
1.04,6.56,-0.83;
-1.08,4.24,-1.07;
-2.47,3.98,-2.05;
-1.62,0.81,-3.23;
1.11,-2.29,-2.40;
1.39,-4.77,-1.85;
0.64,-6.57,-1.06;
-0.63,-6.13,-1.11;
-2.31,-8.90,-1.17;
-1.74,-11.77,-0.83;
-1.22,-10.51,-1.01;
-1.59,-9.27,-0.77;
-1.05,-9.70,0.04;
1.88,-10.95,0.60;
3.02,-11.35,0.73;
2.96,-11.45,0.97;
0.59,-11.97,1.31;
0.05,-11.97,1.23;
-0.81,-12.35,0.91;
-1.18,-14.92,1.41;
-0.08,-16.95,1.08;
0.66,-18.72,1.26;
0.21,-18.61,1.81;
-1.01,-18.00,1.90;
-1.31,-18.35,2.09;
-1.18,-20.26,1.54;
-1.41,-21.79,1.52;
-0.99,-23.30,1.86;
-0.96,-25.00,2.76;
-1.70,-26.40,2.91;
-1.63,-27.52,2.86;
-0.75,-27.97,1.96;
-0.21,-28.89,1.87;
-1.82,-30.65,2.22;
-1.89,-31.71,1.99;
2.49,-32.77,2.12;
4.12,-32.19,2.53;
0.44,-32.80,3.20;
-0.09,-34.49,3.34;
1.37,-35.30,1.52;
1.11,-39.32,0.30;
1.31,-42.40,0.76;
4.05,-41.32,1.09;
4.75,-39.01,1.17;
4.50,-37.88,1.11;
4.06,-39.30,1.40;
2.34,-40.54,1.99;
-0.52,-41.99,2.38;
-1.68,-44.23,2.01;
-2.75,-50.22,1.06;
1.13,-54.32,0.73;
4.98,-52.92,1.12;
8.69,-49.16,1.58;
5.80,-49.12,2.24;
0.44,-52.63,1.90;
-2.58,-55.68,0.12;
-4.95,-57.06,-1.41;
-5.08,-61.44,-2.97;
-3.33,-68.81,-3.21;
-1.25,-74.89,-2.56;
-4.18,-77.45,-2.54;
-5.02,-75.03,-2.86;
-10.96,-76.29,-3.67;
-12.43,-78.00,-3.58;
-8.89,-77.01,-3.15;
-2.92,-82.63,-4.08;
3.56,-87.06,-5.26;
0.32,-81.65,-4.63;
-9.94,-65.15,-4.66;
-16.41,-41.04,-4.04;
-15.76,-24.74,-3.21;
1.59,-39.73,-1.52;
7.65,-55.99,-0.91;
3.98,-64.03,0.01;
0.08,-62.63,-0.19;
-15.44,-42.03,-2.08;
-10.76,-25.99,-4.74;
1.53,-37.16,-4.74;
0.08,-45.33,-2.01;
-1.27,-49.88,0.64;
2.29,-53.32,2.27;
-8.61,-50.13,-0.37;
-1.19,-39.96,-3.41;
-6.83,-37.52,-6.45;
-1.56,-41.93,-3.82;
3.08,-45.87,-0.51;
4.70,-47.62,0.97;
2.20,-42.87,2.45;
-12.75,-34.19,0.30;
-18.26,-36.72,-1.58;
-3.05,-34.17,-0.30;
-1.36,-39.48,0.76;
0.26,-46.11,0.44;
5.28,-48.77,-0.46;
2.29,-52.26,-4.17;
-6.00,-48.87,-7.38;
-2.57,-47.27,-6.25;
2.27,-42.78,-4.63;
7.22,-44.92,-2.88;
5.53,-46.29,-1.33;
6.84,-49.91,-1.50;
0.38,-51.04,-3.93;
0.26,-51.73,-3.50;
0.14,-44.43,-1.96;
-1.12,-42.68,-1.56;
3.65,-46.05,-4.72;
4.17,-51.07,-5.65;
5.50,-56.75,-4.91;
-6.58,-56.81,-4.07;
-0.54,-52.69,-3.21;
-4.73,-47.91,-1.79;
-8.84,-49.74,0.51;
-5.80,-50.94,-0.82;
-6.73,-46.89,-4.10;
-7.22,-46.68,-5.04;
-6.50,-47.27,-2.88;
-13.63,-42.77,0.71;
-11.47,-40.20,0.97;
-7.07,-36.49,-2.20;
-5.07,-36.52,-4.89;
-1.74,-30.68,-5.00;
3.57,-22.95,-2.13;
-5.05,-29.27,-1.18;
-8.67,-29.10,-1.47;
-13.57,-23.41,-1.30;
-11.37,-22.58,-1.26;
-6.75,-20.65,-1.56;
-5.45,-19.33,-2.24;
-1.62,-18.63,-1.44;
-2.79,-21.27,-1.09;
-5.62,-22.63,-4.13;
-4.14,-16.72,-4.94;
0.37,-18.40,-3.33;
-4.15,-20.22,-2.14;
-7.47,-17.71,0.18;
-7.24,-17.88,3.90;
-5.71,-16.86,2.59;
-5.44,-17.79,-2.75;
-4.87,-21.47,-4.72;
-4.26,-25.33,-4.39;
-6.67,-24.94,-1.23;
-9.25,-22.75,2.80;
-9.73,-22.92,3.11;
-5.44,-22.14,-1.52;
-4.83,-23.74,-6.49;
-2.23,-32.03,-6.13;
-2.92,-39.97,-2.66;
-5.12,-27.77,4.30;
-8.38,-23.96,5.02;
-7.42,-26.16,-1.40;
-1.88,-29.24,-8.17;
3.21,-34.25,-7.47;
3.85,-35.61,-3.69;
0.92,-32.51,-0.37;
-1.77,-27.01,-0.37;
-0.38,-23.67,-1.07;
-0.35,-23.52,-0.94;
1.07,-29.00,0.89;
2.99,-33.44,2.31;
3.97,-30.35,1.14;
4.70,-27.85,-2.36;
3.50,-27.15,-4.20;
4.17,-30.95,-2.66;
3.22,-30.94,-0.57;
0.75,-29.71,2.15;
4.61,-24.10,1.54;
2.06,-26.89,-1.90;
2.38,-30.95,-2.92;
5.69,-33.39,-0.20;
4.24,-31.70,2.18;
1.92,-27.84,2.54;
1.54,-28.90,-0.10;
1.91,-30.35,-3.95;
1.02,-32.84,-5.26;
1.24,-37.07,-1.29;
2.12,-37.77,-0.01;
-1.36,-36.23,-0.20;
1.22,-36.32,0.07;
-0.20,-34.60,-0.22;
-2.96,-35.96,0.16;
-4.15,-38.16,0.74;
-7.08,-41.52,-0.28;
-2.81,-39.03,-1.55;
2.52,-31.48,-3.46;
1.62,-33.12,-3.35;
-2.29,-35.47,0.10;
-2.81,-40.69,1.47;
4.73,-31.48,3.25;
-2.86,-27.38,-1.56;
-1.62,-26.77,-3.18;
5.57,-34.77,-1.69;
5.30,-33.21,0.99;
3.77,-35.30,1.37;
3.31,-37.18,0.28;
3.07,-22.00,-0.91;
0.08,-30.42,-0.01;
2.61,-24.98,0.68;
5.57,-18.71,1.81;
5.68,-22.86,2.59;
7.40,-21.96,4.07;
5.17,-16.87,3.83;
1.91,-15.74,6.33;
-3.71,-22.71,4.94;
3.11,-17.50,0.80;
12.41,-7.45,-3.33;
15.97,-7.56,-4.56;
17.68,-7.88,-2.05;
13.91,-10.80,1.35;
0.50,-18.35,1.84;
-5.89,-16.92,3.03;
6.38,-6.03,0.41;
16.72,3.65,-1.88;
21.48,7.86,0.18;
22.58,6.71,2.54;
7.53,-11.06,5.89;
-1.70,-15.81,6.31;
1.08,-9.48,1.51;
7.57,-4.69,0.21;
10.15,9.31,0.44;
14.06,13.26,0.18;
12.87,10.38,2.91;
4.63,0.74,5.76;
0.88,-9.15,6.28;
-0.20,-11.23,2.51;
1.80,0.58,-1.14;
6.23,4.59,-3.18;
6.73,8.00,-5.30;
5.25,8.79,-4.77;
1.94,6.24,-2.16;
-2.96,1.37,0.50;
-9.04,-4.10,-0.24;
-5.70,-15.67,0.38;
4.61,-12.28,-2.82;
6.66,-3.64,-4.82;
9.74,5.42,-1.46;
13.17,7.68,-2.45;
17.10,5.20,-1.99;
3.08,0.53,0.15;
-4.98,-8.65,2.05;
2.23,-12.87,2.38;
12.72,-12.51,1.73;
16.84,-3.19,1.12;
12.73,6.10,0.12;
9.50,6.90,-0.77;
4.96,1.68,-1.04;
1.08,-2.48,-0.05;
0.98,-10.95,-0.56;
4.44,-12.13,1.61;
5.22,1.17,1.49;
7.72,1.63,1.90;
9.31,-3.65,-0.34;
6.78,-0.69,0.59;
5.19,2.44,-0.69;
-2.14,-0.13,-1.00;
-1.24,-3.56,-0.46;
0.67,-2.60,0.50;
0.03,-0.26,1.05;
-0.28,-1.59,0.15;
1.22,0.97,0.74;
1.97,0.76,0.51;
1.66,0.39,0.86;
0.34,-1.45,0.50;
0.52,2.77,0.99;
-0.41,2.13,0.07;
-0.26,0.23,-0.31;
-1.18,1.65,0.30;
-1.42,1.29,0.27;
-0.08,1.97,-0.42;
0.11,3.31,-0.25;
-3.05,2.13,0.79;
-4.38,0.30,0.88;
-3.30,3.17,1.03;
-2.35,1.05,0.15;
0.24,-0.23,1.17;
0.55,-1.19,1.22;
0.72,-1.84,0.59;
0.67,-1.81,0.50;
-0.43,-2.54,0.19;
2.27,-4.17,-1.50;
0.29,1.40,0.79;
-0.54,0.04,-0.37;
1.04,0.18,-0.39;
1.88,-0.68,-0.88;
1.97,-1.21,-1.14;
1.46,-1.61,-1.30;
-0.28,-3.62,-1.50;
0.05,-4.10,-1.49;
-1.39,-3.87,-1.38;
-0.63,-3.33,-1.00;
0.56,-1.67,-1.03;
1.34,-1.07,-1.24;
1.14,-0.05,-1.58;
-0.93,-0.84,-1.38;
0.73,-1.79,-0.20;
1.57,0.87,0.76;
-0.63,1.51,-0.31;
2.84,-0.97,-1.26;
3.71,-4.72,-1.99;
-1.31,1.77,-2.10;
-4.92,-0.23,-2.51;
-3.68,-4.61,-2.94;
-2.70,-3.45,-2.14;
-1.02,-4.37,-1.70;
-0.00,-0.75,0.09;
0.82,2.93,1.86;
0.72,2.76,1.20;
-0.05,2.97,1.03;
-1.16,2.18,0.99;
-2.00,2.24,1.11;
-2.08,1.35,0.54;
-0.69,0.44,0.27;
0.27,0.93,0.59;
0.29,0.68,0.67;
1.21,0.84,0.16;
0.34,0.68,-0.49;
-0.09,0.65,-1.06;
-0.89,0.36,-1.35;
-0.18,0.07,-1.91;
-0.12,-0.51,-1.90;
-1.18,0.64,-1.62;
-1.56,2.18,-1.81;
-0.90,-0.06,-1.93;
-0.40,-0.13,-1.70;
-0.58,0.65,-1.56;
0.59,-1.10,-1.23;
1.11,-0.49,-1.29;
0.99,0.71,-1.38;
0.08,0.56,-1.11;
0.23,1.02,-1.20;
0.37,0.96,-1.11;
0.78,-0.46,-0.54;
1.19,-0.13,-0.56;
0.72,1.11,-0.33;
0.67,1.22,-0.16;
0.90,0.52,0.25;
2.15,0.52,0.74;
2.92,0.19,0.71;
2.67,1.08,0.65;
1.66,2.56,0.18;
0.64,1.65,0.19;
0.35,0.03,0.15;
1.94,0.30,0.01;
2.09,2.38,0.38;
1.21,3.14,0.45;
1.10,2.68,0.48;
1.80,2.07,0.60;
1.92,2.47,0.65;
0.85,4.32,1.03;
1.21,0.67,0.94;
1.08,-2.52,0.96;
-1.99,1.00,1.40;
-5.07,-0.77,0.91;
-3.57,-0.89,0.59;
-0.98,-2.11,0.48;
1.11,-1.16,0.51;
1.65,-0.13,0.74;
2.47,-0.22,0.22;
1.79,2.29,0.39;
0.01,1.95,0.22;
-0.38,0.33,0.16;
-1.37,-0.42,0.21;
-1.94,-1.30,0.09;
-2.02,-1.90,-0.28;
-0.92,-1.59,-0.59;
0.26,-1.07,-0.65;
1.36,-1.09,-0.24;
1.36,-1.44,-0.10;
0.17,-1.85,0.50;
-0.50,-2.19,0.94;
-0.34,-2.22,0.54;
0.70,-2.55,0.89;
0.27,-3.85,0.76;
-1.04,-1.74,1.12;
-2.26,-1.64,0.93;
-1.65,-5.59,0.54;
-1.63,-2.98,0.76;
-1.16,-4.08,0.70;
0.61,-4.68,0.54;
0.61,-1.96,0.47;
0.46,-1.90,0.42;
0.20,-1.56,0.74;
0.47,-1.21,0.54;
0.63,-2.25,0.53;
0.52,-1.27,0.74;
0.49,-0.43,0.60;
-0.67,-1.18,0.48;
-0.75,-2.06,0.02;
-0.17,-3.29,0.44;
0.09,-2.16,0.12;
0.44,-2.26,0.74;
0.81,-3.45,-0.11;
0.27,-4.89,0.33;
0.23,-3.42,0.28;
-0.64,-0.86,0.22;
-1.50,-1.74,-0.34;
-0.08,-2.74,-0.69;
1.24,-1.38,-0.37;
-0.20,0.15,-0.33;
1.48,-2.84,0.07;
2.73,-4.57,0.30;
0.76,-1.82,1.00;
-1.71,-1.48,1.11;
-1.73,-2.54,0.76;
0.43,-7.30,0.91;
1.40,-5.06,0.44;
2.84,-3.53,0.42;
3.27,-2.58,0.44;
2.01,-2.84,0.56;
0.69,-3.81,0.67;
0.01,-4.32,1.02;
-0.28,-3.58,0.57;
-0.78,-4.78,0.53;
0.17,-5.38,0.76;
0.84,-4.94,-0.07;
0.96,-4.20,-0.37;
0.76,-2.31,-0.02;
0.49,-2.19,0.31;
0.14,-1.97,0.51;
-0.14,-2.13,0.01;
-0.05,-2.94,-0.05;
0.24,-2.95,-0.07;
-1.36,-4.35,0.12;
-3.05,-1.74,0.27;
-2.83,-1.07,0.09;
-1.85,-4.22,0.25;
-1.68,-3.13,0.38;
-1.05,-3.42,0.42;
-0.43,-3.36,-0.01;
-0.02,-0.84,-0.14;
-0.49,-0.84,-0.13;
-0.18,-0.61,0.04;
0.85,-1.68,-0.27;
0.67,-2.28,0.24;
0.05,-0.42,0.25;
-0.61,-0.05,0.07;
-1.31,0.61,-0.24;
-1.21,1.74,-0.30;
-0.69,1.25,-0.01;
0.34,1.00,0.62;
0.75,2.30,0.10;
0.23,2.41,0.15;
0.67,1.92,-0.10;
0.09,3.55,-0.22;
-1.08,4.61,0.48;
-1.13,4.81,0.31;
0.38,4.79,-0.05;
0.38,5.22,-0.14;
-0.35,6.70,-0.68;
3.51,3.55,-0.56;
3.82,3.98,-0.08;
-1.56,5.78,0.62;
-2.90,5.05,-0.04;
-1.74,1.11,-0.11;
0.61,1.14,-0.34;
2.18,4.09,-0.19;
2.43,5.80,-0.36;
1.42,6.06,-0.25;
-0.28,5.80,-0.22;
-0.98,6.00,-0.01;
-1.39,5.81,0.16;
-0.34,5.63,0.12;
0.14,5.16,-0.31;
0.44,5.57,-0.16;
0.37,6.18,-0.25;
0.01,5.34,-0.07;
0.03,5.02,0.57;
-0.29,4.12,0.38;
-0.72,2.88,0.16;
-0.24,2.76,0.59;
-0.34,3.37,0.50;
-0.64,2.52,0.53;
-1.80,1.84,-0.05;
-3.39,3.80,-0.17;
-2.72,4.06,-0.57;
-1.30,2.09,-0.83;
-0.54,2.03,-0.74;
-0.34,0.91,-0.45;
-0.43,2.94,-0.78;
-1.59,3.32,-0.98;
-1.44,3.22,-0.69;
-1.22,4.39,0.04;
-0.95,4.71,0.19;
-0.89,6.06,0.42;
-2.43,7.31,0.80;
-4.23,9.05,0.25;
-4.18,7.42,-0.16;
-3.59,6.26,-0.54;
-1.59,4.65,0.39;
0.18,3.06,1.09;
0.50,4.65,1.37;
0.34,3.55,1.34;
0.49,3.72,1.28;
1.13,6.88,1.95;
3.66,5.49,1.63;
4.55,5.20,0.89;
3.14,5.46,0.97;
2.38,4.87,1.18;
3.59,0.26,0.67;
1.77,4.06,0.22;
-0.90,6.12,0.64;
-0.35,3.37,-0.24;
-0.31,1.03,-0.91;
1.25,0.36,-1.07;
0.72,1.95,-1.46;
1.08,2.56,-1.64;
-0.78,6.13,-1.76;
0.46,8.36,-2.13;
1.76,9.94,-1.53;
1.82,8.24,-1.59;
1.42,3.10,-2.01;
-0.63,-1.67,-1.93;
-3.54,-1.61,-2.80;
-2.11,1.75,-3.50;
-0.23,3.39,-2.56;
2.99,3.78,-1.78;
5.36,3.52,-1.62;
6.82,2.85,-1.32;
6.27,4.52,-0.51;
2.24,1.34,-0.36;
2.55,-0.28,-0.49;
3.46,-1.35,-0.48;
1.48,-2.52,0.09;
0.24,0.91,-0.78;
-0.73,-0.90,-2.20;
-0.18,-2.32,-3.04;
0.49,-0.63,-3.62;
-1.91,1.06,-3.04;
-4.08,0.19,-2.68;
-5.19,-0.28,-3.46;
-5.15,-2.40,-3.49;
-7.16,-4.28,-3.56;
-6.28,-3.27,-2.54;
-7.79,-2.00,-1.73;
-6.86,-1.47,-1.24;
-5.82,-5.38,-1.41;
-8.40,-5.35,-2.43;
-5.02,-3.70,-3.50;
-1.88,-2.89,-2.95;
-1.02,-3.45,-1.65;
-0.66,-4.58,-1.76;
-0.29,-8.37,-1.55;
0.72,-9.65,-1.09;
0.78,-7.45,-0.24;
-1.24,-5.01,-0.66;
-0.76,-5.68,-1.06;
-1.15,-8.35,-1.67;
-1.76,-5.73,-2.02;
-2.24,-1.85,-3.06;
-0.61,-6.54,-3.85;
-1.47,-6.78,-4.59;
-4.32,-2.02,-3.72;
-4.93,-6.95,-3.76;
-3.16,-11.23,-3.98;
-5.62,-10.51,-1.32;
-3.36,-4.92,-1.07;
-1.79,-6.74,2.12;
-2.61,-6.90,1.89;
-2.08,-7.73,0.36;
-2.54,-7.65,-0.95;
-3.33,-6.45,-2.27;
-0.63,-4.54,-3.01;
-1.65,-4.57,-3.01;
-2.00,-6.95,-2.20;
-1.24,-7.12,-1.24;
-0.12,-5.96,-0.80;
2.73,-3.85,0.19;
2.63,-3.71,1.29;
2.24,-5.24,1.84;
1.56,-5.85,1.67;
2.30,-7.15,1.17;
2.75,-7.47,1.03;
3.30,-6.66,0.93;
1.22,-5.10,2.30;
-0.60,-2.05,1.67;
-1.04,-4.95,0.85;
-1.57,-6.00,0.65;
-1.01,-6.37,0.22;
0.79,-3.97,1.26;
17.46,44.59,28.12;
101.07,62.47,40.18;
-29.22,11.92,-0.74;
-1.16,-130.26,-50.89;
-4.29,-44.19,-19.33;
-7.48,7.20,-9.43;
-3.16,-20.25,-6.31;
0.14,-10.11,-1.95;
-0.35,-1.65,0.59;
2.85,-3.53,0.10;
8.76,26.18,6.96;
-0.69,-10.86,1.34;
7.08,41.49,22.93;
1.33,-0.78,2.85;
2.23,-5.61,-1.67;
-1.68,-0.23,-3.65;
-0.81,-2.98,-6.34;
0.67,-1.55,-5.79;
0.61,4.73,-4.05;
3.51,3.77,-4.10;
3.16,3.29,-3.23;
