-4.00,0.38,2.29;
-5.68,0.03,1.36;
-4.64,0.96,0.03;
-1.24,0.51,-0.37;
1.89,-0.58,-0.99;
3.29,-0.26,-0.81;
4.64,-0.03,-0.79;
4.81,0.19,-0.85;
3.10,0.16,-1.17;
0.90,-0.81,-0.23;
0.76,-1.71,0.66;
-1.93,-1.35,2.02;
-3.70,-1.39,0.61;
-4.64,-0.77,-0.29;
-0.51,-0.34,-1.07;
1.78,-1.16,-0.73;
3.63,-1.38,-1.13;
5.36,-2.02,-0.66;
2.49,-2.69,0.86;
-2.40,-1.29,0.06;
-1.39,-0.71,0.20;
0.04,-2.05,-0.18;
1.55,-2.31,0.17;
2.64,-1.79,0.12;
1.81,-1.38,-0.61;
1.19,-1.10,-1.25;
-0.06,-0.94,-1.02;
0.64,-1.33,-0.27;
0.53,-1.32,-0.20;
0.59,-0.58,0.05;
-0.23,-0.62,-0.69;
-1.25,-1.18,-0.72;
0.88,-1.87,-0.32;
-0.61,-0.57,0.61;
-2.22,1.48,0.21;
2.12,1.00,0.11;
6.33,-2.10,-0.15;
6.06,-1.70,-1.36;
4.75,-0.42,-2.11;
4.17,-0.05,-1.79;
4.04,-0.46,-1.30;
3.55,-0.69,0.55;
0.44,-1.44,1.01;
-3.36,-0.89,0.99;
-3.01,-0.71,1.45;
-2.75,-1.06,1.37;
-2.64,-0.39,0.75;
1.83,0.42,-0.63;
6.68,-0.33,-0.92;
9.86,-1.82,-0.49;
7.16,-1.64,-0.67;
1.20,0.32,0.31;
-1.85,0.45,0.72;
-2.14,0.07,1.31;
-0.49,-0.87,0.87;
0.52,-0.22,0.47;
1.40,-1.00,-0.01;
0.97,-0.62,0.34;
0.41,0.16,0.34;
1.13,1.00,1.34;
4.32,-0.92,1.04;
3.68,-1.27,0.93;
0.55,-0.57,0.81;
-1.91,-0.07,0.06;
-0.96,-0.78,-0.12;
-0.67,-1.20,1.07;
0.20,-0.92,0.95;
-0.35,-0.42,0.89;
0.01,-0.40,0.11;
0.70,0.36,0.41;
1.37,-0.54,0.66;
0.32,-0.97,-0.08;
-1.27,0.27,0.52;
0.67,-0.05,0.73;
3.29,-1.23,0.17;
3.94,-1.94,-0.59;
2.17,-1.52,-0.53;
0.36,-0.29,-0.20;
-1.87,-0.48,0.47;
-2.90,-0.94,0.89;
-3.01,-0.51,0.38;
-0.52,0.29,-0.04;
2.04,-0.83,-0.18;
0.88,-0.71,-1.19;
1.89,0.16,-0.76;
4.62,-1.50,-0.96;
4.13,-1.65,-0.69;
2.61,-0.87,-0.27;
1.40,-0.37,0.69;
1.36,-0.77,2.15;
-0.51,-1.42,2.63;
-1.99,-1.49,1.79;
-0.95,-0.78,0.55;
-0.23,-0.52,0.03;
2.20,-0.91,-0.21;
4.82,-1.55,0.60;
3.36,-1.44,0.67;
2.01,-0.46,1.62;
0.50,-0.46,1.88;
2.03,-1.53,1.56;
1.34,-1.50,1.31;
2.59,-1.96,0.03;
9.45,-2.02,1.83;
14.21,-0.66,6.00;
14.61,-2.48,4.46;
12.61,-2.52,0.66;
13.91,-3.55,-0.30;
11.58,-4.10,1.62;
6.65,-2.26,2.29;
5.80,-2.66,0.52;
4.94,-3.27,-0.27;
2.58,-2.84,0.17;
-0.80,-1.04,2.11;
1.13,0.85,3.07;
9.11,-0.87,1.13;
11.74,-5.18,-0.95;
6.53,-3.94,-0.55;
1.69,-2.72,1.12;
2.10,-4.31,3.30;
1.11,-6.33,5.68;
-2.08,-7.55,5.41;
-4.60,-7.71,3.67;
-4.29,-9.06,5.25;
-5.74,-8.71,8.20;
-2.54,-8.69,10.95;
4.20,-10.31,6.70;
11.84,-10.20,2.38;
19.16,-10.54,0.89;
22.23,-10.14,4.81;
23.10,-10.00,7.39;
25.65,-12.78,9.76;
24.99,-18.07,9.54;
14.55,-17.01,10.32;
10.23,-17.03,8.76;
12.88,-19.09,12.21;
18.10,-23.64,20.67;
10.81,-25.26,21.41;
5.00,-22.63,13.71;
8.79,-20.92,10.29;
9.08,-27.59,15.44;
5.23,-31.99,26.79;
-7.45,-34.74,38.31;
-21.36,-33.58,31.57;
-14.29,-25.39,19.59;
12.44,-24.57,10.17;
12.29,-31.09,15.88;
18.26,-38.84,21.82;
20.97,-34.71,22.14;
19.91,-29.12,18.03;
24.91,-28.84,22.60;
31.71,-37.27,29.62;
26.33,-45.39,37.04;
2.12,-52.66,36.96;
-26.28,-50.46,29.51;
-38.55,-36.03,28.38;
-8.55,-28.40,37.39;
6.30,-41.93,48.95;
20.61,-57.44,46.14;
17.74,-53.23,30.95;
14.81,-35.74,19.79;
5.78,-19.97,26.84;
13.60,-27.76,41.71;
14.85,-38.29,51.08;
14.82,-46.78,46.09;
12.62,-48.17,34.06;
11.65,-47.20,32.70;
-3.59,-38.17,34.76;
-26.95,-25.96,34.35;
-19.56,-14.57,33.25;
14.94,-20.66,35.24;
52.78,-30.89,37.07;
44.44,-34.14,39.10;
16.39,-29.93,31.13;
-14.67,-21.81,31.07;
-22.43,-18.03,39.50;
1.39,-26.33,42.43;
43.11,-42.13,36.28;
35.42,-51.67,28.83;
-7.99,-45.53,30.09;
-30.54,-18.71,40.70;
-11.47,-5.58,50.46;
39.69,-9.56,56.06;
67.77,-32.22,48.09;
51.77,-41.68,34.96;
5.66,-36.05,25.67;
-5.18,-19.64,36.31;
-9.29,-16.92,46.08;
-6.95,-22.98,43.60;
4.90,-29.84,31.92;
42.50,-34.91,23.91;
39.13,-35.65,22.99;
9.88,-34.87,24.23;
7.25,-27.70,27.08;
19.97,-20.22,32.79;
30.90,-13.55,37.24;
22.15,-14.78,35.24;
14.49,-18.60,29.21;
17.23,-20.66,22.52;
22.99,-20.37,25.44;
28.21,-18.78,30.26;
12.61,-14.98,28.29;
1.39,-15.53,26.28;
16.62,-15.93,28.38;
21.11,-15.10,31.50;
14.06,-16.80,28.87;
0.29,-16.78,24.26;
-5.87,-14.94,22.43;
9.33,-11.96,25.88;
23.91,-8.80,29.59;
26.78,-7.90,27.02;
17.91,-9.13,20.23;
8.90,-7.81,15.80;
2.67,-2.89,15.97;
6.06,-2.72,20.00;
13.49,-2.13,25.41;
21.10,-5.12,27.31;
17.36,-7.23,25.13;
0.41,-9.81,20.29;
-13.79,-10.02,17.27;
-13.99,-6.17,17.05;
3.52,-1.68,16.75;
17.54,0.16,15.85;
14.29,-1.93,12.23;
8.81,-3.73,4.92;
13.57,-0.77,1.19;
5.74,4.24,2.02;
-13.10,7.80,1.34;
-23.32,8.33,-3.24;
-16.11,10.67,-6.78;
0.21,14.35,-5.59;
10.15,17.66,-0.58;
-4.74,19.14,0.61;
-21.58,19.28,-5.65;
-20.72,21.06,-14.87;
-3.30,22.87,-15.40;
-4.63,24.29,-12.46;
-20.43,22.99,-17.24;
-28.02,23.51,-26.59;
-23.15,28.03,-26.38;
-7.80,32.29,-18.33;
-10.96,32.56,-15.50;
-21.22,29.93,-24.82;
-30.77,29.20,-36.06;
-30.84,31.45,-41.02;
-13.77,34.90,-36.92;
-8.55,34.18,-31.08;
-25.64,35.63,-32.12;
-35.15,43.05,-41.88;
-18.72,50.03,-44.99;
-4.46,49.05,-41.89;
-6.31,39.11,-42.75;
-35.29,36.65,-51.07;
-55.42,46.36,-58.88;
-46.49,64.73,-56.52;
-5.59,66.91,-46.70;
8.65,52.18,-43.34;
-13.88,33.78,-56.64;
-50.46,39.00,-76.00;
-65.65,62.85,-74.90;
-51.94,85.34,-52.61;
-20.38,78.53,-43.88;
-15.19,52.64,-56.96;
-34.86,43.58,-78.17;
-49.45,59.28,-81.36;
-49.61,77.42,-61.82;
-41.79,79.60,-45.53;
-47.56,68.85,-46.67;
-54.20,53.87,-66.04;
-66.00,54.13,-77.02;
-69.61,64.22,-70.66;
-49.97,72.80,-50.43;
-23.00,64.27,-47.10;
-14.51,47.03,-60.96;
-22.84,42.55,-72.63;
-34.43,52.87,-67.21;
-23.99,53.66,-55.39;
-16.26,54.70,-41.28;
-13.70,44.80,-46.84;
-15.80,40.53,-59.75;
-27.30,40.67,-66.56;
-5.56,47.19,-55.69;
18.00,49.89,-39.28;
49.46,39.71,-36.98;
65.74,24.06,-40.49;
38.17,18.53,-40.20;
15.94,20.42,-40.82;
-1.25,30.90,-29.60;
38.58,27.25,-10.24;
55.20,15.74,-4.01;
42.76,1.16,-15.60;
-4.69,5.95,-27.97;
-22.37,23.28,-30.73;
1.16,28.93,-21.11;
43.40,19.49,-12.44;
57.34,6.01,-11.98;
64.13,0.32,-17.36;
33.11,3.72,-19.25;
11.55,10.44,-10.46;
-1.03,7.08,2.81;
-7.64,-1.82,9.19;
-12.58,-7.35,5.34;
-22.26,1.42,5.51;
-23.62,4.24,9.65;
-2.48,1.95,9.18;
21.83,-7.81,4.89;
17.63,-11.97,2.64;
-3.79,-4.81,4.92;
-19.54,1.02,9.02;
-22.17,0.85,11.56;
-18.71,-3.30,10.25;
14.07,-11.87,7.65;
20.38,-13.74,8.08;
14.15,-10.23,9.70;
-4.90,-3.10,12.41;
-10.23,-2.49,11.04;
-0.90,-7.12,8.75;
14.65,-10.83,5.31;
24.12,-8.55,3.42;
27.13,-5.74,6.11;
29.88,-5.39,9.24;
31.98,-10.48,10.29;
23.22,-13.65,9.56;
23.37,-16.33,6.81;
24.46,-17.52,11.22;
27.39,-22.28,21.71;
36.82,-26.29,29.56;
30.64,-27.91,26.99;
25.04,-23.04,21.44;
30.93,-25.97,20.29;
28.39,-35.99,32.86;
21.94,-46.66,47.42;
15.58,-53.47,46.23;
-8.46,-48.08,39.62;
-14.31,-30.39,32.20;
3.07,-29.04,30.34;
9.43,-37.44,34.03;
23.29,-48.08,40.09;
26.46,-50.46,41.89;
27.60,-47.94,46.29;
28.55,-40.22,61.05;
28.06,-44.78,73.19;
6.13,-54.78,71.76;
-10.42,-67.55,53.91;
-16.32,-65.23,35.04;
-9.30,-57.81,29.56;
13.60,-53.67,46.21;
45.33,-64.40,72.67;
34.75,-64.43,74.00;
47.02,-59.06,55.01;
53.08,-50.68,35.05;
47.49,-44.65,37.57;
33.98,-44.66,52.09;
18.53,-45.15,64.00;
18.68,-46.36,66.78;
-15.47,-48.71,62.11;
-30.19,-46.34,46.73;
-11.47,-40.48,33.76;
41.28,-39.88,40.87;
36.13,-39.49,52.52;
10.07,-37.01,52.98;
11.55,-26.11,40.23;
41.54,-23.84,44.81;
66.41,-34.68,58.67;
48.49,-48.55,60.08;
9.92,-50.98,51.21;
-19.33,-38.89,39.25;
-24.09,-30.60,41.94;
-4.72,-37.78,47.33;
6.03,-42.42,52.72;
13.04,-40.78,46.05;
1.25,-26.60,42.87;
25.51,-19.53,40.47;
48.50,-20.02,43.60;
53.57,-28.23,44.03;
20.29,-29.26,36.70;
-3.16,-22.39,29.57;
-9.50,-11.55,31.24;
21.92,-12.25,41.91;
33.05,-16.31,48.29;
4.47,-22.58,44.95;
-6.61,-22.02,33.44;
-5.64,-10.86,33.25;
19.52,-2.57,39.25;
29.58,-7.42,42.64;
21.34,-17.71,34.11;
5.08,-22.00,21.67;
-7.70,-19.49,15.34;
15.65,-12.60,22.99;
14.70,-7.81,34.02;
12.90,-9.27,33.89;
2.23,-13.62,22.81;
3.98,-15.52,16.05;
10.18,-13.58,13.45;
19.37,-11.61,17.96;
15.69,-8.94,21.83;
1.71,-8.22,19.56;
-5.90,-8.71,12.90;
9.25,-6.14,11.21;
21.08,-0.86,12.41;
17.94,2.07,14.38;
4.03,1.32,10.40;
-1.22,0.13,1.71;
1.16,1.31,-0.43;
0.15,7.51,4.38;
-5.00,13.03,7.21;
-13.19,14.15,2.76;
-10.67,12.64,-4.78;
-1.32,15.45,-2.84;
-2.78,20.79,-0.67;
-17.27,24.79,-1.22;
-31.33,24.80,-3.95;
-35.79,23.86,-5.59;
-22.74,23.28,-3.80;
-3.83,28.59,0.11;
-12.51,30.90,-1.08;
-22.23,28.24,-10.04;
-15.65,24.00,-22.85;
-5.61,21.97,-23.31;
-4.89,24.07,-17.46;
-12.37,26.87,-13.60;
-23.12,25.97,-21.13;
-22.29,23.87,-29.45;
-24.69,24.53,-30.15;
-19.54,26.88,-28.01;
-11.06,30.53,-25.08;
-17.36,34.55,-23.66;
-28.78,38.00,-28.29;
-14.22,37.08,-34.29;
1.92,35.32,-32.53;
-1.91,34.44,-31.37;
-16.31,33.71,-38.69;
-22.00,33.49,-47.13;
-21.10,36.45,-48.59;
-15.97,40.19,-45.01;
-12.87,41.80,-42.81;
-22.52,43.92,-45.40;
-29.50,46.82,-55.63;
-11.93,47.63,-60.69;
0.68,47.35,-56.41;
-10.16,46.68,-50.01;
-33.47,53.02,-55.63;
-27.12,60.62,-59.94;
-12.40,62.74,-54.50;
-20.54,57.45,-56.35;
-35.45,53.32,-64.23;
-46.98,55.80,-71.91;
-39.93,62.24,-68.09;
-37.44,62.94,-52.43;
-49.33,57.95,-47.30;
-62.52,56.44,-61.97;
-64.89,60.62,-77.33;
-53.07,65.87,-77.88;
-29.76,66.13,-69.85;
-14.19,65.28,-62.06;
-10.87,61.81,-63.25;
-23.32,61.35,-69.66;
-39.45,59.40,-78.90;
-47.18,58.32,-75.19;
-42.03,57.23,-65.60;
-46.51,57.31,-55.65;
-51.70,60.10,-63.22;
-40.55,58.00,-72.92;
-15.29,52.36,-75.08;
5.26,46.93,-65.80;
11.36,50.38,-53.80;
12.64,51.45,-46.69;
23.91,38.97,-48.75;
29.00,33.06,-51.42;
27.57,28.93,-48.55;
20.27,32.79,-31.14;
7.11,26.38,-19.46;
1.63,22.88,-15.79;
1.42,15.43,-21.54;
-18.08,15.77,-31.56;
-11.85,27.22,-28.41;
5.07,33.09,-18.47;
52.65,27.06,-14.01;
108.94,13.57,-22.78;
113.51,1.63,-31.22;
69.45,7.93,-38.52;
37.75,17.64,-29.74;
29.88,14.73,-11.27;
35.19,3.26,-1.60;
0.85,-9.58,3.18;
-41.76,-3.03,2.60;
-59.88,8.30,8.02;
-57.06,13.81,9.51;
-5.93,9.08,1.92;
43.52,-3.41,-1.59;
44.49,-16.22,0.57;
5.94,-9.68,1.47;
-20.49,6.32,4.09;
-17.74,11.64,9.28;
5.34,2.07,9.92;
15.88,-11.65,3.88;
6.46,-11.42,-2.03;
-4.12,-2.65,-1.33;
0.44,2.24,8.52;
2.06,-2.26,14.44;
7.49,-8.28,10.95;
-1.47,-10.02,6.26;
-15.24,-7.35,4.93;
-17.97,-3.24,6.70;
-2.35,-2.87,10.34;
14.04,-7.97,11.28;
19.91,-11.39,8.93;
17.68,-10.29,5.28;
17.60,-6.45,5.08;
25.23,-4.29,5.83;
34.79,-6.00,7.80;
48.81,-10.34,11.62;
45.63,-14.51,14.18;
36.39,-16.74,13.22;
20.71,-16.62,11.83;
14.87,-14.07,14.23;
12.46,-14.11,18.73;
22.75,-20.98,27.47;
34.15,-28.63,38.49;
20.36,-31.56,37.12;
19.07,-34.60,24.26;
26.04,-32.97,24.86;
29.28,-30.36,38.57;
20.17,-32.78,46.31;
14.91,-40.42,36.35;
9.31,-41.13,23.01;
13.05,-38.48,18.89;
24.94,-33.87,30.08;
31.40,-36.02,41.19;
33.95,-39.78,44.50;
41.37,-49.03,42.14;
36.79,-56.37,43.24;
21.07,-56.74,49.44;
14.03,-53.44,52.61;
8.91,-50.65,51.65;
-1.10,-47.59,44.79;
-0.69,-49.76,46.29;
0.32,-52.48,59.73;
10.73,-56.05,70.50;
28.36,-58.25,64.73;
26.42,-52.13,55.12;
13.75,-46.02,54.69;
-8.22,-40.87,65.91;
-10.89,-43.15,67.21;
16.79,-46.46,59.08;
43.74,-58.29,54.15;
14.47,-58.14,49.15;
11.68,-49.24,41.73;
29.02,-34.69,46.54;
19.68,-33.74,58.67;
8.00,-32.17,61.42;
11.66,-32.72,60.86;
31.46,-37.35,56.44;
13.13,-38.29,53.97;
18.59,-43.97,47.73;
18.15,-40.92,50.99;
18.33,-39.29,56.60;
-7.71,-37.97,57.79;
1.89,-34.62,47.54;
14.32,-30.20,45.67;
17.37,-30.94,51.71;
33.23,-33.38,44.79;
21.88,-35.16,36.26;
32.79,-32.13,38.50;
33.33,-31.07,47.92;
26.90,-34.26,47.88;
7.19,-34.19,37.83;
11.91,-34.10,30.99;
18.82,-29.23,31.97;
5.22,-24.17,34.50;
6.96,-17.64,34.20;
22.96,-12.62,35.60;
28.84,-7.36,39.19;
47.65,-12.52,36.29;
32.38,-20.36,33.12;
5.58,-19.76,27.67;
-9.50,-17.68,25.22;
-4.43,-14.42,25.63;
9.14,-12.07,24.25;
20.87,-13.84,25.19;
15.51,-14.10,24.05;
2.59,-10.20,18.21;
3.74,-3.61,11.36;
6.82,1.93,10.87;
16.68,3.67,15.36;
13.26,0.56,14.55;
-9.03,1.49,9.70;
-12.63,5.63,3.10;
-6.25,11.63,4.55;
-6.42,16.21,8.15;
-2.29,14.87,4.44;
-7.99,12.24,-2.72;
-13.13,12.51,-7.91;
-8.89,16.79,-7.71;
-11.45,22.09,-2.75;
-20.58,24.87,-0.96;
-21.22,24.16,-7.30;
-11.19,23.84,-11.40;
-4.12,26.80,-9.63;
-12.93,26.51,-9.34;
-25.53,25.32,-13.11;
-23.96,24.07,-20.58;
-17.96,23.80,-22.26;
-9.62,24.90,-21.27;
-15.21,25.84,-23.33;
-25.96,25.64,-29.31;
-25.47,29.06,-31.02;
-21.33,32.61,-28.33;
-14.77,37.35,-26.98;
-7.41,40.19,-29.80;
-15.21,41.25,-32.50;
-22.28,40.47,-38.15;
-27.32,40.82,-40.64;
-24.49,40.87,-39.16;
-28.71,43.20,-36.73;
-39.96,45.17,-38.38;
-45.30,47.67,-43.17;
-33.41,48.33,-45.60;
-21.03,45.49,-44.32;
-34.90,44.74,-44.49;
-45.01,50.33,-53.04;
-33.35,54.68,-57.17;
-8.06,55.13,-57.19;
-2.05,51.02,-57.95;
-9.62,46.71,-62.66;
-25.00,50.24,-68.01;
-38.74,58.87,-64.99;
-36.40,61.64,-56.81;
-44.06,61.25,-52.09;
-56.58,61.42,-55.82;
-55.36,61.23,-65.19;
-42.29,61.74,-72.14;
-35.09,59.77,-72.98;
-27.12,59.02,-71.27;
-27.50,59.02,-69.94;
-31.15,61.09,-69.75;
-36.87,64.73,-68.20;
-38.00,62.00,-66.95;
-33.32,58.87,-66.49;
-28.19,53.19,-67.72;
-27.32,50.01,-65.89;
-37.53,55.19,-64.66;
-30.57,54.88,-65.40;
-22.32,49.75,-62.58;
-9.54,43.42,-57.25;
-9.27,42.64,-54.06;
-3.07,41.67,-49.65;
3.86,37.64,-47.11;
9.04,36.62,-45.63;
18.15,33.78,-38.24;
23.31,21.98,-23.19;
22.55,16.00,-15.92;
6.78,15.55,-16.20;
-6.08,17.26,-23.77;
4.42,15.54,-20.90;
6.56,15.42,-10.79;
2.41,15.57,-2.29;
2.64,15.95,-8.00;
30.65,16.59,-16.93;
53.25,9.02,-18.56;
49.04,10.47,-14.99;
35.10,13.77,-12.24;
32.91,10.58,-12.81;
28.18,6.16,-12.64;
10.41,4.47,-11.88;
-5.19,7.00,-10.41;
-18.58,11.37,-7.42;
-6.78,12.39,-5.50;
10.67,4.74,-7.30;
10.91,-0.72,-14.59;
-5.39,7.90,-16.41;
5.43,13.22,-8.98;
29.51,7.52,0.11;
42.52,-2.40,0.17;
19.10,-2.77,-8.58;
-0.43,3.69,-9.75;
-8.02,5.26,-1.31;
2.75,0.97,7.65;
6.41,-2.83,12.86;
-7.09,-2.83,4.83;
-21.03,3.52,-3.04;
-16.19,7.02,-2.73;
9.66,2.06,2.75;
25.34,-6.63,5.42;
17.20,-7.88,0.29;
-0.74,-1.06,-4.41;
-10.14,6.00,-1.08;
4.29,4.44,7.24;
22.46,-3.87,10.08;
19.72,-10.69,6.37;
5.23,-8.84,0.11;
-18.16,-1.78,1.57;
-22.84,1.20,5.91;
-13.33,0.96,10.05;
6.38,-4.77,6.43;
10.26,-6.42,0.50;
11.83,-4.28,-2.69;
13.22,-2.62,-0.30;
14.21,-1.93,4.05;
16.03,-3.24,8.12;
16.21,-6.86,6.89;
17.36,-8.16,4.75;
16.24,-7.33,3.51;
13.92,-8.57,7.04;
17.42,-9.76,12.95;
17.74,-13.15,13.77;
21.08,-15.85,11.13;
32.96,-16.46,9.04;
29.48,-15.82,10.15;
21.36,-17.20,16.44;
15.20,-16.81,22.18;
23.45,-19.50,16.89;
30.07,-20.52,8.92;
39.08,-19.12,8.37;
41.92,-16.65,18.29;
40.03,-19.99,26.26;
52.55,-35.32,23.86;
40.73,-41.90,28.63;
18.36,-38.81,31.27;
-8.81,-29.24,29.97;
-21.70,-21.38,30.29;
-25.93,-24.75,35.86;
-14.40,-35.38,45.10;
-8.80,-44.92,59.80;
-12.92,-51.16,53.91;
-13.38,-48.87,42.96;
-20.49,-35.49,31.10;
17.75,-34.43,27.04;
38.35,-41.49,37.50;
41.26,-54.25,58.08;
35.83,-57.79,63.36;
14.46,-51.81,51.22;
18.99,-46.60,43.41;
8.42,-50.00,50.52;
-26.34,-50.68,54.11;
-46.22,-40.63,46.47;
-19.67,-29.49,43.19;
43.37,-40.49,47.53;
60.38,-47.96,56.21;
55.89,-49.38,56.40;
35.33,-42.23,53.41;
14.09,-40.68,53.30;
-9.88,-46.34,52.87;
0.26,-52.84,54.96;
19.43,-56.95,51.92;
-0.06,-51.49,44.55;
-0.84,-41.64,37.50;
10.85,-39.87,42.72;
52.76,-44.14,43.45;
42.88,-38.71,46.54;
22.12,-31.52,48.17;
8.58,-23.81,52.37;
17.49,-27.06,52.92;
41.14,-35.76,50.78;
24.53,-41.18,53.24;
-5.12,-40.33,48.92;
-29.30,-34.43,38.75;
-2.49,-22.95,41.37;
33.25,-20.57,54.93;
28.68,-26.03,64.35;
15.94,-29.59,46.26;
-2.17,-28.39,30.49;
19.81,-26.39,33.36;
27.60,-25.52,47.28;
27.77,-29.09,50.61;
15.95,-32.55,45.59;
-1.83,-31.91,40.50;
-0.66,-30.72,36.29;
3.14,-25.96,38.92;
14.85,-19.30,44.23;
9.10,-14.94,43.24;
9.97,-13.61,37.21;
14.30,-15.21,34.40;
18.50,-16.00,36.89;
25.37,-13.90,36.76;
14.78,-12.49,33.02;
6.85,-12.92,24.29;
7.29,-14.37,14.61;
6.94,-15.78,12.90;
-0.81,-15.27,17.63;
-1.45,-14.60,22.09;
-4.67,-12.05,21.01;
-4.25,-7.76,16.58;
1.19,-2.86,13.68;
7.63,-1.44,13.94;
8.84,1.38,14.96;
6.68,4.38,13.83;
3.13,6.41,11.18;
-2.60,8.61,8.93;
-6.72,11.51,5.05;
-8.78,13.31,3.33;
-10.69,14.85,2.78;
-4.95,15.95,1.94;
-10.58,19.83,0.73;
-17.74,25.84,-1.59;
-21.68,28.39,-4.17;
-21.77,29.34,-5.45;
-10.43,28.16,-5.75;
-7.48,27.38,-4.37;
-15.00,28.96,-4.20;
-20.64,31.77,-7.71;
-24.34,34.07,-10.44;
-17.88,34.15,-12.76;
1.08,31.29,-14.63;
9.25,27.09,-16.82;
-4.42,23.78,-18.79;
-31.93,25.06,-23.63;
-33.88,27.51,-28.99;
-20.05,29.48,-26.44;
-2.66,32.30,-18.06;
-2.28,33.23,-16.78;
-13.79,32.39,-22.50;
-29.13,32.85,-31.75;
-16.43,32.61,-35.22;
-0.22,33.17,-30.08;
-11.10,39.78,-24.75;
-31.01,44.39,-30.59;
-36.87,44.70,-38.70;
-23.88,43.11,-38.08;
-7.83,38.07,-36.33;
-30.19,40.35,-37.63;
-43.38,46.07,-44.18;
-31.06,52.33,-48.49;
6.03,50.80,-41.89;
10.52,43.81,-34.96;
-14.71,38.38,-41.59;
-44.64,41.83,-61.13;
-47.04,49.49,-70.53;
-10.72,54.53,-64.96;
-1.64,50.94,-53.83;
-20.66,47.11,-59.07;
-25.54,54.82,-71.14;
-21.56,69.05,-66.88;
-8.38,74.19,-58.17;
-8.29,67.67,-54.53;
-11.82,51.78,-66.35;
-34.55,47.03,-91.37;
-43.42,51.40,-102.32;
-41.21,57.32,-90.03;
-30.86,59.80,-63.83;
-28.64,54.45,-49.91;
-41.76,49.19,-49.57;
-53.64,48.85,-66.37;
-53.32,52.04,-78.85;
-31.15,51.66,-74.17;
-14.32,49.75,-59.10;
-7.85,48.87,-50.73;
-10.02,47.72,-56.00;
-15.82,45.03,-67.83;
-2.35,42.94,-72.70;
19.22,35.71,-63.46;
23.88,34.48,-51.56;
38.15,33.00,-41.43;
48.01,37.22,-36.69;
43.91,31.98,-35.89;
21.86,25.43,-38.24;
16.21,25.74,-40.37;
28.33,31.61,-36.52;
55.94,27.03,-30.29;
72.44,24.79,-22.18;
75.37,17.58,-26.56;
56.32,10.15,-28.21;
31.51,11.90,-17.22;
17.40,17.03,-3.83;
10.52,13.25,-6.38;
1.13,12.70,-24.47;
0.97,19.13,-32.01;
34.26,20.32,-22.92;
52.27,15.86,-12.26;
71.63,9.49,-6.17;
79.88,0.80,-12.29;
42.30,-3.00,-21.74;
-28.51,5.58,-20.79;
-43.21,15.77,-1.01;
-26.87,13.66,14.75;
11.58,1.14,16.76;
19.26,-8.80,2.28;
0.36,-3.56,-9.05;
-16.05,4.32,-8.30;
-2.84,7.40,0.09;
13.75,4.71,6.92;
24.30,-1.29,4.99;
8.47,-8.11,-1.79;
-20.60,-0.87,-0.50;
-28.89,5.20,2.81;
-9.42,5.71,6.31;
13.10,-2.03,6.60;
13.62,-8.81,1.07;
-1.83,-4.42,-2.27;
-13.93,4.10,-0.55;
-4.63,5.06,2.11;
11.55,-0.28,2.61;
14.49,-7.23,0.00;
7.02,-5.01,1.02;
0.91,-1.56,4.41;
-4.66,-0.03,8.95;
0.50,-2.74,7.39;
0.38,-6.08,1.85;
-3.27,-4.48,-0.95;
-0.23,-1.12,1.65;
4.35,-0.13,7.10;
9.07,-1.99,8.58;
14.17,-6.17,4.63;
10.12,-8.80,3.70;
5.72,-8.14,6.83;
3.49,-8.13,11.62;
2.23,-9.44,12.03;
5.49,-13.24,10.61;
5.63,-15.87,11.27;
6.55,-17.20,17.68;
0.79,-15.76,23.13;
-3.29,-15.12,22.78;
9.37,-14.91,16.03;
26.06,-16.23,11.31;
30.35,-17.13,14.11;
33.60,-19.04,16.46;
43.29,-23.33,16.76;
52.97,-21.82,14.93;
50.24,-19.10,11.18;
52.52,-18.49,8.26;
55.29,-25.67,17.67;
42.75,-35.15,28.47;
26.78,-43.49,35.33;
-20.95,-34.29,36.35;
-28.02,-27.24,28.69;
-8.83,-26.69,31.63;
14.76,-38.60,47.24;
20.73,-48.45,55.48;
12.91,-49.67,45.85;
-6.77,-37.78,29.86;
4.30,-32.78,31.27;
16.71,-39.91,42.92;
18.32,-54.03,58.92;
-4.22,-52.29,58.15;
-1.15,-48.43,40.17;
-9.38,-31.29,27.10;
16.17,-30.98,36.76;
35.98,-42.40,58.60;
34.13,-51.85,73.45;
23.11,-55.20,73.96;
-13.74,-47.36,59.70;
-37.93,-32.91,53.18;
-27.19,-32.98,57.18;
-15.12,-43.06,64.98;
-11.88,-49.26,67.82;
6.47,-55.78,56.61;
15.81,-48.58,40.41;
37.07,-41.81,36.52;
23.43,-33.47,46.03;
16.10,-28.94,58.92;
30.20,-30.54,63.88;
32.97,-35.91,63.19;
36.04,-45.35,56.37;
15.75,-51.71,55.08;
16.70,-54.34,51.08;
0.70,-49.10,47.50;
-2.12,-42.17,48.76;
-2.02,-37.94,53.77;
18.35,-37.30,55.74;
39.39,-36.02,52.52;
54.21,-36.81,49.30;
42.81,-38.94,45.53;
21.13,-41.29,40.61;
25.10,-38.60,36.72;
11.75,-32.17,44.00;
8.46,-25.64,51.60;
14.42,-24.74,48.17;
34.32,-26.81,42.86;
34.03,-26.75,44.34;
31.55,-26.08,43.01;
16.21,-28.66,39.97;
16.23,-28.48,37.85;
21.60,-26.68,34.78;
15.22,-26.40,37.08;
7.57,-22.72,36.98;
-2.08,-21.74,31.34;
6.73,-21.78,27.08;
24.12,-19.71,30.14;
33.80,-18.43,33.54;
17.98,-12.33,31.83;
4.68,-8.58,22.38;
7.49,-8.68,18.00;
10.96,-8.62,17.18;
10.67,-6.92,21.12;
5.33,-4.65,19.02;
-4.26,-2.19,11.60;
0.99,-3.78,5.65;
6.17,-3.47,9.05;
7.04,-0.87,12.41;
-6.46,3.38,9.44;
-10.11,7.08,0.87;
-0.54,6.38,-3.98;
9.83,6.94,-0.53;
7.39,8.47,1.77;
-9.77,10.91,-2.47;
-24.43,13.19,-9.98;
-10.55,14.73,-12.58;
-3.71,19.64,-7.31;
-6.49,22.80,-4.85;
-12.29,22.68,-7.05;
-14.12,21.03,-13.13;
-11.79,22.64,-14.75;
-0.45,26.77,-11.54;
-7.25,29.45,-8.14;
-18.67,28.00,-10.43;
-31.93,25.89,-17.48;
-23.64,26.33,-25.45;
2.36,26.48,-24.40;
5.16,26.84,-18.95;
-11.77,23.80,-20.88;
-24.64,20.22,-31.40;
-30.00,20.87,-36.32;
-26.58,26.59,-33.01;
-19.45,34.00,-25.13;
-14.32,36.13,-21.98;
-9.35,34.32,-25.45;
-12.11,33.38,-30.53;
-18.25,35.81,-32.58;
-17.96,41.05,-31.95;
-19.47,43.89,-32.20;
-26.32,43.80,-34.12;
-28.19,41.00,-37.68;
-35.04,40.58,-41.92;
-45.79,45.46,-42.92;
-39.77,53.16,-41.92;
-21.93,57.31,-40.64;
-11.87,53.26,-40.76;
-21.25,49.05,-46.35;
-34.46,49.89,-55.45;
-41.15,57.14,-56.09;
-31.29,62.47,-49.95;
-23.50,59.06,-49.24;
-41.32,58.44,-56.49;
-50.09,60.27,-68.67;
-44.37,64.09,-71.79;
-32.11,66.18,-65.22;
-20.92,61.92,-60.82;
-24.19,60.19,-63.71;
-39.33,63.40,-72.37;
-41.22,70.00,-76.56;
-35.53,67.57,-73.65;
-28.54,53.23,-73.69;
-37.90,48.36,-78.92;
-52.35,57.75,-82.81;
-43.97,64.55,-76.43;
-25.25,59.98,-64.64;
-14.81,48.18,-59.48;
-14.00,40.53,-61.53;
-32.06,37.49,-69.14;
-32.45,42.64,-72.85;
-13.74,44.91,-66.44;
33.04,36.62,-53.24;
50.30,28.53,-38.79;
41.83,34.62,-38.21;
22.29,40.68,-40.84;
6.59,37.19,-45.79;
17.95,26.51,-46.76;
29.68,24.10,-39.02;
24.87,25.06,-26.87;
49.75,24.42,-18.81;
68.07,19.22,-19.46;
46.41,8.27,-26.44;
30.90,13.72,-24.52;
18.27,25.29,-13.45;
23.54,20.30,-9.51;
43.62,17.92,-9.24;
55.31,8.79,-19.62;
31.83,5.60,-30.88;
11.13,14.09,-32.69;
8.46,17.19,-27.50;
26.44,11.43,-18.75;
52.78,2.38,-7.97;
36.24,-5.24,2.58;
-27.03,3.09,6.46;
-42.51,11.67,8.35;
-22.78,10.62,8.81;
8.38,4.36,5.21;
26.38,-2.58,0.86;
4.97,1.67,-0.82;
-7.09,7.35,4.73;
3.75,1.58,11.70;
12.76,-3.93,11.25;
9.16,-5.76,6.50;
-9.45,0.99,-1.83;
-16.34,4.84,-3.16;
-12.90,4.36,4.76;
-6.06,2.55,14.09;
9.13,-9.03,13.83;
-6.43,-13.27,5.34;
-26.29,-4.77,1.48;
-33.00,0.13,4.43;
-25.00,2.67,10.87;
-0.06,-1.70,15.34;
18.52,-9.12,9.05;
23.19,-10.16,2.90;
14.44,-5.93,0.46;
12.85,-4.78,2.87;
12.39,-7.55,7.21;
11.92,-10.54,9.82;
6.41,-10.33,8.49;
2.38,-6.95,6.46;
6.78,-5.91,7.16;
11.05,-9.53,10.32;
16.85,-15.50,14.63;
23.40,-17.42,18.47;
21.39,-16.94,17.96;
11.48,-14.78,11.70;
9.52,-13.91,9.97;
11.37,-15.84,14.00;
8.88,-18.48,21.63;
7.20,-22.55,25.47;
8.79,-26.63,27.07;
13.26,-31.73,29.82;
4.53,-32.66,30.21;
6.99,-31.64,26.08;
13.37,-25.06,22.69;
27.80,-27.87,26.79;
33.94,-33.65,31.22;
27.16,-42.51,31.41;
20.65,-44.74,22.21;
19.63,-38.81,21.71;
26.29,-31.24,33.39;
12.20,-24.80,49.36;
-5.67,-26.33,43.21;
-9.07,-32.46,30.37;
14.35,-41.13,25.79;
24.41,-41.13,42.76;
-1.71,-35.90,57.83;
-21.91,-29.65,56.95;
-4.29,-36.17,48.06;
6.39,-41.30,45.08;
-3.87,-43.39,44.90;
-3.99,-44.78,39.53;
16.21,-45.36,35.63;
22.76,-47.09,41.42;
28.33,-44.13,54.78;
22.41,-39.29,61.01;
17.36,-43.16,52.08;
13.80,-47.96,38.46;
13.78,-53.45,29.82;
-8.54,-49.82,31.67;
-8.28,-39.09,37.27;
11.42,-32.78,50.06;
39.81,-38.55,57.88;
45.81,-43.21,55.53;
32.73,-48.43,41.33;
2.18,-32.71,32.05;
-6.84,-21.85,37.59;
-9.39,-24.80,46.17;
-3.56,-34.89,47.83;
31.60,-39.04,45.24;
26.03,-31.52,44.98;
46.76,-32.55,42.09;
38.46,-37.26,43.02;
31.78,-41.56,40.92;
8.97,-40.69,38.02;
2.75,-36.77,35.39;
3.42,-34.54,37.99;
23.69,-40.29,45.05;
14.24,-42.68,44.05;
2.46,-39.50,38.02;
13.95,-30.48,36.18;
10.81,-22.08,40.57;
26.75,-20.16,37.51;
35.20,-21.68,34.52;
44.44,-23.87,37.04;
37.05,-26.63,36.23;
33.00,-30.26,33.67;
11.04,-27.97,31.48;
2.26,-25.32,29.74;
8.90,-23.06,29.71;
6.99,-21.32,35.36;
16.38,-20.57,31.89;
14.07,-22.62,29.02;
24.79,-20.37,34.57;
26.29,-17.91,35.44;
9.11,-16.66,28.40;
6.18,-16.08,20.38;
6.29,-15.99,17.24;
15.60,-15.90,20.75;
21.43,-11.45,23.12;
12.88,-5.18,20.52;
6.58,-4.48,14.32;
21.26,-8.33,11.73;
22.88,-9.82,14.35;
3.78,-5.26,11.22;
-10.35,-2.71,6.90;
-8.90,-3.99,7.42;
6.71,-2.69,11.62;
11.25,-0.45,14.11;
5.14,2.30,13.42;
-9.10,3.14,5.85;
-10.00,2.59,-0.70;
0.09,3.45,-1.17;
8.87,6.55,1.36;
6.42,10.39,2.03;
-9.06,11.25,-3.98;
-25.39,12.27,-9.46;
-24.09,14.32,-10.87;
-12.45,19.69,-5.19;
-6.64,24.84,1.25;
-5.35,26.64,3.10;
-10.00,25.17,-3.54;
-8.16,23.60,-8.55;
-19.44,24.47,-8.14;
-25.56,27.63,-7.11;
-24.55,29.34,-9.11;
-20.37,29.58,-10.32;
-12.16,29.55,-10.81;
-11.41,27.25,-11.16;
-17.32,27.09,-13.82;
-17.83,27.00,-18.53;
-14.16,25.67,-22.58;
-13.67,25.63,-21.31;
-21.77,26.90,-21.33;
-26.55,28.99,-21.60;
-25.53,30.80,-23.30;
-29.10,34.84,-23.63;
-22.93,37.40,-22.46;
-14.05,37.31,-23.11;
-7.47,35.26,-23.27;
-9.01,35.83,-24.18;
-16.98,35.72,-30.61;
-33.65,37.37,-33.54;
-36.32,39.42,-35.56;
-24.66,38.85,-35.27;
-26.08,40.50,-32.49;
-26.40,43.78,-33.05;
-25.38,46.58,-38.09;
-26.26,49.13,-40.17;
-14.83,49.29,-42.49;
-4.95,47.43,-41.82;
-18.72,43.66,-41.02;
-36.60,42.50,-46.55;
-55.65,48.36,-51.98;
-40.38,53.61,-52.90;
-13.38,53.77,-48.58;
-8.84,47.43,-40.87;
-37.91,42.99,-51.14;
-47.44,50.65,-64.43;
-43.09,58.76,-60.20;
-31.58,63.22,-52.23;
-25.45,56.30,-50.23;
-36.66,47.58,-58.73;
-57.24,52.24,-69.40;
-52.35,62.73,-67.79;
-38.16,68.06,-57.25;
-21.94,61.83,-48.04;
-23.47,45.02,-52.49;
-35.50,39.17,-65.27;
-52.02,45.63,-78.90;
-45.88,51.32,-77.07;
-20.86,47.02,-68.24;
-11.03,43.64,-61.11;
-8.92,40.65,-59.75;
-13.64,41.05,-60.24;
-13.93,40.33,-63.31;
3.37,37.19,-60.78;
30.13,39.32,-51.13;
47.04,39.48,-43.34;
54.78,39.49,-44.24;
59.60,33.95,-58.49;
56.87,29.26,-69.48;
60.87,30.61,-67.75;
60.12,31.28,-42.55;
72.70,27.37,-24.38;
72.67,15.06,-17.13;
44.27,4.77,-14.47;
-4.35,12.29,-11.94;
-6.35,21.89,-9.69;
21.72,26.22,-7.59;
54.87,14.76,-20.38;
54.27,4.07,-27.50;
33.08,6.55,-28.06;
18.47,14.97,-22.49;
14.27,16.32,-16.21;
32.17,13.46,-10.00;
47.81,2.24,-0.58;
16.50,-10.37,2.79;
-37.41,0.27,0.90;
-61.12,14.27,4.52;
-38.64,12.35,9.39;
-9.06,0.47,12.46;
14.12,-10.58,10.55;
13.45,-7.39,1.76;
-3.83,1.98,-3.24;
-23.83,7.92,-3.43;
-22.84,5.02,1.25;
-2.87,1.60,8.41;
24.91,-5.91,8.83;
13.29,-6.80,-0.17;
-15.87,0.56,-5.94;
-20.12,9.75,-1.98;
14.75,7.87,7.21;
37.66,-3.20,7.68;
29.20,-10.68,1.08;
1.08,-10.08,-6.44;
-27.22,0.07,-3.33;
-30.34,5.08,4.32;
-15.53,1.51,11.79;
-1.97,-5.62,12.05;
2.35,-8.51,7.73;
-2.81,-6.48,4.23;
-10.46,-1.42,4.40;
-11.47,-0.19,3.91;
-2.87,-1.04,2.52;
13.26,-3.70,1.45;
15.98,-5.96,3.28;
1.31,-4.03,4.47;
-4.77,-2.40,4.72;
-1.42,-3.71,4.99;
1.60,-6.89,5.57;
-1.19,-7.00,5.70;
-4.31,-4.87,5.10;
3.52,-4.00,5.77;
14.84,-5.73,7.47;
22.33,-9.09,9.31;
15.08,-8.94,7.63;
7.42,-7.85,6.05;
6.21,-7.52,7.21;
11.66,-9.82,12.52;
17.81,-12.39,14.60;
28.88,-14.40,15.21;
32.42,-15.73,15.50;
37.05,-17.56,16.38;
40.09,-20.84,17.25;
49.05,-26.40,22.87;
42.44,-29.65,28.14;
22.00,-29.85,26.14;
8.21,-30.77,20.49;
6.32,-29.52,22.09;
11.11,-27.88,35.59;
19.36,-30.07,44.57;
11.20,-31.76,45.12;
5.28,-32.22,32.87;
12.29,-32.26,24.44;
22.70,-30.37,23.70;
31.94,-31.27,31.89;
24.17,-34.39,40.78;
5.91,-32.91,38.08;
14.56,-35.30,28.28;
20.78,-34.08,28.38;
28.47,-34.87,36.21;
26.88,-38.77,50.20;
-10.71,-34.55,52.84;
-19.42,-33.13,41.02;
-19.19,-33.21,31.56;
2.39,-34.16,34.90;
13.16,-36.05,49.31;
7.33,-37.79,52.95;
-0.84,-34.71,43.59;
-4.87,-30.69,36.55;
-11.00,-28.19,41.59;
-5.91,-29.03,52.90;
12.36,-37.65,57.34;
16.50,-45.18,54.58;
8.41,-45.00,47.01;
8.76,-41.32,34.15;
10.50,-38.37,30.35;
14.81,-36.62,36.76;
17.77,-32.43,46.64;
27.34,-30.17,51.25;
19.08,-28.80,43.79;
28.04,-31.79,33.92;
20.90,-30.65,33.18;
14.41,-32.11,39.96;
6.76,-33.21,44.26;
8.79,-31.04,48.02;
18.70,-27.82,50.38;
32.35,-30.07,50.11;
31.78,-34.77,42.66;
8.36,-35.55,33.97;
-3.42,-30.78,37.21;
13.36,-25.18,51.37;
23.19,-21.39,60.87;
46.97,-30.05,48.17;
43.16,-36.45,33.51;
33.37,-41.24,24.25;
6.24,-35.91,33.02;
3.75,-29.68,41.85;
12.27,-25.58,51.39;
29.39,-30.26,50.23;
28.15,-35.82,43.56;
20.96,-40.28,32.35;
3.05,-32.42,34.73;
5.58,-20.52,39.60;
11.89,-15.50,39.56;
21.16,-14.92,37.15;
37.13,-19.32,30.28;
33.51,-22.37,28.35;
20.42,-19.53,30.41;
17.48,-15.44,33.13;
22.49,-13.29,33.01;
13.95,-14.10,30.11;
-0.05,-19.41,28.06;
9.43,-23.29,26.14;
18.00,-23.38,24.31;
14.82,-19.39,22.32;
2.85,-16.49,19.99;
1.92,-16.52,18.46;
5.28,-14.34,18.96;
10.82,-11.20,18.93;
8.36,-7.76,19.02;
8.88,-6.86,19.62;
6.81,-3.88,17.60;
4.17,-1.52,9.68;
9.75,1.43,5.13;
5.31,2.53,1.94;
-4.25,4.64,-1.54;
-7.56,7.26,-2.72;
-5.71,11.19,-1.54;
1.19,16.44,2.32;
-1.21,17.92,0.92;
-18.37,18.16,-4.38;
-23.32,17.25,-9.59;
-18.40,17.49,-7.88;
-18.66,22.12,-2.93;
-16.20,26.29,0.54;
-18.16,29.84,0.35;
-11.33,29.16,-3.02;
-1.68,27.87,-6.58;
5.89,26.71,-8.15;
4.82,23.23,-11.68;
-10.37,19.95,-17.80;
-29.38,15.55,-23.56;
-42.61,15.11,-23.42;
-40.89,18.06,-19.82;
-25.42,24.24,-12.43;
-18.93,32.45,-7.04;
-10.71,35.42,-10.11;
5.68,32.84,-17.11;
3.63,30.70,-21.56;
-13.29,28.96,-24.26;
-27.88,30.21,-26.84;
-32.57,32.87,-25.21;
-20.67,33.22,-23.14;
-14.84,32.10,-21.60;
-25.82,31.93,-23.98;
-31.50,33.48,-33.59;
-23.25,37.03,-36.99;
4.13,38.51,-35.85;
5.34,37.40,-31.13;
-16.22,34.44,-33.98;
-44.55,33.11,-44.27;
-51.29,36.94,-48.66;
-27.38,43.52,-40.49;
-5.56,46.53,-32.95;
0.24,46.71,-29.10;
-19.01,44.91,-36.72;
-41.07,45.77,-46.01;
-45.47,47.38,-50.20;
-36.23,47.77,-43.24;
-35.93,48.79,-37.75;
-40.12,50.04,-43.27;
-46.06,53.06,-49.95;
-39.80,56.13,-52.56;
-27.90,55.43,-50.59;
-29.79,52.22,-47.62;
-47.00,52.10,-54.26;
-58.80,54.26,-61.39;
-53.41,61.42,-62.63;
-38.06,60.93,-58.59;
-21.16,54.67,-58.81;
-25.53,49.55,-66.01;
-36.31,52.50,-78.37;
-37.13,58.80,-79.37;
-32.17,60.18,-74.49;
-21.91,48.24,-68.40;
-28.95,35.13,-62.17;
-47.67,37.78,-66.06;
-39.16,46.93,-74.85;
-23.06,51.35,-69.11;
-3.62,49.09,-64.15;
22.91,40.32,-60.15;
55.02,32.38,-61.08;
62.04,38.82,-61.48;
61.60,42.94,-62.70;
63.78,37.84,-62.44;
68.78,30.22,-59.97;
64.27,24.73,-57.31;
47.52,25.20,-43.63;
43.89,22.96,-23.65;
38.49,16.64,-14.98;
36.35,14.48,-6.38;
25.37,10.19,2.75;
14.52,7.26,2.31;
3.65,8.77,-5.86;
-3.04,17.58,-21.14;
7.34,21.49,-38.20;
39.43,22.38,-46.70;
84.70,22.45,-40.96;
98.91,22.00,-27.34;
110.20,13.03,-28.96;
99.04,3.03,-35.91;
43.78,10.88,-26.21;
6.18,15.19,-11.88;
0.96,13.57,-0.40;
4.36,5.74,4.29;
-0.75,0.47,-2.35;
-3.47,3.11,-2.75;
3.66,6.36,8.41;
4.50,-0.57,7.82;
-15.09,-2.36,-0.82;
-24.46,3.34,-3.97;
-9.25,4.42,3.51;
-6.23,-1.70,10.70;
-15.42,-6.07,7.60;
-29.85,-3.01,0.78;
-23.39,4.00,1.41;
-6.67,3.95,6.03;
2.79,-1.01,7.74;
6.44,-5.67,1.76;
8.62,-8.28,-2.18;
5.81,-6.16,-0.61;
-6.52,-0.34,5.02;
-12.05,-0.22,7.25;
-13.54,-1.58,7.53;
-11.96,-4.28,3.80;
-12.52,-2.95,0.32;
-3.12,-1.70,-0.03;
8.30,-2.66,3.77;
0.91,-3.62,5.96;
-6.83,-4.19,4.47;
-7.21,-4.00,1.80;
-7.97,-3.00,3.70;
-9.01,-1.84,6.34;
-9.65,-0.63,6.84;
-0.29,-1.30,4.92;
8.20,-4.49,4.84;
10.04,-5.99,4.49;
6.94,-5.61,3.89;
1.00,-4.43,3.80;
-3.27,-4.74,5.30;
-2.25,-6.97,10.03;
-1.88,-7.39,13.86;
0.20,-7.30,11.19;
0.55,-7.00,7.07;
0.49,-7.94,7.15;
-1.33,-9.96,13.18;
-0.16,-10.37,19.60;
0.13,-12.75,20.96;
1.02,-14.78,15.50;
7.69,-15.52,13.15;
3.83,-13.79,15.53;
2.70,-13.81,16.32;
13.29,-17.76,17.30;
26.67,-23.09,19.53;
29.45,-26.86,22.12;
15.31,-24.86,23.27;
4.36,-21.84,22.38;
5.34,-22.74,24.17;
15.04,-29.59,29.48;
9.33,-35.38,34.83;
-9.56,-34.95,33.28;
-11.09,-34.89,28.25;
-0.84,-33.50,30.14;
12.67,-31.84,36.02;
15.97,-36.78,42.61;
8.82,-37.24,43.45;
8.64,-35.91,40.25;
10.64,-36.66,40.12;
19.23,-44.37,42.99;
24.39,-48.36,44.54;
18.87,-45.76,44.75;
-1.76,-39.27,49.34;
-0.78,-39.41,56.32;
-0.93,-44.36,56.92;
8.70,-49.94,42.89;
-7.41,-39.79,35.91;
-8.32,-38.05,34.41;
1.91,-39.12,43.80;
21.81,-39.20,54.28;
19.89,-37.29,57.41;
13.31,-35.15,50.67;
13.95,-37.01,45.22;
5.31,-40.17,39.86;
5.17,-39.23,40.76;
6.36,-38.07,46.90;
-0.78,-37.12,53.44;
1.89,-37.32,53.36;
10.55,-38.98,43.30;
5.74,-38.37,30.18;
6.20,-32.52,28.98;
17.00,-30.97,38.29;
29.57,-29.62,43.74;
29.26,-30.51,43.51;
18.36,-30.84,40.84;
15.19,-35.53,39.76;
23.48,-37.50,37.88;
14.84,-35.23,37.25;
-1.62,-29.21,41.91;
-0.57,-25.78,49.47;
20.67,-27.27,52.78;
52.50,-34.37,49.30;
50.44,-41.84,42.44;
13.07,-46.42,32.35;
2.61,-43.21,23.25;
6.32,-32.54,29.67;
22.12,-23.93,42.03;
20.88,-23.39,46.38;
17.92,-31.24,36.05;
18.30,-33.16,29.08;
22.27,-30.43,32.23;
19.51,-21.73,37.85;
21.69,-17.58,37.88;
15.60,-16.19,36.96;
8.23,-16.23,34.92;
19.88,-20.71,30.69;
24.44,-20.63,31.22;
14.55,-18.55,30.79;
7.81,-18.45,28.95;
14.04,-20.08,25.24;
10.82,-20.33,23.48;
8.44,-21.82,20.78;
2.99,-18.71,23.82;
12.62,-13.44,25.42;
22.15,-8.92,27.12;
22.58,-10.31,24.28;
17.63,-14.14,17.12;
20.59,-17.53,10.57;
10.78,-14.46,8.58;
-8.54,-8.95,10.52;
-11.76,-6.34,12.12;
1.05,-3.97,12.72;
8.91,-2.08,12.63;
17.20,-0.92,13.16;
16.84,1.89,10.54;
6.10,3.95,6.52;
-0.58,4.56,0.95;
-7.36,3.40,0.43;
-7.15,2.85,1.15;
-11.76,3.97,1.24;
-15.65,6.41,0.60;
-2.22,11.22,2.03;
3.39,15.60,3.50;
5.80,17.31,1.74;
-4.57,15.49,-3.56;
-14.12,13.11,-8.99;
-4.52,12.10,-13.02;
2.99,12.76,-10.44;
-0.64,14.97,-7.69;
-19.25,15.89,-10.90;
-33.07,16.26,-16.87;
-28.78,19.61,-18.23;
-11.68,25.03,-10.85;
-0.75,28.88,-3.30;
-7.67,30.32,-3.37;
-19.51,28.61,-12.47;
-15.35,26.29,-19.45;
-1.85,23.92,-16.00;
-10.54,26.74,-8.21;
-29.68,29.64,-11.85;
-39.27,30.22,-20.37;
-32.40,30.19,-25.75;
-26.83,31.17,-22.61;
-26.14,31.81,-18.17;
-30.37,35.11,-14.67;
-32.74,40.73,-15.33;
-13.58,43.08,-19.85;
10.36,41.08,-22.00;
4.30,34.35,-24.04;
-28.43,28.74,-33.54;
-47.19,29.16,-42.32;
-38.58,34.82,-40.96;
-23.33,41.37,-29.51;
-25.38,42.18,-21.80;
-35.06,41.46,-25.11;
-42.34,44.64,-34.76;
-24.40,50.13,-38.64;
6.73,48.79,-33.66;
1.65,41.90,-29.95;
-30.96,37.49,-40.64;
-54.03,41.83,-56.35;
-46.58,50.79,-52.69;
-11.24,55.19,-42.72;
0.17,49.71,-36.03;
-16.49,39.35,-45.34;
-46.35,43.78,-66.32;
-53.16,54.26,-69.50;
-42.48,67.20,-53.36;
-33.06,67.83,-38.99;
-27.79,55.11,-41.19;
-44.69,50.30,-53.82;
-51.45,52.45,-67.69;
-49.79,59.52,-63.39;
-38.58,62.93,-54.64;
-32.37,60.44,-49.63;
-27.88,50.27,-54.92;
-30.22,42.79,-64.92;
-33.70,40.65,-75.10;
-41.87,48.27,-65.66;
-22.17,50.64,-54.38;
-7.36,50.18,-49.82;
-10.43,50.99,-56.17;
3.78,45.60,-71.53;
26.61,37.90,-77.43;
31.69,39.14,-74.21;
34.76,42.67,-69.04;
36.00,42.67,-58.61;
44.55,37.34,-51.95;
43.68,37.28,-48.79;
47.89,37.14,-42.98;
58.33,32.80,-41.14;
68.49,26.85,-38.61;
74.53,23.45,-32.56;
81.33,21.38,-24.90;
63.84,18.67,-15.95;
59.28,15.05,-11.13;
44.29,15.48,-13.13;
33.31,13.14,-23.56;
16.01,11.75,-24.69;
5.60,17.08,-17.34;
8.79,19.00,-11.75;
29.34,17.67,-11.62;
54.35,15.52,-19.17;
58.99,9.61,-24.67;
41.19,5.71,-21.60;
18.47,5.74,-12.73;
4.93,8.62,-4.14;
-3.01,10.82,1.19;
-7.45,7.23,-1.10;
-8.00,7.19,-4.44;
3.49,7.92,-2.17;
26.70,1.84,1.36;
25.05,-1.09,0.66;
12.90,-2.03,-4.55;
-15.87,0.03,-8.00;
-32.06,5.08,-3.86;
-25.93,5.95,8.11;
-16.78,3.11,13.44;
-2.75,-2.25,8.47;
3.02,-6.77,2.28;
-8.90,-3.18,0.03;
-7.18,1.40,1.28;
0.52,3.93,1.28;
12.33,0.07,-1.25;
17.55,-5.97,-3.33;
9.94,-7.20,-1.27;
0.06,-3.12,4.21;
-5.97,-2.31,7.71;
-11.15,-4.86,6.06;
-10.25,-7.20,1.71;
-9.93,-4.83,1.80;
-8.43,-1.50,4.58;
-4.11,-0.57,5.22;
2.39,-1.52,2.50;
8.44,-3.53,-0.70;
10.78,-3.64,-3.46;
5.42,-0.69,-3.21;
6.85,0.85,0.12;
5.49,0.48,3.48;
3.22,-1.84,3.19;
2.18,-4.71,0.66;
0.64,-3.82,0.34;
0.26,-2.03,2.57;
-2.51,-2.46,5.02;
-3.01,-3.64,5.27;
0.13,-3.97,3.77;
5.34,-3.67,2.31;
7.37,-2.43,3.25;
8.01,-3.04,3.22;
6.64,-4.75,2.57;
4.82,-5.20,3.79;
5.17,-5.36,5.18;
7.42,-5.62,3.74;
9.86,-6.94,2.50;
10.42,-9.20,4.38;
5.97,-9.58,8.76;
2.01,-9.07,12.81;
1.69,-8.95,11.73;
4.94,-10.63,9.13;
9.40,-13.73,6.50;
12.17,-13.96,9.08;
12.79,-14.14,12.93;
7.94,-15.15,16.03;
5.31,-14.62,14.44;
4.18,-14.48,9.53;
9.91,-16.46,6.84;
10.75,-17.38,11.21;
14.04,-20.58,17.13;
12.70,-21.29,20.25;
9.31,-20.66,18.28;
7.48,-21.74,15.53;
-2.23,-20.94,16.95;
-4.83,-23.07,20.58;
1.39,-26.25,23.01;
5.28,-26.89,25.79;
3.43,-25.44,26.54;
2.91,-22.86,23.91;
14.32,-26.37,19.01;
28.07,-30.66,20.50;
34.84,-34.26,29.89;
22.06,-33.47,39.33;
8.20,-30.14,41.08;
2.94,-32.03,37.25;
12.73,-38.42,31.36;
8.56,-39.16,34.17;
-4.19,-40.25,39.02;
-6.28,-36.95,41.45;
6.35,-35.39,34.87;
16.21,-30.03,35.16;
13.74,-31.33,43.31;
0.53,-31.61,53.41;
5.66,-31.55,54.66;
12.50,-36.16,47.83;
-3.39,-37.90,44.00;
-12.64,-36.92,42.28;
-4.86,-37.64,42.21;
9.37,-37.88,43.27;
27.45,-41.42,42.47;
27.39,-41.97,35.54;
14.04,-35.74,33.34;
13.00,-25.76,41.28;
32.33,-25.33,48.78;
42.84,-34.94,50.00;
19.45,-39.53,40.79;
-0.16,-34.34,32.90;
-11.90,-25.53,37.56;
0.84,-22.57,51.86;
26.09,-32.74,56.66;
37.40,-42.55,46.20;
17.07,-43.39,32.12;
-5.64,-35.36,31.63;
-15.65,-28.89,43.02;
18.90,-27.18,48.46;
27.43,-28.33,45.89;
30.81,-30.07,38.09;
23.54,-29.39,32.49;
14.47,-25.12,31.42;
5.31,-19.62,37.16;
18.52,-14.81,42.44;
19.51,-15.55,39.16;
19.68,-20.87,28.67;
12.82,-23.42,25.28;
19.14,-21.87,30.69;
12.36,-21.04,39.88;
6.58,-21.99,39.91;
2.73,-22.66,34.58;
11.91,-21.87,36.17;
6.58,-18.55,42.70;
14.64,-17.53,42.99;
22.03,-17.45,38.49;
25.42,-18.74,34.20;
23.60,-21.62,30.63;
12.70,-23.07,27.01;
9.68,-20.54,23.54;
11.40,-15.18,24.64;
13.51,-11.93,24.46;
7.28,-12.34,22.03;
10.68,-13.49,19.16;
16.06,-14.66,19.37;
21.58,-12.14,25.70;
8.75,-10.46,29.41;
-3.67,-11.01,27.54;
2.41,-12.34,23.10;
14.81,-11.59,22.14;
16.81,-11.09,24.64;
5.91,-9.62,25.42;
-2.54,-9.42,19.86;
-4.25,-8.34,13.02;
5.34,-6.31,13.82;
20.18,-5.24,17.24;
0.75,-2.75,15.36;
-12.42,-2.13,6.78;
-8.92,-0.42,2.46;
3.69,5.61,8.17;
12.24,9.48,10.70;
11.91,9.02,6.40;
-12.32,5.25,-0.44;
-17.70,2.67,-5.51;
-5.01,4.07,-4.40;
-2.61,10.90,1.99;
-13.67,16.27,1.79;
-16.60,14.21,-4.20;
-8.90,8.84,-11.43;
3.95,9.81,-9.45;
1.43,16.26,-5.66;
-12.40,22.21,-5.13;
-23.06,19.84,-12.84;
-29.79,17.77,-16.09;
-26.90,17.29,-12.09;
-15.94,22.18,-3.04;
-7.51,26.33,1.50;
-8.23,28.87,-0.87;
-9.59,28.01,-10.76;
-13.45,22.94,-20.40;
-11.83,18.77,-23.22;
-18.74,17.05,-21.14;
-31.01,20.19,-20.84;
-27.88,22.39,-23.43;
-16.77,23.75,-25.62;
-15.47,25.97,-23.54;
-17.93,28.15,-24.44;
-21.47,30.56,-26.47;
-16.98,31.17,-29.94;
-10.98,31.13,-28.29;
-22.23,32.01,-25.92;
-33.97,36.12,-27.40;
-26.51,39.13,-28.64;
-14.55,39.89,-25.13;
-14.58,37.63,-25.40;
-21.29,36.22,-32.03;
-35.21,38.30,-36.52;
-34.35,39.66,-38.33;
-24.69,40.24,-36.20;
-25.91,40.32,-32.92;
-33.67,41.97,-33.16;
-44.17,46.35,-38.69;
-38.96,49.71,-43.34;
-18.57,47.98,-43.54;
-11.32,43.14,-39.51;
-30.54,43.13,-43.86;
-36.74,50.59,-50.56;
-34.95,56.36,-46.63;
-34.71,57.31,-42.35;
-27.71,55.34,-43.62;
-28.22,50.41,-47.77;
-36.96,46.15,-56.30;
-50.12,52.21,-60.69;
-49.62,58.41,-58.41;
-40.40,60.71,-53.19;
-31.15,55.32,-56.96;
-24.86,47.72,-64.04;
-25.18,45.48,-67.88;
-23.65,49.32,-63.24;
-27.15,53.34,-54.29;
-29.47,50.39,-56.17;
-26.96,38.09,-65.30;
-23.88,33.71,-69.31;
-26.14,40.07,-65.83;
-17.76,54.16,-56.67;
-7.04,54.12,-54.66;
12.59,45.60,-63.22;
31.88,39.74,-67.94;
36.61,39.43,-59.48;
39.17,33.67,-46.92;
44.15,29.02,-38.56;
35.63,26.15,-36.56;
17.42,26.21,-34.04;
26.41,21.66,-33.91;
50.17,20.65,-28.17;
64.26,21.92,-19.89;
78.97,19.34,-18.04;
73.78,18.64,-21.30;
62.42,15.06,-22.52;
50.12,14.45,-19.34;
46.97,14.06,-17.98;
52.61,16.33,-16.90;
61.00,21.13,-25.66;
70.71,21.28,-33.97;
71.92,18.33,-35.42;
74.94,15.28,-29.14;
63.22,16.99,-16.59;
60.91,17.58,-12.43;
61.62,11.74,-16.67;
38.76,6.71,-16.15;
8.55,7.95,-7.53;
-12.96,9.11,2.57;
-15.77,10.84,8.32;
-3.33,7.06,12.00;
13.34,-0.08,7.45;
10.53,-5.41,-0.43;
-12.17,-2.62,-0.38;
-30.25,3.52,4.38;
-20.90,5.66,12.17;
0.58,1.23,11.97;
16.68,-8.91,1.44;
0.21,-7.55,-6.69;
-21.01,1.26,-0.64;
-23.45,5.00,7.57;
-8.43,0.93,9.39;
7.80,-5.10,5.67;
6.46,-4.45,1.59;
2.87,-1.47,-0.43;
-0.89,-0.68,1.89;
-2.81,-2.40,7.47;
-0.57,-3.87,10.29;
2.76,-5.13,10.20;
-1.07,-4.42,6.73;
-10.69,-3.88,-0.12;
-16.98,-2.54,-0.03;
-9.01,-1.27,5.42;
-0.37,-2.36,8.35;
5.89,-3.61,6.23;
13.16,-5.64,3.80;
9.91,-7.29,6.52;
1.81,-7.64,11.07;
-6.52,-8.11,12.09;
-3.96,-10.42,8.37;
3.36,-12.51,7.86;
4.93,-13.36,11.18;
2.56,-15.21,15.77;
8.03,-18.49,21.73;
6.24,-22.13,24.66;
-7.53,-23.26,25.83;
-18.09,-24.92,23.96;
-18.02,-24.60,21.74;
-5.71,-25.12,18.92;
7.78,-27.42,19.37;
19.13,-27.62,19.54;
28.09,-25.09,20.93;
25.65,-24.78,20.93;
22.29,-25.90,21.54;
22.04,-26.45,22.21;
18.87,-27.93,28.61;
-0.90,-30.86,37.82;
-21.16,-29.59,41.57;
-34.52,-27.76,34.70;
-18.32,-29.91,26.40;
1.77,-30.63,21.44;
13.60,-27.67,23.07;
17.26,-25.39,30.46;
26.10,-28.66,41.59;
30.97,-36.26,46.81;
7.13,-42.23,40.60;
-22.23,-37.07,26.40;
-15.54,-26.33,23.91;
4.38,-23.30,35.77;
10.76,-30.77,53.73;
13.36,-39.07,61.97;
-10.09,-41.39,53.99;
-21.44,-36.92,39.02;
-27.04,-27.18,37.91;
-15.58,-24.94,39.60;
-5.09,-28.19,45.50;
8.53,-31.58,49.70;
12.62,-32.02,49.67;
19.48,-28.13,45.80;
17.71,-28.55,43.24;
9.02,-29.07,42.11;
0.71,-27.33,42.79;
-2.98,-25.33,47.16;
-1.42,-29.00,49.12;
12.81,-35.32,42.73;
17.95,-37.32,35.97;
22.67,-38.08,35.04;
6.79,-35.81,35.62;
11.37,-34.43,33.94;
12.84,-31.20,38.08;
22.62,-31.27,42.69;
15.89,-28.55,42.21;
16.47,-26.60,42.64;
35.14,-24.84,43.05;
41.86,-28.34,41.39;
27.97,-33.90,35.82;
1.13,-36.57,32.28;
-9.93,-35.70,31.76;
-2.84,-30.69,35.83;
11.16,-25.41,40.14;
6.38,-23.32,39.27;
6.84,-21.09,32.79;
19.65,-19.85,30.84;
30.44,-19.30,33.01;
30.41,-20.14,34.73;
23.49,-20.65,33.08;
14.20,-22.71,32.14;
10.32,-23.96,30.89;
19.71,-25.87,31.62;
25.16,-28.42,36.20;
16.03,-30.49,36.28;
3.11,-33.04,33.34;
6.93,-32.26,32.43;
14.49,-28.28,31.31;
17.89,-26.63,28.55;
11.75,-26.69,23.97;
9.04,-26.31,20.26;
14.29,-23.33,19.80;
14.33,-16.71,22.61;
10.30,-11.18,23.97;
10.87,-10.98,21.45;
9.51,-9.29,20.17;
2.64,-7.35,16.17;
3.57,-5.76,14.67;
14.71,-5.38,13.63;
18.32,-4.16,13.10;
3.08,-2.51,9.15;
-12.92,-1.65,3.01;
-9.35,-1.87,-1.14;
1.05,2.07,1.37;
5.86,7.60,5.60;
-5.96,12.09,3.73;
-16.42,13.23,-0.84;
-5.32,12.56,-2.95;
11.62,12.87,-1.34;
11.98,13.48,1.37;
0.01,12.88,-2.38;
-19.10,11.42,-8.67;
-29.15,11.72,-14.08;
-13.56,13.48,-14.06;
-11.01,15.86,-10.06;
-18.23,17.78,-7.71;
-23.94,20.00,-10.87;
-16.26,24.16,-11.98;
-6.06,31.17,-7.19;
0.06,34.61,-4.64;
-2.74,30.42,-8.66;
-16.38,26.06,-14.04;
-18.66,22.04,-20.47;
-14.32,24.38,-19.83;
-20.77,26.26,-19.53;
-36.80,27.31,-22.24;
-38.57,25.93,-27.75;
-23.32,25.23,-28.26;
-8.14,29.74,-21.42;
-2.25,34.84,-18.06;
-8.75,36.39,-22.87;
-27.01,36.58,-30.09;
-30.66,32.99,-33.57;
-22.32,32.10,-30.79;
-19.30,34.45,-26.27;
-27.65,37.05,-25.57;
-37.09,40.65,-26.59;
-28.55,41.81,-28.00;
-12.83,42.53,-25.72;
-5.51,39.89,-25.14;
-22.31,37.64,-29.48;
-36.12,38.84,-40.09;
-28.32,39.25,-45.39;
-21.09,38.79,-43.14;
-23.48,39.92,-39.65;
-29.71,42.32,-40.01;
-35.18,45.06,-40.76;
-34.29,49.26,-40.70;
-27.07,54.15,-40.20;
-17.73,49.72,-41.14;
-21.24,44.61,-43.27;
-33.24,42.07,-51.30;
-39.67,46.22,-56.59;
-39.48,55.51,-52.56;
-23.10,57.26,-50.17;
-20.84,49.86,-51.45;
-21.32,42.26,-59.80;
-29.94,44.39,-65.22;
-33.97,50.18,-63.68;
-37.58,54.22,-55.24;
-24.22,50.36,-53.68;
-27.13,43.80,-56.87;
-31.64,41.87,-61.66;
-26.64,40.13,-65.53;
-5.47,32.30,-67.40;
4.41,32.94,-71.25;
9.77,40.50,-73.33;
7.72,45.38,-68.35;
15.66,41.89,-59.71;
19.54,33.66,-53.97;
21.29,29.86,-48.06;
16.79,33.05,-34.69;
17.77,32.01,-26.93;
14.15,27.25,-28.78;
16.13,21.42,-35.05;
32.32,19.98,-37.08;
50.41,20.93,-38.01;
67.20,23.32,-37.37;
77.23,23.87,-31.10;
86.12,22.51,-23.68;
82.96,22.03,-24.08;
84.99,17.11,-29.39;
89.84,15.46,-35.30;
80.90,19.32,-38.26;
76.17,22.67,-35.68;
86.56,19.63,-27.43;
89.05,15.40,-15.86;
78.52,11.64,-9.33;
51.78,9.69,-11.85;
21.04,10.13,-15.92;
2.61,9.69,-10.88;
-2.46,6.19,-0.18;
2.24,4.97,6.29;
-0.35,5.55,6.58;
-3.74,1.87,0.11;
-13.01,-0.83,0.34;
-25.58,0.36,6.99;
-20.22,-0.66,10.40;
-13.64,-4.13,5.56;
-17.74,-1.99,-0.15;
-17.61,0.84,2.05;
-8.84,1.72,9.34;
5.00,-2.97,9.60;
13.86,-6.37,3.57;
7.80,-3.94,-2.01;
-0.26,-0.52,-0.14;
-0.23,-0.63,7.28;
2.39,-3.00,10.72;
-1.51,-5.21,10.21;
-6.69,-4.58,4.54;
-14.95,-3.20,-0.50;
-17.50,-0.95,-0.04;
-4.19,-1.01,5.59;
9.75,-4.03,9.96;
17.16,-7.61,12.44;
11.75,-9.47,10.03;
0.44,-9.42,7.02;
-13.03,-8.05,7.96;
-18.86,-4.98,9.12;
-14.08,-3.70,9.04;
-3.96,-4.84,8.89;
5.28,-6.25,9.77;
10.67,-7.56,11.34;
10.67,-11.49,11.12;
-0.67,-12.05,10.09;
-8.77,-9.99,8.29;
-5.04,-8.46,8.43;
5.02,-9.36,10.92;
11.60,-12.87,13.34;
11.46,-16.66,11.02;
5.17,-18.29,10.64;
-5.07,-17.61,14.31;
-1.88,-17.97,22.25;
2.17,-20.87,29.07;
-4.17,-24.87,29.34;
-15.65,-28.98,23.41;
-8.77,-29.50,18.32;
-5.18,-24.92,22.18;
6.21,-20.78,29.02;
11.25,-22.80,29.63;
8.20,-26.37,28.66;
1.98,-30.45,27.28;
-4.84,-33.27,29.96;
-9.64,-32.52,33.77;
-8.38,-33.27,35.74;
-15.13,-35.71,35.19;
-21.71,-35.38,32.95;
-12.78,-33.42,32.90;
13.42,-33.79,37.02;
23.57,-33.58,42.55;
15.62,-31.10,44.02;
-5.59,-27.47,41.80;
-8.58,-30.45,39.25;
-0.00,-36.43,38.78;
0.44,-41.56,45.41;
-21.97,-38.89,50.55;
-41.83,-28.77,49.77;
-39.67,-22.87,48.12;
-10.14,-25.49,47.59;
21.97,-39.10,43.53;
33.46,-49.50,37.53;
34.07,-52.65,31.57;
19.91,-41.87,32.46;
17.97,-32.19,36.73;
24.10,-32.78,39.41;
15.05,-35.79,40.18;
-0.90,-34.22,38.73;
-6.09,-28.34,38.20;
-2.08,-21.10,44.23;
11.97,-22.98,45.57;
11.00,-28.80,43.37;
9.46,-35.91,37.94;
8.44,-39.68,36.99;
13.23,-38.75,37.04;
12.56,-31.03,41.74;
22.70,-29.79,40.90;
18.44,-33.56,39.71;
13.39,-38.00,38.69;
12.65,-38.78,40.90;
16.30,-36.72,35.01;
7.46,-30.57,32.46;
7.45,-23.94,33.65;
6.65,-23.15,37.89;
17.13,-24.57,33.77;
29.98,-25.26,27.47;
25.98,-23.99,25.54;
19.60,-21.41,27.56;
5.00,-16.16,31.99;
6.01,-14.66,34.89;
20.20,-17.78,33.82;
21.89,-20.97,32.23;
22.49,-25.97,28.78;
15.13,-26.42,30.32;
26.79,-26.54,29.56;
19.36,-25.15,29.08;
8.17,-24.08,22.99;
4.10,-26.81,19.59;
10.03,-28.51,21.85;
25.60,-23.20,25.53;
23.19,-16.75,27.85;
9.52,-14.31,26.46;
10.73,-15.55,20.21;
18.06,-14.28,17.24;
24.15,-13.61,17.91;
25.95,-13.06,21.12;
21.37,-13.76,20.92;
8.01,-14.25,17.94;
-4.25,-12.49,12.08;
-2.63,-11.93,10.20;
0.12,-6.46,15.39;
8.06,-1.85,19.45;
10.41,2.32,21.65;
12.39,3.81,19.83;
7.84,2.87,16.55;
13.31,-2.37,10.76;
10.23,-4.87,8.64;
-5.33,-3.56,5.96;
-19.38,-0.69,1.51;
-15.94,0.27,-0.27;
-1.96,2.76,1.70;
4.70,6.38,3.73;
2.17,12.62,1.02;
2.47,13.93,-1.02;
0.73,12.03,-0.99;
-1.24,9.54,1.19;
-2.71,11.06,2.09;
-4.61,11.89,0.06;
-10.48,8.55,-2.52;
-17.47,6.74,-4.43;
-20.95,8.15,-4.23;
-20.63,11.71,-3.34;
-19.48,18.27,-2.00;
-20.22,21.13,-0.14;
-16.64,20.62,-0.14;
-8.90,20.32,-1.45;
-4.38,22.10,-3.69;
-13.04,23.38,-4.30;
-23.48,24.84,-6.47;
-24.58,25.54,-10.38;
-8.23,22.65,-12.96;
-4.54,21.46,-11.46;
-18.09,21.19,-12.43;
-33.88,23.02,-18.27;
-38.38,25.92,-19.88;
-17.41,28.97,-17.31;
-10.29,32.56,-11.34;
-14.00,34.10,-10.20;
-17.41,34.65,-16.90;
-15.48,33.66,-22.90;
-13.03,31.89,-24.44;
-14.12,32.58,-22.35;
-13.35,32.00,-21.83;
-17.04,29.92,-25.42;
-31.12,29.74,-27.77;
-43.21,32.82,-30.01;
-29.76,36.19,-30.41;
-12.38,38.88,-24.12;
-11.71,42.04,-18.04;
-15.16,42.77,-21.97;
-18.08,41.90,-28.24;
-20.45,38.10,-32.32;
-29.59,36.24,-36.30;
-36.49,37.97,-38.82;
-36.93,40.45,-38.14;
-29.67,44.10,-33.43;
-30.81,45.75,-30.82;
-31.65,44.74,-32.85;
-27.77,41.84,-38.96;
-25.80,41.52,-44.06;
-16.90,40.82,-46.66;
-16.81,41.51,-44.99;
-15.38,44.19,-41.22;
-19.47,44.48,-37.94;
-28.89,42.27,-36.88;
-37.47,40.74,-40.58;
-47.45,42.65,-46.30;
-42.93,42.55,-51.19;
-28.71,40.70,-51.62;
-18.09,40.18,-49.59;
-6.23,41.72,-52.38;
-5.71,43.11,-52.09;
-4.96,44.27,-52.59;
-3.39,41.86,-53.53;
6.26,35.69,-53.46;
5.51,34.62,-59.43;
-0.64,37.20,-62.20;
-3.51,40.27,-59.30;
-6.08,41.75,-53.71;
0.88,35.83,-48.35;
2.62,33.16,-50.37;
-4.67,38.13,-57.10;
1.69,44.51,-57.54;
15.46,45.67,-55.56;
45.81,35.26,-54.53;
55.39,30.82,-52.03;
54.76,31.72,-47.04;
54.78,31.17,-42.12;
57.37,25.45,-39.54;
58.84,19.38,-32.12;
51.48,14.59,-20.26;
46.75,12.13,-8.75;
37.66,16.00,-13.01;
49.22,15.37,-19.62;
55.48,12.04,-20.69;
55.94,8.80,-17.69;
38.46,9.60,-11.34;
38.84,12.41,-9.04;
58.76,15.67,-8.11;
73.75,12.12,-12.73;
65.83,3.25,-17.75;
42.64,4.38,-20.61;
26.59,13.61,-14.78;
30.56,16.53,-9.16;
54.32,12.77,-5.71;
77.11,4.65,-9.82;
66.62,0.73,-12.04;
32.32,1.95,-9.13;
4.65,5.74,-1.33;
0.52,4.53,6.37;
-3.01,-1.61,7.31;
-15.79,-4.20,0.47;
-31.00,-0.95,2.47;
-30.46,2.67,9.70;
-18.22,3.66,12.99;
-1.76,3.31,11.74;
8.29,0.21,1.21;
9.88,-1.85,-13.22;
3.29,2.94,-13.65;
-4.26,7.11,-2.29;
0.15,5.16,4.02;
8.96,1.72,3.13;
13.46,0.18,-0.59;
9.39,0.84,-0.06;
0.84,0.56,1.16;
-9.35,-1.91,2.12;
-16.00,-1.24,4.79;
-14.25,0.55,5.73;
-5.33,1.93,4.84;
6.88,1.16,2.57;
12.49,-1.07,0.35;
15.20,-3.24,1.27;
11.57,-5.24,3.25;
-1.85,-5.29,5.02;
-12.37,-3.87,6.81;
-22.26,-1.00,7.96;
-21.56,0.21,7.10;
-14.02,-2.19,5.62;
-6.26,-4.68,4.49;
-1.53,-4.36,3.16;
-0.23,-1.50,3.54;
1.00,1.51,3.01;
5.42,-0.11,0.98;
9.94,-2.65,-0.96;
10.84,-3.64,-0.96;
3.77,-2.16,0.84;
-6.05,1.60,1.27;
-3.58,1.83,1.59;
4.23,-1.41,0.96;
6.65,-2.98,-0.09;
5.89,-2.57,-0.72;
3.43,-0.98,-1.95;
3.11,-0.33,-1.65;
3.72,0.16,-0.03;
7.66,-0.22,-0.32;
11.34,-1.96,-1.97;
12.09,-3.21,-2.27;
7.25,-3.44,-1.25;
-1.45,-1.27,-0.21;
-6.26,-0.07,0.47;
-4.80,0.45,1.07;
3.75,-0.03,2.41;
11.04,0.84,0.72;
14.09,1.40,-1.75;
12.55,-0.68,-2.92;
4.35,-1.23,-1.88;
-4.42,0.74,-0.66;
-6.80,2.80,1.18;
-2.43,2.51,0.63;
3.88,0.32,-0.33;
7.81,-0.98,0.09;
7.45,-1.71,0.70;
0.30,-2.36,0.63;
-6.45,-3.03,0.17;
-12.69,-2.60,1.99;
-10.60,-2.08,3.50;
-5.74,-2.16,3.44;
-0.29,-3.13,1.79;
2.12,-4.07,0.93;
2.49,-3.13,1.57;
1.95,-2.55,2.54;
0.59,-2.51,1.76;
-1.54,-1.96,0.46;
-3.88,-0.57,0.15;
-5.88,0.16,0.83;
-6.14,0.04,1.07;
-3.80,-0.08,1.44;
-3.27,-0.07,1.24;
-5.00,-0.17,1.53;
-5.16,-1.27,1.62;
-3.64,-1.68,2.83;
-1.25,-1.27,3.91;
2.93,-0.65,3.37;
3.26,-0.49,0.70;
5.84,-0.81,-1.79;
5.54,-2.75,-1.24;
1.63,-3.50,1.22;
-2.28,-2.94,2.44;
-2.45,-2.72,3.89;
-0.80,-4.16,4.89;
1.95,-5.73,4.98;
0.58,-5.07,4.55;
-4.12,-3.52,4.00;
-4.06,-1.42,4.46;
-4.19,-2.45,3.13;
-3.48,-3.33,2.40;
-1.88,-4.00,2.83;
-0.61,-2.74,3.76;
1.11,-1.82,3.91;
2.79,-2.42,2.99;
-0.14,-2.43,2.06;
-5.42,-1.61,-0.49;
-4.38,0.21,-1.33;
-1.50,0.09,-0.37;
1.05,-1.39,0.43;
-0.05,-2.14,1.27;
-3.00,-2.29,1.15;
-3.61,-2.22,1.56;
-1.06,-2.43,1.91;
-1.97,-2.33,1.57;
-4.54,-2.45,-0.32;
-8.17,-2.33,-0.84;
-10.66,-1.82,1.36;
-10.29,-2.42,3.85;
-3.39,-3.09,3.99;
7.40,-3.01,0.70;
10.33,-2.07,-0.88;
6.42,-1.61,-2.66;
-2.42,-0.11,-3.34;
-5.41,0.77,-2.44;
-3.64,1.26,-1.28;
2.52,-1.41,-1.13;
8.30,-4.03,-1.95;
10.53,-3.56,-0.67;
8.00,0.74,1.28;
5.65,2.44,1.68;
4.94,1.49,0.46;
2.76,1.66,-0.24;
-0.72,4.90,0.34;
-1.06,6.70,0.26;
0.27,6.22,-0.78;
2.96,5.55,-3.13;
3.33,6.58,-5.07;
3.95,7.97,-5.94;
4.20,9.03,-5.46;
4.46,10.29,-4.46;
3.77,10.03,-5.17;
2.41,11.06,-7.07;
2.96,12.51,-5.88;
4.42,11.86,-5.27;
5.92,11.20,-7.11;
8.20,11.93,-9.69;
10.81,12.59,-9.10;
11.17,13.55,-7.16;
7.34,13.86,-6.84;
1.28,13.25,-6.70;
-4.80,13.28,-5.50;
-8.02,13.37,-3.92;
-7.67,13.35,-3.65;
-4.35,12.74,-4.26;
0.56,12.16,-5.42;
2.88,12.65,-6.27;
3.25,13.67,-6.63;
4.27,14.48,-7.60;
5.25,15.28,-8.24;
9.69,15.32,-10.56;
13.78,15.26,-11.74;
17.58,14.96,-11.86;
18.47,14.16,-11.24;
18.32,12.62,-10.49;
15.92,11.75,-8.92;
6.44,12.15,-7.17;
1.98,12.10,-6.66;
0.90,11.55,-6.46;
-0.03,10.74,-4.99;
-1.64,10.50,-3.86;
-1.73,9.92,-3.30;
1.17,8.55,-3.27;
4.65,7.67,-2.43;
2.81,7.75,-2.33;
0.47,7.80,-2.53;
0.73,7.87,-2.59;
-0.19,6.88,-1.92;
-1.44,5.54,-1.50;
-2.87,5.28,-0.26;
-5.18,5.54,0.34;
-6.06,5.93,0.29;
-4.46,4.90,-0.12;
-3.87,4.58,-0.21;
-2.45,4.06,-0.52;
-1.22,3.42,-0.53;
-0.06,3.54,0.05;
0.20,3.05,0.37;
0.27,2.44,0.58;
-0.40,1.71,1.50;
-2.77,1.75,1.96;
-3.18,1.34,2.05;
-2.14,1.97,1.77;
-1.32,2.13,2.08;
1.10,2.21,1.91;
4.04,2.45,1.60;
6.15,2.19,0.61;
8.82,1.97,0.34;
9.88,1.43,0.44;
7.92,1.13,1.86;
5.17,0.70,2.63;
4.39,0.21,2.37;
4.38,0.96,1.91;
5.08,1.63,2.09;
6.75,1.17,2.18;
9.11,0.58,2.09;
9.45,0.56,1.70;
8.10,1.25,1.79;
9.51,1.55,1.56;
10.64,1.05,0.87;
9.39,1.05,1.63;
7.89,0.76,2.26;
8.12,1.46,1.68;
8.07,2.03,0.18;
8.88,1.83,0.31;
9.57,0.87,0.55;
12.10,1.00,1.16;
15.07,1.14,0.38;
14.71,1.23,-1.54;
14.70,1.13,-2.35;
12.68,1.14,-2.88;
10.13,1.29,-2.56;
10.38,1.98,-0.79;
13.52,1.48,0.00;
13.36,1.11,0.08;
11.11,0.96,-0.67;
10.44,1.22,-2.09;
9.60,1.37,-1.22;
8.82,1.74,-0.96;
7.58,2.55,-0.44;
9.55,2.68,0.73;
11.91,1.61,0.00;
13.00,0.41,-1.92;
11.55,0.33,-2.44;
9.78,1.26,-2.72;
9.42,2.16,-2.46;
11.52,1.67,-1.71;
11.28,1.16,-1.72;
9.68,1.55,-0.84;
6.47,1.40,-0.87;
5.10,1.74,-1.37;
4.36,1.74,-0.75;
3.31,1.45,0.54;
6.04,0.48,1.39;
6.71,1.00,-0.37;
7.86,1.63,-1.50;
10.70,0.90,-1.95;
10.26,0.09,-1.94;
6.29,0.27,-1.25;
2.87,0.97,-0.37;
2.39,1.32,0.21;
2.81,1.54,0.35;
4.78,0.87,-0.21;
5.72,0.64,-0.23;
5.71,0.51,-0.56;
4.47,0.76,-1.04;
2.99,1.20,-1.11;
3.39,0.85,0.03;
4.56,0.29,0.52;
5.48,-0.02,0.95;
2.81,0.50,0.63;
2.00,0.67,0.25;
3.65,0.96,0.08;
5.46,0.51,1.45;
5.92,-0.00,1.59;
3.66,-0.86,0.61;
2.13,-0.08,0.84;
4.49,0.16,1.56;
7.05,-0.72,1.53;
8.56,-1.23,0.52;
8.81,-1.16,0.31;
6.59,-0.87,0.87;
4.03,0.65,1.33;
5.39,0.85,1.31;
8.29,-0.42,0.70;
8.90,-0.69,0.52;
6.55,0.30,0.43;
5.25,1.17,0.70;
5.69,0.77,0.46;
7.72,0.71,0.26;
10.20,0.67,0.08;
10.33,0.27,0.31;
8.68,-0.75,0.35;
5.42,0.33,0.73;
3.91,0.65,1.04;
3.66,0.99,1.71;
3.74,1.46,1.13;
4.21,2.09,0.76;
4.84,1.57,0.15;
5.60,1.28,-0.35;
4.99,1.23,-0.23;
4.36,1.71,0.44;
4.10,1.34,0.64;
3.22,1.37,0.41;
3.84,1.11,0.32;
4.75,1.74,0.70;
4.58,2.03,0.70;
4.91,2.03,0.75;
6.71,2.32,0.02;
9.11,2.64,-0.78;
11.88,2.90,-0.93;
13.10,2.70,-1.68;
13.02,3.19,-2.56;
12.85,3.83,-2.18;
13.11,3.72,-1.31;
12.53,3.63,-1.92;
11.22,3.74,-2.35;
9.11,3.83,-1.51;
9.62,3.49,-0.46;
8.67,3.97,-0.53;
7.08,4.18,-1.34;
7.92,4.30,-1.51;
9.37,3.81,-1.86;
9.94,3.32,-1.45;
9.31,3.45,-1.39;
9.14,3.67,-1.63;
10.23,3.57,-1.24;
11.05,3.00,-1.25;
9.92,3.09,-1.75;
9.05,3.48,-2.30;
9.33,3.78,-1.88;
9.63,3.72,-1.68;
9.89,3.80,-2.18;
9.23,3.55,-2.81;
8.15,3.49,-2.92;
8.90,3.13,-2.41;
7.95,2.53,-1.83;
7.26,2.38,-1.51;
5.74,2.07,-0.96;
2.59,2.07,-0.12;
1.28,2.64,-0.18;
1.34,3.22,-0.01;
2.97,2.61,-0.35;
5.51,1.83,-1.25;
7.81,1.66,-1.02;
7.91,1.43,-1.28;
6.27,1.48,-1.74;
4.15,1.86,-1.42;
3.62,2.09,-0.78;
2.53,2.19,-0.35;
1.39,2.15,0.15;
1.39,2.12,0.08;
0.79,1.69,0.21;
1.57,1.60,-0.01;
1.71,1.72,0.32;
1.33,1.89,0.64;
0.33,1.37,1.04;
-0.63,1.67,0.61;
-0.78,2.32,0.23;
-0.09,2.01,0.79;
0.65,1.97,0.23;
1.34,2.01,0.29;
1.34,2.00,0.38;
0.26,2.29,-0.37;
0.78,2.64,-0.18;
1.68,2.22,-0.53;
0.42,1.80,-0.50;
-0.72,2.18,0.06;
-1.16,2.16,-0.27;
-0.71,2.74,-0.04;
-0.17,2.65,0.14;
-0.38,2.64,-0.47;
0.58,2.24,-0.67;
0.21,2.16,-0.72;
-0.25,2.56,-0.75;
0.12,2.56,-0.79;
0.41,2.76,-0.44;
0.91,2.53,-0.66;
0.87,2.53,-0.93;
0.03,3.11,-0.70;
0.49,3.17,-1.80;
-0.02,3.20,-2.84;
-1.01,3.22,-2.84;
-1.13,3.60,-2.04;
-1.38,3.28,-2.29;
-2.25,2.59,-2.78;
-4.31,2.91,-2.49;
-5.35,3.54,-1.95;
-4.48,3.78,-1.22;
-3.42,3.51,-1.08;
-4.19,3.28,-1.97;
-4.29,3.29,-2.66;
-4.06,3.63,-2.72;
-2.92,4.13,-2.41;
-0.55,4.19,-1.97;
0.38,4.01,-1.89;
0.04,3.75,-2.73;
-0.57,4.07,-2.59;
-0.17,3.95,-2.08;
-0.81,4.58,-1.37;
-0.89,4.70,-1.69;
-1.70,4.13,-1.71;
-3.01,4.00,-1.65;
-5.10,4.59,-1.48;
-6.00,4.13,-0.81;
-5.39,3.89,-0.32;
-4.11,3.28,-0.72;
-3.99,2.67,-0.82;
-5.24,2.82,-0.43;
-7.41,2.68,0.35;
-7.36,2.53,1.19;
-7.96,1.98,1.45;
-9.65,1.97,1.08;
-10.31,2.48,0.87;
-7.87,2.38,1.12;
-5.65,2.12,0.78;
-5.68,2.01,0.89;
-5.24,1.95,1.59;
-6.35,1.72,1.56;
-7.64,1.98,0.99;
-5.73,2.44,0.05;
-2.87,2.29,-0.50;
-0.66,1.87,-0.50;
-0.14,1.31,-0.88;
-0.86,1.23,-0.64;
-1.04,1.22,-0.58;
-1.51,1.52,0.06;
-3.56,2.03,-0.11;
-3.50,1.93,-0.09;
-1.82,1.45,0.35;
0.52,1.26,0.05;
1.78,1.19,-0.21;
3.23,1.19,-0.53;
4.38,1.35,-0.95;
4.99,0.94,-0.67;
5.16,0.87,-0.26;
4.38,0.65,-0.40;
3.37,0.74,0.52;
4.09,0.38,0.00;
4.81,0.22,-0.88;
3.71,0.58,-0.81;
2.23,0.68,-0.26;
1.19,0.18,-0.06;
1.08,0.22,-0.46;
1.94,0.41,-0.50;
1.19,0.42,-0.32;
-0.29,0.36,0.05;
-1.15,0.38,-0.04;
-0.34,0.97,-0.50;
1.88,0.73,-0.46;
3.42,0.53,-0.98;
4.39,0.15,-1.34;
3.13,0.53,-0.15;
1.43,0.51,-0.11;
0.41,0.74,-0.70;
0.47,1.16,-0.76;
1.68,0.71,-0.85;
2.06,0.51,-0.32;
2.06,0.12,0.21;
2.10,0.12,-0.06;
1.62,0.35,-0.82;
0.99,0.48,-1.36;
0.36,0.90,-1.30;
1.28,1.09,-0.73;
3.80,0.82,-0.55;
4.30,0.45,-0.72;
1.37,0.76,-0.47;
-0.98,1.11,-0.09;
-0.71,1.20,0.34;
0.29,0.65,0.32;
1.07,0.48,-0.24;
0.42,0.56,-0.41;
-0.75,0.56,0.03;
0.49,0.33,-0.03;
0.36,0.19,-0.12;
-0.80,0.30,-0.04;
-0.92,0.36,-0.03;
-0.28,0.56,0.58;
0.15,0.38,0.35;
-0.48,0.15,0.44;
-1.45,0.26,0.05;
-0.95,0.29,-0.35;
-1.19,0.22,0.20;
-1.04,0.03,0.95;
-0.55,-0.37,0.61;
-0.11,-0.25,0.26;
-0.67,-0.17,0.35;
-1.21,-0.40,0.84;
-1.19,-0.19,0.92;
1.20,-0.00,0.55;
1.60,-0.20,-0.27;
1.77,-0.40,-0.61;
3.52,-0.37,0.02;
0.87,-0.51,0.55;
-0.92,-0.60,0.35;
0.09,-1.03,0.12;
-0.60,-1.10,0.34;
-0.09,-0.51,0.00;
0.81,-0.13,-0.15;
0.44,-0.39,0.06;
2.20,-0.45,-0.61;
3.07,-0.11,-0.79;
3.58,-0.45,-0.69;
2.81,-0.46,-0.58;
2.04,-0.13,-0.32;
0.17,-0.28,0.17;
0.52,-1.10,0.69;
0.36,-0.95,0.25;
0.68,-0.62,0.09;
0.61,-0.71,0.63;
-1.58,-0.57,0.63;
-2.35,-0.48,0.70;
-1.68,-0.34,0.83;
-0.60,-0.54,0.50;
-0.80,-1.03,0.69;
-1.53,-1.24,0.70;
-3.10,-0.69,0.86;
-1.79,-0.17,0.81;
-0.57,-0.68,0.43;
-0.22,-0.83,0.25;
-0.48,-0.71,0.18;
-0.42,-0.87,0.63;
-1.12,-0.78,0.93;
-2.35,-1.01,1.27;
-2.32,-1.04,1.04;
-1.73,-1.04,1.05;
-1.35,-1.20,0.67;
-0.95,-1.18,0.70;
-0.72,-0.69,1.07;
-1.00,-0.72,1.27;
-2.40,-1.23,0.63;
-3.44,-0.71,0.93;
-2.35,-0.46,0.98;
-2.23,-0.55,0.90;
-2.45,-1.04,0.83;
-3.93,-1.06,0.99;
-1.64,-0.52,0.73;
0.15,-0.37,0.34;
0.38,0.15,-0.37;
0.29,-0.39,-1.10;
0.39,-0.22,-0.90;
0.41,0.12,-0.32;
0.38,-0.40,0.38;
-1.36,-0.72,0.96;
-2.40,-0.46,1.15;
-2.93,-0.17,1.04;
-4.00,-0.37,1.08;
-4.83,-0.23,0.86;
-3.50,-0.08,1.12;
-2.25,-0.46,1.10;
0.39,-0.46,1.10;
0.21,-0.81,0.50;
-1.56,-0.63,0.63;
-3.48,-0.19,0.96;
-4.45,-0.39,1.18;
-3.82,-0.78,1.67;
-1.77,-0.74,1.08;
-0.75,-0.65,0.54;
-0.98,-0.87,0.72;
-0.92,-1.10,0.99;
-1.22,-0.92,0.93;
-1.61,-0.55,0.78;
-1.35,-0.78,0.86;
-1.83,-0.83,0.63;
-0.29,-1.10,0.60;
-0.51,-1.00,0.37;
-0.48,-1.12,0.70;
-2.02,-0.74,1.02;
-1.77,-0.57,1.08;
-0.49,-0.49,0.57;
-0.66,-0.62,0.21;
-0.06,-0.65,1.18;
-2.43,-0.80,1.54;
-5.53,-0.54,0.93;
-4.63,-0.55,1.10;
-3.51,-0.66,1.05;
-1.79,-0.20,0.46;
-0.20,-0.68,-0.18;
1.34,-0.23,-0.43;
2.42,-0.16,0.00;
1.80,-0.07,0.38;
0.91,-0.25,0.34;
-0.72,-0.37,0.49;
-2.93,-0.08,0.40;
-3.35,0.04,0.63;
-2.08,-0.36,0.86;
-1.41,-0.89,0.78;
-0.75,-0.81,0.37;
0.03,-1.13,0.29;
-0.32,-0.75,0.60;
-2.66,-0.00,1.05;
-3.10,0.53,0.99;
-1.67,0.29,0.43;
-0.32,0.06,0.54;
-0.51,-0.37,0.11;
-0.87,-0.66,0.20;
-2.06,-0.05,0.64;
-0.29,0.12,0.18;
1.07,-0.57,0.47;
0.23,-0.22,0.60;
-0.60,-0.05,-0.01;
-0.84,0.47,-0.32;
0.09,0.51,-0.40;
1.17,0.09,-0.29;
2.73,-0.00,0.09;
2.39,-0.33,-0.01;
1.75,0.09,-0.30;
0.44,0.10,-0.04;
-0.22,0.24,-0.55;
-0.43,0.77,-0.95;
0.81,1.00,-0.08;
0.71,0.65,-0.26;
1.54,0.12,-0.69;
2.76,0.29,-0.96;
2.06,0.09,-1.07;
3.19,-0.23,-0.93;
5.22,-0.65,-0.43;
4.06,-0.51,-0.30;
1.77,0.26,-0.59;
1.75,0.44,-0.35;
0.62,-0.05,0.32;
-0.83,-0.37,0.75;
