-4.02,-0.24,-0.19;
-3.54,0.29,0.03;
-3.80,0.17,0.12;
-1.50,-0.47,0.01;
-1.24,-0.74,0.39;
-1.80,-0.71,0.12;
-1.13,-0.58,-0.49;
0.46,-0.12,-0.66;
2.84,-0.30,-0.57;
1.14,-0.93,-0.61;
-2.08,-1.14,-0.39;
-6.26,0.10,0.12;
-5.13,0.80,0.53;
-1.57,-0.88,0.33;
-0.29,-0.79,-0.74;
-0.03,-0.33,-0.86;
-1.83,0.11,-0.06;
-0.92,0.29,-0.00;
-0.81,-0.48,-0.54;
-1.28,-0.65,-0.75;
-2.31,0.51,-0.77;
-0.98,1.03,-0.29;
0.26,-0.99,0.16;
-1.21,-1.26,-0.29;
-3.60,0.04,-0.31;
-3.95,1.36,-0.00;
-2.05,0.75,0.26;
-0.03,-0.32,-0.52;
-0.15,-0.47,-1.64;
-0.95,-0.04,-1.41;
-0.29,-0.51,0.29;
-1.08,-1.11,1.02;
-5.34,-0.07,0.53;
-6.08,0.43,0.73;
-5.37,-0.97,0.48;
-3.45,-0.67,-0.17;
-1.12,0.49,0.03;
0.52,0.19,0.42;
2.52,-0.64,-0.78;
2.18,-0.90,-1.42;
0.43,-1.41,-0.60;
-1.27,-0.82,-0.22;
-4.52,0.29,0.07;
-4.06,1.06,0.41;
-0.76,-0.19,0.52;
0.75,-2.30,-0.28;
-2.76,-0.87,-1.03;
-3.51,0.33,-0.13;
-2.29,-0.83,1.16;
-1.42,-1.89,0.64;
-3.22,-1.00,-0.11;
-2.18,0.31,-0.43;
-0.84,-0.21,0.74;
0.05,-1.06,1.94;
-2.11,-1.32,1.49;
-5.41,-0.68,-0.11;
-7.59,0.59,-0.13;
-4.08,1.12,0.35;
2.01,0.20,0.38;
4.99,-2.00,-0.35;
1.65,-1.77,-0.00;
-5.37,-0.47,0.21;
-6.66,0.39,0.65;
-2.55,-0.96,1.19;
0.55,-1.19,0.58;
-0.92,-0.45,-0.49;
-1.24,-0.18,-0.25;
-1.73,-1.72,0.41;
-3.12,-0.82,1.16;
-4.29,1.35,0.10;
-1.47,1.38,-0.23;
4.78,-2.00,0.12;
3.43,-2.93,0.26;
-3.45,0.05,0.42;
-5.74,1.30,-0.68;
-1.65,-0.21,0.10;
1.77,-1.64,0.73;
1.97,-0.87,0.85;
-0.60,-0.90,-0.20;
-3.39,-0.54,0.23;
-3.99,0.16,1.05;
-3.45,0.51,0.81;
-0.61,-0.07,0.29;
0.81,-0.47,-0.64;
0.82,-0.56,-0.98;
-1.80,0.04,-0.69;
-1.10,0.26,-0.46;
2.03,-0.65,-0.14;
1.94,-1.87,-0.14;
-1.25,-1.63,0.07;
-3.16,-0.54,0.65;
-2.60,0.65,1.86;
3.45,-0.01,0.29;
7.45,-1.19,-0.34;
5.56,-1.84,-0.63;
1.85,-1.63,0.03;
-1.37,-1.26,1.29;
-4.23,-1.80,1.43;
-5.89,-2.07,1.17;
-5.31,-1.81,2.79;
-3.24,-2.19,3.54;
-0.73,-0.33,2.73;
5.36,-0.36,0.73;
10.26,-1.31,-0.64;
16.01,-4.19,-3.82;
21.16,-5.00,-0.61;
21.04,-6.44,1.55;
20.72,-6.16,2.16;
16.75,-8.32,1.90;
11.59,-9.84,4.07;
4.67,-11.57,7.31;
-1.73,-12.25,12.39;
-12.15,-11.95,10.84;
-15.99,-8.96,7.34;
-13.62,-5.92,6.45;
-0.05,-5.71,8.42;
21.97,-7.63,6.38;
42.99,-10.56,1.97;
54.11,-11.00,-2.02;
47.48,-7.77,-2.02;
39.37,-8.68,0.01;
37.48,-10.48,5.11;
36.00,-15.35,10.26;
34.35,-19.03,11.87;
15.53,-17.03,10.97;
-4.44,-11.86,9.92;
-7.39,-13.02,9.23;
6.17,-21.38,19.72;
14.23,-32.19,29.92;
-1.77,-32.18,30.13;
-17.88,-28.51,26.29;
-21.28,-28.48,23.71;
1.94,-33.81,33.14;
19.07,-42.56,39.25;
6.66,-43.92,34.88;
-5.48,-39.51,21.40;
-0.89,-34.29,17.03;
21.85,-35.66,29.22;
24.27,-41.63,45.31;
12.85,-43.87,34.16;
2.32,-37.11,14.07;
7.75,-29.58,13.46;
1.22,-31.29,36.81;
0.08,-33.14,51.95;
-11.37,-29.23,43.65;
-0.63,-34.53,18.52;
16.66,-38.16,12.70;
20.79,-37.98,26.55;
-12.49,-35.92,34.82;
-21.51,-30.22,25.10;
13.31,-31.80,11.20;
50.26,-41.57,14.38;
49.51,-44.48,32.71;
14.52,-36.06,43.00;
-24.75,-22.12,32.35;
-20.76,-18.13,21.46;
-0.14,-26.35,23.14;
3.17,-31.23,32.67;
-8.47,-25.32,38.32;
-21.21,-16.32,36.61;
-10.17,-17.35,27.61;
5.31,-24.54,20.03;
12.75,-30.67,15.25;
-0.41,-27.55,17.71;
-11.07,-15.26,23.32;
-11.01,-7.49,36.77;
-1.36,-13.63,45.14;
6.18,-26.96,43.37;
10.30,-34.91,31.49;
6.87,-31.45,18.38;
-7.25,-23.25,21.25;
-13.45,-19.38,30.61;
-2.98,-24.82,35.10;
24.32,-35.61,28.90;
29.11,-45.08,16.41;
14.88,-37.16,11.57;
-18.72,-20.87,22.64;
-29.88,-9.37,33.16;
-7.86,-10.51,37.71;
27.30,-18.80,40.99;
30.34,-23.17,40.61;
-2.46,-20.06,34.84;
-17.62,-12.41,31.13;
-17.07,-14.16,32.85;
3.95,-23.22,29.10;
9.34,-31.22,19.60;
18.30,-32.07,14.68;
13.14,-29.83,19.55;
3.82,-27.95,23.32;
1.17,-23.25,22.42;
22.47,-21.38,22.06;
24.05,-22.82,23.39;
6.61,-24.32,21.29;
-3.36,-20.18,25.00;
0.64,-14.07,32.99;
8.49,-9.37,37.05;
15.60,-11.61,38.03;
17.60,-19.46,29.89;
-4.54,-25.55,17.36;
0.69,-24.67,12.16;
2.23,-18.47,23.68;
11.17,-14.76,36.06;
6.43,-14.48,37.86;
1.22,-18.45,27.58;
0.56,-22.62,10.79;
14.20,-23.55,4.30;
19.10,-22.03,8.91;
19.85,-19.02,18.96;
3.31,-13.54,26.44;
-12.02,-9.16,27.23;
5.36,-10.74,22.32;
24.59,-16.91,19.89;
24.21,-21.80,16.16;
4.09,-21.63,13.71;
-3.45,-19.61,14.19;
3.92,-15.92,18.10;
11.94,-13.02,17.63;
8.88,-12.45,13.39;
-4.67,-12.00,6.41;
-9.77,-9.03,3.77;
-1.12,-2.94,7.34;
8.95,4.07,18.15;
8.96,5.52,22.85;
7.88,3.73,16.90;
0.17,0.75,5.54;
2.35,-1.93,-2.94;
7.14,-3.92,-3.13;
-11.13,-3.26,1.48;
-29.71,2.33,4.23;
-25.63,11.78,7.72;
-7.45,19.07,14.68;
6.14,16.95,12.35;
1.21,10.62,-0.84;
-2.02,7.96,-12.00;
-0.75,8.83,-15.70;
-12.76,13.99,-9.91;
-20.93,17.70,-6.87;
-25.47,21.52,-4.57;
-16.86,23.52,-5.10;
-10.95,23.21,-6.63;
-9.04,21.24,-10.48;
-13.85,21.03,-15.12;
-23.83,26.22,-15.74;
-25.94,32.89,-12.72;
-11.74,33.00,-9.39;
1.40,26.14,-11.24;
-4.43,19.26,-18.97;
-23.28,16.84,-31.04;
-25.60,22.95,-36.90;
-11.25,27.44,-30.28;
-1.12,24.97,-19.71;
-13.73,18.45,-22.42;
-24.70,20.11,-34.17;
-15.51,27.68,-36.97;
-5.04,32.05,-30.35;
-9.89,29.76,-26.71;
-24.52,30.43,-33.84;
-25.18,37.30,-42.60;
-3.07,40.91,-42.90;
7.50,36.81,-39.59;
-6.46,33.13,-39.13;
-27.39,40.86,-44.20;
-29.25,51.49,-43.68;
-23.82,57.87,-34.78;
-11.62,48.88,-29.32;
-21.10,37.46,-35.10;
-39.60,41.94,-50.32;
-49.24,58.13,-59.33;
-46.18,66.95,-53.97;
-33.92,61.53,-44.00;
-25.74,55.91,-33.29;
-23.28,61.00,-30.32;
-30.26,63.76,-36.23;
-30.64,56.34,-55.42;
-29.27,45.41,-69.07;
-39.33,48.60,-69.50;
-42.72,67.76,-58.46;
-40.17,80.55,-41.56;
-34.06,67.99,-43.85;
-29.07,55.21,-57.15;
-37.27,55.93,-68.58;
-33.99,67.50,-70.00;
-23.36,71.55,-63.16;
-12.28,63.20,-59.39;
-1.47,52.54,-64.48;
-4.49,52.43,-67.06;
-9.97,54.23,-67.04;
-7.95,57.15,-60.13;
-10.46,51.62,-51.42;
-6.44,50.05,-44.54;
6.00,46.91,-41.27;
19.95,38.55,-35.38;
27.39,32.28,-34.64;
42.69,29.76,-34.42;
62.09,30.39,-34.26;
73.22,30.51,-33.48;
81.54,26.17,-29.71;
89.50,15.32,-21.67;
77.80,9.70,-16.69;
46.05,11.06,-14.94;
24.82,14.84,-14.14;
0.21,13.36,-10.34;
-14.46,12.52,-5.18;
-21.63,11.50,0.55;
-13.02,5.58,4.30;
-0.87,-0.12,3.94;
4.11,-0.62,2.94;
6.66,2.65,-1.90;
-2.14,3.73,-4.54;
-10.46,6.10,-2.19;
-13.91,1.93,6.65;
-11.86,-0.32,7.20;
-9.53,2.28,-0.20;
-1.68,9.67,-6.55;
13.68,12.11,-5.74;
33.04,4.26,-4.37;
46.76,-0.39,-1.26;
42.81,-1.51,-2.58;
22.17,3.41,-6.08;
3.57,6.92,-5.99;
-12.75,6.05,-3.39;
-8.92,4.36,3.43;
-2.02,-0.80,7.46;
1.39,-5.92,6.33;
-11.65,-6.91,2.00;
-28.00,-0.71,1.48;
-29.01,3.76,3.43;
-10.18,3.50,5.90;
12.98,-4.27,2.01;
19.86,-6.79,-1.03;
9.07,-5.46,0.21;
-10.34,-1.81,4.68;
-20.44,3.13,4.56;
-14.98,6.29,2.71;
0.46,2.34,0.19;
14.70,-2.51,-3.32;
16.03,-1.31,-2.55;
3.68,-0.01,-1.41;
-5.25,-0.61,-1.03;
-7.25,-0.29,1.83;
-9.95,-0.88,4.29;
-8.35,-2.07,3.11;
-8.81,-1.66,2.71;
-10.31,-0.79,1.92;
-8.64,-0.03,0.30;
-2.60,0.92,-1.93;
3.88,1.87,-3.07;
7.08,-0.88,-2.43;
4.53,-1.23,0.39;
-0.57,-0.38,1.03;
-5.85,0.86,0.76;
-6.26,0.63,0.10;
-3.51,0.51,-0.02;
1.39,-1.12,1.02;
5.05,-2.27,1.29;
2.78,-3.14,1.17;
0.11,-1.90,1.37;
-4.40,-1.19,1.87;
-7.24,-1.80,0.76;
-9.16,-1.34,0.64;
-10.05,-0.42,0.74;
-3.66,-0.42,1.36;
-3.25,-1.95,1.92;
-3.66,-1.17,-0.02;
-3.91,-0.53,-1.35;
-2.28,-0.77,-0.92;
-0.23,-1.64,0.19;
-1.27,-2.33,0.64;
-3.97,-1.26,0.67;
-4.69,-0.91,0.45;
-3.97,-1.46,1.03;
-6.05,-2.56,1.95;
-9.45,-1.28,1.83;
-10.52,-0.54,1.51;
-8.02,-0.48,0.15;
-2.84,-0.16,-0.94;
3.28,-0.01,-1.07;
6.64,-1.08,-0.02;
4.79,-1.86,0.12;
-0.00,-1.35,-0.52;
-3.85,0.28,-0.54;
-4.43,1.33,-0.75;
-0.75,1.68,-1.73;
6.29,0.60,-2.39;
8.58,-1.64,-1.35;
2.92,-2.44,-1.30;
-6.72,-1.17,-0.03;
-12.54,-0.09,1.52;
-11.79,-1.19,1.97;
-6.70,-2.54,2.64;
-2.37,-2.76,3.19;
-3.04,-1.00,2.53;
-3.53,-0.07,0.23;
-2.84,-0.53,-1.35;
-2.81,-1.02,-1.04;
-2.29,-0.44,-0.14;
-0.81,1.23,0.13;
1.16,0.83,-0.26;
3.75,-0.30,-1.55;
3.14,-0.56,-1.62;
-1.51,-0.04,-0.46;
-5.68,1.42,0.52;
-6.28,1.09,1.10;
-4.18,-0.42,1.51;
-4.41,-1.08,1.02;
-5.59,-0.35,0.35;
-5.91,0.39,0.48;
-3.53,-0.29,1.83;
-2.41,-0.64,2.27;
-2.61,0.31,1.48;
-0.40,0.08,0.15;
-0.50,-0.53,0.04;
-2.11,-0.06,0.24;
-3.74,1.12,0.32;
-2.29,1.81,0.27;
0.82,0.97,-0.08;
4.53,-0.48,-0.14;
6.00,-2.73,0.13;
-3.30,-1.48,0.84;
-12.28,0.22,1.22;
-14.87,1.23,1.22;
-9.71,0.71,1.25;
-1.51,-0.24,2.38;
4.95,-1.29,2.56;
5.92,-2.07,1.60;
-0.90,-0.74,-0.00;
-7.13,0.95,-0.42;
-5.73,2.77,-0.63;
0.88,1.30,-0.63;
6.11,-0.90,-1.32;
6.75,-1.86,-1.36;
1.13,-0.74,-1.10;
-6.05,0.60,-1.04;
-10.14,1.00,-0.17;
-5.77,0.88,1.28;
0.50,-1.17,1.78;
1.94,-1.98,1.28;
0.50,-1.78,0.82;
-6.31,0.36,1.19;
-8.84,0.81,0.87;
-7.86,0.37,0.03;
-3.88,0.07,-0.98;
3.05,-0.62,0.19;
4.53,-1.75,0.55;
1.54,-0.96,0.04;
-4.95,0.04,-0.35;
-8.40,0.72,-0.22;
-5.48,-0.18,0.48;
0.79,-1.46,0.79;
1.24,-0.42,0.87;
2.20,-0.01,-0.39;
1.24,-0.97,-1.06;
-3.19,-2.07,-0.57;
-9.05,-0.83,0.79;
-10.15,0.31,1.32;
-7.59,0.05,1.69;
-2.63,-0.74,1.37;
1.53,-0.58,0.06;
1.51,-0.59,-0.84;
-1.44,-0.15,-1.18;
-3.19,1.06,-0.35;
-1.30,1.24,-0.32;
3.37,0.00,-1.07;
8.17,-1.83,-1.61;
3.48,-2.03,-1.10;
-5.86,-0.67,0.36;
-12.29,0.14,1.40;
-13.97,0.20,1.29;
-7.94,-0.67,0.76;
-0.38,-0.97,0.85;
4.69,-0.96,0.30;
5.43,-0.27,-0.66;
2.56,-0.06,-0.98;
-2.57,0.63,-1.16;
-3.56,0.86,-1.91;
-0.90,0.46,-0.52;
1.37,-0.67,1.26;
-0.25,-1.67,1.61;
-7.83,-1.05,0.30;
-11.53,-0.24,-0.98;
-9.86,-0.85,-0.06;
-3.27,-1.31,1.22;
1.54,-0.88,1.40;
5.51,-0.50,1.10;
6.11,-1.55,0.56;
2.17,-1.38,-0.34;
-2.66,-0.15,-0.97;
-5.41,0.95,-0.81;
-3.01,1.10,-0.25;
0.81,0.86,0.33;
3.43,-0.58,-0.37;
2.56,-1.69,-0.83;
-2.55,-0.65,-1.26;
-9.71,1.61,-0.52;
-7.65,2.23,0.64;
-2.37,0.83,0.90;
2.35,-0.74,1.16;
5.24,-2.01,1.25;
0.95,-1.09,0.19;
-4.20,0.68,-0.60;
-7.86,1.64,0.07;
-5.12,-0.62,0.76;
-1.63,-2.09,1.13;
-1.01,-1.34,0.94;
-3.02,1.61,0.79;
0.76,0.55,0.32;
3.24,-2.00,-0.32;
1.92,-2.79,-1.09;
-2.83,0.07,-0.49;
-3.62,1.33,-0.14;
-2.72,0.28,0.65;
-0.00,-1.74,1.57;
-1.83,-2.50,1.51;
-4.87,-0.71,0.74;
-9.79,0.40,-0.10;
-8.46,0.72,-0.23;
-3.33,-0.41,0.27;
4.08,-1.61,0.32;
7.07,-1.58,-0.00;
2.05,-0.38,-0.10;
-3.48,0.29,-0.54;
-6.25,1.00,-0.66;
-5.66,1.06,-0.06;
-1.12,1.01,0.55;
3.17,-1.09,0.39;
1.72,-1.55,-0.19;
-0.86,-0.68,-0.90;
-4.83,0.04,-0.48;
-6.60,1.01,-0.69;
-2.15,0.63,-0.40;
1.94,-0.77,0.36;
4.26,-2.25,0.91;
-1.41,-0.48,0.68;
-3.94,0.92,-0.45;
-4.35,0.23,-0.80;
-3.79,-0.50,0.23;
-1.37,0.37,-0.13;
2.09,0.81,0.48;
2.20,-1.67,-0.10;
-1.08,-2.76,-0.77;
-6.58,-1.08,-0.87;
-8.95,1.50,-0.22;
-3.45,-0.04,1.14;
1.10,-2.73,2.19;
2.18,-2.91,2.15;
-2.14,-0.65,0.99;
-6.09,0.66,0.55;
-5.01,1.12,0.23;
-0.09,0.77,-0.49;
5.89,0.45,-1.32;
7.57,-0.51,-1.56;
4.96,-1.09,-2.49;
-0.98,-0.87,-2.28;
-4.92,-0.07,-0.72;
-6.87,0.13,0.71;
-5.13,0.17,2.23;
-2.96,-1.41,1.78;
-0.89,-1.87,1.39;
-3.21,-2.03,0.29;
-5.36,0.17,-0.17;
-1.79,1.44,-0.00;
4.56,0.59,0.23;
7.69,-2.59,-0.05;
3.14,-3.17,-1.24;
-6.54,-0.35,-1.50;
-11.80,1.96,-0.92;
-8.02,2.39,0.09;
1.69,-1.19,0.87;
6.44,-3.05,0.71;
4.21,-3.02,0.56;
-1.92,-2.03,0.04;
-9.77,0.13,-0.57;
-9.92,0.95,0.96;
-4.20,-0.25,1.95;
2.17,-2.39,1.95;
2.67,-2.68,0.55;
-0.50,-1.86,0.23;
-3.94,-1.12,0.74;
-4.98,0.23,1.39;
-2.69,0.42,0.15;
1.82,-0.54,-0.06;
5.88,-3.17,-0.35;
3.97,-3.81,-0.28;
0.21,-2.64,0.23;
-2.44,-1.81,1.22;
0.23,-4.39,2.64;
3.30,-8.83,2.77;
3.34,-9.05,4.99;
-4.58,-7.34,6.06;
-6.02,-6.83,5.05;
-3.76,-8.00,5.14;
1.24,-9.52,6.67;
2.95,-9.98,7.06;
5.68,-9.45,6.68;
7.07,-11.08,6.48;
6.46,-14.10,8.42;
2.15,-14.10,10.61;
-2.72,-12.27,10.94;
-2.32,-12.77,11.37;
1.24,-16.27,13.31;
4.29,-19.48,14.67;
5.24,-21.96,16.45;
0.26,-21.32,16.13;
-3.25,-19.40,13.49;
0.15,-16.94,13.87;
11.77,-18.77,18.82;
15.28,-23.58,20.81;
10.09,-28.03,18.73;
1.51,-27.14,17.65;
-5.68,-27.74,21.58;
-4.76,-28.85,28.53;
-4.79,-30.79,36.24;
-3.68,-36.70,36.56;
-5.54,-41.54,37.32;
-9.54,-47.69,40.26;
-20.72,-50.45,43.97;
-20.32,-51.05,42.85;
-12.14,-48.93,42.03;
-6.47,-49.03,38.52;
-2.93,-52.73,33.58;
-0.35,-51.06,34.00;
12.63,-42.42,39.25;
23.21,-36.93,49.32;
-6.76,-31.57,48.06;
-20.52,-30.16,34.64;
-11.45,-32.91,29.89;
2.78,-37.90,31.26;
-5.62,-39.25,31.00;
-20.15,-31.26,27.60;
-11.94,-25.92,26.53;
-2.31,-27.75,31.45;
10.88,-38.56,27.75;
26.26,-38.42,19.68;
21.31,-29.61,23.22;
7.48,-21.75,36.21;
-5.53,-23.09,48.45;
-10.34,-29.71,45.37;
-6.95,-35.67,30.21;
-6.35,-33.86,25.78;
-19.01,-27.74,30.16;
-25.47,-20.59,30.16;
-14.55,-12.15,32.85;
27.11,-18.73,33.89;
50.72,-33.05,28.58;
48.24,-45.74,28.24;
6.35,-45.17,33.63;
-15.66,-34.62,35.63;
-14.43,-22.00,39.42;
25.95,-30.07,41.10;
39.92,-47.63,36.16;
18.44,-51.32,31.16;
-11.99,-36.36,30.48;
9.92,-22.80,40.61;
32.05,-18.91,50.81;
37.88,-34.06,43.60;
20.53,-40.22,23.26;
12.46,-35.41,17.26;
4.37,-24.71,29.90;
35.95,-25.49,35.42;
42.66,-36.54,29.45;
25.88,-38.54,21.74;
0.01,-29.38,23.78;
3.33,-19.09,33.26;
13.48,-13.96,39.66;
31.25,-17.52,40.58;
21.74,-22.42,33.20;
12.90,-21.48,26.10;
-8.87,-16.71,24.19;
4.11,-9.40,25.75;
27.17,-9.12,29.75;
25.65,-14.87,28.38;
10.95,-19.80,21.60;
11.36,-20.53,18.33;
11.56,-14.79,20.12;
6.55,-14.06,20.35;
-5.86,-16.54,15.63;
-9.22,-15.22,13.89;
2.12,-11.17,16.52;
36.05,-7.35,21.66;
42.66,-9.71,22.48;
15.53,-14.36,13.72;
-12.81,-16.73,2.65;
-4.76,-13.09,2.39;
6.66,-4.51,14.48;
10.35,0.42,20.04;
-7.94,-0.32,14.44;
-3.66,-2.61,6.79;
10.90,-2.07,2.81;
30.49,-2.39,6.90;
17.31,-5.98,9.31;
-19.36,-9.87,1.02;
-22.52,-7.34,-6.66;
-1.80,4.02,-2.37;
7.59,10.66,8.99;
-1.45,7.10,11.22;
-14.73,3.24,1.37;
-4.70,5.39,-5.00;
6.70,13.09,-1.68;
0.11,15.07,7.34;
-6.84,8.92,5.02;
-14.87,3.36,-8.08;
-15.76,7.32,-13.79;
-12.64,14.11,-11.16;
-10.72,16.72,-5.45;
-15.68,17.33,-3.38;
-13.56,20.20,-7.21;
-10.14,23.49,-7.91;
-12.43,28.29,-5.48;
-22.89,29.93,-5.06;
-29.42,27.76,-8.77;
-14.34,23.46,-15.53;
-2.46,19.85,-18.16;
-13.28,19.39,-20.78;
-24.98,22.83,-27.00;
-31.02,27.78,-29.56;
-16.03,30.29,-26.94;
3.13,27.10,-24.00;
-3.63,22.11,-24.22;
-30.21,23.01,-32.48;
-36.92,30.92,-36.31;
-21.80,40.14,-27.48;
-18.34,42.54,-16.95;
-20.46,33.85,-21.03;
-14.26,22.88,-36.61;
-12.57,21.99,-46.55;
-20.06,31.30,-46.98;
-24.32,40.81,-42.17;
-13.94,46.22,-35.24;
-13.33,44.84,-33.19;
-10.61,41.84,-36.00;
-7.74,41.12,-41.97;
-12.20,44.25,-46.34;
-22.37,50.26,-46.25;
-27.97,54.66,-47.64;
-34.90,54.94,-47.03;
-39.18,50.68,-46.95;
-39.76,47.06,-47.03;
-36.63,48.92,-43.85;
-35.63,50.22,-40.22;
-43.19,50.84,-42.35;
-46.25,51.73,-49.96;
-45.47,55.33,-51.79;
-33.68,55.46,-49.87;
-24.66,55.39,-46.16;
-26.57,55.01,-47.68;
-25.01,56.83,-49.16;
-29.13,55.47,-47.09;
-31.22,49.50,-43.07;
-45.05,47.41,-40.97;
-51.60,46.65,-45.39;
-59.19,47.85,-55.39;
-41.39,46.92,-56.69;
-29.89,45.46,-50.54;
-18.96,46.17,-43.09;
-0.70,47.68,-41.94;
2.81,44.20,-46.66;
-5.85,39.39,-57.67;
-11.95,40.89,-61.27;
-4.06,43.85,-51.67;
18.44,46.45,-36.75;
34.84,42.66,-23.36;
11.89,31.42,-31.29;
-15.42,27.97,-44.19;
-23.27,28.91,-48.45;
1.21,29.78,-36.84;
38.69,26.86,-22.03;
74.46,23.94,-17.70;
102.67,19.71,-18.60;
99.50,15.53,-18.39;
80.38,12.36,-19.64;
67.36,15.07,-28.14;
63.02,19.65,-30.94;
65.95,18.34,-24.17;
60.76,12.39,-15.27;
31.83,9.23,-10.22;
13.62,14.45,-0.94;
14.96,12.66,6.64;
30.29,6.94,0.97;
47.54,5.12,-12.40;
57.56,8.69,-18.58;
38.46,13.00,-13.09;
30.30,14.74,-0.57;
32.09,9.56,6.85;
37.02,0.71,-0.28;
31.66,-3.19,-10.10;
10.66,-1.00,-13.47;
-27.97,10.04,-1.38;
-27.36,13.38,6.82;
6.52,0.65,4.35;
18.34,-9.86,0.38;
-7.12,-6.77,-1.16;
-28.09,1.70,-1.55;
-36.41,8.49,2.85;
-15.30,4.49,8.36;
9.66,-6.21,5.97;
11.45,-7.37,1.11;
3.51,-2.59,1.06;
-11.25,-2.21,4.09;
-19.39,-2.70,6.76;
-22.57,-0.06,7.06;
-16.35,2.43,1.37;
-7.28,1.76,-0.83;
-0.81,-1.09,-1.27;
2.66,-2.50,0.45;
-0.00,0.20,1.32;
-3.24,3.78,0.18;
1.36,2.37,-1.03;
4.96,-2.56,-0.32;
-6.15,-4.79,0.44;
-17.41,-1.89,2.73;
-22.61,2.62,6.09;
-16.05,2.86,4.84;
-2.58,0.68,1.84;
11.63,-2.96,-1.59;
10.09,-4.87,-2.57;
-1.56,-3.25,-0.49;
-15.85,0.36,3.65;
-19.33,1.35,6.12;
-13.83,-0.68,5.36;
-8.18,-1.45,2.61;
-2.37,-2.35,-0.25;
-6.73,-1.89,-0.14;
-14.15,-0.48,0.91;
-17.37,2.11,2.01;
-12.35,1.91,0.82;
0.08,-0.10,0.12;
11.14,-3.05,-1.35;
9.24,-2.12,-2.20;
-0.50,2.00,-1.68;
-5.57,2.69,-1.77;
-3.41,1.04,-0.10;
-1.97,-3.28,0.76;
-4.38,-3.95,-0.87;
-10.25,-0.67,-2.87;
-13.53,3.53,-1.58;
-12.55,3.06,0.52;
-2.95,0.04,1.48;
3.36,-1.98,0.35;
3.66,-2.68,-1.30;
0.53,-1.38,-2.92;
0.59,1.59,-2.86;
2.87,0.59,-0.89;
3.80,-2.24,-0.03;
2.00,-2.91,0.93;
-4.54,-0.65,-0.10;
-4.76,0.59,-0.05;
-5.51,-1.41,-0.06;
-9.88,-1.75,-0.52;
-12.31,-1.05,-1.27;
-10.41,-0.32,-1.15;
-4.34,-0.61,1.86;
-1.77,-0.71,2.65;
2.61,-0.53,0.27;
4.82,-0.21,-2.37;
1.28,-0.90,-2.17;
-2.95,2.39,-0.77;
-0.11,2.37,0.36;
4.72,-0.48,1.36;
5.21,-3.95,-0.03;
-0.89,-3.16,-1.47;
-10.63,0.34,-2.19;
-14.79,1.17,-1.09;
-14.90,-1.66,0.90;
-10.28,-3.80,3.55;
-6.35,-3.64,4.94;
-4.32,-1.63,4.35;
-1.13,-0.96,2.67;
1.92,-0.58,1.10;
0.73,-0.12,-0.26;
1.79,0.48,-2.42;
1.62,2.14,-3.21;
3.63,1.84,-3.12;
2.61,-0.47,-2.05;
-0.58,-1.29,-1.50;
-4.28,-0.59,-1.67;
-9.31,0.80,-0.48;
-9.47,0.68,0.52;
-5.65,-0.73,2.35;
-2.35,-1.75,3.54;
-0.25,-1.34,2.16;
-1.04,-0.64,0.33;
-4.15,0.88,-0.71;
-1.34,1.71,-1.01;
4.52,0.77,-0.13;
4.21,-0.61,-0.54;
-0.18,-0.91,-1.35;
-3.13,0.00,-1.48;
-3.99,-0.27,-0.94;
-4.03,-0.94,-0.28;
-4.50,-1.06,0.06;
-3.22,-1.38,0.94;
-3.12,-0.88,2.47;
-2.49,-1.54,1.95;
-3.34,-1.98,1.49;
-3.86,-0.97,1.10;
-3.80,-0.68,1.80;
-1.88,-0.39,1.02;
1.07,-0.51,0.47;
2.87,-0.93,-1.03;
0.90,-1.25,-1.23;
-2.96,-1.17,-1.16;
-8.76,-0.35,-0.57;
-9.13,0.68,0.10;
-6.05,1.04,1.17;
0.79,-0.51,2.19;
4.20,-2.80,0.96;
1.72,-2.77,-0.08;
-4.79,-0.70,0.26;
-7.42,1.91,1.08;
-3.68,2.07,1.52;
4.47,0.40,-0.26;
9.36,-1.54,-1.33;
5.94,-2.61,-2.92;
-2.98,0.26,-3.36;
-8.99,2.71,-2.37;
-6.28,1.94,0.18;
-0.67,-0.39,0.65;
4.24,-1.96,0.03;
3.80,-1.02,-1.09;
1.79,-0.30,-1.48;
-1.77,0.19,-0.26;
-4.66,1.03,0.62;
-2.41,1.27,0.06;
0.14,1.18,-0.29;
2.90,-0.61,-0.74;
2.30,-2.04,-1.52;
-1.85,-2.19,-1.53;
-9.60,0.22,-0.61;
-10.93,2.98,0.53;
-4.32,1.44,0.48;
3.33,-2.67,0.77;
4.75,-2.99,0.90;
1.17,-0.73,0.55;
-3.24,0.59,0.10;
-4.58,0.88,0.10;
-2.12,0.22,0.91;
-0.21,-1.26,0.42;
-3.60,-1.48,-0.17;
-8.55,-0.27,-1.10;
-10.02,1.04,-0.87;
-4.63,0.75,0.64;
3.11,-1.34,1.69;
5.65,-2.48,1.23;
1.75,-1.00,-0.48;
-3.80,1.00,-1.29;
-3.79,0.02,0.04;
-2.44,-1.19,0.41;
-2.11,-0.56,1.19;
-2.49,1.12,-0.26;
-0.58,1.26,-1.38;
0.50,-0.73,-2.39;
0.52,-1.81,-1.97;
-2.81,-0.68,-1.04;
-3.83,0.57,0.23;
-2.26,0.11,1.43;
-0.93,-1.09,1.45;
0.30,-1.32,0.59;
-0.00,-0.94,-0.05;
-1.39,-0.29,0.67;
-1.60,0.36,0.88;
-0.05,1.68,-0.95;
2.27,1.36,-2.84;
7.17,-0.48,-2.45;
5.10,-2.04,-1.27;
-1.10,-1.29,-0.68;
-7.82,-0.03,0.52;
-11.19,1.24,1.40;
-7.94,0.72,1.78;
1.28,-2.90,1.55;
1.40,-4.00,1.75;
-5.91,-1.87,0.76;
-9.44,1.01,0.27;
-6.38,1.24,0.30;
2.59,-1.60,0.27;
5.86,-2.32,-0.45;
2.99,-1.00,-1.04;
0.46,-0.83,-0.92;
-5.04,-1.26,-0.40;
-8.99,-0.07,0.03;
-7.97,0.84,0.67;
-2.66,0.40,1.22;
2.73,-2.32,0.16;
2.47,-2.56,-0.72;
-2.08,-1.37,-0.37;
-6.61,0.62,-0.39;
-5.74,0.72,0.88;
-2.78,-1.16,1.06;
-0.67,-3.19,1.34;
-1.02,-2.42,0.24;
-1.91,-0.97,0.29;
-3.97,-1.58,0.73;
-6.00,-2.61,1.61;
-5.08,-1.87,1.81;
-2.23,-1.20,1.54;
2.53,-2.12,1.26;
1.85,-3.37,1.17;
0.18,-3.52,1.05;
-3.10,-3.54,0.76;
-4.15,-2.67,1.75;
-3.92,-1.64,1.94;
0.11,-1.48,2.73;
3.89,-3.96,2.59;
3.30,-6.03,1.97;
-1.07,-5.66,1.72;
-3.50,-2.99,2.30;
-1.66,-2.68,2.84;
1.40,-5.23,4.81;
2.40,-8.70,4.67;
0.06,-9.29,4.65;
-3.31,-7.67,5.23;
-5.45,-7.96,5.46;
1.21,-12.35,7.23;
3.33,-15.51,10.50;
-2.05,-17.64,11.83;
-10.61,-19.23,9.17;
-11.83,-19.81,7.74;
-10.75,-21.37,13.28;
-18.54,-20.97,22.76;
-26.26,-19.34,21.34;
-26.28,-17.74,10.87;
-9.02,-16.39,6.93;
3.04,-15.23,13.37;
10.44,-16.00,14.47;
24.40,-17.31,7.39;
27.13,-18.67,3.14;
24.53,-19.00,7.57;
22.49,-18.04,15.98;
15.17,-19.19,19.89;
6.63,-21.72,19.69;
-1.94,-27.26,20.12;
-8.35,-33.52,25.31;
-10.95,-36.83,32.26;
-10.67,-37.98,36.50;
-11.13,-38.12,39.51;
-15.22,-39.46,41.28;
-19.28,-44.65,40.85;
-10.89,-47.57,39.26;
-11.51,-43.25,37.90;
-4.32,-38.32,35.81;
-2.00,-35.84,36.61;
2.26,-37.55,37.77;
4.72,-40.39,38.38;
11.31,-45.74,37.46;
9.16,-43.31,39.26;
2.08,-35.98,44.16;
-13.89,-32.33,41.90;
-8.00,-34.19,32.23;
2.82,-33.86,29.22;
11.59,-36.50,31.71;
9.40,-37.05,37.84;
10.76,-40.45,48.77;
2.29,-39.52,58.03;
9.95,-42.88,54.53;
1.51,-44.65,38.58;
-7.89,-46.36,24.58;
-17.10,-39.87,28.44;
3.42,-33.77,40.87;
32.49,-36.51,48.61;
42.30,-48.16,45.03;
18.55,-43.46,37.29;
2.70,-30.29,31.55;
11.82,-23.81,36.10;
25.92,-31.45,42.21;
27.60,-45.22,46.16;
11.14,-47.23,40.71;
-1.18,-39.09,26.19;
12.43,-31.45,23.11;
15.80,-34.18,35.36;
29.95,-35.51,41.89;
30.43,-37.28,48.10;
27.45,-36.51,44.27;
9.14,-33.03,38.36;
18.99,-32.13,33.84;
16.30,-34.51,38.35;
13.71,-33.51,41.06;
3.91,-27.46,39.42;
16.35,-26.41,36.81;
19.74,-27.74,35.06;
7.60,-29.52,30.39;
13.60,-28.38,27.20;
18.18,-23.17,29.94;
8.75,-15.54,35.40;
21.68,-13.90,37.42;
19.28,-16.06,40.67;
11.79,-20.88,36.36;
-0.84,-21.31,32.74;
16.72,-21.57,30.13;
20.66,-18.59,31.84;
15.25,-18.61,32.33;
2.26,-21.20,26.93;
4.64,-20.93,19.17;
-1.36,-16.01,20.21;
1.79,-11.23,29.61;
10.30,-9.48,32.30;
14.53,-8.45,33.14;
11.83,-7.72,33.98;
4.95,-7.35,28.65;
-0.11,-7.11,21.61;
-1.94,-6.47,21.57;
2.41,-6.10,23.20;
13.25,-8.18,24.41;
8.44,-8.53,23.75;
-3.07,-9.12,19.13;
4.11,-12.42,13.34;
15.19,-12.44,10.81;
9.71,-10.07,8.23;
-2.58,-8.48,3.25;
-4.96,-6.76,3.52;
1.19,-2.38,6.81;
5.02,5.15,9.57;
-1.44,11.65,9.57;
3.30,11.52,5.87;
6.03,6.89,1.60;
2.03,6.86,0.99;
-6.73,8.91,-0.69;
-12.20,9.68,-4.17;
-12.75,10.31,-6.60;
-16.64,11.49,-5.71;
-9.53,12.26,-6.84;
-4.02,14.75,-11.12;
-7.77,17.78,-12.83;
-6.89,18.37,-14.54;
-8.96,17.82,-15.35;
-18.08,21.29,-13.81;
-21.53,23.87,-12.77;
-18.43,25.87,-12.22;
-7.99,26.54,-13.87;
0.95,25.41,-18.10;
4.09,21.10,-21.71;
-4.66,17.67,-26.90;
-15.97,18.78,-30.32;
-28.52,22.23,-31.38;
-25.30,26.48,-28.05;
-13.33,29.46,-24.00;
-12.95,29.36,-22.31;
-18.21,28.39,-23.97;
-23.83,31.76,-27.71;
-22.58,36.74,-28.95;
-12.38,39.12,-29.15;
-2.73,37.58,-28.06;
-13.34,33.93,-29.87;
-29.30,33.10,-35.81;
-29.92,37.36,-38.89;
-13.48,38.34,-37.74;
-5.39,35.39,-32.60;
-24.15,32.83,-33.01;
-42.49,36.13,-41.64;
-35.65,43.81,-41.73;
-23.51,46.88,-34.37;
-13.56,43.44,-27.74;
-25.01,39.03,-30.19;
-34.78,42.49,-39.90;
-38.44,50.20,-46.43;
-37.15,51.93,-40.87;
-42.02,48.89,-34.58;
-40.98,43.93,-37.39;
-45.34,44.84,-44.75;
-49.70,52.62,-49.09;
-49.51,56.14,-46.19;
-38.02,55.20,-41.58;
-32.47,52.05,-42.43;
-12.58,47.65,-52.60;
-17.47,48.16,-64.46;
-19.31,51.44,-69.77;
-20.57,51.91,-61.93;
-34.18,50.72,-42.71;
-42.67,52.45,-33.85;
-54.93,54.36,-35.62;
-63.80,54.26,-44.98;
-61.68,49.90,-58.22;
-58.32,44.59,-59.99;
-52.12,44.98,-49.76;
-34.96,47.04,-34.43;
-40.02,47.97,-36.22;
-37.65,44.45,-53.16;
-29.28,42.02,-60.80;
-16.60,39.36,-55.32;
-3.07,37.71,-38.92;
2.56,41.06,-28.97;
4.09,39.30,-32.89;
-7.95,34.88,-41.30;
-6.37,30.48,-44.48;
1.71,31.29,-38.37;
12.03,32.77,-27.29;
35.72,32.20,-15.87;
43.77,27.44,-14.95;
27.54,22.55,-19.70;
7.34,22.02,-20.06;
0.37,20.22,-22.20;
31.51,23.07,-26.14;
86.21,31.26,-23.82;
122.53,25.41,-24.63;
86.44,14.29,-30.28;
52.92,16.10,-30.43;
38.70,21.39,-24.60;
40.70,22.17,-17.94;
55.56,19.38,-15.65;
90.87,14.04,-14.77;
95.59,10.65,-4.06;
67.46,8.17,10.65;
37.46,4.11,14.16;
13.66,4.26,1.89;
-3.21,9.49,-12.61;
-7.85,11.90,-23.62;
0.09,10.34,-18.32;
10.82,8.74,-2.29;
14.66,6.36,8.93;
9.82,8.95,2.04;
13.65,14.07,-11.10;
27.08,10.72,-18.31;
28.08,6.80,-13.13;
27.77,9.09,-5.44;
33.72,10.45,-7.61;
39.14,10.55,-8.90;
37.42,10.60,-8.77;
37.54,9.46,-11.97;
41.01,10.62,-9.26;
47.17,3.84,-2.54;
42.24,-2.12,-4.46;
7.92,0.49,-10.98;
-29.36,9.21,-4.16;
-26.32,7.87,9.71;
-4.34,-1.75,11.51;
3.92,-9.32,6.50;
-19.68,-7.40,1.11;
-44.99,0.62,-0.74;
-47.60,8.14,-0.37;
-13.74,8.69,4.16;
19.75,-2.07,2.10;
36.06,-10.53,-4.72;
20.14,-8.83,-5.74;
-14.15,0.97,-4.77;
-25.45,4.83,-2.78;
-8.32,7.36,1.37;
7.86,-0.87,0.96;
10.64,-4.30,-3.33;
-0.08,-3.63,-5.39;
-14.96,-0.71,0.88;
-26.78,1.03,4.87;
-18.67,2.08,4.00;
-1.37,-1.98,0.76;
1.50,-3.57,-2.46;
-3.13,-3.66,-3.39;
-10.11,-0.56,0.79;
-14.09,2.26,3.72;
-8.81,1.79,3.39;
-0.34,-3.25,1.46;
0.27,-5.69,-1.09;
-6.99,-2.62,-2.17;
-13.66,0.84,-1.64;
-11.47,1.64,1.98;
-4.72,-2.06,3.11;
1.28,-1.95,2.19;
7.42,-0.18,0.24;
10.69,-0.67,-0.54;
3.22,-2.24,-1.56;
-5.04,0.23,-0.72;
-4.15,1.23,0.62;
-0.12,-1.67,0.99;
-0.93,-3.89,0.21;
-5.79,-3.74,-0.13;
-11.94,-1.12,1.13;
-15.65,-0.62,2.97;
-20.70,-0.90,3.32;
-18.64,-0.96,4.87;
-12.76,-0.96,4.56;
-1.76,-1.77,2.53;
4.35,-3.26,0.04;
3.17,-2.71,-1.58;
0.01,-0.16,-1.42;
-4.54,2.74,-0.32;
1.02,0.55,-0.05;
4.35,-2.50,-0.83;
3.11,-2.94,-2.20;
-1.82,0.66,-1.64;
-4.15,1.73,-0.89;
-5.45,1.07,-0.16;
-6.31,-0.54,-0.20;
-5.16,-0.71,1.26;
-4.66,-1.48,2.91;
-5.05,-2.19,1.37;
-7.83,-1.95,-0.87;
-9.89,-0.77,-1.19;
-11.01,0.07,0.07;
-6.61,-0.10,1.36;
-0.26,-1.83,2.10;
0.52,-1.46,1.22;
0.08,0.74,-1.01;
6.64,0.81,-2.52;
8.82,-0.18,-2.43;
5.16,-1.40,-3.16;
0.40,-0.06,-2.66;
-3.13,1.75,-2.05;
-1.18,0.16,-0.40;
1.22,-3.37,0.85;
-3.80,-3.81,-0.58;
-11.95,-1.22,-0.52;
-21.13,1.59,1.49;
-17.04,1.87,3.69;
-7.27,-1.37,3.72;
2.03,-2.83,2.06;
6.64,-1.72,-0.58;
7.92,-0.45,-1.71;
5.02,-0.59,-2.13;
2.37,-0.16,-1.55;
-0.87,0.10,-0.94;
-4.47,-0.01,-0.80;
-4.52,-1.26,-1.39;
-5.30,-1.95,-1.30;
-9.80,-1.43,-0.25;
-13.39,0.48,0.38;
-11.37,1.33,1.68;
-4.96,0.36,2.73;
3.97,-2.68,1.43;
7.46,-2.56,-0.81;
4.03,-0.12,-2.97;
0.09,2.31,-3.61;
1.08,2.59,-2.34;
2.95,-0.12,-0.06;
3.27,-2.07,-0.06;
-0.95,-2.41,-0.77;
-7.45,0.42,-1.15;
-9.65,3.32,-1.61;
-2.64,2.83,-1.97;
7.10,-1.52,-0.69;
7.36,-3.98,1.13;
2.56,-2.85,1.66;
-6.67,0.43,1.72;
-9.45,0.33,0.58;
-6.18,-0.65,-0.00;
-0.46,-1.20,1.42;
1.68,-1.17,1.75;
0.21,-1.14,1.23;
-4.66,-0.39,0.88;
-7.24,-0.27,0.64;
-5.33,-0.42,-0.20;
-4.61,0.13,-0.13;
-1.83,0.54,1.11;
0.43,-1.05,1.26;
0.52,-2.07,0.74;
-0.83,-1.54,1.03;
-3.44,-0.56,1.06;
-5.12,0.07,1.48;
-6.41,0.26,1.42;
-3.60,0.19,0.70;
-0.17,-0.56,1.08;
0.59,-0.71,0.94;
-2.08,-0.16,-0.58;
-8.06,1.24,-2.02;
-6.92,1.62,-1.00;
-1.45,0.07,1.77;
1.36,-1.09,2.79;
1.14,-1.31,1.77;
-1.22,0.14,0.27;
-2.25,0.97,0.48;
-1.88,0.55,0.27;
0.50,0.72,0.21;
4.76,0.34,0.10;
5.53,-0.35,-0.26;
0.76,-0.06,-1.12;
-4.47,1.26,-2.40;
-6.44,2.68,-1.70;
-5.12,2.17,0.33;
-1.15,0.29,1.89;
0.26,-0.96,1.26;
-0.21,-1.52,-0.61;
-1.95,-0.39,-1.21;
-5.36,2.31,-1.55;
-2.87,3.04,-1.32;
2.05,0.63,-1.55;
3.66,-0.53,-2.26;
1.54,1.38,-3.36;
-0.96,3.38,-3.52;
-2.61,3.70,-2.98;
-1.80,2.84,-2.17;
-4.05,3.15,-2.19;
-5.50,3.61,-3.27;
-6.34,3.87,-2.84;
-5.24,3.55,-2.14;
-3.41,3.91,-1.68;
-2.35,3.96,-1.96;
-2.64,4.20,-2.32;
-1.65,3.71,-1.99;
-1.60,3.56,-1.79;
-1.80,4.08,-1.87;
-4.38,4.36,-2.51;
-4.60,4.66,-3.10;
-2.08,4.28,-2.97;
-1.77,4.39,-1.36;
0.11,3.56,-1.24;
0.63,2.22,-2.90;
-1.21,3.29,-3.12;
-1.85,3.36,-1.77;
-3.04,1.55,-0.35;
-1.63,-0.09,-0.34;
-3.04,0.75,-0.78;
-3.33,1.58,-1.10;
-0.28,0.80,-1.29;
-2.40,-0.88,-0.40;
-5.77,-0.32,-0.25;
-6.03,0.97,-0.03;
-2.87,1.18,-0.17;
4.14,0.13,-0.14;
7.33,-0.96,-0.51;
6.69,-0.77,-1.38;
0.47,0.00,-2.26;
-3.05,0.78,-1.76;
-6.15,1.41,0.16;
-1.70,1.36,0.62;
3.14,0.08,0.23;
5.48,-1.38,-1.21;
2.99,-1.12,-1.76;
-3.57,0.43,-1.27;
-7.18,1.10,-0.05;
-7.51,0.37,2.67;
-6.08,-0.80,2.52;
-3.70,-1.12,0.70;
1.21,-1.72,-0.14;
1.69,-0.82,0.09;
1.74,0.25,1.13;
1.42,0.31,1.08;
-1.15,-0.27,0.09;
-2.02,-1.92,-0.43;
-5.51,-1.96,-0.11;
-11.34,-0.21,-0.14;
-11.79,1.61,-0.03;
-5.31,0.59,0.41;
1.10,-1.43,0.79;
6.06,-2.93,0.64;
5.14,-2.03,-0.19;
2.70,-0.44,-0.78;
-0.55,0.14,-0.17;
-1.45,-0.79,0.09;
-1.79,-0.58,0.04;
-3.04,-0.70,0.06;
-5.74,-1.11,0.41;
-7.51,-1.28,0.91;
-8.92,-0.96,0.62;
-7.62,-0.53,0.68;
-4.47,-1.03,1.08;
-3.92,-1.32,1.32;
-1.15,-0.54,0.59;
3.10,-1.00,0.30;
2.20,-1.64,0.77;
0.46,-1.80,1.14;
-2.43,-0.71,0.94;
-0.72,-0.13,0.70;
1.82,-1.66,0.79;
0.85,-3.77,0.94;
-1.68,-3.29,0.88;
-4.67,-2.65,1.06;
-5.01,-1.72,1.42;
-4.20,-2.29,1.48;
-2.00,-3.20,1.75;
-1.22,-3.98,2.27;
-1.18,-5.40,3.90;
-2.00,-5.61,5.19;
-3.12,-5.96,6.10;
-3.48,-6.33,7.05;
-3.36,-7.58,6.71;
-3.68,-7.11,7.39;
-3.45,-7.17,6.76;
0.49,-8.24,6.09;
7.19,-9.02,6.76;
9.19,-10.59,7.48;
8.34,-12.91,8.41;
7.37,-15.55,10.10;
6.70,-17.25,12.04;
4.17,-19.32,13.48;
2.61,-21.08,15.75;
-2.17,-23.20,16.68;
-7.66,-23.96,17.37;
-16.46,-22.12,16.99;
-17.76,-17.51,14.48;
-8.46,-15.43,14.29;
6.84,-14.04,17.83;
17.36,-18.27,19.00;
16.30,-22.45,16.42;
10.43,-23.64,12.79;
12.14,-24.07,16.29;
18.20,-30.04,25.74;
15.75,-38.41,32.91;
4.24,-46.18,37.72;
-24.90,-45.49,33.57;
-39.02,-36.73,30.87;
-34.41,-26.50,31.97;
-13.91,-31.06,38.24;
4.20,-46.13,43.89;
1.17,-57.35,42.91;
-0.75,-49.57,30.21;
11.36,-31.57,22.56;
32.85,-29.66,25.65;
41.89,-45.41,33.52;
24.92,-53.81,34.41;
10.05,-44.30,33.11;
-4.21,-25.16,32.68;
-1.65,-18.45,34.16;
6.55,-26.71,39.94;
7.86,-44.10,45.49;
-0.79,-52.21,38.55;
-8.37,-39.60,28.48;
-5.16,-25.71,27.08;
2.27,-16.65,32.42;
30.32,-32.25,39.46;
40.21,-47.96,40.13;
39.66,-51.52,32.09;
37.74,-46.53,21.84;
16.76,-37.20,21.29;
-14.63,-27.46,29.03;
-8.12,-24.39,38.32;
18.50,-27.41,41.02;
31.46,-29.00,40.85;
32.67,-29.35,40.23;
10.69,-28.48,43.45;
-3.73,-29.81,44.42;
6.78,-32.10,43.86;
21.62,-35.32,38.23;
25.13,-37.29,34.56;
21.51,-40.06,37.37;
-0.99,-39.84,39.81;
7.69,-36.70,38.85;
10.64,-27.35,37.92;
1.43,-21.64,41.94;
-3.37,-20.77,43.86;
-0.37,-23.32,43.69;
21.50,-25.64,43.68;
23.91,-26.27,41.69;
24.55,-26.83,38.59;
13.45,-28.07,37.97;
6.52,-25.46,37.94;
27.45,-23.74,40.23;
45.69,-31.40,44.21;
20.44,-37.38,42.93;
-6.28,-37.17,36.47;
-19.54,-28.39,31.46;
4.56,-21.25,37.08;
29.22,-20.82,44.33;
26.75,-24.16,45.61;
5.89,-25.29,34.15;
-6.81,-20.97,24.44;
3.91,-16.65,28.55;
5.34,-11.37,40.52;
13.83,-9.23,41.31;
8.01,-8.33,36.44;
11.24,-11.25,31.71;
10.75,-14.12,30.94;
13.19,-19.41,28.74;
11.59,-22.58,24.04;
-0.76,-21.14,21.28;
-4.17,-19.37,20.36;
4.20,-16.51,21.72;
10.92,-13.98,25.55;
8.43,-13.78,25.68;
-0.54,-14.90,22.44;
1.80,-13.49,19.43;
16.01,-8.42,18.73;
30.32,-5.83,18.35;
34.59,-7.69,16.35;
10.76,-11.86,10.19;
-13.33,-14.97,2.64;
-13.13,-14.30,1.81;
-6.12,-8.38,8.81;
7.86,-0.53,17.98;
8.61,3.94,18.71;
1.80,3.41,10.16;
-2.18,2.42,4.58;
8.35,1.12,3.84;
11.22,0.19,4.97;
-1.10,0.28,4.52;
-17.71,-0.39,1.78;
-22.87,0.88,-1.44;
-22.57,5.68,-3.26;
-14.44,10.51,-1.41;
-8.64,14.51,0.19;
-2.18,17.36,0.24;
-1.16,19.52,0.03;
-1.63,22.17,0.18;
-11.82,25.09,0.32;
-18.52,24.00,-4.90;
-10.64,20.48,-11.04;
-10.54,17.06,-11.68;
-9.50,13.41,-13.38;
-17.53,13.91,-15.36;
-28.12,16.65,-16.08;
-32.86,22.46,-15.50;
-28.26,27.65,-11.91;
-13.51,30.26,-10.03;
2.96,30.13,-11.67;
-6.17,27.67,-12.64;
-23.86,26.19,-15.85;
-27.31,28.94,-17.88;
-13.24,30.54,-17.10;
-1.50,30.25,-14.34;
-16.15,28.48,-16.06;
-42.54,23.47,-25.00;
-55.80,26.23,-31.74;
-37.05,31.01,-29.30;
0.26,35.81,-19.93;
-1.30,37.29,-11.67;
-21.71,32.28,-17.42;
-32.31,33.12,-26.77;
-30.64,36.54,-31.21;
-14.92,37.07,-25.59;
-19.66,34.95,-24.80;
-35.76,28.55,-32.87;
-43.76,29.99,-42.06;
-30.09,39.30,-41.88;
-11.44,46.42,-30.54;
-3.44,44.25,-26.89;
-17.53,37.23,-36.16;
-35.97,36.75,-49.99;
-19.71,41.30,-51.13;
-10.87,46.02,-38.06;
-20.17,45.82,-30.32;
-43.73,46.60,-35.76;
-54.55,49.99,-45.10;
-41.19,53.64,-47.42;
-23.24,54.31,-48.34;
-35.48,50.65,-51.33;
-45.79,50.57,-58.25;
-47.97,56.54,-58.46;
-54.09,64.04,-50.77;
-49.45,64.11,-46.31;
-30.43,54.84,-51.71;
-33.66,47.18,-61.09;
-52.03,50.54,-63.73;
-51.42,57.09,-59.48;
-50.98,61.68,-49.79;
-54.15,57.39,-48.58;
-57.12,52.31,-55.35;
-60.63,49.67,-62.80;
-52.26,48.08,-65.32;
-39.83,52.63,-58.22;
-15.54,47.21,-53.32;
-5.16,37.93,-56.25;
-5.13,38.77,-62.90;
-10.84,46.94,-68.20;
4.95,54.48,-71.97;
33.08,50.28,-73.19;
43.27,46.57,-71.12;
42.67,45.39,-65.32;
44.56,38.94,-56.23;
31.07,32.60,-39.61;
27.27,30.91,-19.67;
56.08,24.52,-5.50;
54.17,16.66,-0.31;
59.17,13.96,-15.00;
53.36,17.10,-33.65;
51.69,25.47,-40.39;
68.05,28.57,-36.54;
108.15,29.65,-29.21;
151.79,27.00,-36.25;
178.99,21.76,-45.09;
168.24,15.94,-38.00;
116.49,6.40,-21.07;
62.03,7.06,-8.69;
16.32,12.57,-2.84;
-20.25,13.12,2.85;
-40.14,7.18,12.26;
-57.18,6.71,17.94;
-58.40,9.06,8.73;
-34.21,10.65,0.61;
-1.86,4.28,-5.18;
20.52,-0.71,-7.03;
34.01,-3.28,-1.70;
30.52,-6.18,4.50;
16.37,-5.17,2.48;
-14.90,1.01,-2.26;
-36.95,8.68,-0.34;
-40.89,8.75,3.39;
-18.86,5.79,4.62;
9.16,-3.52,1.54;
15.72,-9.52,-1.18;
-10.73,-4.15,-1.13;
-39.07,6.68,2.04;
-26.72,7.27,5.34;
1.39,-2.04,8.06;
15.54,-3.61,5.28;
23.79,-1.06,-2.26;
26.27,-1.80,-5.36;
8.14,-3.74,-2.00;
-23.04,2.54,2.82;
-34.50,9.24,3.84;
-18.60,7.15,2.73;
3.11,-4.04,0.13;
5.13,-8.83,0.07;
-8.32,-3.06,0.15;
-22.87,4.98,1.36;
-20.90,3.46,3.95;
-11.74,-0.83,4.55;
-1.15,-4.04,1.89;
2.96,-0.45,-0.20;
6.53,0.37,0.09;
10.05,-1.22,0.96;
1.36,-5.31,-1.53;
-18.08,-2.12,-5.41;
-32.28,3.61,-4.17;
-26.12,5.73,1.02;
-9.25,0.92,1.90;
5.37,-1.90,0.84;
11.89,-1.72,-0.61;
8.96,-0.64,-0.03;
3.92,-0.99,1.49;
-10.89,-0.73,2.88;
-24.66,2.22,4.09;
-24.05,3.93,4.97;
-13.71,2.86,3.66;
0.17,-0.80,2.19;
2.26,-2.42,-0.25;
-3.28,-1.02,-2.11;
-6.18,1.47,-1.55;
-2.17,1.00,1.89;
-4.28,-0.50,4.41;
-10.08,-1.55,1.84;
-11.77,-0.32,-2.03;
-11.12,1.03,-3.12;
-11.24,2.14,-1.06;
-11.21,1.70,1.75;
-5.24,1.10,2.44;
3.97,0.11,1.45;
9.65,-1.20,-2.05;
6.30,-0.41,-5.41;
1.33,0.54,-5.67;
-5.22,-1.43,-3.35;
-1.04,-4.87,-0.84;
5.89,-6.18,2.87;
2.01,-5.11,3.57;
-11.19,-2.59,3.13;
-24.93,-0.53,2.16;
-24.87,0.51,1.36;
-11.54,0.36,1.10;
3.39,-1.96,-0.22;
14.85,-4.87,-2.55;
13.75,-4.42,-3.99;
1.95,-0.12,-3.55;
-8.50,3.13,-0.84;
-11.57,4.07,1.60;
-9.27,2.97,1.17;
1.24,1.23,-1.29;
6.47,1.50,-2.77;
8.98,0.72,-3.16;
6.72,-0.59,-2.54;
-1.07,-0.74,-1.61;
-5.59,1.15,-0.45;
-6.95,2.89,0.91;
-7.60,2.55,0.91;
-8.29,3.07,0.01;
-5.83,3.62,-1.03;
-2.05,4.08,-2.66;
3.01,3.71,-4.40;
7.48,2.36,-5.16;
6.27,1.87,-3.76;
0.30,3.07,-1.27;
-6.06,4.37,0.82;
-9.22,3.49,1.11;
-8.18,0.84,0.79;
-8.28,-0.96,1.00;
-10.61,0.33,1.45;
-11.53,1.85,0.52;
-10.14,2.62,0.62;
-4.06,2.88,1.06;
0.46,1.38,1.94;
0.34,0.97,1.55;
-1.50,1.85,-0.00;
-1.12,2.40,-1.45;
0.41,2.00,-1.15;
0.63,1.15,-0.08;
-0.78,1.24,-0.14;
-0.02,1.00,-1.42;
0.87,0.11,-1.29;
0.40,0.02,0.76;
-2.00,0.69,1.94;
-4.21,1.85,2.30;
-2.66,1.32,2.32;
-3.36,0.19,1.65;
-4.66,0.83,0.56;
-4.93,1.91,-0.19;
-6.12,1.55,-1.06;
-3.89,1.36,-1.55;
-0.37,0.72,-0.64;
-0.23,-0.06,-0.02;
-5.28,2.10,-0.71;
-4.89,3.64,-1.27;
0.96,4.37,-2.02;
4.35,2.28,-1.65;
4.20,1.29,-3.47;
4.78,1.38,-5.56;
6.95,2.13,-5.77;
6.56,1.97,-3.53;
5.34,1.96,-1.59;
2.17,1.35,-1.03;
-2.35,1.62,-0.52;
-5.80,1.44,-0.48;
-4.49,2.39,-1.35;
-0.90,2.89,-1.77;
4.46,2.71,-2.25;
8.12,2.34,-2.31;
10.35,1.58,-2.95;
9.74,2.10,-3.61;
6.44,3.12,-3.82;
1.57,3.06,-2.72;
-1.28,2.36,-1.35;
-3.42,1.67,-0.90;
-3.12,1.76,-0.69;
0.03,1.82,-0.43;
3.34,0.83,0.13;
6.61,0.49,0.12;
5.39,0.97,0.35;
-0.06,1.30,-0.54;
-2.78,1.49,-0.69;
-2.43,1.01,-0.72;
-0.61,1.07,-0.02;
2.50,1.03,0.44;
3.33,0.45,0.56;
2.30,1.30,-0.02;
1.33,1.32,-1.04;
-0.92,1.67,-1.32;
-1.70,2.68,-0.97;
2.00,2.74,-0.66;
5.89,2.37,-0.84;
7.02,2.11,-2.02;
5.63,2.31,-2.46;
4.55,2.71,-2.11;
3.14,2.84,-1.13;
2.59,2.88,-0.80;
1.66,3.26,-0.95;
2.79,3.49,-2.02;
6.75,3.39,-2.49;
10.06,2.75,-2.23;
8.46,2.33,-1.42;
5.74,2.71,-1.45;
2.55,2.51,-1.42;
-0.12,2.26,-1.35;
-1.54,2.20,-1.13;
-3.36,2.59,-0.86;
-3.70,2.88,-0.39;
0.30,2.39,0.04;
3.30,0.98,-0.14;
0.73,1.76,-0.72;
-1.37,2.43,-1.19;
-0.69,2.28,-1.18;
0.72,1.73,-1.44;
0.92,1.62,-0.74;
0.56,1.76,-0.16;
0.79,1.64,0.03;
-0.06,1.23,-0.45;
-0.66,1.30,-1.16;
-0.66,1.26,-0.69;
-1.45,1.32,0.48;
-2.21,1.15,-0.03;
-2.84,1.07,-0.11;
-3.16,1.36,-0.61;
-1.12,0.97,-0.66;
0.37,0.20,-0.03;
-0.21,0.43,0.44;
-2.57,1.27,-0.10;
-3.10,1.33,0.09;
-2.29,0.81,0.39;
-3.47,0.34,0.15;
-4.35,1.50,0.33;
-3.97,2.63,0.48;
-0.98,1.81,0.79;
2.09,0.42,0.09;
1.69,0.51,-1.70;
-0.00,1.47,-2.16;
0.21,1.94,-0.72;
0.61,0.95,-0.11;
-0.15,1.12,-0.61;
-0.55,1.49,-1.33;
0.61,2.22,-1.00;
1.68,1.70,-0.49;
0.99,1.87,-1.01;
3.91,1.82,-2.08;
8.58,1.73,-2.48;
8.41,1.68,-1.93;
6.87,1.09,-1.70;
5.16,0.66,-1.90;
1.37,0.65,-0.54;
-1.70,0.89,0.52;
-3.82,0.72,1.25;
-4.23,0.34,1.17;
-4.14,-0.53,0.73;
-2.21,-0.80,0.24;
-1.68,-0.48,0.64;
-2.05,-0.41,0.41;
-2.06,-0.33,0.19;
-0.41,-0.77,-0.14;
-0.49,-0.87,0.13;
-2.87,-0.47,0.01;
-3.99,-0.10,-0.71;
-1.92,0.45,-0.92;
1.89,0.08,-0.77;
1.82,-0.50,-0.58;
1.60,0.07,-1.04;
1.07,0.28,-1.84;
0.85,0.42,-1.35;
1.11,-0.12,-0.94;
0.24,-0.01,-0.98;
-0.34,0.48,-1.58;
0.37,0.95,-1.55;
1.50,0.34,-1.61;
2.37,-0.01,-2.25;
2.61,0.88,-2.63;
3.77,1.36,-2.35;
4.69,0.39,-1.88;
4.66,-0.51,-1.90;
3.13,-0.06,-1.99;
0.72,0.57,-2.54;
-0.00,0.55,-1.76;
-0.25,0.05,-0.81;
-1.51,0.45,-0.03;
0.14,0.14,-0.66;
2.56,-0.19,-1.24;
2.38,-0.45,-1.26;
1.39,-0.19,-1.61;
-0.26,0.54,-1.79;
0.29,0.80,-1.00;
0.46,0.13,-0.45;
0.59,-0.06,-0.87;
-0.87,0.07,-0.89;
-2.76,0.40,-0.77;
-4.49,0.57,-0.45;
-3.73,0.72,-0.49;
-0.21,0.65,-0.63;
2.66,0.45,-1.18;
3.22,-0.07,-1.55;
1.25,-0.18,-1.44;
-3.41,0.40,-0.89;
-4.20,0.23,0.01;
-3.28,0.23,0.58;
-1.53,-0.07,0.04;
-0.20,-0.10,-0.35;
-0.06,0.17,-1.07;
-0.76,0.26,-1.44;
-0.23,0.52,-0.87;
0.81,0.22,-1.12;
1.07,0.48,-1.44;
-0.06,-0.01,-1.41;
-0.46,-0.53,-0.80;
-1.92,-0.21,0.15;
-3.50,0.11,0.62;
-5.70,0.78,0.48;
-4.98,0.57,-0.06;
-2.20,-0.18,0.03;
-0.79,-1.31,-0.17;
-1.42,-0.59,-0.26;
-2.92,0.25,0.21;
-3.76,0.33,0.59;
-3.30,-0.47,0.26;
-1.19,-0.42,-0.37;
-1.74,-0.09,0.03;
-2.81,0.29,-0.11;
-3.68,0.00,-0.28;
-2.49,-0.09,-0.34;
-1.37,-0.06,0.16;
-1.10,-0.09,0.71;
-1.42,-0.21,0.99;
-1.99,-0.35,0.12;
-1.45,0.08,0.15;
-1.08,-0.13,0.13;
-1.82,-0.24,0.59;
-2.55,-0.25,0.38;
-1.77,-0.07,0.59;
0.35,-0.47,0.32;
-0.00,-1.02,0.48;
-1.21,-0.90,0.15;
-3.50,-0.61,0.33;
-3.62,-0.54,0.68;
-3.45,-0.67,1.22;
-3.31,-0.50,1.17;
-2.61,-1.06,0.87;
-4.50,-0.53,0.59;
-4.60,-0.41,0.61;
-3.19,-0.68,0.79;
-0.87,-1.14,0.65;
-1.01,-1.06,0.99;
-2.81,-0.67,0.85;
-4.63,-0.13,-0.13;
-3.70,-0.10,-0.58;
-1.48,-0.33,-0.42;
0.06,-0.61,0.42;
-0.20,-0.74,0.30;
-1.82,-0.44,-0.48;
-4.15,0.11,-0.64;
-3.97,0.36,-0.37;
-2.15,-0.03,0.81;
-1.27,-0.50,0.81;
-0.81,-0.36,0.26;
-0.96,-0.39,-0.20;
-2.34,-0.36,0.03;
-2.02,-0.15,0.93;
-1.70,-0.53,0.23;
-0.60,0.40,-1.24;
1.01,0.95,-1.96;
1.60,0.72,-0.71;
0.92,0.00,-0.66;
0.50,0.19,-0.80;
-0.58,0.20,-1.09;
-1.39,0.05,-0.42;
-1.41,0.02,0.15;
-1.65,-0.09,0.59;
-2.73,0.13,-0.34;
-0.46,-0.24,-0.66;
0.12,-0.32,-0.78;
0.24,-0.19,-0.74;
-0.79,-0.33,-0.52;
-2.55,-0.45,-0.40;
-1.63,-0.47,-0.10;
-1.47,-0.51,0.29;
-2.46,-0.50,0.12;
-2.64,-0.30,0.09;
-2.92,-0.47,-0.22;
-2.02,-0.70,0.07;
-0.75,-1.16,0.16;
-2.28,-0.83,0.29;
-3.91,-0.13,-0.29;
-2.61,-0.09,-0.57;
-0.46,0.13,-0.43;
1.21,-0.22,-0.77;
0.37,-0.24,-1.09;
-0.05,-0.03,-1.27;
0.37,-0.38,-0.80;
0.73,-0.67,0.30;
-0.86,-0.48,0.35;
-2.96,-0.56,-0.08;
-2.96,-0.19,-0.02;
-3.83,-0.47,0.13;
-2.81,-0.07,-0.16;
-0.81,-0.30,-0.43;
1.80,-0.59,-0.69;
2.26,-0.21,-0.71;
0.69,-0.24,-0.55;
-0.75,-0.07,-1.01;
-1.83,0.02,-1.32;
-1.18,-0.36,-1.04;
-0.96,-0.21,0.01;
0.08,0.29,0.24;
0.47,-0.44,-0.14;
-1.13,-0.25,-0.64;
-2.67,0.10,-0.64;
-1.54,0.37,-0.45;
0.70,-0.29,-0.40;
0.58,-0.42,-0.61;
-0.18,-0.29,-0.98;
-1.34,0.13,-0.95;
-0.14,-0.07,-0.40;
0.93,-0.36,0.13;
0.14,-0.65,0.45;
-2.25,-0.35,-0.06;
-3.54,0.14,-0.11;
-2.34,-0.22,-0.46;
0.20,-0.96,-0.03;
0.23,-0.71,0.53;
-1.16,-0.39,0.27;
-1.97,0.31,-0.72;
-2.25,0.45,-0.89;
-0.89,-0.35,-0.28;
0.92,-0.88,0.64;
1.05,-0.90,0.67;
-0.89,-0.53,0.58;
-4.38,-0.09,-0.26;
-5.62,0.25,0.06;
-3.18,0.00,0.19;
0.40,-0.47,0.21;
2.05,-0.62,0.10;
0.06,-0.71,-0.31;
-1.24,-0.61,-0.61;
-3.15,-0.41,0.42;
-3.41,-0.10,1.43;
-3.30,0.05,1.26;
-2.34,-0.42,0.91;
-1.18,-0.82,0.01;
-1.44,-0.53,-0.40;
-1.59,0.19,0.10;
-1.44,-0.30,0.13;
0.35,-0.56,-0.32;
0.55,-0.64,-0.98;
-1.34,0.52,-0.52;
-3.02,0.74,0.39;
-2.78,0.19,0.26;
-2.57,-0.24,0.19;
-2.72,0.17,0.33;
-2.86,0.10,0.18;
-1.56,0.43,-0.14;
-0.11,0.10,-0.74;
1.60,-0.21,-0.72;
1.24,-0.01,-0.45;
0.96,0.51,-0.13;
-0.28,0.46,-0.68;
-1.19,-0.24,-0.19;
-2.52,-0.04,0.23;
-2.11,0.05,0.18;
-2.17,0.26,0.09;
-0.49,0.11,-0.22;
-0.70,-0.03,-0.31;
-0.55,-0.12,-0.63;
0.14,-0.04,-0.49;
0.30,-0.35,-0.20;
-1.16,-0.30,0.09;
-2.44,-0.59,0.21;
-3.80,-0.10,-0.17;
-3.45,-0.29,0.18;
-2.87,-0.29,0.13;
-1.59,-0.16,0.13;
0.01,-0.16,-0.83;
0.12,-0.47,-0.69;
0.47,-0.47,-0.54;
-1.70,-0.04,-0.20;
-1.59,0.23,-0.03;
-1.30,0.37,0.13;
-0.99,-0.30,-0.25;
-2.26,-0.38,0.03;
-3.25,-0.54,-0.26;
-5.07,-0.47,0.10;
-2.93,-0.29,-0.29;
-0.63,-0.44,-0.06;
0.59,-0.38,0.58;
-0.67,-0.83,0.09;
-2.38,-0.64,-0.87;
-2.75,-0.58,-1.07;
-2.92,0.10,-0.69;
-0.86,-0.03,-0.32;
-0.21,-0.19,-0.32;
-0.00,0.17,-1.03;
0.58,0.17,-1.07;
1.75,-0.35,-0.75;
0.43,-0.59,-0.03;
-2.31,-0.54,-0.11;
-3.50,0.23,-0.03;
-2.06,0.00,-0.48;
-0.35,-0.35,0.29;
-1.02,-0.47,0.26;
-2.32,0.07,-0.84;
-1.79,0.51,-0.95;
0.38,0.34,-0.68;
1.72,-0.44,-0.28;
1.54,-0.82,0.18;
-1.31,-0.32,-0.26;
-2.92,-0.07,-0.14;
-2.92,-0.15,0.12;
-3.28,0.11,0.52;
-1.68,-0.04,0.32;
-0.81,-0.18,0.06;
-0.93,0.13,-0.68;
-1.02,0.25,-0.32;
-0.20,-0.19,-0.55;
0.17,-0.06,-0.40;
-0.93,0.25,-0.14;
-1.39,0.13,-0.35;
-1.76,-0.10,-0.02;
-2.21,-0.03,-0.26;
-3.59,0.42,-0.25;
-2.99,0.33,0.01;
-1.44,0.10,-0.17;
-0.61,-0.27,-0.16;
-1.41,-0.38,0.24;
-2.84,-0.03,0.56;
-4.57,0.07,0.32;
-4.06,-0.13,-0.11;
-2.37,0.02,-0.08;
-1.48,0.14,0.18;
-1.80,-0.42,-0.00;
-1.02,-0.04,-0.52;
-1.57,0.05,-0.17;
-1.88,0.13,-0.31;
-1.86,0.11,-0.28;
-2.61,0.23,-0.23;
-2.60,0.55,-0.05;
-1.31,-0.15,0.61;
-0.31,-0.29,0.39;
-1.85,-0.33,-0.08;
-3.27,0.10,-0.32;
-2.38,0.07,-0.34;
-1.22,0.20,0.24;
-0.75,-0.06,-0.00;
-0.86,-0.25,-0.17;
-0.72,-0.41,-0.48;
-0.55,-0.19,-0.25;
-0.92,-0.27,-0.00;
-1.21,-0.27,0.23;
-1.82,-0.42,0.18;
-1.70,-0.61,0.45;
-2.41,-0.53,0.52;
-3.65,-0.01,-0.28;
-2.28,0.20,0.23;
-0.54,-0.38,0.23;
-0.61,-0.51,0.04;
-1.48,-0.24,-0.34;
-2.09,0.02,-0.03;
-1.59,0.23,0.38;
-1.21,-0.29,0.70;
-2.23,-0.25,0.15;
-2.28,-0.27,-0.34;
-2.93,0.10,-0.72;
-1.66,-0.06,-0.57;
0.26,0.04,-0.17;
-0.18,-0.51,0.21;
-2.86,-0.19,0.44;
-4.31,0.00,0.03;
-4.81,0.45,0.03;
-2.90,0.29,0.06;
-1.79,-0.18,0.16;
-0.83,-0.30,-0.20;
-0.35,-0.25,-0.43;
0.55,-0.22,-0.35;
-0.86,-0.07,0.18;
-3.18,-0.24,0.44;
-4.75,-0.24,0.79;
-4.90,-0.16,0.03;
-3.39,0.39,-0.23;
-2.03,0.11,-0.49;
-0.26,0.19,-0.23;
0.46,-0.07,-0.13;
0.14,-0.04,-0.46;
-0.67,0.02,-0.45;
-0.90,-0.51,-0.19;
-1.71,-0.01,-0.00;
-2.83,-0.12,0.30;
-2.09,-0.30,0.06;
-1.10,-0.50,0.70;
-0.28,-0.42,0.52;
-1.36,-0.21,0.39;
-2.02,-0.22,-0.11;
-1.48,-0.13,-0.06;
-1.01,-0.41,0.39;
-1.50,-0.32,0.73;
-0.89,-0.61,0.56;
-0.61,-1.03,0.07;
-1.60,-0.90,-0.19;
-1.25,-0.25,-0.06;
-0.52,-0.41,0.33;
-1.04,-0.42,0.39;
-2.25,-0.44,0.24;
-2.60,-0.91,0.26;
-2.12,-0.77,0.47;
-2.29,-0.70,0.35;
-1.63,-0.54,0.27;
-2.25,-0.47,-0.02;
-2.12,-0.44,-0.14;
-2.41,-0.56,-0.16;
-0.93,-0.39,0.10;
-0.55,-0.42,0.30;
-1.08,-0.59,0.48;
-1.21,-0.61,0.27;
-0.47,-0.47,-0.20;
-1.25,-0.35,-0.48;
-2.29,-0.25,-0.00;
-1.44,-0.51,0.45;
-1.89,-0.42,0.19;
-2.32,-0.51,0.27;
-2.99,-0.44,-0.00;
-2.55,-0.59,0.10;
-2.84,-0.53,0.42;
-1.89,-0.68,0.21;
-1.37,-0.35,-0.00;
-2.28,0.00,0.45;
-3.30,-0.41,0.30;
-3.97,-0.36,-0.23;
-2.93,-0.32,-0.51;
-1.31,0.26,-0.25;
0.67,0.28,-1.13;
0.87,0.22,-1.00;
-0.14,0.26,-0.81;
-1.07,-0.10,-0.86;
-0.66,0.04,-0.14;
-1.59,0.07,0.12;
-2.72,0.13,0.10;
-3.24,0.42,-0.92;
-2.84,0.28,-0.84;
-0.99,0.43,-0.48;
1.02,0.22,-0.31;
1.80,-0.09,-1.12;
1.13,0.33,-1.44;
0.24,0.23,-0.83;
-1.57,0.11,0.04;
-2.75,0.46,0.19;
-2.41,0.45,0.04;
-2.05,0.00,-0.32;
-1.45,-0.19,0.15;
-1.04,-0.03,0.24;
-0.03,-0.09,-0.71;
0.44,0.04,-1.07;
0.24,0.17,-0.48;
-0.69,-0.35,-0.03;
-1.65,-0.24,0.27;
-3.83,-0.36,0.07;
-4.64,0.02,-0.11;
-3.36,0.29,-0.35;
-0.69,0.10,-0.45;
1.79,-0.21,-0.22;
1.19,-0.80,-0.16;
-0.73,-0.29,-0.16;
-2.18,0.08,-0.19;
-2.60,0.00,-0.25;
-2.70,-0.33,0.10;
-1.37,-0.36,0.44;
-1.44,-0.47,0.16;
-1.66,-0.22,0.19;
-1.24,0.02,0.53;
-0.31,-0.13,-0.54;
0.03,0.07,-1.10;
1.17,-0.35,-0.72;
0.56,-0.19,0.01;
-2.21,0.07,0.52;
-2.67,-0.19,0.18;
-2.67,0.20,-0.90;
-0.93,0.57,-0.86;
0.50,0.39,-0.19;
0.15,-0.30,-0.60;
-0.14,-0.04,-0.68;
0.32,0.07,-0.48;
0.46,0.08,0.42;
-2.03,-0.22,0.61;
-2.70,-0.07,-0.02;
-3.16,0.10,-0.06;
-1.47,0.16,-0.35;
0.17,-0.01,0.07;
0.67,-0.30,-0.20;
0.64,-0.47,-0.52;
-0.43,-0.06,0.09;
-1.82,-0.32,0.48;
-3.73,-0.03,0.59;
-4.17,0.34,0.42;
-2.55,-0.10,0.26;
-0.55,-0.58,0.16;
-0.57,-0.48,0.26;
-1.63,-0.19,-0.06;
-1.62,-0.35,0.09;
-1.41,-0.76,0.38;
-2.21,-0.85,0.85;
-3.65,-0.67,0.58;
-4.44,-0.10,0.27;
-2.84,0.17,0.32;
-1.73,-0.12,0.48;
-0.17,-0.44,0.07;
-1.15,-0.35,-0.06;
-1.68,0.11,-0.13;
-1.65,0.08,-0.02;
-0.63,-0.32,0.42;
-1.73,-0.33,0.12;
-2.25,-0.35,-0.28;
-2.58,0.08,-0.02;
-2.31,0.31,0.35;
-2.90,0.16,0.13;
-1.25,-0.36,-0.45;
-0.76,-0.47,-0.40;
-0.86,-0.41,0.12;
-0.21,-0.24,0.27;
-0.64,-0.16,0.30;
-1.65,-0.15,0.27;
-2.17,-0.50,0.18;
-3.60,-0.27,-0.31;
-2.61,-0.07,-0.37;
-1.57,0.11,-0.10;
-2.18,-0.58,-0.22;
-3.54,-0.41,-0.26;
-2.98,-0.33,-0.13;
-1.80,0.34,-0.22;
-1.13,-0.19,-0.17;
-1.68,-0.45,-0.23;
-1.86,-0.13,-0.39;
-1.07,0.05,-0.46;
-0.41,0.22,-0.74;
-0.69,0.04,-0.35;
-0.18,-0.25,-0.63;
-0.17,-0.22,-0.16;
-1.22,-0.10,-0.35;
-2.02,0.23,-0.37;
-2.09,0.34,-0.35;
-0.96,0.22,-0.28;
-0.26,-0.29,-0.42;
-0.12,-0.59,0.19;
-1.22,-0.48,0.01;
-3.15,0.19,-0.23;
-3.47,0.43,0.32;
-2.89,0.10,0.24;
-2.67,-0.24,-0.08;
-1.92,-0.03,-0.02;
-1.59,-0.06,-0.54;
-0.28,0.31,-0.61;
1.27,0.59,-0.63;
1.31,-0.06,-0.03;
0.40,-0.58,-0.00;
-2.09,-0.33,-0.10;
-5.13,0.40,-0.45;
-5.19,0.55,-0.35;
-1.45,0.25,-0.37;
0.66,0.07,0.03;
0.52,0.20,-0.72;
0.11,0.51,-1.85;
0.49,0.97,-1.70;
1.56,1.07,-1.03;
1.62,0.29,-0.31;
0.56,-0.18,-0.45;
-2.99,0.14,-0.72;
-5.07,0.71,-0.63;
-4.00,0.57,0.07;
-1.05,0.00,0.23;
-1.01,0.07,-0.69;
0.63,0.54,-1.70;
1.69,0.29,-1.32;
1.14,-0.07,-0.14;
-1.62,-0.01,0.16;
-3.51,0.14,-0.49;
-2.83,0.62,-1.32;
-0.18,1.10,-0.83;
0.58,0.63,-0.35;
0.15,0.25,-0.14;
-0.89,0.14,-0.77;
-0.84,1.04,-0.92;
1.62,1.04,-1.24;
3.02,0.98,-1.24;
2.96,0.59,-1.16;
2.64,0.29,-0.92;
0.01,0.80,-0.49;
-0.52,0.40,0.38;
-0.93,0.42,0.39;
-0.93,0.55,-0.11;
-0.05,0.49,-0.94;
-0.00,0.69,-0.95;
0.87,0.80,-0.32;
2.69,0.77,-0.32;
4.11,0.23,-0.40;
3.42,0.29,-0.69;
0.38,0.36,-0.23;
-1.80,0.31,-0.14;
-2.57,0.68,0.15;
-3.08,0.94,0.16;
-0.99,0.57,0.32;
0.67,0.78,-0.23;
1.98,0.42,-0.75;
2.12,0.57,-0.95;
2.79,0.81,-0.95;
2.70,0.86,-0.64;
1.10,0.60,-0.13;
-1.05,0.36,0.36;
-2.46,0.28,0.38;
-3.45,0.17,0.64;
-2.12,0.46,0.13;
0.01,0.88,-0.19;
1.33,0.95,-0.29;
2.44,0.51,-0.55;
2.24,0.66,-1.06;
1.37,0.20,-0.98;
-0.63,0.40,-0.57;
-0.83,0.33,0.12;
-1.37,0.77,0.33;
-1.15,1.01,0.09;
-1.24,0.57,-0.31;
-0.69,0.75,-0.29;
0.32,0.39,-0.54;
0.78,0.23,-0.31;
-0.38,0.42,-0.03;
-1.10,0.37,-0.13;
-1.24,0.23,0.13;
-1.10,0.05,0.36;
-1.91,0.00,0.64;
-3.28,0.42,0.06;
-2.43,0.81,-0.60;
0.70,0.83,-0.84;
3.30,0.20,-1.00;
3.08,-0.06,-0.45;
0.37,0.20,-0.42;
-0.93,0.74,-0.51;
-2.02,1.09,-0.84;
-2.46,1.18,-0.46;
-1.24,1.15,-0.58;
0.87,0.72,-1.00;
1.53,0.66,-0.92;
2.30,0.75,-0.74;
3.27,0.55,-0.54;
3.11,-0.09,-0.72;
0.79,-0.21,-0.25;
-2.23,0.20,-0.17;
-3.48,0.49,0.15;
-4.23,0.63,-0.00;
-2.99,0.33,0.42;
-0.99,0.17,-0.13;
0.03,0.26,-0.02;
0.38,0.49,-0.26;
0.26,-0.06,-0.54;
1.01,-0.12,-0.72;
-0.11,0.37,-0.17;
-1.68,0.23,0.13;
-3.24,0.25,0.53;
-3.30,0.08,0.24;
-2.32,0.29,-0.31;
-0.49,0.29,-0.19;
0.18,-0.09,-0.32;
-0.00,-0.22,-0.32;
-0.92,-0.38,0.03;
-2.08,0.20,-0.17;
-2.21,-0.06,-0.54;
-1.63,-0.12,0.36;
-1.50,-0.58,0.79;
-2.28,-0.25,0.44;
-2.66,0.00,-0.00;
-2.14,-0.13,-0.29;
-2.03,0.13,-0.61;
-2.11,0.13,0.04;
-1.24,-0.30,-0.10;
0.08,-0.24,-0.22;
-0.21,-0.39,0.15;
-1.27,-0.61,0.26;
-3.02,-0.56,0.45;
-4.20,-0.09,0.88;
-3.76,-0.30,0.61;
-3.12,-0.70,0.56;
-2.64,-0.53,-0.29;
-2.20,-0.06,-0.40;
-0.38,-0.39,0.23;
-0.49,-0.59,0.76;
-2.43,-1.26,0.48;
-4.55,-0.94,0.39;
-3.99,-0.74,0.19;
-4.66,-0.29,0.65;
-3.85,-0.39,1.26;
-2.84,-1.11,0.97;
-1.57,-0.99,0.15;
-2.79,-1.12,0.15;
-4.17,-0.62,0.61;
-4.63,-0.13,0.68;
-3.76,-0.76,0.23;
-1.82,-0.77,0.23;
-1.15,-0.71,-0.03;
-1.73,-0.91,-0.02;
-1.85,-0.38,-0.25;
-1.86,-0.41,-0.22;
-2.06,-0.58,0.06;
-1.88,-0.38,0.32;
-2.47,-0.88,0.33;
-3.25,-0.99,0.53;
-3.19,-0.35,0.16;
-2.57,-0.42,-0.42;
-1.25,-0.87,-0.45;
-1.24,-0.93,0.01;
-1.18,-1.58,0.55;
-2.60,-0.96,0.87;
-3.28,-0.39,0.47;
-3.68,-0.50,0.21;
-3.37,-0.50,0.12;
-2.70,-0.87,0.53;
-2.54,-1.05,0.42;
-2.41,-0.62,0.33;
-1.65,-0.45,0.27;
-2.38,-0.85,0.18;
-2.70,-0.58,0.18;
-2.34,-0.41,0.04;
-2.18,-0.07,0.06;
-2.52,0.22,-0.31;
-0.87,-0.44,-0.57;
0.56,-0.41,-0.48;
-0.38,-0.41,-0.13;
-1.76,-0.12,0.01;
-3.36,0.02,-0.16;
-2.38,-0.06,0.01;
-0.57,-0.15,-0.16;
0.73,-0.01,-0.14;
1.59,-0.10,-0.55;
2.78,-0.22,-0.98;
2.78,-0.29,-0.98;
1.50,-0.18,-0.87;
1.16,0.11,-0.37;
0.72,0.26,-0.61;
0.03,0.33,-0.72;
-2.05,0.83,-1.33;
-1.39,0.98,-1.12;
1.11,0.51,-1.18;
1.62,0.28,-1.12;
1.46,0.26,-0.75;
-0.86,0.40,-0.49;
-2.44,0.33,-1.03;
-3.28,0.78,-1.24;
-2.21,0.33,-1.41;
-3.21,0.77,-0.42;
-2.83,0.62,-0.02;
-1.80,-0.13,-0.45;
-2.18,-0.61,-0.97;
-4.89,0.00,-0.39;
-7.94,0.23,-0.10;
-9.57,0.80,-1.01;
-8.09,0.98,-1.33;
-5.37,0.59,-1.13;
-2.99,0.52,-1.59;
-0.75,0.17,-1.88;
-0.58,0.28,-2.28;
-1.13,0.40,-2.05;
-1.36,0.05,-0.89;
-3.89,-0.25,-0.49;
-8.72,-0.32,-0.75;
-10.64,-0.16,-0.05;
-11.30,-0.18,1.23;
-9.13,-1.23,1.72;
-8.20,-1.87,0.55;
-8.57,-1.55,0.30;
-8.44,-1.61,0.58;
-7.10,-1.89,0.50;
-7.16,-1.84,0.41;
-7.25,-1.37,-0.05;
-7.39,-1.74,0.26;
-7.07,-2.18,0.45;
-6.58,-2.64,0.58;
-5.36,-2.68,0.76;
-5.88,-2.73,1.03;
-8.58,-2.10,0.74;
-8.93,-1.84,0.84;
-7.12,-2.01,1.06;
-5.13,-2.36,1.46;
-5.25,-2.15,1.08;
-5.34,-1.23,0.30;
-3.51,-1.69,0.32;
-2.12,-2.32,1.54;
-3.85,-2.42,1.89;
-4.81,-1.34,1.40;
-3.37,-1.22,1.02;
-1.27,-1.28,0.71;
0.03,-0.77,0.48;
1.37,-0.54,0.30;
1.86,-0.70,0.04;
1.59,-0.79,-0.20;
1.50,0.39,-0.22;
1.77,1.20,0.26;
1.82,0.72,0.23;
0.09,0.31,0.36;
-0.08,1.01,-0.26;
-0.03,1.79,0.10;
-1.74,1.87,1.11;
-1.56,1.70,0.23;
-0.00,2.74,-1.03;
3.72,2.39,-1.50;
4.21,2.51,-0.63;
2.56,1.96,-0.57;
0.14,2.60,0.04;
-1.91,3.18,0.18;
-2.63,3.09,0.01;
-2.79,3.20,0.32;
-1.73,3.27,0.16;
0.12,2.91,-0.52;
-0.09,3.53,-1.16;
0.26,3.64,-1.65;
0.11,3.24,-1.10;
-0.37,2.68,-1.23;
-2.40,3.33,-1.18;
-3.56,3.27,-0.90;
-2.89,2.71,-0.54;
-2.76,2.49,-0.75;
-4.69,2.40,-0.84;
-4.47,2.31,-1.42;
-2.11,2.48,-1.29;
-0.64,1.99,-0.64;
0.08,2.00,-0.57;
-1.50,2.39,-1.35;
-2.03,2.97,-0.83;
-0.38,2.78,-0.94;
0.72,2.48,-1.38;
1.22,2.48,-1.48;
1.53,3.13,-1.82;
2.82,2.89,-1.62;
3.43,2.31,-1.00;
0.93,2.39,-1.03;
-0.93,2.84,-1.41;
-0.49,3.09,-0.98;
0.88,2.65,-0.80;
0.76,2.02,-0.39;
-0.83,2.07,-0.19;
-1.62,1.94,-0.77;
-2.06,1.88,-0.77;
-1.53,1.46,-0.84;
-0.87,1.12,-0.61;
-0.98,1.09,0.21;
-1.37,1.26,0.18;
-1.88,1.53,-0.20;
-0.76,1.06,-0.71;
-1.08,0.49,-0.77;
-0.54,0.91,-0.83;
-1.10,1.41,-0.26;
-1.15,0.77,-0.31;
-0.58,0.88,-1.03;
0.06,0.83,-1.38;
-0.32,0.66,-1.23;
-1.45,0.60,-1.15;
-3.31,0.42,-1.13;
-3.68,0.34,-0.74;
-2.66,0.13,-0.26;
-1.25,-0.01,0.04;
-2.63,-0.42,-0.11;
-4.81,0.00,-0.60;
-5.30,0.59,-0.61;
-4.47,0.13,-0.28;
-2.46,-0.01,0.13;
-2.63,-0.09,-0.14;
-2.69,0.39,-0.32;
-2.49,0.74,0.15;
-1.59,0.26,0.10;
-2.25,0.26,-0.08;
-3.27,0.52,-0.51;
-3.60,1.10,-0.25;
-1.28,0.65,-0.00;
-1.39,0.66,-0.03;
-1.76,1.24,0.16;
-3.31,1.21,-0.39;
-4.05,1.17,-1.07;
-3.53,1.30,-1.26;
-0.76,1.09,-0.90;
1.98,0.72,-0.17;
1.88,0.54,-0.20;
-1.74,0.69,-0.69;
-4.58,1.01,-0.49;
-4.95,1.35,-0.71;
-2.98,0.84,-0.43;
-1.08,0.89,-0.20;
-0.43,0.74,-0.45;
0.87,0.97,-0.69;
0.14,1.49,-0.63;
0.98,1.23,-0.54;
0.53,1.29,-0.94;
-0.26,1.30,-1.68;
1.46,0.97,-1.76;
1.79,1.04,-1.26;
2.72,0.63,-0.00;
2.47,0.46,-0.06;
0.29,0.66,-0.49;
-0.20,0.49,-0.35;
-1.04,0.40,-0.35;
-2.23,0.31,0.18;
-1.62,0.55,-0.17;
1.27,0.37,-1.97;
4.24,0.45,-1.99;
4.43,0.11,-2.35;
3.08,-0.12,-0.74;
0.14,-0.18,0.04;
-2.66,-0.38,0.21;
-2.93,-0.10,-0.49;
-2.55,0.20,-0.22;
-1.31,-0.06,-0.32;
0.72,-0.54,0.09;
0.99,-0.79,0.01;
-1.59,-0.47,-0.19;
-4.34,-0.03,-1.33;
-2.70,0.80,-0.86;
-1.25,0.04,-1.21;
-0.87,-0.06,-0.78;
0.08,0.08,-0.89;
1.30,-0.53,-0.71;
0.18,-0.68,-0.02;
-2.70,-1.06,0.18;
-5.08,-0.36,0.70;
-6.54,-0.30,1.37;
-5.83,-0.47,0.97;
-5.04,-1.12,1.31;
-6.11,-0.93,0.19;
-5.05,-0.10,0.23;
-4.18,-0.21,0.58;
-4.14,-0.97,0.71;
-3.71,-1.57,1.75;
-3.66,-1.86,1.28;
-4.35,-1.95,1.87;
-7.10,-2.07,1.58;
-6.90,-2.33,1.54;
-6.61,-2.35,1.48;
-8.50,-1.31,1.84;
-10.66,-1.06,1.72;
-10.95,-1.11,0.90;
-11.66,-2.65,0.97;
-11.36,-3.26,1.46;
-9.36,-3.46,2.44;
-7.45,-3.89,4.29;
-9.56,-3.05,6.01;
-12.18,-2.58,5.94;
-14.03,-2.01,4.74;
-13.59,-0.56,3.54;
-8.93,0.49,3.83;
0.98,0.54,1.65;
10.75,0.10,-0.90;
13.19,0.36,-1.88;
11.95,0.66,-2.52;
9.14,0.62,-2.71;
8.20,0.51,-2.61;
5.80,0.40,-2.14;
4.09,0.31,-1.70;
4.29,-0.56,-2.71;
5.46,-0.94,-2.80;
5.60,-0.87,-2.02;
6.20,-1.16,-0.90;
8.41,-2.19,-0.35;
9.51,-3.52,-0.45;
9.08,-4.77,-1.01;
5.74,-5.61,-0.08;
2.56,-5.98,-0.51;
0.79,-6.36,-0.22;
-0.11,-6.38,2.44;
-1.88,-6.50,2.33;
-1.99,-7.08,2.15;
0.73,-6.83,1.14;
3.24,-8.39,0.76;
4.84,-9.89,0.56;
6.79,-10.53,-0.19;
6.34,-11.05,0.58;
5.95,-11.14,1.95;
4.38,-11.86,3.22;
2.59,-12.04,3.14;
-0.57,-10.99,3.16;
-1.53,-10.54,3.77;
2.09,-12.06,4.00;
5.14,-13.96,3.63;
7.63,-16.04,3.98;
4.32,-16.35,4.84;
6.08,-15.77,4.97;
10.46,-16.35,6.47;
14.29,-17.00,7.34;
20.38,-18.09,6.32;
22.56,-19.58,6.84;
18.11,-20.25,8.35;
16.15,-20.56,9.69;
16.75,-19.74,9.84;
22.73,-21.11,8.91;
27.53,-23.96,8.24;
28.56,-26.00,8.82;
24.58,-27.08,9.74;
18.17,-27.19,11.28;
10.34,-24.36,11.58;
8.03,-23.09,12.58;
9.50,-23.71,13.25;
10.55,-25.12,14.32;
10.44,-25.14,14.96;
10.69,-24.22,13.84;
16.96,-24.35,12.07;
24.92,-23.32,10.19;
30.78,-22.47,9.23;
34.85,-23.11,7.75;
34.96,-24.71,7.06;
31.62,-24.62,8.53;
22.18,-23.89,11.19;
15.02,-23.52,12.04;
13.68,-22.73,13.36;
22.06,-24.41,19.02;
37.51,-28.65,20.39;
42.20,-28.97,16.04;
38.99,-22.82,11.66;
44.99,-17.52,7.31;
55.72,-14.61,4.58;
57.24,-17.29,4.81;
44.98,-20.12,6.03;
26.21,-16.68,8.41;
15.34,-14.94,12.61;
10.40,-19.03,16.84;
8.99,-21.95,19.16;
3.31,-22.51,21.32;
-1.25,-21.93,22.65;
5.48,-21.66,21.75;
14.78,-23.63,19.72;
21.34,-22.97,16.39;
21.62,-20.36,10.33;
38.20,-15.95,6.85;
51.54,-17.29,6.88;
50.81,-21.55,5.55;
34.87,-19.96,4.59;
16.03,-15.23,5.87;
6.38,-8.80,6.62;
20.06,-5.49,8.64;
37.37,-10.13,7.74;
40.95,-15.48,0.73;
24.26,-10.04,-3.39;
4.03,-0.97,-1.21;
3.27,0.16,2.81;
12.46,-3.20,2.68;
16.58,-1.26,1.25;
13.66,4.40,-2.45;
12.29,13.20,-6.60;
22.88,15.39,-3.65;
28.46,10.88,-1.96;
25.22,10.81,-3.59;
6.50,18.19,-5.03;
-2.96,24.57,-7.10;
6.85,25.21,-6.80;
19.74,22.31,-6.23;
25.97,23.50,-7.76;
21.10,26.39,-9.58;
12.40,29.36,-9.90;
7.34,31.35,-9.36;
8.69,32.29,-9.38;
13.33,33.10,-10.75;
22.70,35.18,-14.23;
37.65,37.87,-17.91;
47.27,37.58,-18.66;
50.41,36.33,-17.87;
43.30,37.90,-15.70;
30.26,39.52,-12.63;
15.22,40.92,-10.52;
4.46,42.69,-10.95;
1.94,43.23,-11.77;
0.78,43.82,-11.74;
4.55,43.65,-9.79;
10.56,43.71,-10.11;
15.19,43.39,-12.00;
18.90,41.94,-14.89;
18.29,41.91,-16.55;
17.86,41.68,-15.64;
11.63,39.78,-13.88;
0.20,37.90,-10.34;
-11.34,37.35,-5.52;
-18.38,36.14,-3.56;
-23.95,37.07,-1.47;
-18.95,36.17,-2.46;
-15.54,32.23,-4.68;
-18.96,30.25,-6.20;
-19.77,32.97,-3.84;
-15.22,34.46,-0.54;
-8.73,33.26,0.27;
-9.30,28.92,-3.79;
-18.66,30.51,-5.77;
-20.72,33.97,-3.67;
-14.81,34.72,-0.71;
-13.30,32.72,-2.86;
-17.47,31.67,-5.03;
-27.01,33.56,-5.97;
-30.18,36.17,-6.17;
-30.76,36.02,-6.46;
-33.74,34.08,-6.17;
-41.27,32.43,-4.20;
-52.29,33.64,-1.67;
-52.58,35.12,0.53;
-44.79,33.27,-0.10;
-40.12,34.83,-3.21;
-33.70,34.60,-5.70;
-27.13,35.99,-11.56;
-8.37,36.86,-21.91;
24.34,36.48,-25.35;
51.28,38.74,-23.79;
66.15,47.46,-28.58;
83.31,52.91,-39.85;
97.22,50.20,-44.20;
97.39,46.04,-42.46;
81.92,43.47,-37.82;
59.97,49.97,-34.31;
31.07,68.75,-32.02;
28.09,68.62,-30.64;
23.17,59.17,-27.82;
10.87,59.67,-23.65;
0.72,61.10,-20.19;
4.98,58.33,-19.48;
8.67,59.13,-14.95;
8.12,63.50,-11.32;
15.36,71.93,-13.36;
13.42,64.28,-13.21;
14.98,67.23,-17.48;
14.53,63.39,-18.97;
13.80,63.06,-17.04;
14.32,63.29,-15.07;
16.35,56.95,-14.06;
19.71,51.68,-12.45;
28.14,48.60,-11.33;
32.90,36.39,-8.14;
33.10,33.64,-3.10;
31.05,27.73,-1.39;
21.91,22.29,-1.18;
12.81,16.74,-0.57;
4.98,13.78,0.03;
-5.25,11.87,1.77;
-15.50,11.90,4.52;
-18.29,10.78,6.79;
-9.56,10.94,11.58;
4.98,1.96,14.03;
16.37,-1.51,12.76;
31.22,-0.09,13.36;
45.85,-3.81,14.13;
55.43,-6.70,16.38;
65.45,-10.03,21.48;
62.99,-18.24,26.85;
55.80,-21.22,26.24;
54.58,-22.22,25.36;
63.11,-22.70,24.79;
58.32,-29.48,24.44;
36.90,-30.16,22.96;
22.76,-31.05,21.65;
14.75,-34.71,20.99;
7.48,-38.24,21.81;
0.81,-40.03,21.74;
-10.11,-41.12,18.10;
-17.80,-42.48,11.92;
-23.88,-44.45,8.09;
-31.01,-46.48,6.04;
-37.94,-47.69,5.14;
-44.08,-47.19,2.73;
-51.91,-46.21,-1.19;
-62.58,-43.45,-5.03;
-73.99,-40.13,-7.10;
-83.21,-38.35,-10.25;
-92.76,-36.51,-15.68;
-98.44,-31.64,-24.98;
-98.50,-25.63,-32.45;
-93.10,-19.55,-40.13;
-81.59,-14.21,-43.82;
-67.30,-12.96,-42.54;
-41.18,-14.68,-38.51;
-12.83,-13.31,-37.21;
-4.90,-11.67,-32.84;
6.20,-2.96,-32.23;
20.59,3.90,-33.38;
27.91,4.40,-33.96;
