8.39,0.61,0.77;
6.51,-1.79,-1.25;
-0.41,-1.65,-0.61;
-6.96,-0.46,1.69;
-7.64,-0.31,3.55;
-5.72,-0.78,3.70;
-2.96,-0.18,1.85;
1.44,-0.37,0.17;
5.41,-0.93,-1.25;
4.22,-1.68,-1.17;
0.23,-0.47,-0.27;
-1.28,1.48,0.17;
2.04,1.07,0.43;
6.57,-0.75,-1.00;
4.54,-1.42,-1.70;
-0.97,0.20,-0.68;
-4.94,1.82,1.07;
-4.76,1.56,1.70;
-2.24,0.27,1.69;
-0.62,-0.06,-0.12;
-1.08,0.55,-1.55;
-0.44,1.40,-1.72;
1.15,0.69,-0.82;
2.66,-0.35,-0.59;
0.62,-0.86,-1.02;
-1.90,-0.11,-0.80;
-5.23,0.88,-0.22;
-6.48,0.91,0.78;
-3.02,0.30,0.68;
-2.24,-0.54,-0.13;
-1.40,-0.61,-0.22;
-2.16,-0.02,-0.25;
-3.32,0.06,-0.10;
-4.45,-0.43,-0.51;
-5.49,0.96,-0.06;
-3.26,1.22,-0.04;
1.21,0.84,-0.44;
0.80,-0.78,-1.26;
-0.32,-0.57,-1.28;
-4.04,-0.03,0.05;
-5.96,0.06,0.68;
-6.93,0.32,0.27;
-4.51,-0.17,-0.07;
-2.53,-1.13,0.39;
-3.00,-2.00,0.89;
-5.72,-0.57,1.62;
-6.94,0.20,0.49;
-3.96,-0.21,0.19;
0.17,-1.33,0.49;
0.69,-1.79,0.23;
-1.48,-0.44,-0.22;
-1.31,-0.11,0.22;
-2.93,-2.26,0.80;
-7.89,-2.25,1.39;
-13.96,0.06,1.90;
-12.80,1.14,2.31;
-7.83,1.07,2.28;
-2.39,0.59,1.03;
-0.38,1.10,-0.28;
-0.12,2.85,-0.71;
-0.82,3.19,0.97;
-2.65,2.66,4.07;
-4.29,2.75,4.68;
-4.85,3.42,3.35;
-4.68,5.13,3.06;
-2.48,8.98,5.18;
1.44,9.62,8.77;
3.18,5.25,11.17;
-4.39,3.77,9.06;
-8.30,6.47,5.67;
-6.79,9.17,4.60;
1.64,7.46,2.36;
6.52,5.05,1.41;
4.80,4.61,2.02;
0.13,5.40,1.35;
-3.26,4.61,2.52;
-5.25,1.75,4.71;
-8.93,1.14,5.96;
-8.67,1.07,6.49;
-7.98,-1.33,6.37;
-12.24,0.20,6.48;
-10.41,3.17,4.72;
-3.67,3.10,3.58;
2.34,-4.28,5.14;
-4.36,-5.89,6.25;
-18.03,-3.48,4.63;
-29.08,-2.02,3.14;
-37.89,-1.96,6.10;
-31.49,-2.79,7.99;
-16.94,-3.70,7.26;
-7.89,-2.81,6.28;
0.78,2.38,2.52;
9.91,1.94,1.53;
11.64,-4.52,2.66;
1.27,-6.28,5.10;
-19.09,-2.67,7.23;
-27.34,-0.61,6.36;
-22.99,-2.06,5.21;
-15.96,-4.75,5.01;
-14.80,-3.88,2.75;
-16.19,-2.32,2.43;
-18.29,-2.78,4.22;
-15.02,-0.61,3.58;
-7.08,0.70,2.66;
2.34,-0.60,-0.36;
5.81,-1.89,-4.71;
1.29,-1.62,-7.20;
-5.86,2.03,-5.61;
-4.97,4.67,-3.64;
2.19,4.33,-3.05;
11.06,1.27,-4.83;
10.91,-0.23,-6.62;
0.37,4.50,-6.88;
-2.91,7.56,-4.74;
-0.13,5.22,-2.01;
2.98,2.08,-0.90;
-1.81,1.40,-2.10;
-9.43,2.99,-3.00;
-17.69,5.24,-2.73;
-12.48,6.66,-1.06;
-2.12,4.46,-0.54;
8.23,3.97,-1.73;
16.28,4.90,-4.47;
17.38,4.46,-5.43;
10.33,2.87,-5.51;
0.34,3.91,-4.91;
-2.21,6.44,-3.95;
3.04,5.27,-2.39;
10.00,2.04,-0.85;
9.88,0.85,-1.15;
2.84,3.28,-3.02;
-1.69,4.87,-3.72;
1.36,3.62,-2.36;
4.28,2.03,-2.13;
7.87,2.30,-2.94;
13.00,1.50,-2.56;
14.04,0.14,-1.63;
11.15,-0.92,-1.75;
3.68,0.33,-2.85;
-1.45,3.74,-2.74;
4.28,3.65,-1.34;
9.46,2.14,-0.27;
8.66,0.98,-1.02;
6.37,1.45,-2.88;
4.91,1.50,-3.20;
0.80,1.62,-1.80;
-1.31,1.59,0.39;
-2.18,2.01,2.33;
1.04,0.75,2.48;
3.09,-1.63,2.63;
-0.79,-1.71,2.94;
-4.39,-0.12,2.30;
-5.89,0.70,2.10;
-2.47,0.58,1.88;
3.10,0.70,2.23;
8.89,-0.83,1.32;
9.35,-2.21,1.18;
4.60,-2.96,2.62;
-1.14,-1.96,4.02;
-6.12,-1.60,3.79;
-6.97,-1.13,1.32;
-3.57,-0.60,0.89;
3.35,-1.39,0.97;
6.57,-2.25,2.20;
5.09,-3.18,1.75;
0.88,-3.79,1.03;
-2.67,-2.84,0.39;
-2.09,-2.86,2.16;
2.20,-2.98,3.56;
6.81,-2.93,2.71;
9.30,-5.07,1.85;
8.60,-8.25,0.31;
0.95,-10.92,3.93;
-9.67,-9.10,10.14;
-12.61,-10.08,11.81;
-11.63,-12.63,10.27;
-10.51,-14.95,9.94;
-12.22,-16.29,13.62;
-21.66,-17.16,19.46;
-25.29,-17.89,23.58;
-17.98,-21.39,23.46;
-14.51,-25.47,21.94;
-19.02,-31.01,18.46;
-26.62,-29.34,15.94;
-26.42,-23.89,18.01;
-17.43,-23.53,26.72;
-12.13,-26.18,32.75;
-13.25,-28.75,27.07;
-9.08,-29.86,15.01;
0.89,-26.70,15.29;
9.03,-26.58,26.13;
-0.64,-28.46,33.10;
-10.51,-30.66,26.68;
-16.53,-29.42,20.07;
-7.02,-34.08,26.54;
-3.35,-37.22,43.29;
-21.08,-38.73,46.45;
-27.32,-36.12,32.01;
-16.82,-32.08,23.93;
11.04,-35.44,28.71;
24.34,-43.70,40.66;
32.20,-47.56,44.54;
21.64,-43.74,41.91;
5.23,-35.10,35.61;
4.88,-34.55,30.89;
4.75,-35.53,32.34;
3.71,-37.53,40.72;
-5.35,-40.79,40.25;
-5.43,-36.63,34.42;
0.17,-29.68,36.16;
6.02,-26.98,45.04;
13.49,-31.04,43.32;
13.01,-37.12,35.78;
17.46,-38.32,30.65;
3.23,-33.54,32.51;
-6.18,-27.25,34.27;
6.74,-27.36,36.16;
20.33,-34.00,34.80;
8.11,-35.92,34.17;
1.71,-31.92,35.61;
3.58,-23.47,40.66;
13.75,-22.05,46.28;
28.42,-28.18,37.87;
12.16,-32.61,27.62;
-0.24,-30.52,23.47;
-11.63,-24.32,26.68;
6.33,-21.62,34.39;
12.91,-22.63,39.29;
27.09,-27.28,36.37;
23.85,-30.67,28.65;
10.69,-28.23,28.45;
-5.64,-19.60,33.75;
0.98,-12.35,36.25;
20.55,-15.80,32.46;
26.69,-23.45,27.55;
18.69,-28.17,18.88;
-2.42,-24.92,17.78;
-5.38,-17.83,23.47;
9.38,-13.92,35.87;
16.22,-14.76,38.34;
13.70,-17.54,27.30;
8.62,-18.03,18.75;
8.66,-12.79,22.51;
15.30,-10.05,29.20;
19.71,-11.73,32.07;
9.00,-14.96,26.78;
7.50,-15.57,16.34;
7.50,-11.96,13.88;
14.08,-8.41,16.85;
11.46,-7.45,18.68;
-3.57,-8.37,17.04;
-8.73,-6.60,14.46;
11.79,-5.99,13.76;
22.94,-2.81,19.78;
4.16,0.76,20.54;
-18.32,1.27,11.00;
-17.90,0.64,9.44;
-5.31,1.40,14.28;
7.91,1.28,18.05;
2.80,4.17,14.37;
-3.86,6.66,6.33;
-2.19,6.14,-5.09;
13.10,5.19,-6.71;
21.26,3.01,-2.56;
-1.48,3.74,1.27;
-28.04,6.52,-4.41;
-26.03,9.24,-12.13;
-16.30,13.33,-11.20;
-3.54,17.53,-6.28;
-5.35,19.24,-5.37;
-10.65,22.20,-9.34;
-12.22,28.17,-13.20;
-0.48,29.91,-15.12;
1.93,28.08,-12.39;
-19.00,26.29,-15.78;
-41.00,27.62,-26.31;
-37.63,29.21,-29.89;
-30.24,32.58,-22.90;
-24.30,37.80,-15.66;
-27.19,39.31,-20.02;
-30.48,39.43,-29.61;
-32.38,39.42,-38.65;
-46.04,40.52,-40.38;
-34.53,42.75,-39.43;
-17.83,44.56,-33.34;
-14.12,46.12,-28.31;
-23.46,45.83,-37.70;
-28.51,45.45,-52.18;
-31.37,49.14,-58.73;
-24.93,49.25,-54.61;
-24.73,49.22,-49.23;
-26.16,48.53,-45.03;
-25.80,50.29,-44.90;
-26.09,51.74,-52.86;
-44.88,54.79,-59.90;
-51.78,60.26,-62.31;
-40.04,64.17,-56.74;
-29.83,61.94,-46.76;
-39.11,57.71,-47.23;
-53.23,60.14,-59.26;
-54.24,58.56,-65.67;
-38.87,51.31,-68.56;
-25.52,49.56,-63.99;
-19.34,53.37,-58.71;
-18.97,56.79,-59.80;
-7.66,57.31,-64.51;
-2.93,53.79,-66.85;
-4.06,48.41,-65.66;
-15.35,44.24,-60.59;
-28.01,41.60,-59.81;
-29.58,40.93,-62.80;
-13.55,39.28,-61.46;
7.84,42.01,-50.74;
11.96,41.59,-37.44;
10.07,36.88,-37.54;
-2.45,32.58,-45.22;
26.33,31.27,-51.99;
48.92,29.59,-44.77;
66.98,23.86,-27.69;
73.64,17.07,-18.22;
64.55,15.10,-21.57;
18.19,10.27,-33.66;
-21.19,13.86,-36.09;
-11.72,18.95,-25.37;
13.68,20.38,-10.82;
47.58,14.88,-2.06;
66.92,0.40,-5.90;
26.07,-3.94,-7.96;
-28.97,4.62,-8.71;
-54.36,16.30,-3.72;
-31.48,19.36,4.07;
9.35,6.58,8.71;
29.07,-7.83,3.03;
12.94,-7.73,-0.99;
-0.27,-0.92,-0.19;
-4.56,5.97,6.65;
-16.35,2.18,6.80;
-25.46,-1.30,3.78;
-12.68,0.43,2.77;
-7.49,1.77,3.96;
3.99,-0.72,2.81;
9.75,-3.92,4.69;
-1.14,-1.63,7.04;
-12.38,3.43,5.52;
-7.43,4.40,2.22;
8.26,1.10,0.22;
19.06,-3.63,2.04;
16.34,-5.02,4.05;
5.82,-2.21,2.74;
-1.67,1.56,3.15;
1.75,0.37,4.16;
4.98,-4.23,5.14;
6.83,-4.17,6.14;
8.02,-2.98,8.91;
3.67,-2.44,10.14;
-1.41,-3.09,6.40;
2.14,-3.53,4.01;
3.85,-4.12,2.52;
5.55,-3.04,4.51;
7.03,-2.26,7.88;
7.88,-1.91,9.78;
0.43,-2.99,7.58;
3.99,-4.18,6.88;
7.38,-6.92,6.02;
4.55,-4.76,5.70;
4.65,-4.87,6.60;
2.23,-6.29,7.88;
-1.32,-5.76,8.74;
-0.38,-4.55,9.64;
2.74,-6.06,8.71;
7.90,-9.97,9.70;
10.52,-14.54,13.88;
3.73,-14.00,18.11;
-7.57,-13.19,17.78;
-13.77,-10.76,16.36;
-8.48,-11.53,14.14;
-3.74,-12.95,14.60;
6.89,-14.09,16.11;
10.77,-15.44,17.41;
9.88,-17.63,13.43;
13.88,-18.02,10.80;
16.89,-16.63,14.83;
21.58,-17.34,26.31;
15.24,-22.09,31.03;
4.39,-27.65,25.33;
-7.90,-27.96,20.51;
-3.03,-28.93,21.82;
-0.59,-27.99,28.92;
-3.74,-27.25,33.72;
-5.45,-31.91,29.87;
3.10,-35.27,21.17;
19.30,-35.07,18.20;
24.88,-29.80,28.05;
19.03,-26.05,38.97;
3.10,-24.61,38.88;
3.24,-31.83,33.46;
7.91,-39.62,30.27;
10.92,-37.65,32.11;
-10.12,-34.57,33.67;
-19.89,-24.93,34.30;
-0.50,-27.39,34.86;
20.28,-36.76,38.07;
16.17,-39.82,42.36;
2.84,-36.00,42.31;
-11.86,-27.28,39.72;
-8.36,-27.34,38.83;
-1.17,-33.70,35.62;
-9.29,-34.87,32.39;
-7.37,-29.88,30.07;
-2.79,-22.23,30.05;
12.51,-20.29,30.72;
18.43,-21.36,29.87;
23.73,-28.61,26.60;
10.14,-29.80,24.94;
-0.82,-27.31,26.34;
-3.77,-21.71,32.11;
6.68,-22.60,40.19;
12.42,-26.86,39.20;
9.78,-31.89,31.62;
5.84,-29.48,26.69;
1.67,-26.64,29.65;
13.59,-26.37,29.90;
20.20,-27.92,27.15;
17.93,-27.44,25.67;
14.05,-25.83,25.53;
16.97,-22.63,24.88;
15.17,-21.30,25.99;
23.06,-23.85,23.78;
10.59,-28.69,23.62;
-1.52,-27.62,25.69;
4.37,-24.55,27.29;
26.19,-21.80,27.65;
28.78,-23.94,29.20;
19.87,-25.82,28.95;
7.99,-25.51,24.13;
17.42,-26.12,21.62;
30.71,-24.84,26.14;
11.27,-23.47,30.98;
-1.06,-20.58,26.27;
1.85,-17.02,22.08;
13.84,-16.90,22.77;
30.34,-19.50,23.56;
32.10,-21.09,19.96;
21.67,-19.44,17.59;
12.94,-16.05,15.00;
11.88,-16.93,16.65;
11.36,-17.79,20.08;
4.62,-18.41,23.85;
1.18,-16.64,20.49;
2.63,-13.16,17.07;
7.10,-10.37,18.51;
19.30,-8.96,20.39;
32.31,-9.67,18.88;
29.58,-12.00,17.81;
14.33,-13.60,16.65;
-0.58,-14.70,11.47;
-3.05,-14.21,7.79;
4.97,-11.68,9.46;
17.23,-15.77,13.01;
8.95,-15.99,16.69;
-4.10,-14.21,16.65;
-1.41,-8.50,10.88;
16.69,-4.54,6.22;
21.36,-1.02,10.07;
12.92,0.26,12.69;
19.24,-3.39,5.30;
15.30,-6.44,-1.60;
-4.87,-3.45,-3.14;
-7.11,-1.89,-3.35;
-4.67,2.84,0.45;
-1.35,7.48,2.69;
-2.53,12.18,0.10;
-1.95,12.23,-5.37;
2.52,11.79,-8.31;
0.75,14.93,-5.69;
-4.29,16.58,-3.98;
-3.71,17.86,-8.86;
-11.03,18.27,-12.53;
-15.95,17.94,-16.21;
-16.62,20.27,-17.14;
-14.83,21.82,-17.34;
-12.10,23.02,-18.56;
-13.72,25.25,-16.36;
-12.87,27.43,-16.36;
-16.03,27.72,-20.39;
-23.78,29.75,-20.19;
-22.06,32.01,-19.86;
-10.48,29.59,-23.99;
-8.30,27.01,-27.22;
-32.54,28.44,-27.37;
-44.62,28.49,-31.31;
-33.58,30.38,-32.42;
-13.22,31.14,-27.48;
-15.86,32.06,-23.93;
-27.51,34.06,-31.03;
-32.99,39.43,-40.30;
-10.36,42.59,-40.19;
15.30,35.43,-33.84;
-16.73,25.57,-33.75;
-56.04,27.01,-48.07;
-56.94,39.63,-52.99;
-27.22,53.34,-40.73;
6.11,48.04,-28.33;
6.05,33.17,-31.66;
-32.22,25.50,-57.57;
-45.22,34.85,-72.39;
-38.68,47.04,-59.08;
-15.90,59.65,-31.09;
-1.37,46.33,-22.93;
-28.94,32.90,-40.90;
-54.96,36.43,-65.31;
-41.64,50.15,-65.77;
-7.48,58.46,-43.73;
7.68,46.15,-30.51;
-17.67,35.36,-39.90;
-46.06,34.95,-62.76;
-54.25,40.75,-68.96;
-49.58,46.95,-58.51;
-28.93,49.86,-38.57;
-25.19,46.55,-29.51;
-20.13,38.23,-34.50;
-32.76,35.85,-46.44;
-39.46,33.11,-52.04;
-32.54,38.55,-43.40;
-17.93,44.59,-32.07;
-8.80,38.64,-37.09;
-4.77,28.93,-50.44;
-8.76,28.32,-51.44;
-5.81,31.88,-42.62;
-11.26,30.84,-35.51;
-20.07,24.00,-34.70;
-29.34,22.85,-38.93;
-24.56,22.76,-40.82;
-11.57,23.05,-31.78;
26.83,19.91,-19.98;
40.16,19.02,-14.74;
34.55,19.86,-17.87;
29.65,18.23,-26.64;
27.70,21.46,-32.22;
26.59,25.04,-31.81;
39.20,22.38,-41.22;
51.97,18.17,-50.83;
60.86,21.94,-44.91;
62.48,15.57,-26.50;
55.96,6.18,-16.59;
40.05,2.09,-14.56;
9.03,1.39,-7.87;
-19.09,1.04,1.73;
-30.25,7.19,12.08;
-16.18,4.99,15.55;
-6.79,-1.76,14.11;
-19.51,-7.31,5.69;
-37.89,-5.31,1.03;
-39.05,-0.21,2.81;
-11.25,-0.98,7.46;
12.66,-2.12,10.65;
26.98,-6.92,9.06;
7.93,-4.76,3.96;
-13.11,4.12,3.32;
-17.26,8.82,6.48;
-6.97,6.41,7.56;
-0.10,0.43,3.20;
-0.10,-5.59,-3.38;
-10.36,-2.28,-7.08;
-7.84,4.14,1.01;
3.18,4.87,11.00;
10.71,-3.24,16.86;
-5.71,-8.70,12.22;
-25.22,-5.73,5.96;
-30.54,-0.15,3.78;
-18.76,1.59,5.00;
-12.19,-2.60,7.26;
2.62,-5.13,6.78;
6.29,-3.97,6.49;
7.73,0.08,5.41;
5.73,-0.54,5.72;
3.39,-4.05,5.35;
-3.26,-5.57,5.78;
-6.96,-4.84,7.36;
-6.25,-4.57,9.35;
-2.74,-6.46,10.85;
-4.07,-8.03,11.49;
-2.33,-10.06,12.40;
-8.06,-11.74,14.52;
-5.63,-13.13,17.00;
-3.38,-14.44,21.35;
-1.71,-16.93,23.21;
-4.48,-19.33,25.15;
-6.96,-18.95,25.04;
-10.42,-17.41,22.49;
-1.86,-18.11,16.98;
8.07,-18.76,18.72;
10.43,-19.99,22.74;
11.44,-17.21,23.85;
11.99,-13.96,16.10;
25.88,-18.14,11.29;
47.81,-25.88,19.90;
48.83,-29.65,32.92;
31.82,-34.20,28.30;
13.65,-32.75,20.27;
1.38,-25.28,18.63;
9.12,-28.40,28.20;
5.32,-32.32,37.56;
16.52,-40.29,41.70;
14.43,-34.58,43.82;
1.52,-26.47,40.02;
-10.70,-30.46,33.53;
-8.88,-34.55,29.50;
-1.25,-32.26,30.97;
20.68,-33.65,33.20;
41.30,-35.94,37.00;
33.24,-32.37,42.37;
2.95,-23.28,41.44;
-5.63,-23.62,36.52;
9.78,-33.91,29.99;
24.19,-42.75,28.71;
18.00,-44.93,33.93;
16.37,-37.57,45.35;
1.10,-31.53,52.30;
-4.18,-37.16,50.63;
7.73,-47.30,38.92;
14.16,-50.93,32.72;
0.75,-48.18,33.64;
-8.44,-37.10,37.30;
7.97,-24.99,40.49;
44.63,-32.11,38.62;
61.29,-45.73,35.73;
35.39,-48.46,33.06;
6.00,-36.55,30.57;
-4.83,-24.67,35.41;
0.63,-30.00,38.22;
14.26,-41.04,28.07;
5.32,-42.35,25.35;
-0.68,-34.52,30.13;
3.55,-22.75,40.56;
26.26,-19.57,45.70;
31.56,-21.42,44.66;
21.33,-27.18,36.14;
5.20,-26.26,25.33;
1.42,-25.60,22.83;
16.62,-24.37,29.59;
23.61,-24.32,35.15;
26.57,-27.47,28.48;
9.55,-29.44,21.98;
2.31,-28.15,19.52;
1.44,-26.34,20.52;
5.50,-22.99,24.04;
7.13,-16.73,27.73;
7.96,-13.01,31.47;
8.59,-8.69,31.65;
16.92,-11.18,25.58;
36.39,-16.28,24.17;
33.62,-20.17,29.39;
14.26,-21.39,25.00;
3.01,-23.77,14.54;
-7.96,-22.76,12.45;
-12.27,-19.68,14.42;
-7.34,-15.71,16.59;
0.19,-9.25,20.62;
13.07,-1.62,20.60;
21.56,-0.90,16.45;
29.32,-3.27,13.53;
23.44,-5.16,11.21;
14.42,-8.34,7.58;
-4.73,-8.50,8.72;
-20.10,-6.61,8.91;
-8.53,-5.25,6.30;
1.13,-4.29,4.97;
-3.61,-0.31,7.26;
-3.22,1.27,6.27;
3.81,1.24,4.08;
9.82,2.37,3.43;
12.72,2.99,4.19;
9.21,3.46,4.91;
-5.90,5.66,3.90;
-5.45,3.21,-3.92;
-11.48,3.77,-8.53;
-12.33,7.01,-6.44;
-12.16,9.45,-4.33;
-20.54,16.75,-0.31;
-21.55,20.59,3.07;
-15.67,20.03,2.13;
-8.32,18.09,-0.02;
-9.83,15.86,-0.02;
-20.62,13.53,-0.83;
-31.54,13.42,-3.92;
-34.97,18.49,-5.03;
-4.96,19.40,-9.99;
24.45,14.64,-14.94;
29.47,7.71,-12.91;
0.08,2.08,-20.02;
-30.18,6.33,-31.87;
-41.98,14.67,-32.30;
-19.26,23.97,-20.38;
3.42,25.28,-10.86;
-4.59,22.66,-3.67;
-25.23,23.92,-11.83;
-13.81,26.41,-23.96;
2.57,25.75,-24.97;
7.04,28.90,-16.09;
-1.86,26.03,-12.35;
-25.32,25.05,-18.76;
-55.78,27.82,-27.48;
-53.09,31.10,-29.28;
-26.12,38.17,-24.09;
-2.82,37.11,-22.96;
-9.87,35.11,-28.41;
-30.88,39.43,-37.09;
-29.06,45.77,-41.12;
-5.32,52.30,-32.13;
16.37,44.33,-28.67;
0.78,34.72,-33.61;
-52.12,32.62,-51.03;
-63.45,40.53,-60.09;
-41.77,51.62,-48.71;
-1.34,50.85,-28.61;
4.89,39.66,-23.72;
-27.35,32.58,-43.55;
-35.93,37.13,-59.52;
-31.02,48.85,-52.93;
-12.83,53.46,-39.35;
-15.20,48.35,-37.20;
-31.14,41.79,-48.90;
-39.86,47.45,-54.18;
-42.29,51.71,-51.60;
-39.58,58.11,-44.51;
-32.48,52.18,-43.34;
-21.09,40.64,-51.98;
-34.21,38.78,-70.74;
-25.58,45.68,-76.21;
-16.33,55.53,-57.87;
-14.62,57.74,-42.74;
-20.87,48.87,-36.90;
-31.09,35.83,-46.12;
-40.91,33.71,-59.19;
-30.97,37.65,-67.34;
-10.62,44.61,-49.80;
3.62,40.52,-34.39;
11.67,35.86,-28.22;
-6.09,28.04,-31.23;
-14.03,25.77,-44.73;
-8.12,26.82,-45.38;
1.35,28.09,-32.82;
25.62,23.05,-19.57;
38.66,19.71,-12.91;
27.07,17.79,-18.83;
-0.32,20.15,-33.77;
-3.11,22.20,-37.95;
15.17,20.04,-34.99;
43.03,22.96,-19.35;
71.87,23.16,-13.34;
73.27,20.62,-23.09;
54.55,15.85,-39.49;
28.40,20.35,-49.35;
22.97,26.37,-46.38;
40.62,27.17,-36.50;
76.63,23.33,-29.08;
119.21,12.41,-28.27;
111.01,7.95,-20.51;
75.33,7.46,-10.09;
22.81,8.55,-8.01;
-6.38,9.21,-8.73;
-22.64,5.62,-5.20;
-27.77,3.75,5.30;
-16.45,3.37,10.85;
5.67,0.90,11.75;
10.98,-5.62,5.78;
-18.04,-4.61,-0.85;
-25.26,0.03,-3.73;
-19.05,3.04,5.27;
1.99,-0.50,10.57;
-3.58,-5.42,4.52;
-13.90,-0.34,-4.02;
-14.01,4.70,-1.83;
-1.75,3.42,4.28;
10.95,-1.68,7.79;
9.01,-7.85,5.79;
-3.20,-6.84,3.35;
-21.77,0.03,3.87;
-21.61,1.28,5.15;
-10.61,-0.76,9.01;
-3.06,-4.95,9.64;
-0.24,-9.82,8.25;
-9.80,-5.54,6.49;
-16.50,-2.14,5.84;
-15.41,-2.23,7.38;
-7.12,-3.50,7.98;
5.33,-6.38,8.08;
9.06,-6.95,8.16;
9.50,-7.44,8.57;
6.05,-8.23,11.59;
-0.41,-8.67,15.52;
-14.88,-8.64,17.79;
-15.20,-9.82,15.99;
-15.08,-10.08,14.86;
-9.66,-12.18,15.07;
-7.74,-12.18,16.05;
-7.69,-12.41,16.49;
0.33,-12.63,16.10;
13.84,-16.76,15.33;
15.44,-18.64,15.24;
11.53,-18.55,18.30;
5.56,-16.06,25.96;
8.29,-18.60,29.91;
3.55,-22.02,30.28;
-2.73,-29.85,24.86;
-9.41,-29.54,20.13;
-3.35,-25.48,23.09;
5.44,-23.94,30.74;
18.16,-28.95,42.01;
5.76,-26.49,42.97;
13.30,-34.58,26.62;
11.78,-32.54,17.33;
8.68,-29.09,22.86;
9.44,-31.09,34.88;
-10.00,-30.93,49.73;
-12.09,-33.56,46.69;
-6.35,-34.35,40.43;
-5.54,-36.12,37.53;
11.12,-36.67,34.89;
-3.74,-33.22,43.39;
-6.25,-33.91,46.83;
-3.67,-34.29,43.81;
15.67,-39.22,37.52;
28.92,-39.34,36.74;
30.08,-36.37,42.81;
9.73,-30.99,50.86;
10.10,-34.31,48.42;
-2.64,-33.48,43.21;
1.75,-38.41,37.75;
7.41,-42.31,36.85;
7.68,-40.44,35.56;
3.39,-32.66,33.17;
7.53,-26.55,34.23;
29.00,-29.34,37.33;
30.69,-34.34,41.00;
26.49,-32.78,45.72;
15.42,-33.53,44.25;
-6.59,-32.92,45.73;
-11.54,-29.99,43.55;
-7.63,-26.72,38.37;
2.63,-30.55,35.17;
-1.09,-33.24,36.11;
-3.29,-30.26,37.07;
15.27,-24.26,40.37;
41.46,-21.21,42.31;
35.65,-26.11,40.86;
13.53,-33.18,32.34;
-0.88,-37.82,25.27;
4.84,-37.91,22.68;
16.10,-31.45,28.45;
19.01,-27.59,35.64;
11.73,-23.88,40.86;
14.49,-27.19,34.69;
15.30,-28.52,28.46;
11.62,-27.70,28.94;
6.02,-20.89,30.66;
18.17,-20.47,29.91;
28.11,-21.19,31.55;
16.94,-19.10,36.40;
-0.67,-21.34,30.01;
1.12,-20.92,22.17;
16.04,-20.12,19.65;
5.82,-15.12,27.85;
-4.03,-11.38,28.39;
-5.84,-11.74,27.72;
5.35,-10.57,27.07;
26.94,-14.15,23.94;
22.91,-14.90,22.86;
3.01,-11.67,19.06;
-0.79,-10.26,13.01;
5.18,-8.70,12.59;
11.30,-6.40,18.59;
7.07,-3.50,20.28;
-5.48,-2.34,15.61;
-16.33,-2.35,8.95;
-2.76,-0.54,9.59;
16.16,0.93,12.85;
7.41,3.88,16.80;
-11.25,6.58,12.66;
-11.54,8.23,5.06;
-2.77,7.66,-0.56;
7.76,8.52,-2.10;
12.65,7.83,-1.15;
-15.41,5.30,-3.51;
-43.08,8.52,-8.57;
-47.90,13.83,-9.48;
-17.17,19.13,-5.80;
7.90,21.34,-0.15;
12.10,16.61,4.02;
-16.12,13.77,-3.38;
-22.36,15.27,-11.31;
-5.40,17.37,-13.15;
7.04,23.16,-8.44;
-2.18,25.80,-4.80;
-19.69,20.04,-14.85;
-29.51,16.33,-27.66;
-7.71,11.46,-30.50;
2.59,14.47,-23.17;
-10.29,21.63,-16.44;
-24.30,24.37,-25.57;
-25.23,22.50,-35.49;
-16.18,23.65,-30.19;
6.69,25.30,-21.15;
-2.56,29.60,-17.70;
-29.28,30.27,-23.99;
-31.66,29.36,-32.27;
-14.22,27.30,-30.50;
-1.72,25.71,-26.70;
-11.96,26.53,-25.00;
-34.39,28.29,-35.49;
-42.74,31.27,-45.00;
-28.91,35.24,-43.22;
-7.61,36.37,-32.83;
0.08,34.32,-26.02;
-7.78,31.51,-31.40;
-14.39,34.14,-44.25;
-5.77,35.66,-53.96;
-3.46,38.90,-50.41;
-0.74,38.58,-43.35;
-19.86,38.41,-44.21;
-31.63,41.75,-45.52;
-27.51,47.98,-44.09;
-20.27,48.30,-39.55;
-22.07,44.91,-37.29;
-30.12,43.30,-41.54;
-40.15,40.88,-46.97;
-56.47,44.87,-50.27;
-51.96,49.43,-48.19;
-31.17,53.11,-39.31;
-17.86,46.64,-38.83;
-19.90,37.74,-46.06;
-41.57,34.91,-58.10;
-48.13,42.84,-63.20;
-23.66,50.99,-53.64;
-9.00,47.66,-42.27;
-1.14,31.94,-46.45;
-6.94,27.50,-57.58;
-15.38,31.82,-59.37;
-16.38,43.17,-48.70;
-5.41,44.84,-36.45;
4.59,33.27,-32.50;
14.95,21.34,-39.66;
10.19,23.60,-54.91;
2.75,30.18,-60.74;
8.16,35.16,-53.34;
13.04,37.79,-38.88;
12.66,29.54,-31.02;
12.14,25.04,-33.67;
8.13,25.31,-41.92;
12.52,28.59,-39.54;
21.24,28.21,-33.84;
45.93,21.75,-29.35;
63.56,17.75,-21.61;
48.72,16.27,-19.73;
32.29,14.96,-22.74;
28.40,14.69,-21.02;
41.36,15.07,-11.52;
49.39,11.53,-6.76;
50.26,12.18,-14.79;
50.54,16.37,-30.31;
54.10,20.73,-33.26;
69.27,20.33,-26.45;
85.81,17.22,-20.13;
96.46,15.88,-24.68;
108.00,16.47,-39.61;
90.07,19.10,-40.38;
73.96,18.18,-23.31;
69.85,12.67,-8.25;
56.25,8.32,0.17;
38.68,6.20,-5.83;
13.99,5.50,-3.32;
-25.32,2.14,2.80;
-48.96,-0.69,5.59;
-57.25,3.80,10.46;
-38.45,3.02,15.50;
-11.58,-3.76,14.95;
-14.01,-6.54,8.11;
-26.03,-3.48,2.68;
-26.07,3.53,1.96;
-4.54,6.29,6.42;
15.27,2.50,5.04;
14.91,-4.44,-3.55;
-2.39,-0.84,-3.06;
-9.31,2.59,3.52;
-7.46,3.68,10.25;
-2.25,-0.87,11.79;
-1.20,-4.61,7.53;
-2.53,-5.04,6.71;
-3.61,-4.66,8.37;
-2.19,-5.18,11.76;
-0.65,-7.94,18.62;
0.08,-10.40,17.64;
-3.16,-9.97,13.49;
-0.16,-10.96,12.45;
1.36,-12.32,17.27;
-2.71,-15.10,21.87;
-12.68,-17.45,24.08;
-10.27,-21.76,20.91;
-3.29,-24.20,18.01;
-0.77,-22.40,20.74;
-1.19,-17.71,24.89;
-0.47,-16.86,27.35;
-0.35,-19.54,22.01;
12.43,-23.51,11.14;
23.42,-23.73,6.92;
34.34,-15.91,12.17;
39.70,-12.32,18.17;
47.96,-15.83,19.38;
61.47,-27.01,18.71;
45.09,-32.28,13.59;
27.70,-30.72,9.69;
18.81,-27.53,11.44;
12.16,-30.76,23.90;
13.52,-39.68,34.19;
6.31,-42.64,37.47;
2.25,-40.79,34.66;
1.29,-29.80,38.66;
2.17,-24.87,45.58;
4.00,-32.67,46.85;
9.75,-40.46,41.12;
14.52,-40.00,34.81;
13.20,-35.04,40.60;
1.09,-29.82,50.02;
7.52,-34.90,53.17;
6.14,-40.50,50.85;
1.00,-49.91,44.97;
-3.48,-51.50,43.61;
-5.49,-47.07,46.42;
15.13,-39.79,51.53;
21.59,-34.64,60.25;
31.90,-38.34,53.79;
30.83,-43.01,44.01;
38.08,-45.01,40.11;
16.13,-40.37,44.57;
4.36,-31.77,43.38;
1.68,-30.58,35.07;
12.25,-33.59,26.97;
7.94,-33.51,29.88;
12.55,-30.05,39.52;
21.50,-26.06,49.26;
22.28,-28.03,45.91;
5.56,-29.42,36.51;
0.42,-25.47,38.46;
15.91,-21.01,48.81;
25.29,-21.59,52.62;
25.03,-29.86,42.01;
1.90,-33.04,28.89;
-1.83,-29.60,24.37;
16.33,-25.71,27.81;
28.46,-24.46,36.13;
10.05,-29.42,34.04;
-1.74,-27.30,23.43;
3.04,-18.72,24.31;
21.71,-10.87,31.26;
27.36,-15.19,33.26;
14.91,-22.49,24.11;
-0.54,-22.41,14.22;
4.51,-16.21,12.78;
17.97,-5.59,21.24;
22.20,-5.77,27.39;
11.20,-11.86,19.62;
-0.30,-14.12,7.58;
6.72,-9.97,7.94;
7.94,-0.78,17.61;
11.38,1.13,21.46;
11.42,-3.83,12.80;
-5.71,-6.37,1.26;
-9.09,-5.74,-2.94;
6.02,0.52,4.43;
4.52,5.98,14.71;
-1.14,7.46,14.40;
-2.61,3.33,5.04;
-7.05,1.60,-3.00;
-2.04,4.95,-2.31;
-1.03,9.37,0.07;
-14.18,11.91,-0.25;
-20.09,11.30,-5.40;
-17.14,12.55,-7.05;
-9.54,16.23,-3.25;
-0.80,19.75,-2.30;
1.65,17.92,-4.61;
-2.58,14.04,-9.09;
-11.40,13.88,-13.19;
-16.80,16.85,-15.08;
-14.73,17.36,-15.73;
-33.96,21.17,-11.54;
-36.67,23.88,-10.16;
-21.78,25.86,-10.71;
-7.38,28.84,-7.93;
-3.26,27.51,-9.64;
-15.03,27.42,-11.89;
-30.24,27.21,-15.23;
-32.18,27.66,-17.29;
-28.56,24.46,-15.90;
-32.68,20.18,-16.82;
-44.38,20.21,-20.91;
-46.16,25.63,-22.44;
-37.51,36.33,-17.14;
-14.04,38.91,-17.28;
-0.27,32.46,-26.15;
-17.90,31.51,-32.97;
-38.59,33.89,-42.07;
-37.52,40.91,-39.99;
-25.45,45.07,-29.25;
-15.75,43.27,-17.95;
-17.03,37.95,-20.59;
-42.94,36.85,-31.81;
-58.21,37.04,-41.20;
-56.54,42.49,-43.15;
-36.03,45.51,-39.25;
-23.71,45.82,-34.02;
-20.62,43.89,-33.48;
-29.77,40.84,-37.96;
-32.90,40.44,-40.86;
-38.22,42.15,-41.52;
-38.16,44.53,-42.51;
-38.54,44.26,-42.68;
-40.58,45.53,-44.56;
-35.61,46.81,-43.98;
-23.08,49.28,-39.11;
-9.34,47.56,-37.58;
-8.61,42.95,-41.58;
-14.29,38.30,-54.33;
-26.51,37.85,-59.22;
-25.67,38.11,-53.87;
-18.19,36.26,-41.31;
-18.48,40.00,-35.67;
-19.78,39.50,-43.31;
-12.59,37.42,-48.59;
7.70,31.08,-45.09;
16.23,20.85,-37.00;
10.80,22.11,-35.31;
6.43,32.46,-37.73;
9.47,34.81,-40.44;
18.95,28.64,-40.12;
28.83,26.52,-40.44;
43.17,25.36,-43.08;
62.88,26.46,-49.34;
63.50,34.91,-55.28;
66.33,36.82,-52.59;
63.52,29.86,-40.22;
45.70,18.38,-28.21;
30.63,18.44,-23.29;
27.47,21.05,-23.19;
35.96,20.90,-23.32;
51.68,14.30,-18.01;
62.16,8.99,-9.61;
60.37,6.50,-0.33;
36.42,5.08,-3.67;
8.94,0.87,-14.54;
-33.12,1.68,-22.93;
-46.97,13.51,-18.35;
-30.22,21.72,0.95;
4.77,15.33,7.32;
45.01,5.34,-3.92;
53.10,0.43,-22.12;
30.16,3.42,-23.75;
-5.87,8.72,-10.36;
-26.15,3.88,3.64;
-41.55,1.07,10.10;
-49.38,1.28,8.11;
-28.96,-2.09,9.84;
-21.11,-8.02,15.38;
-23.25,-8.26,18.68;
-27.92,-5.28,15.69;
-24.03,-3.91,8.36;
-12.32,-2.52,4.48;
11.61,-2.89,4.36;
21.13,-5.18,6.81;
24.71,-6.60,9.88;
16.31,-9.54,12.83;
0.72,-10.81,12.27;
-11.57,-10.60,11.84;
-15.77,-10.66,14.48;
-10.01,-15.88,21.27;
-8.01,-18.92,27.67;
-12.07,-22.15,28.08;
-4.09,-19.76,20.22;
3.73,-15.77,13.29;
7.09,-15.09,16.77;
18.97,-20.41,21.59;
32.31,-23.21,25.55;
33.94,-22.96,24.30;
23.13,-21.88,20.59;
10.63,-22.84,17.96;
-3.28,-20.79,21.91;
-0.96,-23.09,28.10;
0.33,-28.02,36.07;
1.68,-33.04,39.15;
-8.80,-35.70,37.85;
-16.47,-31.80,36.36;
-13.40,-27.73,36.65;
9.65,-31.97,41.69;
23.62,-38.84,45.10;
27.33,-46.08,46.52;
8.29,-38.60,39.62;
6.04,-32.72,35.09;
12.63,-34.35,36.49;
27.12,-43.97,35.14;
25.70,-47.97,32.31;
20.63,-39.77,32.36;
10.63,-28.17,41.70;
17.56,-28.84,47.52;
17.30,-33.82,46.30;
19.32,-40.79,36.63;
6.77,-44.06,26.23;
2.28,-40.50,25.84;
-1.28,-28.54,38.89;
2.28,-25.05,55.18;
1.71,-30.14,53.76;
-4.97,-36.64,40.01;
-19.05,-36.02,33.18;
-14.22,-30.12,41.44;
-7.31,-25.36,49.41;
-1.40,-27.12,48.40;
4.51,-30.09,37.41;
7.01,-32.52,31.32;
15.36,-34.31,29.70;
11.73,-32.18,36.05;
5.81,-28.99,39.23;
-5.49,-25.44,39.98;
1.20,-27.09,39.39;
-3.81,-28.28,39.36;
-3.69,-29.22,35.91;
-3.17,-27.65,29.23;
-10.16,-21.45,32.17;
-15.66,-16.63,38.68;
5.90,-15.62,40.52;
22.07,-21.09,36.30;
20.42,-29.48,27.03;
-2.27,-28.69,20.10;
-17.95,-22.96,18.30;
-13.78,-16.29,24.83;
-8.58,-11.60,32.81;
-4.33,-9.39,36.40;
5.73,-8.47,36.57;
11.18,-10.50,32.27;
2.19,-8.28,29.09;
-8.96,-7.82,26.68;
-4.45,-12.35,21.41;
0.33,-15.63,16.25;
1.52,-17.39,18.01;
-5.87,-14.92,18.94;
-11.25,-14.72,16.60;
-13.48,-12.26,13.27;
-7.20,-8.61,14.30;
0.11,-7.25,14.89;
7.85,-7.82,13.10;
9.10,-7.41,8.69;
-0.38,-5.73,5.98;
-8.29,-3.15,4.54;
2.57,-1.50,2.42;
8.92,-1.33,1.52;
-5.05,2.73,-1.06;
-12.68,6.76,-8.47;
-6.51,9.60,-9.03;
2.10,11.24,-4.31;
2.83,12.30,0.31;
-1.71,14.23,-1.72;
-1.45,13.39,-5.41;
-9.16,14.38,-6.82;
-26.96,15.68,-5.77;
-34.96,17.51,-6.18;
-34.06,21.53,-5.25;
-23.51,24.95,-1.81;
-20.70,28.46,2.48;
-20.93,31.98,4.14;
-18.36,37.25,-1.58;
-8.83,35.62,-10.57;
-12.53,32.78,-14.13;
-25.67,28.96,-19.81;
-38.87,29.28,-26.02;
-46.21,33.98,-24.82;
-48.24,39.75,-20.80;
-35.28,43.59,-16.27;
-17.28,42.11,-16.19;
-13.23,42.23,-18.85;
-15.93,43.21,-26.61;
-23.34,45.33,-31.29;
-29.63,45.98,-32.36;
-42.27,49.60,-30.80;
-33.41,51.19,-31.00;
-17.45,46.55,-32.28;
-23.67,43.66,-35.31;
-28.77,42.37,-40.45;
-16.91,41.57,-44.48;
-20.09,42.11,-41.57;
-29.83,47.46,-38.80;
-29.78,52.23,-38.50;
-25.14,47.80,-39.32;
-29.38,42.40,-40.82;
-40.27,42.21,-43.98;
-38.45,46.56,-43.89;
-35.58,46.79,-41.12;
-32.19,45.98,-41.31;
-32.56,39.60,-42.45;
-31.52,36.08,-42.70;
-28.33,38.62,-43.86;
-22.22,45.17,-46.41;
-9.16,48.27,-47.34;
12.11,49.45,-45.14;
39.78,34.59,-45.95;
42.59,22.56,-50.56;
17.88,25.28,-66.70;
2.39,40.08,-71.37;
7.26,47.25,-59.32;
16.34,44.44,-44.54;
16.45,30.44,-35.09;
-4.35,24.43,-38.83;
-12.21,26.58,-46.35;
-6.53,31.95,-48.64;
17.26,33.11,-42.94;
35.38,28.98,-35.86;
51.61,23.65,-31.17;
70.25,19.05,-31.67;
73.00,20.90,-38.90;
58.95,27.97,-42.39;
57.41,34.29,-39.93;
71.85,27.04,-36.44;
97.00,16.50,-35.31;
94.25,19.39,-37.44;
80.22,26.37,-42.27;
68.84,26.64,-33.64;
56.81,21.75,-23.23;
40.66,12.41,-14.33;
32.36,11.98,-9.15;
34.98,13.82,-9.73;
40.75,10.03,-11.22;
28.66,1.75,-8.35;
4.05,1.14,-6.44;
-23.43,7.48,-1.40;
-33.34,11.28,5.33;
-13.52,6.64,3.59;
0.11,1.75,2.19;
1.09,-5.96,0.05;
-14.04,-1.62,2.01;
-22.13,7.79,9.53;
-16.56,8.37,11.44;
2.39,3.31,4.92;
17.73,-4.50,-3.23;
8.86,-5.51,-2.30;
-9.41,-1.79,3.33;
-21.05,3.66,8.65;
-15.84,2.62,9.73;
-4.12,-4.95,7.72;
-8.65,-8.41,5.99;
-16.62,-6.06,7.04;
-25.86,-1.92,9.30;
-24.41,-2.31,11.03;
-13.28,-5.79,10.34;
-1.71,-6.83,10.17;
1.56,-4.93,8.25;
-3.89,-4.14,6.05;
-10.16,-3.62,4.62;
-14.42,-3.91,4.11;
-9.80,-5.77,4.78;
-4.64,-5.30,7.18;
0.39,-4.18,8.68;
0.95,-5.25,9.36;
-0.65,-7.70,8.63;
-3.77,-7.60,7.79;
-3.67,-6.54,6.08;
-1.41,-5.65,3.26;
3.64,-5.60,0.77;
8.22,-5.10,0.92;
12.23,-5.92,5.73;
11.13,-7.31,9.50;
9.04,-10.55,9.98;
3.06,-15.50,10.31;
-6.29,-19.18,13.00;
-11.93,-19.57,16.46;
-13.72,-17.45,20.08;
-12.36,-17.62,20.94;
-12.10,-19.56,20.30;
-1.80,-25.80,17.76;
8.11,-26.08,15.12;
19.20,-22.43,11.38;
23.78,-17.56,14.92;
29.55,-20.72,20.13;
18.34,-22.92,27.58;
0.55,-24.35,27.73;
-21.28,-24.95,24.85;
-23.06,-25.71,22.97;
-15.32,-28.90,26.02;
-6.70,-29.71,32.77;
-3.67,-30.34,32.33;
-3.41,-26.06,27.72;
12.42,-24.73,22.04;
24.39,-26.18,25.69;
18.89,-27.68,33.36;
9.20,-26.86,41.29;
-4.16,-29.44,44.51;
-21.98,-31.30,43.81;
-23.08,-32.58,40.92;
-22.15,-32.32,35.18;
-11.87,-28.50,32.97;
-3.92,-23.41,38.80;
-7.35,-19.71,47.84;
4.54,-22.40,48.69;
8.10,-29.80,44.34;
-0.90,-34.43,28.46;
-2.27,-31.63,23.32;
-3.84,-26.41,34.65;
-6.03,-22.96,49.33;
-0.59,-22.03,56.95;
5.75,-30.28,49.06;
1.90,-34.06,35.79;
-4.16,-33.74,31.93;
-7.41,-27.48,41.32;
-2.10,-22.81,52.89;
4.05,-26.79,50.77;
0.91,-29.53,39.26;
0.26,-28.96,29.17;
3.84,-27.27,30.42;
4.29,-28.15,34.54;
7.23,-31.82,30.69;
0.23,-30.29,29.44;
-9.03,-19.56,31.61;
3.12,-12.99,38.28;
15.59,-14.32,40.95;
20.60,-23.39,34.97;
-1.60,-26.81,24.85;
-9.74,-23.70,16.80;
0.83,-16.86,20.88;
17.97,-16.11,28.13;
23.87,-21.04,29.94;
15.00,-24.75,23.90;
-2.88,-23.63,17.88;
-9.83,-18.60,19.99;
-7.78,-11.04,24.22;
8.74,-6.14,26.02;
35.76,-10.25,25.04;
36.42,-15.02,22.45;
12.72,-16.78,16.02;
-5.78,-12.66,9.85;
4.37,-7.73,9.93;
26.60,-10.40,10.57;
23.06,-15.01,11.99;
-3.74,-16.18,4.65;
-16.96,-13.34,-1.25;
5.12,-8.96,3.85;
31.06,-3.38,14.11;
31.10,-3.15,16.14;
16.68,-4.64,6.19;
-0.74,-6.03,-3.15;
0.86,-9.42,-4.18;
0.05,-9.85,-0.76;
4.34,-7.27,7.33;
8.20,-1.74,11.17;
7.78,3.30,10.10;
8.02,9.10,8.37;
19.23,6.72,3.32;
26.75,2.70,2.16;
12.62,-0.44,-0.45;
-12.09,-1.68,-6.57;
-20.87,0.55,-6.33;
-12.76,5.11,1.17;
4.07,9.62,8.33;
0.92,9.17,7.82;
-10.48,9.21,1.35;
-15.29,10.47,-8.54;
-7.14,12.23,-8.50;
5.52,12.81,-3.34;
-0.62,13.57,0.33;
-20.41,13.24,-5.31;
-27.66,16.12,-10.31;
-31.37,19.82,-7.38;
-25.35,23.77,-1.19;
-18.48,27.16,1.73;
-12.16,26.21,-1.86;
-11.08,23.10,-9.78;
-18.54,21.98,-14.16;
-26.48,22.64,-12.71;
-25.32,24.56,-14.80;
-25.78,25.92,-16.04;
-29.02,27.62,-13.77;
-27.78,29.85,-13.77;
-23.80,32.46,-15.95;
-23.35,34.33,-18.64;
-28.53,34.40,-22.57;
-31.06,30.82,-28.82;
-25.11,27.83,-32.06;
-25.86,30.15,-28.02;
-32.44,34.53,-24.79;
-32.64,40.18,-23.26;
-25.60,42.14,-24.64;
-23.08,40.03,-26.70;
-31.23,40.30,-25.54;
-33.89,38.08,-28.61;
-35.87,36.93,-31.32;
-38.30,36.11,-32.93;
-46.27,36.58,-33.34;
-45.80,37.51,-33.75;
-39.20,36.99,-35.52;
-33.81,39.72,-35.92;
-26.87,39.54,-40.88;
-18.56,41.54,-43.32;
-6.30,41.92,-40.51;
-16.64,41.05,-39.19;
-22.45,38.99,-44.54;
-23.61,39.86,-49.61;
-19.23,36.44,-53.72;
-12.44,31.19,-52.91;
-11.90,28.96,-47.52;
-16.41,29.04,-41.96;
-25.54,33.24,-37.02;
-22.15,37.28,-37.77;
-20.58,36.62,-40.25;
0.62,24.46,-45.41;
6.04,20.59,-50.27;
2.97,29.01,-51.48;
11.32,35.42,-47.35;
19.56,33.37,-45.09;
19.90,28.38,-45.12;
13.93,25.95,-47.31;
11.79,24.64,-48.51;
18.07,27.25,-47.72;
36.60,33.08,-45.17;
53.94,31.30,-41.61;
77.32,22.43,-36.38;
93.70,16.00,-37.34;
101.79,14.06,-44.16;
132.04,21.89,-65.35;
150.98,36.38,-70.21;
173.64,37.10,-50.57;
178.72,22.82,-31.89;
149.00,15.39,-36.68;
90.72,21.51,-40.90;
48.95,21.97,-29.48;
25.87,17.85,-7.15;
19.38,9.04,10.34;
19.52,7.21,10.63;
22.33,0.84,-4.59;
7.35,-0.96,-13.31;
-20.64,2.43,-8.70;
-31.98,7.69,6.01;
-32.83,8.15,20.16;
-12.00,1.14,11.88;
10.88,-3.09,1.00;
7.78,-3.79,-3.73;
-15.06,0.43,-0.30;
-28.96,2.67,8.78;
-25.11,-0.69,12.94;
-10.09,-2.95,11.76;
1.94,-3.19,3.07;
3.38,0.30,-2.06;
13.30,1.94,-1.92;
21.99,-0.20,3.85;
22.04,-1.73,3.76;
15.00,-0.83,-3.63;
1.36,2.64,-8.15;
3.04,3.25,-1.72;
11.20,1.95,1.27;
23.15,4.27,-0.31;
33.17,5.08,-7.89;
38.65,3.54,-11.03;
37.29,1.60,-4.35;
36.95,0.78,2.91;
35.15,-1.05,2.92;
28.34,0.38,-3.89;
17.84,3.62,-6.22;
10.48,4.33,-2.61;
0.98,4.23,1.99;
1.50,3.04,2.19;
2.36,1.54,3.27;
0.46,-1.19,5.44;
-10.44,-0.75,5.64;
-16.77,0.37,6.02;
-18.70,0.30,6.36;
-16.32,0.81,6.01;
-11.05,2.75,2.89;
-4.76,3.01,0.77;
-0.06,2.90,-0.42;
8.04,0.79,0.36;
8.39,-1.79,0.49;
-3.93,-0.95,-0.45;
-24.62,2.72,-3.80;
-26.76,9.37,-1.52;
-7.05,6.17,3.76;
10.77,-1.54,1.98;
13.56,-1.01,-2.73;
6.94,2.29,-5.63;
1.00,5.45,-4.53;
2.31,1.91,0.89;
2.78,-1.45,3.62;
-7.86,-3.19,1.85;
-25.49,-2.87,0.46;
-33.95,-1.67,3.33;
-29.48,0.17,9.53;
-13.96,-2.14,12.33;
-1.09,-4.58,7.29;
6.34,-5.04,1.78;
5.96,-3.76,-0.86;
-3.80,-3.05,0.63;
-10.79,-0.96,3.44;
-9.40,-0.29,6.39;
-4.44,-3.24,5.00;
-3.05,-4.54,2.72;
-5.38,-1.71,1.44;
-5.75,-0.78,1.46;
-5.75,-3.79,3.94;
-8.06,-4.86,5.87;
-13.84,-2.72,7.12;
-19.40,0.32,6.92;
-15.77,0.37,5.98;
-7.86,-1.73,5.82;
-5.74,-3.67,5.70;
-8.59,-1.86,6.17;
-10.74,0.23,4.28;
-9.09,-0.20,2.59;
-9.66,0.01,2.10;
-12.68,2.85,4.57;
-6.71,3.74,5.24;
-3.37,-2.00,-0.25;
-3.11,-1.10,-2.28;
-0.42,2.99,-0.31;
1.39,5.77,3.29;
5.91,2.35,2.95;
5.68,-1.80,1.10;
-5.02,-3.63,0.52;
-21.60,-2.06,2.62;
-24.21,1.43,4.57;
-14.33,2.98,6.20;
0.22,1.19,5.70;
3.76,-3.59,2.91;
-3.60,-2.06,2.01;
-11.22,0.73,5.56;
-16.09,2.04,9.04;
-16.18,0.81,9.33;
-11.90,0.72,6.40;
-6.94,0.56,3.50;
-3.06,1.10,1.81;
-2.65,1.43,1.30;
-6.36,1.98,2.98;
-9.12,3.17,2.39;
-7.35,4.67,0.33;
-7.98,6.78,1.61;
-5.49,8.58,1.35;
0.65,8.49,-1.67;
9.99,11.02,-6.68;
20.78,13.37,-10.74;
26.45,11.50,-13.25;
33.27,1.16,-10.27;
26.34,-10.61,-11.52;
20.07,-8.46,-7.54;
17.39,5.89,1.53;
7.58,7.40,9.99;
1.29,1.46,10.54;
-11.58,-2.18,5.75;
-22.76,2.43,3.59;
-34.59,6.17,3.29;
-34.00,4.38,1.06;
-22.21,4.14,-0.25;
-2.24,4.99,-2.73;
19.18,5.42,-6.27;
38.40,4.47,-8.47;
35.10,3.83,-7.98;
15.36,5.88,-4.97;
-5.31,8.75,-1.93;
-10.80,9.14,-1.69;
-5.12,7.42,-2.19;
4.02,5.77,-3.70;
16.75,5.14,-4.85;
17.73,5.13,-5.06;
12.88,6.11,-4.10;
4.80,6.79,-2.19;
0.49,5.42,-0.35;
-3.02,3.98,1.18;
-2.85,3.77,1.65;
-1.28,5.11,1.87;
1.17,5.17,0.37;
1.87,4.40,-1.02;
-0.35,4.58,-2.47;
-4.54,5.34,-0.44;
-6.79,5.39,1.06;
-6.13,5.37,2.05;
-3.72,5.71,0.51;
0.11,6.20,-1.31;
4.45,5.07,-3.29;
7.04,5.31,-3.78;
8.55,6.20,-2.99;
10.54,5.17,-2.99;
11.99,5.07,-3.19;
11.67,5.17,-5.51;
10.68,6.24,-5.60;
8.17,7.85,-4.94;
7.96,7.94,-5.31;
8.36,9.11,-4.71;
13.30,9.46,-5.25;
18.91,7.66,-6.68;
18.66,6.06,-7.09;
14.63,5.65,-7.05;
12.51,4.93,-5.67;
9.75,4.99,-3.51;
4.43,4.15,-1.37;
-0.03,3.02,1.53;
-3.05,1.65,3.15;
-6.45,1.21,2.54;
-5.63,0.76,1.30;
-7.38,-0.23,0.31;
-8.29,1.04,1.23;
-4.88,1.79,2.65;
4.97,0.96,1.41;
9.75,-0.55,0.52;
5.06,-0.78,1.35;
-2.83,-0.38,2.59;
-8.29,-0.95,4.54;
-12.68,-2.12,5.33;
-13.69,-1.56,5.78;
-7.96,-1.16,3.93;
-1.89,-1.25,2.94;
2.33,-2.20,1.88;
3.78,-1.76,1.73;
1.50,-0.70,2.81;
-1.23,-0.70,2.43;
-1.89,-1.70,1.76;
-1.57,-2.69,0.98;
-2.91,-2.47,2.45;
-3.31,-1.79,3.23;
0.04,-0.63,2.62;
2.71,-0.52,1.15;
3.91,-1.73,0.68;
6.26,-2.28,-0.96;
2.78,-1.76,0.01;
-0.58,-1.07,0.98;
-2.87,-0.35,1.58;
-0.39,-0.60,0.94;
6.20,-1.16,-0.38;
10.42,-1.91,-0.47;
11.38,-3.09,-0.25;
8.80,-3.56,-0.54;
5.67,-3.24,-1.14;
2.98,-2.28,-0.28;
3.39,-3.05,1.62;
3.29,-4.34,2.71;
0.55,-5.13,1.46;
-2.90,-3.83,-1.11;
-3.40,-3.41,-0.38;
0.78,-3.24,-0.76;
6.94,-2.47,-2.36;
14.02,-2.49,-3.69;
16.78,-2.90,-3.77;
15.64,-4.11,-2.76;
11.75,-5.34,-1.43;
7.41,-6.37,-0.51;
0.68,-7.53,0.83;
-4.71,-7.24,2.74;
-5.46,-7.73,4.98;
-7.26,-8.57,4.14;
-9.02,-7.76,2.22;
-12.80,-7.94,2.71;
-15.31,-9.13,2.52;
-15.63,-6.63,3.12;
-3.66,-5.02,2.14;
6.91,-6.44,-1.41;
15.50,-6.15,-6.18;
20.72,-3.42,-10.99;
24.17,-0.26,-10.80;
26.04,1.43,-9.17;
26.80,0.21,-10.18;
24.19,-0.44,-10.53;
20.62,-1.82,-9.60;
18.97,-2.58,-7.11;
16.40,-2.26,-3.25;
13.70,-1.63,-0.15;
12.23,-3.60,1.18;
8.36,-4.76,-0.56;
5.53,-4.75,-2.68;
1.07,-3.07,-3.19;
-2.44,-1.39,-1.61;
0.77,-2.03,-0.79;
5.27,-3.53,-2.13;
7.36,-4.15,-4.33;
2.83,-3.65,-4.61;
-2.25,-2.83,-2.22;
-2.93,-2.15,-0.51;
1.36,-1.89,0.49;
6.25,-2.26,-0.90;
10.37,-3.04,-3.32;
14.02,-3.74,-5.37;
13.01,-3.56,-4.71;
10.71,-2.83,-2.41;
10.13,-3.24,0.16;
7.84,-4.61,-0.18;
4.74,-4.99,-1.26;
-0.24,-4.60,-1.26;
-5.57,-3.71,2.49;
-2.73,-4.35,4.66;
1.55,-4.73,3.26;
9.32,-5.54,-0.28;
11.29,-6.06,-1.80;
7.59,-5.51,-0.67;
4.98,-5.51,2.11;
4.39,-7.41,3.72;
1.29,-8.98,3.64;
-4.33,-9.63,4.28;
-12.68,-7.42,6.80;
-11.20,-6.44,7.85;
-4.42,-7.99,6.36;
2.26,-9.36,3.53;
2.16,-8.78,0.10;
0.22,-7.15,0.13;
-0.76,-6.50,2.77;
1.88,-8.21,3.03;
5.01,-5.50,-0.86;
3.49,-3.73,-5.99;
-3.37,0.17,-9.90;
-1.25,1.14,-9.78;
8.33,2.03,-6.97;
17.97,1.24,-13.00;
19.78,-1.50,-18.36;
-0.91,-3.15,-13.02;
-9.63,-2.81,-5.44;
-0.21,-3.63,3.01;
10.34,-6.31,2.98;
12.49,-9.04,-1.40;
12.22,-9.44,-2.16;
4.46,-10.55,2.46;
-7.74,-12.43,6.17;
-23.87,-11.74,10.17;
-26.93,-11.67,12.33;
-16.62,-12.47,10.63;
-4.00,-14.37,8.89;
6.51,-15.79,6.98;
12.95,-16.29,6.86;
15.00,-16.38,7.20;
12.39,-17.19,8.74;
2.54,-17.80,11.58;
-6.03,-16.21,13.58;
-10.56,-13.92,14.22;
-4.35,-14.02,12.86;
-1.83,-13.47,9.88;
0.62,-13.53,8.07;
5.79,-12.43,8.28;
8.25,-13.07,7.64;
5.42,-12.87,7.23;
1.73,-11.94,7.41;
2.62,-11.24,8.62;
5.44,-11.45,8.78;
2.95,-10.23,7.01;
2.77,-9.13,5.03;
4.63,-8.02,5.26;
5.44,-9.48,6.05;
3.53,-10.50,6.33;
0.59,-9.48,4.36;
-0.07,-8.35,4.01;
1.38,-7.24,4.88;
2.71,-6.38,5.18;
9.24,-7.13,3.24;
11.35,-6.66,2.01;
7.47,-6.78,1.07;
2.65,-5.54,0.83;
0.08,-2.89,2.34;
-0.65,-1.82,2.86;
4.63,-2.46,1.84;
7.29,-2.47,0.20;
6.49,-2.72,0.13;
1.81,-1.25,0.42;
0.31,-0.00,1.78;
1.79,-0.31,1.72;
0.29,-0.46,1.73;
-0.64,-0.46,0.48;
-0.15,0.17,-0.33;
-0.15,-0.37,-0.64;
-3.02,-0.11,-0.74;
-4.04,1.40,-0.35;
-1.93,1.66,0.05;
0.88,0.09,-0.38;
-2.62,-0.17,-1.35;
-3.86,-0.12,-2.13;
-2.25,0.06,-1.06;
-1.66,-1.38,-0.27;
-2.77,-2.12,-1.08;
-5.03,-1.94,-0.73;
-7.54,-1.88,-0.06;
-9.14,-2.11,0.40;
-8.56,-1.48,0.66;
-5.41,-2.23,0.62;
-2.85,-3.73,0.23;
-4.93,-4.06,-0.19;
-3.03,-3.27,-0.25;
-1.40,-4.05,-1.34;
0.88,-4.95,-2.19;
0.37,-5.18,-2.39;
-0.12,-5.05,-1.96;
-2.35,-5.15,-1.14;
-5.80,-5.79,-0.90;
-9.67,-7.12,-0.10;
-12.58,-6.46,-0.15;
-11.78,-5.83,-0.65;
-8.01,-6.12,0.01;
-6.39,-6.55,0.40;
-5.22,-6.66,-0.44;
-2.58,-6.28,-0.65;
-2.61,-7.05,0.05;
-8.03,-7.62,0.42;
-10.59,-7.47,-0.04;
-10.00,-6.86,0.57;
-9.41,-7.92,1.29;
-11.80,-7.48,0.59;
-11.09,-6.28,-0.07;
-9.19,-6.20,0.13;
-8.04,-6.79,0.28;
-10.80,-6.35,0.17;
-11.12,-6.15,-0.80;
-8.12,-5.99,-0.16;
-6.33,-6.20,1.15;
-5.72,-6.44,1.43;
-6.36,-7.41,0.63;
-8.16,-8.11,0.98;
-12.90,-8.31,1.76;
-15.00,-7.56,3.09;
-14.35,-7.76,3.12;
-10.79,-8.57,2.91;
-8.30,-9.88,3.20;
-9.35,-10.35,3.55;
-11.52,-10.23,2.77;
-11.38,-10.35,2.43;
-9.86,-10.54,3.35;
-8.16,-11.47,4.13;
-7.57,-11.92,3.32;
-7.66,-12.02,2.98;
-8.16,-11.50,2.56;
-9.35,-11.04,2.97;
-8.91,-10.98,3.41;
-9.96,-10.57,3.79;
-8.41,-10.58,3.15;
-5.34,-10.98,2.81;
-4.94,-10.67,3.75;
-4.45,-10.58,3.33;
-1.81,-9.67,2.71;
0.39,-9.68,2.23;
1.10,-10.00,2.72;
0.07,-9.19,2.46;
1.84,-8.40,2.51;
3.73,-8.17,2.59;
2.22,-8.63,2.45;
-2.38,-7.50,2.02;
-5.12,-6.83,2.42;
-7.17,-6.83,3.50;
-10.59,-7.65,5.26;
-14.18,-7.97,5.04;
-13.75,-6.60,4.17;
-9.80,-4.95,5.15;
-2.56,-5.24,4.98;
7.35,-6.20,2.49;
13.50,-6.03,0.92;
17.29,-5.04,1.50;
19.44,-5.97,3.47;
16.83,-6.31,4.81;
9.09,-5.91,6.62;
1.88,-4.96,6.88;
-3.25,-3.65,6.81;
-0.56,-3.96,6.34;
3.49,-3.63,5.50;
9.01,-4.20,4.69;
12.62,-4.23,4.25;
12.65,-4.78,4.34;
10.54,-3.74,5.14;
8.51,-3.57,4.71;
7.07,-3.28,5.10;
5.13,-3.13,6.77;
2.14,-2.89,7.18;
3.76,-2.86,6.11;
5.88,-2.81,5.75;
6.46,-3.74,6.94;
5.44,-3.70,7.07;
5.42,-3.73,6.43;
8.83,-3.71,5.30;
9.91,-3.88,4.34;
7.97,-3.76,4.63;
6.66,-3.18,3.94;
8.19,-2.69,3.17;
9.20,-2.81,3.26;
7.46,-2.99,3.17;
5.10,-2.99,2.80;
2.55,-2.83,3.29;
1.49,-3.13,3.29;
1.29,-3.18,3.38;
2.29,-3.31,3.35;
6.34,-4.02,3.09;
8.69,-3.96,2.94;
11.15,-4.32,1.84;
11.18,-4.43,1.65;
7.84,-4.64,2.75;
2.25,-3.82,4.45;
0.54,-2.98,5.65;
-0.30,-1.82,4.52;
-0.19,-1.65,2.66;
1.78,-1.53,2.30;
2.49,-0.54,2.34;
2.54,0.09,2.54;
2.49,0.20,1.69;
5.70,0.32,1.65;
6.00,1.68,2.54;
3.99,2.58,1.39;
1.70,3.88,-0.27;
4.19,4.91,-1.83;
4.83,6.73,-3.37;
6.08,7.27,-4.27;
8.49,7.04,-5.06;
8.84,6.62,-5.75;
9.94,6.15,-5.23;
11.88,5.88,-4.18;
14.43,5.22,-4.62;
13.42,5.46,-4.27;
9.46,6.70,-4.33;
7.17,7.54,-4.51;
7.44,7.79,-4.53;
9.04,7.36,-4.68;
10.29,7.17,-5.43;
9.46,8.23,-7.02;
9.20,9.02,-8.18;
12.66,9.59,-7.99;
12.95,9.46,-7.26;
10.74,9.40,-6.76;
8.00,9.79,-6.85;
2.00,11.17,-7.75;
3.03,11.19,-8.19;
3.87,11.43,-7.57;
5.12,12.04,-8.13;
7.33,12.50,-9.63;
8.57,12.26,-9.80;
7.24,13.66,-9.19;
6.46,14.21,-9.66;
4.49,14.46,-9.69;
2.98,14.82,-9.22;
3.58,15.50,-10.25;
5.49,16.04,-12.51;
7.49,16.17,-12.99;
8.77,15.95,-12.06;
8.65,15.74,-10.71;
8.69,15.66,-10.50;
8.17,15.50,-11.15;
4.88,15.28,-10.67;
-0.94,16.58,-9.95;
-4.24,17.31,-9.48;
-3.78,18.08,-8.76;
0.75,17.17,-9.83;
4.29,16.50,-11.89;
5.09,17.79,-13.19;
8.04,18.44,-14.36;
9.75,19.07,-14.54;
10.37,19.36,-14.22;
9.01,19.13,-12.97;
8.13,18.76,-11.99;
5.94,18.82,-12.12;
1.18,19.37,-11.98;
-2.00,20.66,-11.72;
-2.16,21.36,-11.60;
-1.69,21.04,-11.99;
1.23,20.84,-12.86;
3.96,21.02,-13.29;
6.95,21.53,-13.61;
6.46,21.46,-14.36;
7.41,22.30,-14.33;
6.94,22.43,-13.43;
4.97,22.11,-12.62;
2.05,22.43,-12.12;
0.40,22.52,-11.67;
0.78,23.08,-11.08;
2.29,23.11,-11.02;
3.30,23.10,-11.02;
4.42,23.13,-12.27;
6.78,22.72,-13.23;
7.93,23.54,-13.90;
9.49,24.81,-14.19;
8.77,25.56,-14.62;
7.13,26.00,-15.48;
6.00,25.72,-15.34;
4.29,25.30,-14.44;
2.94,24.53,-12.36;
1.84,25.13,-11.66;
-2.04,26.29,-12.27;
-3.54,26.75,-14.18;
-2.29,27.07,-15.26;
-1.09,27.48,-15.23;
0.04,28.32,-13.70;
2.36,28.49,-13.26;
6.34,27.46,-14.88;
9.17,27.10,-16.38;
8.28,27.46,-16.80;
7.33,27.65,-15.89;
7.49,27.37,-14.67;
7.33,27.36,-13.89;
5.52,27.57,-13.46;
4.69,27.63,-13.92;
4.34,27.72,-14.10;
4.46,27.08,-14.30;
5.78,25.65,-13.86;
5.52,24.12,-12.61;
4.86,24.20,-11.95;
4.40,24.56,-12.27;
1.94,24.35,-12.35;
-0.04,23.60,-11.64;
-0.82,22.70,-9.72;
-0.65,22.84,-8.53;
-1.72,21.95,-8.15;
-0.18,22.15,-10.04;
1.75,22.35,-11.75;
5.21,21.04,-12.96;
9.75,19.56,-12.76;
10.72,18.03,-12.16;
8.40,16.47,-11.60;
2.40,16.72,-9.77;
-2.47,16.17,-7.25;
-4.41,14.56,-4.64;
-8.29,12.09,-3.00;
-10.93,10.67,-3.35;
-11.20,10.26,-3.23;
-5.87,9.91,-3.49;
-2.48,7.77,-3.08;
1.01,6.72,-3.31;
2.52,6.30,-3.43;
3.73,4.87,-3.43;
2.88,4.03,-2.99;
1.55,3.72,-2.06;
-1.20,3.60,-0.16;
-4.24,2.90,1.23;
-5.64,1.74,2.08;
-7.20,0.84,2.25;
-9.51,-0.44,2.98;
-12.73,-1.77,4.04;
-14.18,-2.73,5.09;
-14.30,-2.90,6.77;
-13.86,-4.12,7.67;
-14.10,-4.49,8.56;
-14.64,-5.50,9.26;
-19.45,-5.77,8.92;
-22.15,-4.79,9.06;
-25.46,-4.28,9.29;
-27.87,-4.76,8.95;
-28.09,-5.19,8.74;
-26.62,-5.41,8.02;
-26.79,-4.98,7.30;
-27.98,-3.45,6.27;
-28.09,-2.37,5.30;
-26.54,-1.44,4.31;
-25.48,-0.67,3.91;
-25.06,0.23,3.21;
-24.35,1.48,1.75;
-22.73,2.20,0.80;
-21.38,2.38,0.34;
-20.67,2.59,0.80;
-19.09,2.67,1.87;
-15.74,2.09,2.72;
-10.97,1.30,2.36;
-3.43,-0.18,0.80;
3.13,-0.81,0.25;
7.13,-0.46,-0.07;
10.34,0.53,0.45;
10.31,0.52,0.34;
8.83,1.65,-0.53;
7.73,3.27,-2.50;
8.59,5.77,-6.18;
7.50,7.36,-9.09;
6.97,9.16,-11.81;
4.91,10.82,-15.61;
6.71,13.71,-22.12;
5.59,16.21,-27.14;
3.82,19.34,-30.93;
-0.68,19.82,-33.38;
-1.71,18.32,-36.30;
1.75,15.77,-38.42;
3.30,14.03,-37.93;
5.47,11.97,-36.90;
7.49,10.70,-35.75;
12.45,8.67,-33.14;
14.00,5.45,-30.91;
13.50,2.41,-27.99;
15.87,-1.30,-25.17;
14.77,-6.69,-21.32;
12.48,-12.69,-18.27;
5.88,-19.01,-14.73;
-0.04,-23.53,-12.88;
-4.97,-26.75,-13.49;
-8.53,-30.17,-15.26;
-14.33,-29.94,-18.02;
-18.30,-21.24,-17.63;
-14.93,-6.49,-15.92;
0.25,19.53,-13.83;
21.64,34.87,-13.63;
38.43,37.48,-12.90;
59.24,28.15,-13.52;
68.31,13.71,-15.14;
60.57,9.27,-16.56;
40.91,9.80,-15.51;
6.81,8.38,-11.23;
-26.39,4.95,-5.08;
-43.75,2.99,0.11;
-54.56,1.94,4.59;
-54.62,1.56,4.31;
-44.21,1.71,1.10;
-28.85,2.32,-1.61;
-6.50,2.26,-3.51;
16.37,2.43,-4.74;
32.54,2.53,-4.48;
45.33,2.62,-2.65;
49.84,1.88,-1.08;
50.33,1.51,-0.44;
44.42,1.13,0.14;
34.42,1.17,1.03;
22.14,1.08,2.11;
12.17,0.50,2.92;
1.62,0.09,3.00;
-5.28,-0.78,2.77;
-7.83,-1.34,2.86;
-8.61,-1.68,2.89;
-7.08,-2.58,3.26;
-3.77,-3.71,4.28;
2.68,-3.30,5.36;
10.39,-3.10,6.48;
18.37,-3.48,7.99;
23.61,-4.54,8.28;
29.67,-5.62,7.20;
32.78,-7.91,6.31;
33.33,-9.30,5.43;
30.89,-10.99,5.27;
28.14,-11.57,4.63;
25.10,-12.20,4.97;
22.07,-12.31,5.50;
20.51,-13.28,5.35;
20.42,-13.76,5.44;
21.20,-13.24,5.21;
21.94,-12.64,5.93;
23.01,-12.28,6.62;
23.49,-12.44,7.44;
24.54,-12.76,8.95;
23.99,-13.39,9.43;
23.18,-13.68,9.85;
21.97,-13.94,10.23;
17.00,-14.23,11.41;
10.98,-13.51,13.53;
6.07,-13.86,12.74;
-11.75,-11.88,16.25;
-14.16,-13.15,18.66;
-13.72,-9.67,24.07;
-13.23,-7.76,27.67;
-15.78,-6.70,28.20;
-16.24,-8.35,27.99;
-10.33,-6.47,27.76;
-8.03,-6.29,26.95;
-4.13,-6.09,25.46;
-1.41,-5.91,25.14;
2.42,-5.38,23.38;
6.05,-5.15,23.72;
12.28,-6.14,24.07;
28.54,-6.41,26.33;
46.13,-9.47,29.81;
61.56,-14.78,31.98;
63.85,-17.83,36.88;
58.31,-16.44,39.06;
48.91,-14.43,38.97;
48.81,-10.43,36.33;
46.23,-12.99,38.69;
43.81,-14.20,42.85;
38.78,-18.66,45.18;
37.96,-16.50,45.47;
41.58,-19.04,46.74;
42.63,-21.38,47.93;
41.78,-23.19,46.10;
45.47,-20.47,43.85;
48.10,-24.02,43.33;
47.73,-24.76,42.72;
39.79,-24.37,40.95;
32.81,-18.58,40.27;
23.50,-18.12,39.12;
16.39,-17.94,38.48;
12.68,-17.73,35.99;
15.07,-16.40,35.30;
15.88,-15.18,32.31;
12.65,-12.20,24.83;
13.99,-12.00,18.81;
15.79,-10.17,16.43;
18.08,-8.09,13.56;
19.84,-6.31,13.04;
23.52,-4.35,10.59;
21.20,-5.97,10.97;
20.97,-4.18,8.86;
25.01,-0.98,7.35;
19.20,-3.31,4.97;
10.52,1.46,2.40;
7.03,3.17,-0.10;
0.75,1.54,-0.06;
-6.06,3.11,2.13;
-12.80,2.41,2.83;
-15.61,3.98,3.07;
-15.55,4.91,4.98;
-10.53,5.22,3.67;
-5.98,2.90,1.44;
-8.03,4.67,-0.36;
-12.25,6.18,-0.56;
-15.74,3.98,-1.00;
-19.66,3.72,-3.38;
-18.96,6.90,-5.98;
-14.50,7.51,-7.03;
-10.19,6.85,-8.24;
-7.67,3.42,-11.55;
-4.13,-0.29,-13.96;
-5.74,0.58,-13.02;
-13.72,0.14,-13.41;
-19.87,0.08,-15.61;
-23.09,2.29,-17.99;
-23.12,5.10,-18.04;
-22.97,4.79,-20.06;
-27.52,5.02,-24.18;
-27.66,8.67,-26.28;
-24.21,10.44,-27.75;
-23.60,10.85,-28.41;
-20.29,11.25,-29.26;
-17.34,10.98,-30.96;
-19.38,11.88,-32.38;
-19.55,12.47,-33.66;
-18.25,11.80,-34.35;
-10.56,8.44,-35.25;
-4.45,6.75,-34.70;
-3.09,5.91,-33.31;
1.23,3.62,-31.08;
9.36,-2.52,-27.58;
16.26,-9.16,-21.66;
18.34,-14.15,-15.26;
24.71,-19.60,-8.62;
27.42,-19.41,-1.00;
24.05,-22.49,3.91;
22.72,-25.30,3.65;
36.13,-26.52,3.18;
41.15,-28.44,4.10;
28.59,-29.33,6.60;
18.66,-26.43,9.56;
10.40,-23.91,11.98;
-2.03,-22.84,13.41;
-11.43,-22.46,12.02;
-17.41,-20.75,9.20;
-21.69,-16.54,4.74;
-27.69,-11.42,0.28;
-34.74,-6.02,-2.28;
-41.61,-2.23,-3.96;
-46.13,2.20,-5.35;
-52.39,6.59,-6.36;
-57.28,9.82,-7.99;
-57.95,14.09,-10.68;
-57.75,18.82,-13.75;
-57.20,21.79,-16.56;
-57.22,25.57,-19.32;
-53.43,28.17,-22.53;
-51.06,29.46,-25.77;
-46.41,31.13,-27.52;
-41.19,31.37,-27.02;
-31.03,28.96,-22.19;
-21.20,28.61,-18.88;
-11.63,20.23,-19.14;
-4.67,12.41,-16.76;
-11.67,8.52,-7.49;
-8.99,1.25,-6.65;
-9.22,-5.51,-6.18;
-5.55,-11.67,-1.78;
-1.34,-16.64,1.98;
4.20,-19.70,0.81;
10.36,-21.44,-3.70;
14.46,-22.15,-5.14;
14.91,-21.24,-2.91;
14.16,-19.80,-0.18;
12.00,-18.02,1.18;
8.77,-16.52,1.87;
-2.30,-14.79,2.88;
-9.72,-11.47,3.78;
-16.19,-11.47,3.47;
-24.44,-10.25,1.03;
-34.79,-4.06,-0.39;
-35.96,2.75,-1.49;
-39.71,10.08,-2.21;
-60.36,20.21,-2.68;
-79.77,31.46,-6.74;
-92.61,37.02,-12.88;
-107.77,38.98,-19.08;
-118.77,40.04,-21.60;
-126.90,42.26,-21.57;
-129.87,47.37,-21.66;
-131.25,47.88,-23.29;
-113.43,37.71,-16.21;
-101.64,41.89,-9.23;
-70.76,42.06,-23.41;
-50.24,15.65,-13.81;
-20.54,14.70,-0.77;
9.61,23.10,3.30;
28.52,27.51,-0.28;
37.13,23.65,-6.56;
46.51,20.49,-10.77;
35.67,16.53,-6.48;
20.31,12.17,0.49;
-3.71,10.23,8.34;
-38.47,7.02,14.89;
-60.29,4.59,17.12;
-71.77,1.05,18.43;
-79.54,-1.67,18.66;
-83.52,0.20,18.22;
-80.21,3.45,17.46;
-67.29,6.87,16.05;
-47.09,5.36,13.84;
-22.77,4.56,11.75;
-11.71,4.62,9.35;
-10.04,3.57,8.49;
-14.79,2.87,7.79;
-21.20,1.63,8.17;
-32.00,-2.11,9.49;
-45.48,-4.79,12.52;
-50.58,-7.07,13.65;
-51.83,-9.73,13.61;
-50.62,-11.88,13.47;
-46.65,-12.29,13.93;
-41.95,-13.68,14.60;
-33.84,-16.14,14.45;
-26.09,-17.53,13.62;
-16.41,-15.56,10.59;
-8.10,-13.31,6.74;
1.58,-10.26,4.74;
15.42,-8.38,2.30;
28.62,-7.45,-0.09;
41.75,-4.84,-2.61;
51.13,-3.12,-4.01;
65.44,-2.84,-6.59;
80.16,-4.50,-8.36;
88.88,-6.20,-8.15;
99.61,-8.64,-6.28;
105.62,-11.27,-1.87;
109.23,-12.92,3.53;
104.68,-15.22,8.02;
96.25,-19.09,14.25;
85.00,-18.84,20.22;
79.04,-16.58,25.29;
69.50,-16.44,31.75;
56.07,-15.34,38.08;
47.27,-13.44,43.69;
39.70,-13.82,50.05;
33.13,-15.01,56.04;
26.04,-16.35,58.94;
23.76,-17.56,59.87;
26.95,-18.83,62.80;
30.83,-19.62,67.44;
32.78,-19.15,70.86;
30.60,-20.08,74.27;
20.45,-18.06,77.61;
11.38,-14.90,78.05;
-5.71,-11.63,77.21;
-21.60,-7.18,73.06;
-29.92,-3.80,68.59;
-36.03,-0.79,64.42;
-38.90,3.71,58.81;
-35.95,8.50,51.01;
-32.77,13.30,44.46;
-30.12,18.44,36.85;
-26.97,25.34,26.08;
-24.33,31.88,17.62;
-23.74,39.94,5.87;
-23.46,47.74,-6.27;
-21.12,54.33,-18.41;
-12.93,57.68,-30.90;
0.43,56.46,-41.54;
8.51,51.77,-49.14;
18.49,45.83,-52.18;
29.49,36.44,-53.80;
36.34,27.22,-53.40;
38.54,22.59,-51.95;
36.34,17.46,-48.97;
35.35,11.75,-42.90;
33.75,5.42,-32.79;
29.12,-3.24,-24.28;
19.79,-11.09,-19.66;
12.62,-15.85,-15.17;
12.28,-19.15,-9.60;
19.24,-22.34,-2.48;
26.42,-27.56,6.81;
27.56,-31.89,14.60;
25.06,-34.89,22.56;
23.99,-36.35,27.96;
21.35,-36.92,31.79;
22.07,-36.92,35.59;
18.62,-36.06,38.34;
16.23,-34.17,37.96;
11.23,-35.02,35.76;
12.05,-33.86,33.88;
19.44,-29.73,32.49;
22.72,-25.76,28.78;
25.13,-23.25,21.24;
27.32,-20.15,10.74;
30.08,-17.50,0.95;
34.23,-15.07,-10.71;
40.22,-13.19,-22.35;
44.49,-11.54,-30.35;
48.83,-8.78,-39.60;
57.76,-6.69,-47.40;
65.90,-7.21,-53.20;
71.49,-8.25,-57.57;
77.64,-9.57,-59.23;
81.17,-12.90,-56.94;
82.07,-15.27,-50.82;
79.75,-16.40,-41.49;
74.07,-18.03,-31.12;
66.92,-19.53,-23.11;
54.66,-20.21,-12.15;
38.48,-19.16,-1.02;
26.55,-17.10,8.57;
14.71,-15.68,20.48;
5.91,-16.03,32.30;
-6.35,-12.89,43.70;
-13.84,-9.48,52.60;
-16.79,-8.05,60.39;
-21.34,-3.41,65.59;
-26.25,1.04,68.22;
-30.27,6.04,69.30;
-32.83,9.33,69.24;
-38.77,11.89,68.04;
-47.19,13.98,68.54;
-57.48,15.42,66.04;
-64.36,16.76,62.78;
-75.03,17.72,56.52;
-82.76,18.75,48.10;
-84.56,19.62,39.99;
-81.28,18.55,31.55;
-76.06,15.83,21.81;
-66.42,12.41,9.61;
-54.21,10.40,-1.31;
-40.24,10.56,-15.25;
-30.35,12.44,-26.10;
-22.91,14.52,-36.15;
-9.90,17.85,-47.83;
6.02,17.62,-55.14;
19.46,14.38,-61.49;
32.74,9.24,-67.03;
42.13,2.79,-69.98;
48.74,-4.50,-68.86;
53.17,-9.99,-64.94;
56.29,-17.13,-57.34;
53.71,-20.78,-46.93;
48.95,-22.21,-38.76;
40.98,-22.55,-30.38;
28.28,-22.28,-24.45;
16.29,-20.52,-20.25;
2.40,-17.13,-14.15;
-6.33,-13.63,-9.25;
-13.77,-10.32,-2.61;
-20.09,-6.92,2.37;
-25.12,-1.36,6.45;
-27.55,4.14,7.88;
-29.78,5.59,7.46;
-31.78,9.24,7.27;
-33.67,12.67,8.51;
-39.22,15.68,10.42;
-46.16,17.40,12.28;
-49.41,19.07,12.80;
-50.15,19.46,10.69;
-49.72,19.07,6.94;
-42.99,18.11,2.85;
-39.06,17.10,-2.59;
-38.79,18.41,-6.85;
-34.91,18.53,-11.55;
-28.30,16.26,-16.71;
-34.06,14.56,-19.54;
-40.94,15.79,-20.85;
-37.20,14.72,-22.07;
-28.77,10.59,-24.67;
-23.43,6.70,-28.30;
-13.28,3.57,-33.02;
-5.75,2.93,-36.54;
-0.29,2.55,-39.69;
9.39,0.82,-43.67;
19.93,-1.51,-45.51;
22.84,-4.90,-45.34;
15.24,-6.52,-43.20;
6.43,-6.54,-40.88;
0.23,-7.97,-38.15;
-1.45,-10.28,-36.35;
-4.36,-11.91,-35.20;
-7.41,-12.20,-33.96;
-8.96,-11.53,-34.19;
-9.84,-9.21,-34.73;
-7.31,-5.47,-33.15;
-4.36,-6.87,-30.90;
-3.48,-8.50,-28.39;
-6.38,-7.85,-25.61;
-6.58,-7.30,-23.44;
-1.43,-6.78,-21.60;
-0.45,-7.86,-18.24;
-3.80,-8.52,-15.12;
-1.51,-8.78,-12.53;
4.88,-9.16,-9.60;
6.37,-7.28,-6.44;
5.82,-5.44,-3.80;
2.78,-1.71,-1.20;
-4.70,2.49,0.94;
-6.48,3.02,1.53;
-7.98,3.28,1.24;
-11.74,6.12,1.21;
-17.87,6.12,0.66;
-19.19,6.24,-0.99;
-16.12,7.54,-3.78;
-10.99,8.53,-6.97;
-8.82,9.33,-9.38;
-8.65,10.35,-12.21;
-9.60,10.52,-15.51;
-9.41,10.20,-17.95;
-8.15,9.75,-19.51;
-6.50,7.83,-21.35;
-4.25,6.66,-21.55;
-3.31,6.18,-20.64;
-2.25,5.86,-19.12;
-2.79,3.51,-17.87;
-5.55,1.21,-16.86;
-8.67,-2.00,-16.22;
-12.97,-6.25,-16.02;
-17.75,-10.14,-15.52;
-22.07,-12.17,-14.68;
-25.63,-13.68,-12.25;
-26.70,-14.54,-10.02;
-28.27,-15.34,-6.76;
-29.12,-15.86,-3.93;
-30.54,-14.90,-0.59;
-32.73,-13.44,1.79;
-35.48,-10.96,4.39;
-40.85,-7.13,7.53;
-46.36,-3.33,10.81;
-49.60,-0.23,12.62;
-52.35,4.01,15.35;
-52.82,8.27,18.30;
-51.52,11.05,21.27;
-51.89,12.98,23.17;
-53.16,14.78,24.01;
-52.99,15.80,24.10;
-52.44,15.65,24.31;
-51.98,15.54,24.62;
-51.14,15.37,24.62;
-50.56,14.99,24.98;
-47.69,14.44,25.69;
-43.74,12.93,24.63;
-39.51,11.24,24.30;
-32.82,8.91,23.21;
-25.75,6.95,21.27;
-22.15,5.39,20.02;
-20.94,4.38,19.81;
-22.53,3.08,21.20;
-24.76,1.66,23.01;
-26.83,0.58,26.23;
-30.06,-0.92,29.75;
-32.77,-1.39,33.21;
-34.19,-3.05,35.35;
-36.36,-2.90,38.17;
-37.32,-1.18,40.46;
-36.22,1.95,43.04;
-28.64,4.73,45.38;
-17.98,6.18,46.07;
-9.05,7.94,47.26;
-1.12,11.07,50.60;
4.46,14.72,56.43;
5.49,17.33,61.04;
5.78,19.53,61.87;
8.55,20.56,60.22;
14.89,21.39,57.30;
25.23,22.24,56.75;
33.90,21.60,57.59;
35.55,19.66,58.01;
35.38,22.44,59.84;
31.97,20.00,59.73;
21.49,16.11,57.72;
16.29,16.06,57.98;
14.81,16.99,58.01;
13.01,17.62,58.11;
12.78,19.72,58.92;
8.95,20.26,58.68;
5.46,21.63,58.20;
2.39,20.62,56.77;
-1.00,25.11,58.17;
-3.38,26.32,58.77;
-7.52,24.62,60.22;
-9.06,24.49,62.78;
-8.91,24.53,63.61;
-10.24,27.46,63.38;
-17.09,30.00,63.53;
-24.97,34.47,63.15;
-33.71,34.46,62.04;
-39.32,34.72,62.25;
-41.11,36.85,59.20;
-41.08,36.93,57.23;
-38.88,34.04,52.23;
-34.15,30.55,48.89;
-31.11,26.67,47.61;
-24.54,22.91,48.39;
-16.65,19.94,48.62;
-9.52,17.85,49.04;
-4.15,15.68,47.93;
-3.46,13.82,48.42;
-5.02,11.71,49.82;
-7.69,8.09,52.25;
-11.31,6.29,54.02;
-14.59,6.06,57.10;
-14.45,6.64,59.91;
-14.80,6.26,62.34;
-13.16,6.14,64.08;
-12.19,5.74,64.46;
-7.98,5.77,63.12;
-2.79,5.39,61.96;
-3.93,5.02,63.21;
-9.51,4.41,63.23;
-18.77,3.39,61.30;
-23.77,4.78,56.31;
-25.46,4.88,53.46;
-30.82,2.44,54.10;
-37.58,-2.63,54.56;
-37.86,-4.21,53.93;
-34.64,-2.02,52.51;
-32.64,0.90,52.36;
-34.90,1.82,50.34;
-35.29,2.75,45.90;
-34.36,4.35,43.10;
-36.56,5.08,42.85;
-37.34,4.84,43.64;
-36.77,4.61,42.74;
-35.57,4.55,39.59;
-34.65,5.56,36.97;
-33.96,5.65,34.63;
-27.58,7.98,31.90;
-24.33,6.95,31.23;
-22.33,4.69,32.43;
-21.00,2.27,35.36;
-16.62,1.37,38.16;
-11.09,0.75,39.23;
-6.74,2.04,36.52;
-0.90,0.67,33.33;
-0.80,0.98,30.10;
-1.31,1.65,24.51;
-2.21,1.85,18.91;
-1.95,0.76,14.39;
0.40,-0.54,8.48;
3.36,-2.20,0.39;
5.67,-3.79,-5.32;
10.07,-2.84,-10.35;
14.95,-3.02,-12.39;
17.09,-1.34,-11.67;
15.70,-1.57,-9.99;
14.29,-1.56,-9.66;
14.34,-2.47,-9.98;
15.32,-4.44,-10.04;
17.44,-7.51,-10.77;
22.52,-8.90,-12.94;
32.37,-10.06,-15.81;
38.68,-11.33,-16.97;
44.65,-10.18,-19.09;
48.42,-7.42,-21.15;
47.84,-6.87,-22.02;
45.06,-6.61,-20.21;
41.58,-5.92,-17.38;
38.89,-5.76,-14.59;
34.45,-5.24,-12.82;
30.86,-5.27,-12.86;
29.06,-6.32,-13.28;
30.08,-6.17,-14.12;
31.00,-5.85,-14.68;
31.78,-5.39,-14.77;
31.55,-5.28,-14.45;
31.75,-6.09,-14.79;
31.64,-7.12,-15.69;
32.98,-6.58,-15.96;
33.20,-5.53,-16.24;
29.24,-5.16,-17.43;
24.37,-5.09,-18.16;
21.15,-4.28,-18.53;
17.01,-1.86,-17.55;
14.08,2.21,-16.44;
10.45,5.17,-15.80;
6.13,6.33,-16.42;
4.57,5.14,-16.80;
4.63,3.85,-15.75;
4.78,3.05,-13.70;
3.04,2.72,-11.11;
2.54,1.27,-9.58;
3.82,-0.15,-9.12;
6.16,-0.86,-9.92;
8.28,0.20,-9.57;
9.07,0.53,-10.25;
9.36,1.80,-13.00;
10.78,2.73,-13.84;
11.49,2.43,-12.35;
10.00,-0.11,-9.28;
8.94,-2.44,-7.75;
9.00,-4.06,-7.83;
11.84,-3.67,-9.34;
17.24,-1.94,-10.35;
21.82,-0.28,-9.20;
22.69,0.29,-6.73;
22.00,-0.32,-2.68;
19.73,-0.81,1.85;
17.29,-0.75,3.76;
14.84,-0.29,3.78;
13.75,0.59,1.61;
14.98,1.05,-1.57;
16.26,1.13,-3.69;
16.71,0.01,-6.30;
16.39,-1.53,-9.09;
18.08,-2.21,-11.31;
19.88,-1.80,-14.42;
22.48,-1.22,-17.90;
22.94,0.08,-21.05;
21.78,-0.15,-24.12;
19.76,-0.34,-26.80;
18.52,-2.50,-26.96;
19.73,-5.10,-25.57;
23.04,-8.46,-23.58;
27.75,-11.57,-24.61;
34.45,-13.70,-25.41;
43.07,-15.19,-25.08;
47.73,-17.83,-24.35;
48.51,-19.34,-23.73;
47.70,-22.32,-21.87;
47.99,-25.76,-20.39;
51.39,-26.44,-18.48;
52.74,-28.89,-16.70;
53.12,-28.89,-15.00;
49.62,-28.93,-13.87;
48.57,-24.90,-15.25;
48.05,-22.31,-20.62;
49.87,-19.36,-23.83;
54.95,-18.93,-19.44;
54.48,-19.80,-11.14;
43.70,-19.28,-8.31;
32.98,-18.12,-8.79;
29.93,-16.29,-10.18;
35.09,-20.03,-12.56;
47.26,-23.10,-13.64;
53.39,-25.96,-12.45;
57.06,-29.07,-11.96;
57.33,-28.95,-12.62;
57.13,-30.08,-14.38;
59.21,-31.56,-15.81;
60.77,-31.77,-14.97;
57.20,-31.60,-15.73;
50.07,-30.73,-16.96;
38.08,-29.10,-19.86;
29.81,-27.10,-22.50;
26.39,-25.99,-24.22;
23.12,-24.11,-27.51;
18.72,-22.70,-32.45;
12.22,-22.15,-38.09;
5.07,-22.23,-42.90;
0.07,-21.92,-45.73;
-3.05,-21.19,-47.19;
-5.09,-21.33,-47.80;
-7.05,-20.28,-48.50;
-9.58,-18.87,-48.62;
-11.83,-17.67,-49.32;
-16.91,-15.36,-50.19;
-23.11,-13.88,-52.02;
-26.85,-12.50,-50.71;
-36.10,-12.79,-48.41;
-45.86,-11.34,-46.91;
-54.16,-10.75,-47.64;
-59.57,-10.67,-48.38;
-63.69,-9.13,-50.65;
-62.80,-8.14,-52.51;
-57.66,-6.09,-54.39;
-52.01,-5.16,-56.31;
-46.51,-5.92,-59.29;
-40.09,-6.43,-61.93;
-34.93,-3.77,-68.73;
-25.78,-1.88,-77.44;
-16.54,-4.61,-81.99;
-17.51,-6.47,-85.67;
-19.93,-11.65,-90.91;
-28.71,-18.67,-98.33;
-31.51,-21.79,-105.28;
-30.22,-24.50,-109.77;
-30.73,-25.54,-104.57;
-32.06,-26.96,-98.28;
-33.64,-29.89,-93.34;
-32.79,-33.88,-95.93;
-24.41,-39.59,-101.00;
-15.71,-43.50,-106.76;
-10.33,-44.58,-109.29;
-5.83,-47.44,-109.38;
-3.34,-48.31,-105.84;
-8.62,-45.36,-101.66;
-16.93,-39.53,-99.89;
-24.35,-35.30,-98.51;
-33.02,-30.89,-96.12;
-41.75,-25.70,-91.05;
-47.98,-19.57,-85.84;
-55.75,-11.50,-77.96;
-60.82,-5.13,-69.93;
-65.49,-0.70,-62.36;
-65.95,4.11,-55.28;
-63.72,8.14,-47.70;
-55.46,11.63,-42.10;
-46.61,13.05,-38.42;
-35.02,12.52,-34.82;
-24.42,11.10,-32.50;
-12.74,10.87,-30.70;
0.80,10.24,-28.73;
10.52,10.44,-25.99;
21.42,10.23,-24.02;
32.57,8.44,-21.44;
40.60,6.50,-18.45;
44.42,3.79,-15.87;
45.39,1.34,-14.39;
43.41,-0.95,-12.91;
40.81,-3.73,-12.39;
35.76,-5.97,-11.58;
30.43,-7.73,-10.42;
26.88,-9.60,-8.86;
24.94,-11.36,-7.60;
23.96,-14.02,-5.17;
23.61,-16.66,-2.19;
23.35,-17.76,0.56;
22.80,-17.39,2.46;
20.54,-16.61,4.13;
18.92,-16.18,4.74;
16.63,-14.99,5.58;
13.29,-12.70,6.16;
10.95,-10.73,6.62;
8.69,-8.49,7.64;
7.87,-7.31,7.91;
9.27,-6.57,7.85;
10.25,-5.45,7.82;
11.10,-4.11,8.02;
11.27,-2.11,8.63;
11.09,-0.50,8.98;
9.70,0.44,9.98;
7.38,0.62,10.30;
4.26,1.14,10.36;
1.07,2.53,9.33;
-2.21,3.82,8.60;
-5.11,5.75,7.52;
-7.31,6.98,6.78;
-8.01,7.97,4.91;
-6.77,9.33,3.99;
-3.71,9.17,3.24;
0.22,9.50,3.12;
4.57,9.04,2.92;
10.02,7.88,2.77;
15.75,6.12,2.75;
21.81,3.89,1.88;
27.44,0.98,1.69;
30.83,0.11,2.43;
30.97,-0.25,3.03;
28.54,-1.80,3.07;
25.58,-4.43,2.85;
23.21,-5.79,2.65;
20.52,-7.51,2.94;
18.51,-8.31,3.36;
17.21,-8.90,4.13;
15.59,-9.45,5.50;
13.32,-9.50,5.75;
10.14,-9.63,6.48;
7.85,-9.39,6.66;
5.39,-9.56,5.96;
3.29,-9.71,5.75;
2.45,-9.07,5.53;
2.91,-8.63,4.42;
5.03,-7.59,2.49;
6.02,-6.66,0.49;
5.84,-5.19,-2.82;
5.36,-5.27,-5.80;
8.04,-8.05,-8.04;
16.31,-13.05,-6.44;
31.78,-19.83,-0.50;
39.15,-21.53,4.88;
32.20,-22.12,6.05;
17.94,-22.40,1.79;
9.21,-13.53,-0.73;
6.75,-3.16,1.06;
9.07,7.10,5.09;
5.35,7.56,4.39;
-8.07,7.91,1.15;
-16.01,13.17,-1.09;
-18.03,19.27,-3.06;
-17.20,22.70,-4.33;
-14.42,25.66,-5.15;
-11.38,28.55,-5.55;
-6.59,30.91,-6.27;
-5.22,32.52,-7.90;
-3.43,34.27,-10.82;
-1.40,35.54,-15.23;
-2.91,39.75,-18.57;
-4.93,42.81,-21.41;
-11.20,46.30,-23.70;
-13.31,49.91,-25.83;
-15.61,51.43,-27.00;
-16.35,50.64,-30.25;
-18.68,48.26,-33.38;
-22.27,46.04,-35.69;
-31.28,44.43,-36.67;
-35.87,42.59,-37.08;
-36.64,39.86,-36.07;
-40.35,37.88,-35.55;
-47.72,36.17,-33.44;
-53.05,34.56,-31.52;
-57.98,30.27,-30.90;
-60.99,23.54,-31.06;
-64.18,15.72,-27.12;
-63.71,7.56,-20.45;
-58.90,-1.01,-9.31;
-48.19,-8.12,0.30;
