-1.19,0.77,-0.21;
-1.06,0.86,0.49;
0.07,0.65,0.32;
0.27,0.52,0.09;
0.53,0.48,-0.43;
0.61,0.78,-0.06;
-0.12,0.65,0.61;
-0.26,0.95,0.64;
0.18,0.71,0.20;
0.78,0.26,0.24;
0.32,0.77,0.55;
0.73,1.04,0.26;
0.55,0.92,-0.06;
1.01,0.55,-0.18;
1.48,0.34,-0.32;
1.16,0.60,-0.05;
-1.18,0.45,0.78;
-2.89,0.14,1.13;
-4.17,0.83,1.25;
-2.29,0.89,0.59;
-0.35,0.63,0.41;
0.79,0.22,0.26;
0.67,0.74,0.04;
1.05,0.84,-0.26;
1.45,0.77,-0.41;
1.75,0.16,-0.09;
0.79,-0.06,0.09;
-1.54,0.29,0.24;
-2.11,0.43,0.11;
-1.44,0.63,0.32;
1.14,0.20,-0.18;
1.37,0.17,-0.31;
1.48,0.14,-0.43;
1.28,0.32,-0.23;
0.06,0.05,-0.54;
-0.93,0.55,-0.40;
0.61,0.80,-0.46;
1.92,0.20,-0.38;
2.72,-0.24,-0.98;
0.88,0.39,-1.01;
0.33,0.71,-0.60;
0.10,0.75,-0.00;
2.14,0.19,-0.12;
2.81,0.16,-0.41;
3.11,-0.03,-0.64;
1.71,-0.13,-0.41;
0.33,0.40,-0.03;
0.43,0.57,0.32;
1.43,0.10,-0.46;
2.07,-0.04,-0.72;
1.56,-0.16,-0.69;
0.26,0.00,0.12;
-1.51,-0.24,0.85;
-0.81,-0.09,0.53;
0.58,-0.21,0.23;
1.04,-0.10,-0.54;
1.14,0.00,-0.58;
0.46,-0.07,-0.35;
-0.58,0.20,0.26;
-0.51,0.22,0.70;
-0.78,-0.13,0.50;
-0.70,0.00,0.52;
-1.25,-0.15,0.27;
-0.03,-0.27,0.30;
0.91,-0.18,-0.05;
1.49,-0.32,-0.14;
1.22,-0.32,-0.26;
0.12,-0.50,-0.12;
0.38,0.32,0.26;
1.92,-0.23,0.03;
2.03,-0.56,-0.37;
0.90,-0.64,0.14;
-0.12,-0.27,0.49;
-0.26,-0.03,0.99;
0.50,-0.07,0.09;
3.08,-0.81,-0.52;
3.91,-1.08,-0.84;
3.25,-0.59,-0.89;
1.89,0.29,-0.23;
1.17,-0.47,-0.46;
0.91,-0.39,-0.20;
1.10,-0.15,0.24;
0.24,0.36,0.01;
0.18,0.89,-0.02;
0.17,0.48,0.06;
0.32,0.40,-0.06;
-1.22,1.18,0.50;
-1.02,1.09,0.11;
0.43,0.95,-0.25;
-0.57,1.36,-1.24;
-0.95,2.11,-2.35;
-1.51,3.55,-2.15;
-1.56,3.42,-2.54;
0.58,4.06,-2.58;
1.95,4.43,-2.50;
2.85,4.34,-3.21;
2.33,4.72,-3.44;
2.20,6.49,-3.60;
4.73,7.09,-3.89;
5.85,7.50,-4.11;
4.01,8.08,-5.59;
2.69,8.95,-7.24;
0.07,11.03,-6.89;
-3.77,12.51,-6.96;
-3.48,14.51,-6.20;
-1.22,14.00,-7.10;
-2.06,16.39,-9.27;
0.32,14.11,-13.59;
-4.58,13.19,-15.91;
-8.08,17.30,-12.90;
-4.63,17.00,-8.11;
-0.70,13.94,-4.41;
-0.89,10.78,-4.06;
-0.52,7.45,-6.12;
-7.35,3.76,-4.81;
-18.08,3.70,1.05;
-23.39,3.55,5.89;
-16.14,3.33,6.82;
-8.40,0.86,4.24;
0.46,-1.95,2.12;
7.48,-2.36,4.23;
11.88,-4.23,7.83;
13.89,-6.24,10.00;
11.85,-7.35,11.05;
4.58,-8.74,10.18;
-1.64,-7.14,8.26;
-3.83,-5.64,7.42;
-5.09,-7.03,7.20;
-6.31,-8.41,6.81;
-5.96,-8.70,4.20;
-7.35,-9.26,3.48;
-10.28,-8.71,6.32;
-11.12,-8.50,7.92;
-9.88,-7.80,6.52;
-0.75,-9.58,3.48;
3.56,-10.59,3.16;
-0.41,-10.04,3.08;
-6.99,-7.95,3.22;
-13.67,-6.55,6.23;
-15.09,-7.54,7.97;
-10.49,-7.49,7.63;
-6.66,-7.52,6.01;
-4.48,-7.14,5.19;
-5.06,-6.33,4.08;
-4.17,-6.64,2.64;
-3.04,-6.18,0.09;
-2.83,-4.85,-1.56;
-1.19,-3.87,-1.92;
1.40,-3.63,-1.30;
4.04,-4.16,-2.58;
2.53,-2.50,-2.78;
-0.98,-2.48,-2.31;
-5.22,-1.49,-0.54;
-7.48,0.08,1.85;
-7.06,-0.56,1.60;
-6.63,-1.75,0.15;
-5.15,-2.09,-0.26;
-1.88,-1.08,1.56;
-0.66,-0.41,2.47;
-2.43,0.19,1.83;
-6.92,-0.44,0.62;
-12.22,-0.76,0.06;
-16.34,0.36,0.06;
-13.36,1.82,-0.90;
-9.90,2.05,-0.63;
-11.48,1.01,1.11;
-19.12,3.96,2.43;
-23.30,8.36,3.79;
-18.26,8.98,2.47;
-7.50,6.57,1.08;
0.94,5.50,-0.02;
4.79,5.48,-1.34;
-0.37,4.46,-1.70;
-12.54,2.71,0.90;
-19.41,1.87,5.27;
-24.08,1.04,7.07;
-23.25,-0.01,5.43;
-22.89,-0.99,4.04;
-18.55,-2.32,3.65;
-11.86,-4.62,3.02;
-8.32,-4.85,2.20;
-6.55,-4.82,0.69;
-6.96,-7.35,-1.36;
-7.41,-7.87,-1.36;
-6.20,-7.60,0.40;
-3.47,-7.52,2.37;
-3.86,-8.67,1.22;
-4.41,-8.96,-0.05;
-3.86,-8.32,-2.73;
0.30,-6.19,-3.76;
5.74,-5.22,-3.76;
9.16,-5.64,-4.12;
6.36,-6.44,-4.18;
1.56,-6.42,-3.57;
-3.79,-6.12,-2.70;
-8.02,-3.69,-3.02;
-5.10,-2.73,-1.38;
-0.93,-3.83,-0.34;
2.47,-5.77,-1.89;
-3.09,-5.86,-4.23;
-9.10,-1.45,-4.64;
-3.30,1.65,-3.12;
10.41,-2.13,-2.72;
13.94,-5.97,-3.07;
4.70,-3.89,-4.28;
-5.33,1.52,-4.02;
-5.80,1.48,-1.99;
-3.02,0.16,-1.02;
-0.32,-0.07,-2.90;
2.07,2.14,-3.53;
4.81,1.68,-3.10;
1.85,0.63,-3.05;
-1.24,3.07,-2.81;
0.59,5.30,-2.32;
6.36,3.56,-2.31;
10.14,2.08,-1.60;
6.72,1.99,-0.60;
2.26,2.98,-0.58;
-2.25,3.87,-0.00;
-1.13,5.84,-1.10;
6.17,6.83,-1.73;
14.47,5.45,-1.65;
20.10,3.48,-0.75;
15.11,2.98,1.11;
5.69,2.61,1.46;
-5.22,4.02,0.96;
-9.02,5.30,1.24;
-3.53,4.80,2.15;
5.66,2.49,2.24;
6.18,2.49,3.37;
6.14,4.36,3.56;
5.11,4.48,3.86;
3.81,3.26,4.85;
4.36,1.58,5.79;
4.62,0.74,5.75;
4.26,0.71,5.25;
2.04,1.27,5.39;
0.85,-0.44,3.59;
2.26,-0.71,2.95;
6.73,0.84,3.01;
9.78,0.28,3.97;
9.22,-1.52,4.04;
6.81,-1.48,4.24;
2.17,-2.58,3.85;
-1.47,-3.19,3.02;
-4.67,-2.74,3.42;
-7.02,-2.30,5.43;
-4.95,-2.10,7.04;
-2.96,-2.81,7.01;
-3.28,-3.97,5.39;
-7.12,-2.33,3.04;
-5.80,0.11,1.71;
-2.00,0.66,2.67;
3.86,0.25,4.09;
6.90,0.58,6.06;
5.52,-0.39,5.98;
3.66,-2.00,2.58;
-1.31,-0.68,1.16;
-3.48,-0.16,2.44;
-5.04,-0.38,3.07;
-5.90,0.52,3.95;
-7.04,0.68,4.79;
-5.64,-1.49,3.16;
-4.86,-1.03,1.89;
-1.80,-1.02,-0.11;
4.39,0.25,-1.68;
9.71,0.37,-1.31;
10.38,-0.88,-1.56;
6.53,-1.81,-1.36;
-0.37,-2.33,-0.73;
-6.03,-1.11,-0.38;
-8.49,1.38,-0.37;
-2.02,1.53,-0.95;
4.52,1.59,-0.49;
4.70,1.18,-0.60;
2.36,0.66,-0.70;
-0.72,-0.36,-1.05;
-1.54,-0.94,-0.52;
-0.66,-0.42,0.04;
0.26,0.78,0.24;
2.24,0.17,-0.58;
2.81,-1.54,-1.53;
-0.66,-2.27,-1.33;
-5.21,-0.39,-0.76;
-5.88,1.88,-0.44;
-1.74,0.98,-0.21;
-0.63,-1.19,-0.73;
-2.51,-1.29,-0.21;
-3.57,0.31,-0.70;
-3.42,1.04,-2.78;
-1.04,1.36,-4.17;
0.99,0.14,-2.64;
2.14,0.02,-1.05;
0.81,0.51,0.43;
-1.33,0.60,0.35;
-3.76,0.71,-0.14;
-2.23,0.74,-1.09;
-0.86,0.72,-0.54;
1.85,0.68,0.18;
2.65,-0.42,-0.57;
-2.15,-0.62,-0.89;
-7.38,-1.51,-0.17;
-11.25,-1.34,0.50;
-12.54,0.02,2.18;
-10.40,-0.58,2.79;
-6.05,-2.36,2.49;
-1.80,-2.82,1.94;
-2.48,-2.81,2.14;
-7.85,-4.27,4.27;
-12.17,-2.76,3.60;
-11.77,-1.08,2.08;
-8.37,0.19,2.08;
-7.94,-1.16,1.75;
-7.25,-1.17,-0.14;
-9.38,-0.94,-1.31;
-7.76,0.98,-2.20;
0.36,0.78,-1.71;
3.23,-0.38,-0.11;
0.91,1.21,-0.43;
0.07,1.00,1.45;
-7.16,-1.08,1.94;
-15.33,-0.77,0.85;
-17.21,2.00,1.01;
-10.66,2.13,2.49;
0.06,1.10,3.53;
4.47,1.01,1.08;
4.79,1.81,-1.27;
4.72,-0.10,-1.86;
0.32,-1.37,-2.25;
-2.12,0.60,-0.38;
0.78,-0.35,1.53;
2.91,-1.90,3.05;
-0.92,-1.69,4.08;
-6.23,-0.93,1.46;
-3.18,0.00,-1.48;
5.43,0.58,-2.09;
13.95,0.77,-0.03;
12.88,-0.39,2.03;
4.15,-3.48,2.55;
-3.01,-6.26,1.83;
-6.63,-8.42,1.85;
-10.05,-5.60,4.43;
-4.14,-4.04,3.89;
3.51,-7.83,2.98;
8.99,-13.28,5.91;
2.09,-17.46,10.79;
-8.02,-18.33,10.29;
-12.44,-14.87,9.74;
-0.72,-14.59,8.72;
22.36,-20.67,13.79;
28.38,-26.16,17.07;
16.67,-27.29,18.06;
-4.23,-24.45,18.75;
-7.31,-25.80,21.97;
-6.20,-30.21,29.91;
3.28,-34.87,31.72;
20.62,-34.06,31.89;
34.24,-37.20,24.73;
34.29,-42.96,23.34;
26.35,-52.58,26.93;
5.51,-49.97,32.50;
-1.41,-45.23,34.53;
11.28,-41.54,35.71;
29.27,-44.23,42.82;
27.37,-49.74,47.19;
19.78,-53.97,47.43;
0.70,-47.72,45.92;
-6.46,-45.23,47.20;
-13.62,-41.80,50.41;
-13.07,-40.42,48.00;
-8.86,-38.99,36.40;
-3.76,-38.26,31.30;
0.56,-33.81,31.46;
12.29,-24.67,34.21;
17.20,-18.74,38.70;
20.58,-20.97,38.70;
11.66,-27.05,31.82;
-5.71,-25.49,30.47;
-20.03,-20.18,30.33;
-32.93,-14.45,34.43;
-13.86,-22.42,31.65;
-6.43,-29.49,26.14;
1.27,-30.70,19.11;
7.54,-25.86,21.28;
11.17,-20.97,29.22;
-2.83,-16.07,35.85;
-6.46,-15.94,37.30;
-1.48,-20.39,32.73;
7.52,-27.25,24.12;
4.72,-31.35,14.87;
-9.22,-26.07,12.93;
-18.20,-15.03,18.78;
-1.88,-9.20,27.79;
18.93,-14.90,31.01;
21.60,-21.06,26.33;
12.46,-22.74,19.82;
1.71,-23.17,18.24;
-9.90,-21.45,18.70;
-12.66,-22.42,20.98;
-3.67,-23.22,21.01;
8.06,-22.50,22.91;
17.27,-22.03,25.50;
18.21,-25.45,26.79;
16.50,-26.06,23.74;
13.37,-24.55,22.90;
19.30,-23.02,24.06;
21.69,-24.38,22.85;
6.33,-26.81,20.88;
1.08,-24.42,19.85;
10.65,-20.01,21.42;
35.10,-21.00,23.28;
38.62,-27.34,22.35;
19.45,-31.29,15.31;
3.57,-29.14,10.87;
-3.09,-21.25,14.41;
2.47,-10.76,25.10;
6.52,-6.48,30.38;
14.41,-6.81,22.85;
23.74,-10.62,13.91;
30.65,-14.38,6.64;
25.34,-16.50,4.88;
12.01,-16.73,7.75;
1.08,-13.63,15.37;
8.41,-9.51,18.93;
9.45,-10.33,17.88;
2.75,-11.05,12.20;
-2.57,-10.21,6.21;
5.52,-7.71,4.98;
13.31,-5.60,8.15;
15.23,-2.48,13.42;
18.88,0.69,13.36;
20.58,2.60,9.10;
8.94,3.38,2.95;
-7.06,2.42,-4.55;
-10.05,1.03,-9.65;
-10.29,1.91,-5.16;
-12.23,9.97,6.18;
-7.25,15.93,10.53;
-9.59,18.03,6.91;
-5.33,17.91,-4.63;
10.01,15.70,-13.59;
14.62,11.85,-13.68;
5.23,8.51,-10.57;
-24.11,9.33,-12.70;
-36.17,12.22,-15.24;
-20.40,18.63,-12.73;
-6.61,19.96,-8.75;
-16.08,16.17,-11.96;
-30.66,17.41,-20.76;
-29.79,25.44,-28.03;
-10.66,33.58,-19.02;
-0.38,36.52,-6.78;
3.46,33.27,-2.00;
-13.07,29.53,-12.66;
-29.02,31.53,-29.07;
-20.00,31.56,-36.83;
-5.42,24.86,-35.27;
-26.43,17.93,-38.81;
-50.02,25.53,-44.96;
-39.77,45.85,-34.66;
-23.68,57.00,-19.94;
-7.30,53.13,-15.99;
-10.37,38.89,-26.76;
-32.35,35.13,-49.16;
-43.02,42.49,-56.73;
-34.09,56.69,-48.28;
-4.92,58.84,-34.21;
5.63,49.76,-30.98;
-11.28,41.15,-46.99;
-38.92,45.71,-64.28;
-40.20,54.98,-65.21;
-22.69,58.13,-59.38;
-2.72,52.49,-50.57;
-2.40,48.95,-47.01;
-20.61,54.97,-45.83;
-31.65,64.32,-44.46;
-30.89,61.73,-43.73;
-24.90,51.73,-53.38;
-24.23,43.76,-73.51;
-22.34,49.79,-81.34;
-17.25,62.23,-64.11;
-11.27,64.80,-44.86;
-16.09,53.99,-38.64;
-23.93,42.22,-54.52;
-31.15,41.67,-71.92;
-31.76,48.46,-70.73;
-21.65,53.21,-55.31;
20.75,51.12,-36.03;
14.59,43.58,-33.50;
-14.02,37.67,-46.35;
-21.31,41.04,-60.14;
-6.06,47.15,-59.85;
30.81,46.19,-48.69;
51.63,40.29,-35.56;
78.24,33.32,-36.05;
72.55,26.34,-44.00;
37.37,22.65,-45.54;
24.69,21.47,-41.96;
22.67,21.35,-37.83;
41.68,25.73,-31.80;
72.50,19.24,-20.46;
88.85,7.13,-9.63;
58.17,-9.28,-4.26;
-12.73,-4.07,-3.53;
-65.39,10.13,1.53;
-61.02,21.24,9.01;
-32.77,14.55,14.09;
6.73,-5.66,9.39;
13.94,-12.41,0.17;
8.70,-2.42,-5.38;
-0.69,10.16,0.85;
-5.57,6.49,5.45;
-9.39,-2.07,6.95;
-12.19,-6.77,6.26;
-24.78,-2.90,7.83;
-17.97,-0.67,9.82;
-10.26,-3.11,12.79;
-9.41,-6.24,12.35;
-6.38,-6.84,10.00;
0.49,-4.97,7.24;
12.85,-6.01,3.65;
13.65,-7.03,5.53;
8.55,-9.51,10.59;
-0.98,-12.36,17.72;
-6.52,-12.97,21.62;
-18.25,-10.82,18.61;
-19.80,-11.40,11.74;
-4.58,-14.68,13.94;
12.62,-18.90,21.16;
19.40,-20.50,27.57;
21.43,-20.68,19.83;
23.94,-17.71,10.58;
36.30,-19.22,10.04;
45.62,-25.25,21.24;
32.29,-30.58,31.34;
25.78,-36.71,29.98;
25.86,-36.24,24.88;
22.04,-34.91,28.79;
7.71,-33.51,39.01;
-6.96,-36.39,41.53;
11.65,-46.03,35.40;
18.79,-50.53,36.20;
15.92,-47.80,37.34;
10.81,-37.13,37.66;
25.83,-33.95,34.56;
50.58,-41.05,37.54;
49.65,-49.89,49.88;
10.84,-47.54,55.28;
-15.09,-41.97,53.57;
-16.09,-42.68,51.51;
-3.24,-46.03,52.82;
-14.34,-41.42,52.35;
-18.61,-39.16,39.85;
-11.42,-38.67,32.40;
18.93,-45.26,35.50;
52.67,-50.84,46.58;
56.88,-49.98,61.82;
35.43,-46.42,60.00;
10.81,-44.33,48.30;
-17.86,-37.32,40.18;
-13.24,-39.08,40.67;
-2.32,-43.74,41.02;
12.93,-45.87,44.59;
6.52,-36.99,44.17;
14.47,-28.42,43.66;
28.49,-25.05,41.39;
41.19,-32.91,38.85;
35.42,-40.99,31.45;
14.30,-39.16,26.24;
-3.71,-31.28,24.09;
3.31,-24.41,33.94;
42.79,-26.13,41.68;
53.33,-38.42,47.98;
28.93,-47.81,39.19;
-6.22,-43.95,32.15;
-3.76,-32.03,29.19;
16.62,-26.67,35.82;
44.62,-28.93,40.98;
43.04,-36.33,36.58;
27.39,-39.05,23.98;
11.27,-28.13,23.92;
13.83,-15.61,29.94;
19.49,-7.35,37.57;
29.49,-7.81,36.87;
28.64,-14.76,28.30;
31.10,-19.66,21.39;
23.95,-18.53,21.50;
12.07,-17.19,20.24;
-3.19,-18.59,16.49;
-5.90,-19.77,16.03;
8.01,-16.56,19.74;
17.31,-9.87,24.70;
19.98,-3.00,26.84;
15.11,-2.53,22.62;
27.30,-7.11,17.30;
34.09,-11.75,17.34;
26.65,-10.94,18.78;
-5.88,-7.98,13.36;
-23.39,-7.69,3.57;
-11.67,-10.91,0.30;
10.47,-6.41,10.14;
9.17,2.02,17.08;
-4.96,10.58,15.20;
3.54,12.95,9.43;
17.66,11.16,6.41;
28.79,5.12,7.07;
10.59,2.19,7.11;
-30.89,1.91,-3.67;
-50.95,1.64,-14.02;
-34.37,4.75,-11.12;
-10.87,14.29,1.94;
8.01,21.77,8.76;
2.30,22.48,-2.25;
2.41,20.11,-16.03;
9.91,14.65,-20.37;
6.79,13.23,-15.54;
-22.15,18.45,-8.60;
-39.44,20.20,-9.71;
-34.58,18.19,-13.77;
-20.02,17.88,-9.62;
-26.32,21.45,-8.31;
-28.51,28.05,-16.73;
-18.66,30.98,-24.18;
-2.63,30.66,-24.89;
6.85,26.31,-22.46;
-8.96,23.59,-23.01;
-30.95,25.12,-29.10;
-30.96,27.07,-32.50;
-23.85,31.77,-27.16;
-26.83,37.61,-24.40;
-29.85,38.86,-30.61;
-31.65,37.67,-38.34;
-30.28,38.22,-41.94;
-27.90,43.13,-40.90;
-14.66,47.27,-38.86;
-2.86,43.91,-35.92;
-12.09,38.75,-38.50;
-29.19,38.03,-48.21;
-33.35,43.01,-54.83;
-36.12,52.54,-48.54;
-32.67,57.04,-43.48;
-27.59,54.22,-40.58;
-24.15,45.68,-44.75;
-37.70,41.52,-53.09;
-55.16,44.84,-58.00;
-48.84,56.22,-50.43;
-39.56,63.99,-38.69;
-34.69,62.34,-35.44;
-31.94,53.26,-45.24;
-39.83,49.68,-62.78;
-41.35,52.13,-72.37;
-29.82,60.69,-69.82;
-14.40,63.76,-53.45;
4.38,49.67,-44.31;
-18.96,42.89,-45.79;
-40.15,44.95,-58.83;
-56.58,54.23,-62.95;
-41.42,53.44,-61.67;
-21.51,46.77,-60.47;
-7.51,42.95,-60.23;
-11.44,46.14,-54.60;
-16.46,44.08,-47.42;
-24.99,37.36,-46.37;
-29.13,37.79,-50.34;
-21.38,36.17,-54.63;
-1.96,34.16,-52.14;
25.86,32.95,-40.23;
32.94,32.94,-32.29;
43.14,24.20,-30.49;
27.86,19.12,-32.96;
20.38,16.68,-39.07;
32.87,18.94,-40.98;
44.75,22.11,-27.38;
51.68,19.55,-18.63;
58.70,7.32,-21.48;
38.90,3.93,-27.83;
3.46,10.43,-27.85;
0.50,16.87,-22.63;
10.41,15.19,-14.73;
35.40,4.42,-10.06;
40.00,-3.40,-3.99;
19.89,-5.08,4.73;
-20.57,-0.09,6.30;
-39.90,3.68,6.33;
-45.74,6.49,5.01;
-34.98,2.32,0.41;
-6.83,1.24,-0.54;
21.30,-1.61,1.19;
35.23,-2.32,1.07;
27.91,-4.59,-0.03;
10.58,-6.15,0.99;
-10.75,-3.58,6.59;
-28.08,1.39,11.46;
-35.82,2.32,9.28;
-29.68,-0.96,5.22;
-13.51,-2.73,5.02;
7.45,-3.05,8.08;
19.23,-3.31,9.31;
17.77,-4.44,6.87;
8.67,-7.17,4.32;
0.38,-8.07,5.57;
-9.51,-7.22,9.54;
-14.72,-5.43,12.18;
-16.81,-5.71,13.71;
-17.82,-7.19,13.88;
-14.32,-4.74,14.88;
1.89,-2.87,13.60;
27.33,-8.58,12.08;
36.93,-12.79,9.89;
35.27,-11.35,9.08;
27.04,-11.31,8.93;
23.04,-10.33,8.82;
31.49,-13.45,9.11;
38.01,-17.92,12.18;
33.59,-22.55,19.37;
16.72,-24.32,26.01;
-0.09,-22.10,26.52;
-5.06,-20.35,20.85;
7.17,-23.95,23.30;
20.44,-27.68,30.91;
34.32,-34.96,36.27;
31.01,-41.14,31.82;
31.19,-39.06,20.87;
34.81,-36.70,19.53;
44.76,-36.19,31.95;
36.24,-37.37,40.41;
28.99,-38.16,32.95;
26.58,-38.38,27.94;
23.49,-39.32,31.83;
2.94,-35.86,41.65;
-13.12,-31.48,46.49;
-5.33,-34.82,45.85;
7.86,-40.04,41.89;
14.62,-40.52,35.62;
18.67,-44.77,28.82;
24.41,-40.42,35.75;
35.68,-39.17,45.60;
32.47,-38.26,49.31;
26.09,-38.59,43.62;
6.70,-36.16,37.40;
2.94,-37.02,38.37;
4.73,-42.91,43.83;
9.11,-44.45,50.75;
13.27,-42.27,52.95;
5.75,-35.31,51.46;
12.29,-35.39,44.14;
22.56,-38.81,36.56;
41.69,-42.27,35.62;
37.80,-42.32,40.29;
17.71,-37.39,42.15;
-2.23,-28.94,42.43;
-0.54,-21.97,42.01;
12.64,-26.32,40.17;
31.11,-35.77,37.19;
36.17,-39.43,32.27;
22.12,-37.66,31.11;
14.12,-33.61,36.21;
21.05,-32.82,42.87;
35.02,-36.44,42.64;
21.37,-35.37,37.56;
12.14,-30.06,34.21;
10.90,-24.90,38.55;
24.82,-22.84,44.62;
26.12,-23.55,46.18;
23.19,-23.75,38.24;
18.76,-23.00,30.29;
18.26,-21.81,31.88;
22.41,-22.16,35.94;
20.14,-22.52,36.12;
6.59,-19.52,28.95;
4.58,-17.60,20.01;
19.71,-16.99,17.45;
29.31,-17.16,26.12;
42.64,-18.19,32.08;
31.69,-17.10,33.43;
26.33,-15.75,21.59;
11.39,-14.94,12.49;
4.91,-14.10,11.51;
-2.83,-12.55,16.41;
6.09,-11.90,17.43;
5.45,-11.13,19.27;
2.04,-10.27,20.82;
12.38,-7.42,20.35;
25.49,-2.41,21.37;
26.41,1.87,21.59;
12.07,-2.45,13.34;
-1.57,-9.52,4.12;
-0.80,-12.59,2.56;
4.53,-8.97,7.72;
-1.50,-0.67,11.92;
-11.21,5.61,8.81;
-27.83,5.26,-1.34;
-11.22,3.10,-5.19;
13.85,6.16,0.20;
25.25,17.16,9.63;
10.61,20.84,9.01;
-11.99,15.53,-2.90;
-22.98,10.17,-13.34;
-23.25,8.16,-13.68;
-33.24,16.66,-4.60;
-33.85,24.00,-0.76;
-23.90,26.00,-2.00;
-9.50,26.72,-3.85;
6.81,27.96,-6.21;
9.59,27.61,-9.04;
-6.38,25.24,-12.54;
-25.09,17.76,-18.76;
-36.23,13.84,-20.49;
-38.40,18.43,-17.70;
-24.63,24.58,-16.66;
-25.44,29.91,-14.29;
-31.61,31.35,-16.50;
-28.99,29.88,-25.10;
-12.40,28.29,-31.33;
7.04,28.40,-27.22;
-10.34,30.54,-18.84;
-45.36,32.63,-20.58;
-56.66,34.34,-26.84;
-38.22,38.83,-28.73;
-7.13,38.95,-26.89;
-3.47,34.71,-24.37;
-23.93,32.34,-29.99;
-38.08,36.26,-43.42;
-33.13,40.54,-46.67;
-20.86,43.24,-40.37;
-12.61,41.16,-37.45;
-28.46,39.91,-42.32;
-39.86,45.01,-51.59;
-27.70,49.71,-51.05;
-14.52,47.64,-43.19;
-14.83,42.55,-38.95;
-40.80,44.52,-44.38;
-51.27,52.51,-57.63;
-43.71,60.16,-56.72;
-13.62,60.58,-50.00;
-4.78,47.70,-45.28;
-31.67,42.25,-53.83;
-46.48,45.56,-67.36;
-50.35,52.94,-66.26;
-47.51,62.20,-57.63;
-35.10,58.11,-51.41;
-11.07,37.55,-54.12;
-18.89,32.03,-63.12;
-29.73,43.29,-67.86;
-28.69,54.03,-59.16;
-30.78,59.65,-43.24;
-25.53,46.23,-41.60;
-24.80,29.27,-50.86;
-47.73,35.45,-55.96;
-55.15,46.42,-51.04;
-39.30,47.29,-44.63;
-24.28,40.71,-43.88;
-4.08,29.18,-43.86;
8.64,23.76,-43.77;
12.75,26.90,-44.78;
11.52,33.01,-42.08;
20.98,34.10,-36.70;
32.93,23.85,-29.04;
31.22,17.85,-20.40;
27.88,21.15,-14.37;
29.07,22.54,-16.11;
31.22,16.39,-28.57;
32.50,17.04,-32.46;
42.29,16.94,-30.02;
52.65,18.63,-20.05;
78.33,19.79,-14.08;
81.60,17.79,-17.77;
71.69,9.74,-30.73;
55.92,10.32,-39.33;
51.75,17.55,-30.09;
57.56,15.30,-13.65;
53.98,5.96,-5.65;
29.39,-3.89,-4.58;
-10.31,-5.06,-1.19;
-46.72,3.09,5.59;
-54.12,8.32,11.34;
-41.73,5.91,8.40;
-15.94,-1.74,4.30;
1.78,-6.76,3.89;
0.32,-4.93,5.82;
1.60,-0.45,6.56;
-1.15,-0.42,3.75;
-11.65,-1.06,1.08;
-11.97,-1.46,0.52;
0.55,-2.44,1.75;
5.75,-2.06,4.43;
5.74,-2.76,5.54;
-1.42,-3.80,3.50;
-7.41,-2.18,0.23;
-1.54,-1.35,1.62;
2.79,-1.42,5.56;
6.15,-4.50,5.94;
-2.54,-5.31,4.08;
-5.85,-5.06,3.74;
-6.46,-5.00,6.64;
-7.79,-6.04,9.20;
-3.24,-7.54,9.28;
-0.44,-8.71,9.19;
-0.31,-9.74,11.85;
-1.65,-10.99,15.07;
-6.95,-11.81,17.66;
-13.38,-11.60,15.83;
-8.99,-9.22,11.71;
0.67,-9.45,8.75;
10.65,-12.56,8.56;
20.56,-14.38,13.80;
20.44,-15.54,19.27;
21.36,-18.93,21.04;
16.79,-26.03,22.76;
-4.38,-30.73,25.63;
-13.62,-30.93,28.75;
-12.92,-29.75,33.19;
-18.03,-24.03,37.63;
-19.12,-22.24,36.85;
-0.78,-29.72,32.66;
14.99,-35.28,28.03;
31.07,-40.62,25.31;
47.56,-43.48,28.23;
48.69,-34.29,40.81;
34.98,-28.71,51.48;
12.09,-31.81,56.91;
-0.43,-43.80,49.86;
-5.56,-51.05,39.46;
-17.35,-46.74,35.46;
-19.24,-33.57,40.47;
0.93,-29.84,55.34;
19.60,-37.34,63.85;
35.74,-50.09,52.90;
35.33,-52.33,37.88;
29.60,-44.73,39.07;
22.72,-38.58,52.61;
3.49,-35.89,64.91;
13.02,-42.09,62.46;
16.84,-47.03,53.56;
14.67,-47.95,45.85;
-6.77,-38.39,44.01;
5.01,-33.78,46.14;
33.66,-38.04,48.09;
35.95,-51.66,43.48;
17.51,-52.38,33.10;
6.00,-43.63,29.50;
6.56,-25.49,34.84;
25.04,-21.23,47.60;
35.19,-24.12,54.64;
43.39,-37.78,46.20;
18.75,-43.92,28.24;
-5.07,-38.06,21.40;
4.55,-30.84,32.32;
9.30,-27.37,45.94;
6.91,-27.08,45.04;
8.52,-26.76,34.56;
14.58,-26.30,31.75;
16.56,-27.48,30.61;
5.75,-27.26,27.16;
-2.61,-25.22,23.74;
-13.74,-19.54,27.11;
-6.81,-10.50,32.38;
11.57,-1.55,35.95;
24.04,-1.13,31.94;
20.20,-8.00,22.24;
0.38,-12.77,7.77;
-12.11,-14.84,2.55;
-13.54,-9.68,12.08;
-4.44,-4.38,21.11;
3.49,-0.61,25.25;
-8.19,1.56,14.72;
-20.32,1.03,0.87;
-19.38,0.17,-5.79;
-3.35,2.49,3.69;
9.59,5.50,15.05;
-0.20,8.10,14.78;
-13.90,6.92,2.55;
-12.38,4.43,-5.97;
-14.09,4.72,-4.06;
-11.44,8.54,1.98;
-12.28,11.65,3.13;
-15.33,13.59,0.09;
-5.42,10.22,-5.73;
5.05,7.45,-3.77;
-0.83,7.35,-3.88;
-26.48,10.83,-8.96;
-40.02,15.67,-11.71;
-24.75,22.29,-4.86;
-4.49,28.11,2.49;
11.46,27.73,6.99;
-7.82,25.42,-1.60;
-29.90,27.48,-15.28;
-35.45,25.09,-27.34;
-25.30,25.65,-21.50;
-23.15,27.77,-12.52;
-20.86,30.84,-10.75;
-26.19,31.18,-13.88;
-36.11,31.73,-20.63;
-38.87,35.23,-29.48;
-32.00,41.18,-27.13;
-28.92,48.05,-17.15;
-17.88,47.21,-12.26;
-18.32,42.32,-12.61;
-25.09,38.49,-26.05;
-31.82,37.64,-36.67;
-40.11,40.92,-39.44;
-47.80,46.74,-32.86;
-30.70,49.82,-27.91;
-12.20,45.70,-25.45;
-4.35,38.10,-30.40;
-21.70,32.43,-44.12;
-44.08,36.54,-54.86;
-47.19,48.55,-54.46;
-32.06,53.36,-39.27;
-32.35,50.05,-28.81;
-31.39,46.54,-30.72;
-35.74,48.65,-39.31;
-31.65,48.45,-44.90;
-19.74,40.86,-45.54;
-29.59,42.00,-48.06;
-27.44,47.39,-50.98;
-28.55,51.56,-52.72;
-32.41,52.19,-52.32;
-17.53,45.99,-51.28;
-4.90,37.96,-51.45;
-0.41,31.97,-51.76;
-8.09,31.48,-51.21;
-10.92,33.99,-50.03;
-8.12,32.74,-46.90;
-5.07,33.36,-43.47;
3.39,26.71,-43.04;
19.75,21.94,-43.73;
20.78,27.65,-44.26;
21.98,32.97,-41.59;
18.26,34.80,-37.38;
21.69,31.61,-34.05;
29.81,29.65,-27.42;
29.63,32.23,-23.04;
23.68,32.06,-25.71;
17.27,25.41,-36.60;
30.07,22.52,-43.27;
46.50,25.06,-39.70;
74.75,25.59,-27.89;
99.88,27.94,-29.97;
102.49,25.73,-43.21;
97.81,21.45,-51.94;
104.44,21.27,-44.64;
100.12,21.67,-32.05;
93.37,23.26,-28.41;
88.98,22.58,-35.50;
73.11,13.44,-32.20;
39.88,9.90,-18.92;
8.62,11.00,-3.86;
-4.26,8.57,4.93;
-22.37,6.32,5.53;
-30.93,3.45,0.75;
-30.84,2.60,-2.81;
-26.60,6.61,-0.55;
-10.49,7.94,5.68;
11.02,1.81,6.26;
15.27,-2.44,0.33;
9.16,-3.61,-3.53;
-15.38,1.47,-0.98;
-32.70,7.07,5.62;
-27.12,5.42,6.55;
-16.46,0.65,6.18;
-1.30,-3.32,6.88;
5.30,-5.29,7.91;
2.46,-3.66,7.19;
-23.51,-1.11,4.96;
-36.19,1.12,1.85;
-11.83,0.49,3.11;
13.74,-3.63,7.63;
23.54,-7.51,10.46;
14.69,-8.76,9.60;
-5.09,-7.20,4.44;
-28.81,-3.55,3.95;
-32.38,-1.64,8.26;
-23.93,-3.05,12.44;
-9.61,-5.71,14.21;
1.43,-9.32,11.86;
5.25,-11.55,10.40;
-0.63,-11.54,8.52;
-5.88,-10.15,8.08;
-7.07,-8.50,8.00;
-5.02,-7.54,9.94;
4.32,-11.05,14.06;
9.42,-16.26,18.50;
10.20,-20.10,20.55;
-0.05,-19.11,18.75;
-5.71,-15.95,14.14;
-2.09,-14.29,12.84;
10.15,-15.71,14.73;
25.94,-17.28,20.24;
33.71,-21.29,22.46;
20.72,-21.34,19.48;
0.73,-19.37,7.01;
10.76,-19.98,3.04;
27.75,-22.99,10.04;
37.19,-25.97,24.17;
32.69,-30.56,36.64;
24.87,-32.82,38.43;
5.83,-32.53,34.40;
-5.85,-33.23,31.30;
-6.87,-34.74,34.47;
-16.72,-35.71,41.60;
-23.44,-32.07,45.53;
-24.19,-28.59,40.18;
0.04,-33.13,38.73;
12.41,-37.42,42.38;
18.12,-40.55,40.78;
11.19,-37.75,34.03;
15.89,-35.54,32.90;
26.00,-37.95,42.72;
19.23,-38.87,55.36;
9.59,-40.44,54.81;
-4.96,-42.82,47.45;
-10.83,-44.97,39.86;
-19.41,-38.53,39.14;
-14.58,-32.99,43.01;
8.56,-33.42,51.97;
19.22,-42.96,52.95;
14.78,-44.99,45.95;
-1.13,-36.59,38.69;
-6.58,-22.23,45.79;
-4.81,-20.96,55.97;
12.24,-36.47,52.62;
23.19,-51.72,30.62;
13.02,-51.55,19.46;
-3.74,-43.32,27.33;
-18.06,-30.47,45.37;
11.02,-23.20,53.37;
38.47,-29.06,50.00;
32.44,-40.41,40.14;
-1.12,-41.95,24.03;
-17.41,-30.00,22.15;
10.98,-18.04,38.38;
33.54,-19.54,51.88;
28.26,-31.97,45.88;
11.89,-40.94,23.83;
-8.08,-36.53,10.67;
-3.79,-26.74,15.51;
-4.09,-20.18,24.50;
5.69,-19.97,28.41;
21.22,-25.03,27.62;
18.79,-26.61,27.34;
16.07,-20.13,23.11;
14.93,-14.64,19.71;
13.69,-11.86,22.24;
18.04,-17.45,23.33;
11.94,-20.68,23.80;
13.98,-21.78,20.84;
11.81,-20.45,18.03;
15.91,-20.13,18.62;
-0.49,-20.41,18.62;
-11.97,-20.35,13.68;
-14.86,-16.55,12.46;
16.72,-13.26,16.30;
30.32,-12.00,23.02;
24.64,-11.31,24.72;
8.93,-11.25,15.53;
-13.12,-7.22,6.33;
-18.14,-4.18,4.33;
3.91,-2.99,11.13;
19.97,-1.84,20.26;
11.34,1.06,19.97;
-8.15,3.62,9.02;
-19.33,6.60,1.08;
-10.48,10.39,2.21;
16.94,9.19,7.77;
18.73,7.13,10.37;
-1.93,3.19,-0.29;
-20.08,1.91,-11.18;
-29.25,5.53,-14.23;
-19.91,14.86,-4.28;
-6.99,18.08,2.66;
-11.74,19.10,4.69;
-19.02,19.03,-3.80;
-11.91,19.94,-9.01;
-3.25,22.98,-7.12;
-1.36,27.84,-1.73;
-3.68,27.24,-1.92;
-20.06,23.77,-7.89;
-38.44,22.16,-14.47;
-24.77,23.33,-14.63;
-7.44,25.53,-8.47;
-11.45,27.76,-2.83;
-32.31,28.37,-11.74;
-44.54,29.18,-23.01;
-27.12,30.02,-23.31;
0.47,29.88,-15.21;
1.89,27.04,-11.62;
-24.09,25.35,-22.25;
-43.31,29.27,-35.50;
-37.45,33.38,-36.86;
-24.08,38.54,-28.25;
-14.93,43.77,-17.30;
-14.09,48.08,-17.59;
-14.09,47.61,-24.69;
-18.67,46.16,-33.99;
-27.67,43.42,-37.01;
-25.07,42.20,-37.97;
-25.88,43.56,-35.33;
-36.70,45.55,-35.82;
-44.98,51.19,-39.05;
-42.05,51.77,-40.93;
-28.70,51.45,-42.69;
-26.06,46.89,-44.78;
-27.25,44.81,-43.73;
-32.20,48.55,-39.09;
-39.12,57.35,-36.69;
-32.06,57.41,-38.06;
-16.14,45.87,-47.34;
-32.19,41.84,-62.86;
-30.63,48.25,-67.96;
-18.34,54.45,-58.00;
-1.19,56.36,-42.64;
-9.38,51.65,-39.28;
-10.93,41.41,-53.15;
-30.41,34.60,-74.64;
-44.52,38.61,-82.44;
-35.62,45.42,-69.28;
-8.49,48.90,-42.29;
-0.58,49.67,-26.18;
-13.25,38.37,-34.73;
12.14,25.04,-57.25;
18.06,24.51,-76.05;
17.69,37.79,-69.63;
36.09,44.58,-47.28;
57.07,39.19,-22.80;
42.56,27.79,-20.93;
17.17,26.39,-35.19;
5.62,29.09,-51.96;
15.75,31.13,-50.31;
25.25,30.72,-38.70;
48.46,28.95,-23.44;
53.33,25.13,-6.64;
36.78,17.16,-13.74;
15.57,17.32,-27.15;
17.31,21.16,-35.86;
52.03,21.53,-33.10;
78.04,19.88,-29.45;
99.71,17.99,-21.28;
81.17,11.04,-17.02;
37.80,6.80,-20.83;
6.04,11.91,-22.03;
-2.90,20.68,-12.14;
10.81,15.00,-2.34;
13.22,5.30,0.30;
8.39,-5.22,-2.90;
-2.80,-4.32,-0.12;
-27.42,6.81,8.61;
-39.65,11.44,13.46;
-31.83,5.61,11.20;
-23.28,-1.98,4.33;
-18.72,-0.96,0.90;
-1.74,1.42,0.11;
10.10,-0.30,-4.34;
6.30,0.03,-5.56;
16.15,0.95,-2.23;
26.06,0.00,6.08;
20.62,-1.77,10.93;
-6.34,-2.62,8.29;
-41.38,-1.46,0.14;
-47.16,0.74,-3.65;
-26.80,2.19,0.35;
9.66,-1.00,11.14;
23.86,-5.28,15.25;
21.89,-8.33,10.62;
5.16,-7.29,4.96;
-15.53,-1.78,2.20;
-16.35,1.52,1.72;
-3.16,1.99,2.03;
16.43,-1.22,2.87;
29.46,-2.16,5.16;
35.05,-7.74,7.31;
18.18,-9.66,8.17;
-10.23,-7.55,5.89;
-23.38,-5.78,5.22;
-19.61,-5.25,7.91;
-3.07,-6.18,15.34;
7.51,-11.03,18.98;
1.88,-14.55,15.66;
-5.38,-12.30,8.56;
-6.08,-9.06,4.24;
4.81,-8.04,5.50;
20.33,-9.52,9.51;
24.56,-11.23,14.06;
18.17,-13.17,11.68;
6.52,-12.71,7.13;
1.63,-13.19,3.25;
4.65,-13.72,4.79;
14.33,-13.90,11.97;
15.42,-14.18,15.24;
12.61,-16.53,13.48;
6.81,-17.08,11.17;
7.46,-18.13,10.03;
6.07,-17.26,10.81;
12.12,-16.71,10.88;
15.66,-16.27,11.85;
19.97,-18.21,12.18;
15.02,-17.71,13.74;
7.89,-18.68,16.66;
1.27,-18.94,16.46;
8.06,-21.31,14.06;
18.41,-24.42,15.59;
27.42,-27.39,22.03;
13.95,-27.20,34.49;
-4.73,-27.72,41.19;
-6.75,-31.86,40.23;
3.34,-37.60,34.69;
-3.28,-38.03,34.15;
-3.48,-36.44,37.17;
10.98,-34.39,42.11;
16.88,-34.42,45.89;
0.85,-31.14,42.82;
0.06,-29.16,35.86;
2.98,-30.68,33.71;
10.87,-33.42,43.33;
7.42,-34.07,50.58;
1.51,-33.84,50.11;
0.88,-34.32,46.46;
2.93,-36.82,41.72;
-9.47,-34.85,41.40;
-9.91,-28.67,40.41;
-6.25,-23.26,44.12;
3.48,-25.13,48.44;
7.54,-31.31,48.15;
10.27,-34.38,40.29;
8.75,-32.12,36.24;
18.24,-31.69,34.29;
16.43,-32.94,36.11;
16.85,-33.10,42.49;
20.47,-32.29,47.04;
35.42,-34.88,43.75;
21.72,-37.39,36.44;
11.43,-42.71,28.96;
1.20,-44.81,22.17;
7.88,-37.32,27.86;
13.60,-27.58,39.59;
20.49,-20.45,46.12;
15.95,-18.82,39.22;
18.06,-22.38,31.11;
25.14,-24.41,28.84;
25.80,-27.17,31.42;
23.66,-30.16,30.93;
17.25,-32.13,25.39;
14.65,-33.81,17.51;
20.00,-32.53,16.85;
7.60,-28.94,22.73;
-10.98,-22.09,25.16;
0.78,-19.89,24.32;
15.80,-17.97,22.29;
32.39,-20.39,19.60;
30.03,-21.66,17.54;
24.24,-22.13,15.65;
12.73,-20.03,16.43;
6.75,-17.64,17.50;
10.30,-16.87,22.47;
14.99,-17.35,27.79;
8.70,-15.54,25.59;
3.42,-13.78,16.90;
15.94,-15.35,9.08;
20.73,-15.69,9.19;
20.49,-15.35,13.30;
19.13,-14.59,13.14;
17.05,-13.17,12.96;
6.82,-10.62,13.13;
-3.90,-11.17,12.88;
-9.99,-10.76,12.46;
-1.42,-11.49,14.72;
1.01,-7.98,20.37;
11.59,-6.42,21.30;
14.39,-7.20,18.61;
9.54,-7.60,11.80;
1.25,-8.96,6.53;
3.37,-9.26,6.12;
9.88,-7.68,8.06;
12.53,-5.10,8.14;
0.23,-2.16,5.24;
-9.68,-1.13,-1.59;
-4.72,1.73,-3.25;
-0.73,6.22,1.79;
-1.74,9.04,3.97;
-10.95,13.74,-0.09;
-10.06,14.94,-3.45;
-0.48,14.58,-3.67;
6.73,15.50,-0.66;
3.42,14.80,-0.21;
-7.15,14.58,-4.40;
-26.23,14.81,-10.70;
-25.04,14.72,-11.83;
-20.29,18.61,-8.34;
-15.36,20.69,-5.86;
-3.64,19.33,-5.22;
-11.39,18.89,-6.40;
-20.58,19.53,-10.23;
-22.19,21.77,-12.98;
-9.54,22.23,-9.53;
-19.24,21.91,-5.42;
-36.83,23.16,-8.98;
-34.60,26.36,-15.24;
-10.83,29.47,-14.89;
0.36,30.31,-11.53;
-4.70,28.25,-14.00;
-30.72,28.46,-23.45;
-40.14,31.15,-29.15;
-22.44,31.76,-27.97;
-9.76,29.90,-18.00;
-25.83,29.52,-14.76;
-42.06,34.20,-24.72;
-40.60,42.58,-28.83;
-21.86,47.56,-25.12;
-1.71,44.19,-20.58;
-2.44,32.77,-22.37;
-33.10,29.07,-36.31;
-47.30,33.59,-46.57;
-30.99,43.79,-40.40;
-15.10,47.33,-30.09;
-21.59,43.50,-28.46;
-36.11,41.56,-33.89;
-44.35,49.48,-37.96;
-22.63,51.70,-35.70;
-9.47,49.48,-31.39;
-18.09,43.82,-36.32;
-40.96,43.36,-45.62;
-50.81,45.62,-49.36;
-51.04,49.09,-50.20;
-40.09,50.78,-48.21;
-27.28,49.24,-47.39;
-23.44,49.35,-48.69;
-16.63,49.32,-52.35;
-12.43,42.02,-55.09;
-15.56,34.22,-56.73;
-23.59,35.30,-58.60;
-28.08,41.71,-56.69;
-18.03,42.17,-52.76;
-11.38,37.00,-46.50;
-6.25,28.90,-44.35;
-9.01,29.91,-48.08;
-9.80,36.23,-52.23;
4.46,37.30,-51.33;
18.43,35.94,-50.76;
31.33,34.02,-51.48;
24.90,34.22,-47.56;
22.18,31.61,-50.72;
24.07,28.60,-53.92;
20.61,35.29,-49.67;
31.11,36.92,-40.84;
51.65,27.65,-30.29;
59.65,16.42,-20.92;
48.15,11.79,-15.54;
46.56,14.16,-14.64;
56.75,15.71,-15.77;
66.65,15.48,-17.99;
66.84,15.45,-14.55;
62.81,10.28,-12.05;
53.54,8.45,-9.45;
36.61,10.58,-11.36;
35.56,14.19,-21.16;
41.91,19.52,-32.52;
62.94,21.16,-29.80;
85.17,14.45,-17.22;
86.09,0.20,-9.59;
41.16,0.83,-12.44;
-1.30,9.97,-12.12;
-23.24,13.29,-9.88;
-21.48,10.68,-4.87;
-3.85,5.26,-2.34;
12.39,0.31,-2.38;
17.62,2.10,-0.87;
22.27,3.18,3.43;
22.78,-0.82,4.79;
9.28,-6.13,0.09;
-20.92,-6.50,-5.92;
-54.32,0.36,-3.38;
-44.58,5.61,8.70;
-12.51,0.75,17.04;
2.67,-4.35,11.72;
4.33,-7.89,-1.89;
-10.17,-3.11,-6.89;
-21.53,0.23,-1.34;
-10.11,1.15,5.11;
8.73,-1.80,9.80;
16.47,-6.03,3.02;
17.60,-7.37,-3.19;
8.43,-4.99,-4.26;
-10.11,-0.41,0.99;
-15.31,1.13,4.41;
-3.47,-0.59,3.74;
16.72,-4.76,1.50;
19.86,-6.84,0.35;
7.94,-6.35,0.73;
-11.71,-3.95,0.47;
-20.67,-1.14,3.42;
-13.42,-0.56,5.65;
2.30,-3.20,6.53;
11.59,-6.27,3.72;
9.22,-6.45,0.73;
-5.28,-3.98,-0.32;
-15.39,0.23,0.53;
-6.84,0.75,2.49;
6.85,-0.67,3.36;
17.40,-4.35,3.48;
16.84,-7.14,2.27;
7.91,-7.14,2.53;
-8.43,-5.20,4.73;
-18.31,-4.21,6.95;
-12.84,-4.97,7.66;
-2.15,-7.61,6.50;
4.79,-11.16,8.01;
7.19,-12.81,12.08;
3.01,-12.79,16.82;
-4.57,-13.32,17.86;
-18.34,-12.97,14.30;
-23.07,-14.55,9.04;
-21.28,-14.10,7.97;
-2.38,-11.83,13.63;
13.14,-12.36,18.40;
12.43,-15.03,17.63;
-0.02,-14.73,11.39;
1.43,-15.58,7.22;
8.46,-15.74,9.98;
13.72,-18.23,20.18;
4.67,-21.19,26.53;
-11.06,-23.35,25.57;
-31.53,-21.42,18.91;
-23.36,-22.00,15.71;
-4.15,-23.58,20.90;
13.95,-26.77,29.82;
20.81,-29.23,38.26;
6.94,-31.23,35.65;
-10.25,-31.55,29.92;
-13.16,-29.19,26.69;
4.56,-27.40,30.00;
14.98,-28.76,34.38;
12.35,-32.13,33.82;
-6.00,-30.74,27.33;
1.16,-29.90,23.95;
12.79,-27.00,28.50;
20.65,-25.51,36.15;
14.35,-25.29,38.81;
-5.36,-20.87,37.53;
-14.96,-21.03,32.87;
-9.51,-24.38,28.23;
1.07,-27.80,26.44;
-2.09,-28.16,28.15;
-5.13,-26.19,33.43;
-6.41,-22.87,37.94;
2.33,-22.97,38.24;
6.78,-23.06,34.41;
13.02,-25.95,26.90;
10.07,-28.19,23.22;
15.51,-30.79,23.77;
22.06,-33.29,27.34;
14.23,-31.32,30.38;
8.55,-26.59,30.70;
8.09,-22.35,29.69;
26.56,-27.60,31.82;
34.49,-35.10,34.82;
26.90,-38.62,35.74;
15.05,-37.20,30.50;
15.80,-35.68,24.79;
2.94,-28.59,25.20;
8.85,-23.23,29.37;
21.08,-24.26,30.20;
21.13,-25.45,29.43;
21.05,-25.51,27.85;
19.57,-24.26,24.73;
28.39,-24.45,21.42;
16.06,-25.34,18.79;
-1.97,-24.64,16.55;
-1.62,-21.64,18.40;
2.91,-15.94,24.87;
20.82,-15.42,28.85;
21.62,-18.07,26.40;
15.46,-19.06,22.41;
9.86,-15.84,22.88;
9.45,-12.87,26.14;
15.46,-14.16,25.85;
11.31,-18.30,23.77;
7.25,-18.29,21.74;
4.53,-16.26,20.37;
12.59,-13.48,19.75;
11.77,-13.25,20.49;
6.81,-15.63,21.28;
6.29,-18.12,23.30;
12.06,-15.75,23.66;
14.53,-13.95,22.20;
7.04,-11.71,20.11;
8.21,-13.23,13.66;
6.23,-14.19,10.01;
5.19,-13.37,9.01;
11.97,-11.37,13.34;
22.24,-9.49,20.76;
15.30,-10.00,22.72;
-0.06,-8.94,16.08;
-5.39,-6.33,11.02;
3.01,-6.19,11.91;
14.46,-5.98,16.09;
26.62,-7.83,13.10;
11.52,-10.76,6.90;
-8.48,-12.12,2.46;
-16.54,-9.89,2.17;
-4.87,-4.42,8.53;
0.53,2.37,14.29;
1.91,6.63,12.04;
1.22,6.42,3.28;
-2.54,5.71,0.01;
-4.29,7.47,1.42;
-2.93,14.34,5.04;
1.75,14.68,2.61;
-6.90,13.15,-1.25;
-21.94,11.97,-8.46;
-29.28,13.21,-13.62;
-15.64,15.71,-10.99;
-2.72,20.51,-0.96;
-5.25,21.59,1.56;
-21.07,20.95,-6.29;
-27.79,20.02,-15.42;
-18.89,19.19,-15.89;
-6.86,21.58,-8.96;
-10.66,23.24,-5.12;
-23.61,26.02,-8.60;
-37.02,26.86,-14.78;
-32.23,28.13,-17.70;
-11.48,27.36,-15.92;
-13.71,28.52,-13.59;
-33.06,30.05,-18.92;
-38.08,32.08,-24.63;
-27.70,36.34,-20.26;
-23.97,40.58,-11.86;
-21.35,40.98,-10.41;
-27.82,40.32,-12.99;
-31.65,39.45,-17.85;
-34.54,38.22,-20.84;
-33.88,35.67,-21.77;
-36.55,32.48,-24.23;
-36.64,31.01,-29.15;
-43.31,32.84,-31.82;
-44.98,38.46,-31.44;
-35.47,43.39,-29.31;
-19.91,41.84,-27.41;
-14.11,38.65,-28.32;
-19.15,36.16,-32.23;
-31.50,38.66,-34.61;
-29.57,42.37,-36.78;
-21.36,41.58,-36.57;
-23.09,38.94,-37.88;
-31.77,39.03,-40.80;
-30.83,42.48,-40.08;
-31.83,43.76,-37.45;
-29.30,43.87,-37.59;
-21.48,37.67,-41.71;
-15.59,31.41,-47.76;
-18.40,32.20,-50.50;
-20.35,35.64,-49.51;
-16.75,39.44,-43.76;
-10.78,37.90,-36.72;
-14.20,34.10,-39.27;
-19.18,28.14,-48.86;
-19.67,26.29,-52.49;
-18.11,32.22,-48.38;
-11.73,36.86,-40.93;
0.09,33.29,-38.26;
7.72,26.95,-42.34;
2.52,24.68,-48.14;
-5.93,29.70,-46.32;
1.54,33.62,-42.60;
10.29,34.51,-44.17;
22.88,27.91,-50.98;
33.42,27.10,-48.75;
33.25,27.87,-40.05;
21.71,25.00,-33.02;
9.63,20.97,-32.60;
0.84,22.11,-34.37;
2.91,21.42,-35.34;
26.17,18.05,-28.47;
48.81,13.73,-18.50;
56.99,11.44,-6.81;
50.07,11.53,-12.17;
42.87,9.99,-18.40;
42.90,7.41,-18.49;
38.27,9.42,-8.18;
38.06,17.23,0.17;
45.71,13.36,-5.85;
41.80,5.58,-24.26;
34.03,9.77,-32.57;
31.20,15.32,-26.50;
52.91,19.16,-19.63;
73.19,18.32,-21.22;
81.59,13.04,-29.09;
68.69,8.51,-27.56;
45.95,9.21,-15.02;
17.59,10.23,-5.01;
4.32,10.45,-1.15;
3.34,7.27,-2.06;
1.23,3.33,-2.44;
7.91,0.55,1.11;
14.59,-0.97,7.89;
-0.28,1.35,12.21;
-17.13,1.53,9.27;
-35.27,-0.56,-0.15;
-40.32,2.06,-1.01;
-16.35,0.80,8.23;
-2.02,-1.98,13.95;
-1.10,-4.73,11.57;
-10.15,-4.71,3.75;
-21.13,-1.32,-1.73;
-19.48,3.23,-2.50;
-2.34,3.90,0.93;
10.67,0.65,3.17;
22.67,-4.13,1.42;
18.14,-5.69,-0.14;
3.16,-2.09,-0.18;
-8.61,0.52,3.02;
-16.14,1.48,6.47;
-18.81,-0.76,6.91;
-11.68,-1.69,5.74;
-0.08,-2.70,4.98;
-0.17,-2.21,3.13;
-8.70,-1.75,0.85;
-13.36,0.81,0.79;
-4.84,1.12,2.21;
6.03,-1.11,4.23;
11.40,-3.61,6.08;
8.41,-6.38,6.26;
-2.52,-3.63,4.88;
-12.89,-0.03,3.51;
-12.58,0.87,3.33;
-3.15,-2.27,4.98;
1.94,-4.71,4.82;
5.66,-6.62,4.79;
1.60,-5.08,5.77;
-9.68,-5.13,5.86;
-14.35,-5.43,5.30;
-9.35,-5.72,4.08;
-3.16,-5.45,5.43;
2.00,-6.10,6.98;
5.97,-8.15,8.27;
4.14,-8.19,8.15;
0.14,-7.22,6.59;
-0.57,-6.61,5.69;
2.01,-6.93,6.49;
7.14,-10.07,9.11;
7.16,-12.06,11.95;
3.04,-12.79,12.88;
-2.22,-12.26,12.53;
-5.47,-9.89,10.98;
-2.29,-10.10,8.76;
9.92,-13.60,10.08;
21.25,-17.75,14.79;
15.80,-18.99,17.54;
0.93,-16.64,14.96;
2.26,-14.15,13.11;
13.71,-16.68,16.03;
22.15,-22.10,22.18;
16.88,-27.17,29.33;
7.33,-28.36,30.47;
-6.96,-24.00,28.73;
-4.48,-24.85,25.54;
3.81,-27.61,24.20;
5.48,-27.16,27.13;
6.91,-25.95,31.59;
11.63,-27.32,34.03;
14.36,-29.05,33.71;
21.01,-32.35,31.59;
15.08,-32.74,32.58;
17.28,-30.73,36.90;
10.36,-26.91,41.07;
-0.58,-24.70,44.73;
5.39,-30.84,41.17;
-1.99,-31.80,36.64;
-11.15,-27.28,32.82;
-1.61,-25.92,33.07;
9.45,-26.90,38.95;
7.63,-25.87,50.20;
16.79,-27.40,54.32;
9.23,-28.82,54.55;
3.34,-32.18,42.46;
-3.12,-32.59,33.57;
17.51,-29.77,34.55;
22.15,-24.21,43.11;
23.97,-23.45,49.86;
15.39,-28.79,47.77;
17.80,-34.27,41.19;
21.39,-37.77,37.92;
18.26,-34.30,36.91;
4.73,-30.24,38.75;
8.46,-28.62,39.60;
16.27,-28.67,41.14;
26.53,-29.84,43.25;
38.36,-28.77,42.33;
40.10,-29.72,39.63;
15.92,-26.71,33.65;
13.49,-28.00,25.50;
9.17,-29.60,23.28;
14.79,-29.64,28.98;
16.69,-26.62,33.86;
23.98,-25.90,37.16;
18.72,-26.81,35.95;
11.63,-27.13,32.06;
18.23,-24.33,26.14;
21.04,-21.43,27.27;
15.52,-18.12,28.69;
13.42,-18.39,26.53;
18.01,-20.38,26.23;
20.35,-20.47,27.30;
23.28,-20.38,25.88;
12.62,-19.19,24.43;
0.06,-18.42,19.37;
-0.25,-18.45,15.82;
6.99,-17.81,16.41;
12.33,-16.33,19.53;
7.65,-15.51,22.17;
2.39,-13.84,22.20;
3.78,-10.24,17.72;
16.39,-9.03,16.06;
24.43,-10.04,18.55;
17.01,-9.02,19.71;
2.96,-7.28,13.19;
-10.03,-4.38,5.53;
-14.90,-3.03,3.86;
-6.12,-2.99,6.21;
0.98,3.56,10.35;
0.55,10.31,8.26;
-6.54,17.18,0.75;
-4.29,16.89,-4.17;
4.04,13.24,-3.82;
1.97,13.55,-1.28;
-18.20,15.33,0.18;
-36.26,18.34,-1.09;
-36.15,20.71,-4.44;
-24.75,21.87,-3.73;
-17.54,23.53,0.82;
-18.66,24.55,1.39;
-24.61,26.17,-2.14;
-24.73,28.16,-5.77;
-17.82,27.64,-5.13;
-19.85,30.19,-1.53;
-22.32,28.81,-4.54;
-32.55,30.29,-9.86;
-38.48,28.36,-13.94;
-33.86,26.75,-14.63;
-22.00,26.25,-11.68;
-19.70,27.47,-9.04;
-23.97,32.14,-12.70;
-36.26,35.26,-18.90;
-39.86,35.74,-24.15;
-35.45,34.52,-26.61;
-21.56,33.27,-23.34;
-15.25,34.94,-17.10;
-18.40,38.19,-13.15;
-27.25,43.23,-15.97;
-28.73,43.01,-24.47;
-23.21,38.81,-30.28;
-22.19,31.33,-32.58;
-37.12,28.94,-35.07;
-47.73,29.99,-36.21;
-48.70,37.77,-30.15;
-29.68,43.88,-23.51;
-11.62,43.10,-20.23;
-6.84,35.58,-25.48;
-21.65,30.97,-39.50;
-25.82,34.39,-49.15;
-20.99,38.52,-46.67;
-14.46,39.64,-41.34;
-25.19,41.03,-34.90;
-34.32,40.77,-38.75;
-38.69,38.92,-48.17;
-28.73,39.68,-47.47;
-14.31,39.74,-41.76;
-13.02,35.84,-36.05;
-18.35,34.49,-38.89;
-30.67,37.64,-43.73;
-34.73,39.67,-46.70;
-36.78,38.48,-49.68;
-29.44,33.10,-56.05;
-28.86,30.77,-61.91;
-19.51,33.44,-60.20;
-4.06,41.62,-52.61;
12.26,40.00,-46.28;
17.49,33.09,-47.67;
10.82,33.65,-57.83;
16.27,27.45,-67.12;
26.35,23.10,-68.96;
23.49,28.16,-62.17;
18.46,31.76,-47.45;
13.31,32.89,-36.93;
-1.01,33.52,-37.74;
-1.94,33.59,-45.10;
28.39,27.50,-49.42;
70.01,21.77,-50.20;
85.19,23.62,-47.53;
87.88,27.82,-38.49;
92.33,23.88,-27.09;
89.17,12.13,-14.66;
88.79,4.31,-9.57;
79.94,8.23,-10.15;
57.57,18.72,-15.74;
43.17,19.59,-21.02;
37.65,10.10,-23.45;
36.04,6.10,-19.22;
18.55,13.39,-10.50;
12.90,19.32,-16.89;
34.06,19.35,-27.38;
65.81,13.79,-29.33;
75.46,7.77,-20.81;
73.88,4.58,-9.89;
62.10,6.05,-6.63;
34.32,7.09,-10.50;
3.71,4.66,-10.08;
-23.35,4.25,-4.86;
-22.55,7.10,5.27;
-2.41,4.66,17.43;
6.00,-4.42,14.47;
-6.99,-9.31,0.82;
-30.41,-2.36,-2.99;
-34.78,3.50,2.15;
-15.59,4.61,7.71;
10.30,-1.42,7.39;
20.30,-6.58,2.09;
18.15,-5.17,-4.38;
1.92,2.23,-1.22;
-11.31,5.99,2.96;
-11.64,3.27,0.61;
-3.76,0.25,-4.99;
8.32,-0.23,-2.69;
9.16,-0.04,4.67;
0.46,-1.02,6.43;
-5.65,-2.62,3.53;
-13.54,-2.64,1.22;
-23.10,-1.63,1.95;
-19.90,-1.49,6.56;
-8.83,-3.26,9.19;
-0.35,-5.39,10.18;
-4.38,-6.18,9.02;
-14.29,-5.64,5.86;
-22.64,-4.00,3.07;
-22.84,-2.53,2.79;
-8.15,-1.26,7.53;
1.80,-1.54,10.37;
7.97,-3.77,7.68;
4.14,-6.67,1.45;
-10.96,-5.86,-2.14;
-17.97,-0.58,-0.57;
-3.74,0.90,1.40;
14.47,-0.74,3.62;
21.62,-3.80,2.75;
16.27,-5.35,1.74;
5.69,-4.36,1.83;
-1.97,-4.06,3.72;
-7.56,-5.32,5.85;
-11.42,-6.62,6.88;
-11.41,-7.32,7.11;
-7.02,-9.77,9.63;
-5.61,-11.84,12.37;
-12.48,-12.44,12.24;
-11.82,-11.10,8.79;
-0.72,-8.90,5.10;
8.94,-8.04,5.79;
14.15,-9.48,7.69;
16.78,-10.90,9.91;
10.49,-12.30,11.17;
2.81,-11.98,11.20;
-8.90,-9.98,9.63;
-8.32,-9.97,8.35;
2.38,-13.19,10.37;
4.85,-16.58,16.14;
-6.46,-16.64,21.07;
-13.97,-17.28,19.13;
-10.00,-19.19,15.65;
-3.16,-21.14,14.75;
-3.71,-21.89,21.25;
-14.78,-20.27,27.86;
-15.54,-19.37,28.23;
-4.25,-22.13,24.12;
13.25,-27.83,17.17;
17.05,-29.40,20.06;
6.52,-27.81,30.12;
-5.42,-25.20,35.05;
-14.80,-23.03,34.67;
-18.48,-24.99,33.77;
-13.28,-28.12,38.49;
-15.10,-26.29,44.96;
-19.94,-24.36,42.93;
-13.42,-26.12,37.33;
-3.97,-28.30,30.40;
-0.29,-27.20,31.43;
2.38,-24.26,36.98;
6.23,-27.22,40.55;
2.17,-30.99,37.88;
-0.20,-31.95,35.98;
5.33,-26.13,40.26;
4.55,-21.87,46.20;
-1.28,-23.11,47.50;
-3.96,-29.55,43.05;
-8.73,-31.20,37.40;
3.49,-29.55,37.53;
19.31,-26.03,41.77;
23.75,-26.88,42.70;
9.08,-30.27,42.64;
-2.09,-30.18,41.04;
10.90,-28.35,37.14;
24.56,-28.96,40.75;
16.07,-29.64,44.01;
11.49,-29.11,39.98;
9.05,-27.34,36.96;
12.44,-28.81,36.81;
13.56,-27.55,33.34;
19.89,-26.93,29.39;
16.03,-23.80,31.48;
14.75,-21.42,35.71;
12.81,-22.16,36.96;
31.91,-26.12,30.43;
25.89,-29.11,26.52;
7.78,-29.02,23.16;
-10.83,-23.78,22.96;
0.35,-17.87,25.11;
23.02,-16.06,26.62;
35.98,-22.90,25.19;
33.25,-27.14,22.75;
29.49,-27.89,17.89;
14.14,-21.72,20.15;
4.50,-17.66,21.25;
9.23,-17.81,18.69;
22.75,-24.77,18.30;
22.17,-26.27,21.95;
17.46,-20.91,23.24;
9.80,-12.64,22.85;
14.62,-8.52,21.27;
23.14,-11.94,19.14;
29.31,-18.62,15.80;
15.88,-19.80,15.10;
11.65,-18.15,13.92;
0.90,-15.11,15.04;
-1.67,-13.77,16.20;
-1.07,-12.13,17.42;
9.36,-10.24,18.50;
21.92,-9.11,18.49;
25.54,-8.48,14.37;
19.85,-9.81,9.39;
6.53,-11.58,7.07;
-2.95,-10.84,7.56;
2.30,-10.10,7.92;
5.16,-8.47,10.33;
-2.73,-4.33,10.01;
-4.11,-1.43,4.18;
0.69,1.58,2.29;
14.64,4.72,2.98;
22.82,4.75,3.17;
6.03,4.43,1.51;
-14.60,3.30,-2.96;
-23.39,8.65,-4.57;
-13.12,14.20,-2.18;
-11.85,21.70,7.46;
-21.91,21.65,6.40;
-27.53,21.07,0.44;
-27.28,26.87,-0.54;
-9.15,32.48,4.18;
5.28,32.03,8.04;
-3.59,25.87,4.66;
-22.29,19.68,-5.05;
-32.08,19.09,-11.53;
-25.06,19.55,-14.47;
-12.14,15.76,-14.06;
-20.26,12.02,-11.97;
-34.32,12.11,-15.27;
-34.98,18.46,-14.25;
-19.70,30.77,-6.55;
-10.14,38.43,-2.00;
-7.30,36.02,-4.99;
-19.19,30.22,-14.57;
-26.55,23.67,-22.11;
-23.90,25.07,-19.10;
-30.05,33.97,-9.54;
-30.95,39.96,-8.31;
-32.26,38.80,-14.93;
-27.76,33.04,-22.60;
-20.57,27.90,-27.25;
-12.96,29.04,-27.86;
-15.65,32.36,-25.36;
-21.13,34.46,-24.32;
-21.56,36.52,-22.61;
-10.80,32.83,-26.38;
0.32,25.85,-32.21;
-9.41,19.61,-38.63;
-26.60,21.09,-44.80;
-24.32,23.21,-46.23;
-20.84,26.78,-37.67;
-18.70,30.02,-31.68;
-15.25,28.61,-32.28;
-22.22,28.89,-35.56;
-20.70,29.97,-37.70;
-13.99,32.13,-36.70;
-16.69,33.85,-34.81;
-21.01,34.28,-36.38;
-23.71,33.61,-38.87;
-28.22,33.03,-42.31;
-24.61,33.99,-45.22;
-26.98,34.68,-44.47;
-22.20,34.17,-43.97;
-24.61,35.90,-42.86;
-18.38,37.73,-42.73;
-15.73,35.58,-42.96;
-20.26,29.12,-45.12;
-20.09,22.97,-49.62;
-31.64,19.38,-55.62;
-35.47,25.03,-55.79;
-22.09,37.42,-44.47;
-5.30,40.74,-35.24;
5.92,34.71,-32.83;
-5.25,22.77,-43.38;
-12.37,17.87,-55.39;
-15.25,21.26,-63.97;
-10.37,27.06,-60.90;
1.48,26.61,-52.29;
9.30,22.66,-41.71;
2.26,21.04,-34.92;
-14.63,21.09,-33.53;
-16.44,20.57,-36.72;
2.10,16.89,-39.74;
14.70,14.26,-40.44;
13.27,14.72,-35.79;
-3.19,17.15,-29.97;
-10.80,16.65,-29.88;
-8.41,14.46,-32.46;
6.38,13.38,-28.18;
22.32,10.55,-22.41;
24.14,10.49,-15.36;
23.83,13.45,-9.13;
27.77,14.66,-5.53;
28.96,15.97,-5.02;
32.09,14.43,-8.47;
38.46,11.71,-11.79;
43.75,10.25,-14.05;
47.49,12.17,-11.15;
59.33,14.13,-4.83;
74.06,13.44,2.47;
81.80,11.30,9.22;
82.91,8.55,8.00;
70.84,6.51,1.31;
57.23,8.43,-5.01;
55.94,9.42,-3.34;
62.38,9.94,1.68;
65.22,10.03,0.32;
74.35,10.34,-4.05;
83.43,8.68,-0.54;
77.30,8.61,0.99;
72.56,5.52,8.52;
59.81,-0.74,13.20;
29.71,-0.24,11.46;
12.94,3.00,3.65;
0.01,6.02,-6.81;
-3.04,9.32,-9.59;
15.80,12.92,-3.92;
34.61,13.44,-4.12;
44.53,12.87,-8.40;
54.79,11.35,-10.38;
53.43,9.03,-6.87;
36.87,7.53,-2.54;
-4.28,8.49,3.25;
-40.57,10.13,9.01;
-51.38,11.36,12.35;
-42.90,7.50,11.31;
-42.08,4.16,7.68;
-37.21,7.68,4.24;
-23.74,12.00,0.58;
-5.50,15.87,-2.05;
12.41,14.17,-2.99;
26.39,11.33,-5.54;
17.17,13.00,-7.04;
-0.55,15.61,-5.59;
-9.06,15.19,-1.30;
-12.19,14.32,1.14;
-17.19,13.62,3.69;
-24.54,14.45,3.83;
-27.77,14.46,2.09;
-23.83,13.64,1.28;
-16.22,11.52,1.04;
-10.02,12.45,-0.31;
-5.01,16.43,-3.77;
-0.03,19.87,-6.43;
7.83,19.23,-9.13;
11.04,11.38,-10.76;
13.39,-0.87,-8.40;
18.20,-2.21,-1.38;
16.91,4.49,4.58;
7.31,10.98,7.59;
-9.90,12.74,6.61;
-27.24,11.76,2.47;
-38.00,12.52,-0.18;
-38.46,14.72,-1.65;
-18.98,15.03,-4.11;
2.72,13.58,-7.38;
22.79,11.29,-10.06;
32.50,10.69,-7.83;
24.27,11.62,-3.96;
3.27,13.30,1.42;
-18.48,14.34,3.57;
-31.97,14.52,2.49;
-33.18,14.69,0.95;
-25.21,15.18,-0.55;
-11.85,14.81,-1.85;
-5.19,14.25,-2.32;
2.47,14.39,-2.63;
4.94,15.03,-0.98;
3.45,14.45,0.46;
-2.72,13.47,1.50;
-10.41,14.10,2.24;
-14.89,14.37,2.15;
-16.37,13.94,1.91;
-18.64,15.44,2.21;
-15.86,16.65,0.50;
-11.39,15.82,-0.31;
-8.44,14.95,-0.11;
-5.07,14.37,0.43;
-2.34,14.86,0.67;
0.01,15.01,0.18;
0.01,14.61,-1.15;
-2.31,13.77,-2.92;
-2.70,13.18,-2.34;
-4.35,13.03,0.12;
-5.96,13.47,1.69;
-9.25,13.24,2.76;
-14.66,12.43,3.57;
-19.30,11.53,4.81;
-22.87,10.87,6.11;
-24.48,10.20,7.48;
-23.18,9.90,7.01;
-21.64,9.44,6.61;
-21.65,9.53,6.06;
-23.22,9.76,5.89;
-22.19,9.50,4.88;
-18.12,8.51,4.62;
-17.33,8.81,5.02;
-19.50,7.73,5.71;
-23.82,5.91,5.48;
-24.35,5.15,4.35;
-25.16,6.14,4.95;
-30.05,8.02,7.66;
-38.11,8.84,9.80;
-52.48,7.29,10.46;
-57.71,4.98,8.73;
-54.28,3.48,6.46;
-53.02,4.49,5.43;
-58.06,6.66,3.45;
-60.51,5.96,2.44;
-60.73,4.31,3.43;
-56.60,3.30,4.17;
-53.56,4.32,3.51;
-58.23,9.03,1.40;
-62.48,17.64,0.04;
-57.67,19.84,2.95;
-50.25,16.28,5.97;
-40.69,10.28,6.59;
-34.20,8.10,2.96;
-34.40,9.47,-0.60;
-38.64,11.96,-3.80;
-37.44,13.74,-4.58;
-32.20,12.08,-3.83;
-27.45,10.84,-1.91;
-21.51,9.94,0.44;
-18.32,9.64,2.76;
-18.06,8.25,3.17;
-19.73,8.25,2.78;
-16.35,8.92,3.14;
-11.99,9.26,3.88;
-9.71,9.26,3.85;
-10.26,9.27,2.58;
-10.69,9.91,1.63;
-9.13,9.99,1.08;
-6.29,10.06,0.21;
-5.28,10.06,-0.18;
-4.93,10.68,-0.90;
-4.00,11.42,-1.60;
-1.18,12.25,-2.52;
-0.67,12.20,-3.82;
-3.28,12.00,-5.09;
-4.08,12.31,-5.44;
-2.23,12.46,-4.41;
1.02,11.99,-3.62;
2.72,11.56,-3.38;
4.21,11.94,-3.25;
5.27,12.60,-4.00;
1.89,12.10,-4.23;
-3.13,10.92,-4.55;
-3.93,10.48,-4.11;
-2.26,10.26,-3.50;
-1.24,10.08,-2.23;
-1.85,9.65,-1.09;
-4.51,8.90,-0.31;
-7.24,7.58,0.32;
-8.00,6.11,0.70;
-9.24,5.77,0.85;
-10.96,5.84,1.08;
-12.25,6.54,1.37;
-13.12,5.96,1.37;
-19.07,3.64,1.97;
-24.17,2.36,3.62;
-22.63,2.58,4.06;
-19.71,2.45,4.38;
-15.16,2.80,3.57;
-9.15,2.71,2.91;
-5.65,1.79,1.69;
-6.14,0.87,0.14;
-7.68,0.97,-1.39;
-7.99,1.19,-0.52;
-6.61,1.04,1.07;
-2.26,-0.01,2.09;
0.10,0.19,2.03;
1.11,0.43,2.50;
0.70,0.45,2.41;
-2.06,-0.18,2.24;
-3.97,-0.30,2.41;
-3.51,-1.02,2.04;
-1.45,-1.16,1.80;
0.52,-0.99,1.40;
2.61,-0.38,1.56;
0.38,-2.00,1.27;
-2.19,-2.42,1.20;
-2.03,-1.49,1.08;
-2.34,-1.71,0.95;
-3.19,-2.32,0.14;
-2.72,-2.10,0.09;
-1.24,-1.89,0.30;
-2.32,-2.03,0.93;
-3.09,-2.39,0.85;
-4.00,-2.48,0.87;
-5.70,-2.48,1.10;
-6.32,-2.67,1.86;
-6.15,-2.04,2.43;
-7.88,-1.77,2.06;
-9.16,-2.64,0.78;
-7.99,-2.55,0.33;
-5.94,-1.94,0.33;
-0.46,-2.01,-0.20;
4.67,-1.63,-1.21;
5.94,-1.11,-1.45;
6.14,-0.12,-1.31;
5.02,-0.10,-0.50;
2.75,-0.09,-0.21;
-0.84,-0.47,-0.06;
-2.51,-0.90,0.47;
-1.65,-0.10,0.95;
0.07,0.43,0.96;
4.29,0.95,-0.32;
7.63,1.04,-1.12;
8.91,1.42,-1.56;
8.20,1.26,-1.88;
6.81,0.43,-2.00;
5.52,0.26,-1.68;
4.23,0.29,-1.48;
1.88,0.49,-0.55;
-0.96,0.75,0.87;
-1.45,0.61,0.79;
-0.25,0.39,0.18;
0.09,0.13,-0.44;
1.43,0.54,-0.69;
2.98,1.03,-0.44;
2.84,0.86,-0.29;
1.40,0.51,-0.46;
1.75,0.39,-0.31;
2.70,-0.18,0.01;
1.46,-0.01,0.56;
-1.71,0.13,1.25;
-2.05,0.13,1.80;
-1.86,-0.06,2.17;
-1.47,-0.27,1.88;
-0.63,-0.93,1.45;
-0.51,-0.87,0.98;
-1.47,-0.42,0.50;
-1.99,-0.23,0.44;
-1.33,-0.35,0.70;
-0.31,-0.33,1.30;
0.49,-0.45,1.51;
0.67,-0.36,0.79;
0.30,-0.48,0.41;
1.68,-0.32,0.27;
2.49,0.23,0.17;
3.20,-0.18,0.38;
2.76,-0.62,0.17;
1.42,-0.18,-0.18;
1.86,0.26,-0.02;
2.72,-0.15,-0.38;
2.93,-0.36,-0.58;
2.30,-0.33,-0.40;
1.07,-0.24,0.12;
-0.32,-0.19,0.72;
0.24,-0.15,1.11;
2.24,0.39,0.50;
3.01,0.28,-0.29;
2.79,-0.03,-1.22;
3.25,0.72,-1.67;
5.80,0.65,-1.83;
7.83,0.34,-2.09;
7.45,0.13,-1.51;
5.71,0.37,-0.64;
3.48,-0.67,-0.41;
0.10,-0.53,-0.21;
-1.71,-0.68,-0.20;
-1.64,-0.59,0.04;
-1.07,-0.76,0.04;
-0.22,-1.37,-0.47;
0.36,-0.50,-1.09;
2.29,-0.23,-0.69;
3.36,-0.53,-0.73;
3.54,-0.26,-0.60;
3.23,-0.53,-0.15;
1.23,-0.96,0.21;
-1.47,-0.73,0.38;
-2.12,-0.68,0.18;
-1.44,-0.41,-0.35;
1.45,-0.39,-0.41;
3.71,-0.73,-0.58;
5.05,-1.02,-0.29;
4.93,-0.96,-0.35;
3.17,-0.19,-0.61;
1.56,0.00,-0.18;
-0.20,-0.42,-0.18;
-2.31,-1.25,-0.05;
-2.41,-1.03,-0.32;
-1.06,-0.50,-0.08;
0.27,-0.94,-0.14;
-0.57,-1.29,-0.25;
-0.34,-1.13,-0.12;
1.04,-0.52,-0.29;
1.30,-0.68,-0.58;
1.57,0.03,-1.56;
3.33,0.11,-1.60;
4.30,-0.30,-0.89;
3.62,-0.45,-0.17;
2.78,-0.74,0.03;
1.43,-0.85,-0.25;
0.26,-1.46,0.03;
-1.15,-1.37,0.73;
-2.64,-1.11,1.13;
-3.51,-1.05,0.75;
-3.01,-1.02,0.04;
-2.34,-1.35,-0.92;
-0.57,-1.37,-1.31;
1.40,-0.90,-1.41;
2.52,-1.16,-1.21;
2.07,-0.94,-0.14;
0.47,-0.97,0.49;
-2.48,-0.09,0.69;
-4.44,-0.23,0.75;
-4.73,-0.23,0.23;
-4.05,-0.10,0.26;
-1.94,0.36,0.26;
1.05,-0.10,0.06;
3.17,-0.21,-0.83;
4.03,0.29,-1.36;
3.91,0.54,-1.47;
3.48,-0.06,-0.70;
3.33,-0.67,-0.75;
1.98,-1.03,-0.55;
0.41,-1.00,-1.16;
0.38,-0.29,-1.04;
0.23,0.10,-0.43;
-0.73,-0.38,-0.03;
-1.06,-0.29,0.09;
-0.41,0.26,-0.00;
-0.14,-0.59,-0.15;
0.17,-0.39,-0.70;
1.23,-0.18,-1.21;
2.69,-0.18,-0.12;
2.67,0.14,0.53;
0.88,-0.03,1.02;
-0.99,-0.48,0.66;
-2.67,-0.68,0.84;
-3.59,-0.47,0.37;
-3.70,-0.58,0.32;
-2.92,-0.38,0.56;
-2.23,-0.10,0.75;
-2.31,-0.13,0.01;
-1.48,-0.21,-0.58;
0.87,-0.74,-0.55;
2.49,-0.55,-0.12;
2.38,-0.45,0.01;
1.57,0.03,0.90;
-0.19,0.00,1.42;
-1.83,-0.26,1.30;
-2.58,-0.62,0.84;
-2.34,-1.03,0.61;
-1.04,-0.67,0.66;
0.72,-0.41,0.46;
1.51,-0.47,0.27;
2.21,-0.33,0.37;
1.66,0.13,0.21;
1.75,0.32,0.18;
1.91,-0.29,0.21;
1.37,-0.06,0.09;
0.79,0.17,-0.47;
0.32,-0.07,-0.81;
0.12,-0.27,-0.32;
-1.18,-1.10,-0.32;
-0.35,-0.96,-0.54;
2.03,0.25,-0.52;
3.52,0.22,0.61;
2.85,0.23,0.88;
2.21,0.48,1.07;
0.93,0.83,0.52;
-1.39,0.32,-0.95;
-3.36,-0.19,-2.47;
-3.64,-0.91,-2.64;
-2.54,-1.13,-1.21;
-1.28,-0.93,0.15;
0.01,-0.13,0.84;
1.56,0.31,0.84;
1.88,0.68,-0.58;
1.14,-0.07,-1.39;
0.43,0.05,-0.67;
0.35,-0.30,-0.14;
1.20,-0.32,-0.20;
2.81,0.05,-0.02;
3.71,0.20,0.06;
2.47,0.06,0.18;
1.46,-0.06,0.14;
1.69,-0.52,-0.05;
1.74,-0.55,-0.17;
1.83,-0.39,-0.12;
2.12,-0.04,0.09;
1.78,-0.23,0.08;
1.16,-0.50,0.01;
0.73,-0.74,-0.03;
0.72,-1.31,-0.11;
1.28,-0.55,-0.17;
1.30,0.25,0.27;
0.58,0.00,0.23;
-0.57,-0.24,0.53;
-0.23,0.00,0.09;
0.29,-0.07,-0.29;
1.31,-0.19,-0.76;
1.48,-0.12,-0.80;
1.48,-0.29,-0.95;
1.91,-0.15,-0.99;
2.43,0.45,-0.83;
1.95,0.42,-0.17;
0.69,0.05,-0.31;
0.81,0.68,-0.95;
1.25,1.06,-1.41;
0.82,1.04,-1.42;
1.63,0.84,-1.07;
3.19,1.35,-1.30;
4.72,1.10,-1.67;
4.62,1.12,-1.33;
3.83,1.56,-1.01;
2.62,1.36,-0.50;
0.64,0.81,-0.20;
-1.24,1.27,0.08;
-2.02,1.29,-0.34;
-1.28,1.09,-0.41;
0.47,1.18,-1.07;
1.63,1.21,-1.53;
2.10,1.27,-1.57;
2.96,1.68,-1.42;
3.19,1.50,-1.10;
3.28,0.54,-0.83;
2.79,0.61,-0.78;
1.01,0.63,-0.81;
-1.76,0.87,-0.61;
-2.35,0.68,-0.14;
-1.16,0.80,0.20;
-0.03,0.98,0.15;
1.57,1.01,-0.11;
1.16,0.40,-0.73;
0.75,0.22,-0.76;
0.88,-0.01,-0.70;
0.76,0.05,-0.52;
-0.34,0.22,-0.37;
-0.52,0.25,0.79;
-0.66,0.42,0.69;
-0.78,0.45,0.33;
-0.44,0.31,0.09;
0.44,0.22,0.18;
0.59,-0.01,-0.03;
1.49,0.00,-0.02;
2.49,0.10,-0.29;
2.29,0.10,-0.20;
1.75,0.03,-0.31;
1.59,-0.06,-0.02;
1.60,-0.15,0.46;
2.01,-0.27,0.50;
0.85,-0.26,0.12;
-0.09,-0.29,0.55;
-0.22,-0.21,0.62;
-0.40,-0.50,0.75;
0.35,-0.56,0.58;
1.11,-0.39,0.21;
2.35,-0.29,0.04;
1.63,-0.06,0.43;
1.74,-0.23,-0.06;
2.61,0.51,-1.30;
2.09,-0.09,-1.22;
2.03,-0.35,-0.38;
2.46,0.31,0.09;
2.26,-0.13,0.15;
0.52,0.31,-0.23;
0.17,0.48,-0.26;
0.59,0.03,0.12;
1.71,-0.44,0.21;
1.10,-0.47,0.75;
0.82,0.34,0.76;
1.05,0.25,0.66;
0.98,-0.39,0.43;
0.78,-0.10,0.33;
0.35,0.03,0.06;
0.69,0.13,-0.03;
1.63,0.14,-0.09;
2.90,0.69,0.17;
3.04,0.34,0.24;
2.00,0.20,-0.03;
0.69,0.08,0.06;
-0.11,0.08,-0.18;
0.33,-0.03,-0.00;
0.99,0.22,-0.26;
1.74,0.74,-0.11;
1.95,0.55,0.33;
2.14,0.55,0.56;
1.11,0.03,0.29;
-0.17,-0.29,-0.17;
-0.44,-0.01,-0.31;
-0.05,0.42,-1.01;
0.56,0.60,-1.33;
1.33,0.34,-0.73;
1.31,0.19,-0.08;
0.58,0.10,-0.06;
-0.32,-0.24,-0.34;
-0.63,-0.06,-0.72;
-0.96,0.22,-1.22;
-0.83,0.31,-0.86;
-0.73,0.57,-0.83;
-1.64,0.05,-0.99;
-3.02,-0.07,-1.53;
-2.67,0.68,-2.32;
-0.34,1.00,-2.60;
2.15,0.89,-2.50;
4.12,0.71,-1.74;
3.63,0.32,-1.45;
2.15,0.60,-1.79;
-0.66,0.16,-1.74;
-2.89,-0.36,-1.34;
-6.77,-0.87,-0.75;
-8.34,-1.16,0.27;
-9.15,-1.08,0.95;
-8.03,-1.19,0.50;
-5.50,-1.11,-0.40;
-2.32,-0.26,-1.13;
0.01,-0.23,-1.05;
2.44,-0.47,-1.10;
4.06,-0.24,-0.67;
2.30,-0.32,-0.35;
-1.19,-1.00,0.26;
-4.29,-0.85,0.70;
-4.34,-0.61,1.01;
-4.15,-1.23,1.08;
-3.21,-1.10,0.56;
0.39,-0.59,0.33;
2.70,-0.42,0.20;
1.95,-0.74,0.40;
-0.44,-0.82,0.76;
-2.31,-1.46,1.40;
-4.29,-1.84,1.57;
-7.10,-1.89,1.68;
-8.19,-1.52,1.54;
-6.49,-1.37,1.69;
-3.22,-1.31,1.59;
0.24,-0.99,1.05;
1.25,-0.71,0.23;
-0.02,-0.44,0.21;
-1.51,-0.36,0.06;
-2.84,-0.45,0.29;
-2.61,-0.21,0.56;
-1.28,-0.42,0.70;
-0.78,0.02,0.17;
-0.87,0.48,-0.14;
-0.28,0.26,-0.89;
1.22,0.20,-0.50;
2.64,0.31,-0.14;
2.94,-0.38,0.61;
2.15,-0.76,0.41;
-0.25,-0.50,-0.37;
-2.48,-0.21,-0.31;
-3.44,-0.23,0.06;
-2.49,-0.27,0.82;
-0.44,-0.45,0.44;
1.60,-0.55,-0.43;
1.75,-0.52,-0.37;
-0.09,-0.71,0.29;
-3.28,-1.57,0.53;
-4.54,-1.69,1.05;
-4.17,-1.68,1.04;
-2.75,-1.89,0.50;
-0.26,-1.89,0.58;
0.56,-1.51,0.69;
-0.77,-1.77,0.70;
-3.15,-2.30,1.10;
-5.67,-2.26,1.11;
-6.26,-2.21,1.68;
-5.01,-2.38,1.43;
-3.44,-2.32,1.17;
-4.90,-2.56,0.82;
-5.83,-2.85,1.17;
-5.94,-2.91,1.43;
-6.38,-3.13,1.89;
-6.72,-3.06,2.11;
-6.99,-2.65,2.41;
-8.12,-2.84,2.88;
-9.19,-3.06,2.99;
-9.36,-2.53,2.32;
-6.37,-1.77,1.10;
-2.06,-1.42,0.33;
0.35,-1.46,-0.20;
2.53,-0.84,-1.16;
6.06,-0.64,-1.31;
7.28,-1.54,-0.87;
5.81,-1.25,-0.23;
2.32,-1.16,0.32;
-1.22,-1.22,0.53;
-3.79,-0.70,1.08;
-5.27,-0.76,1.02;
-3.65,-0.30,0.93;
-1.09,-0.03,0.52;
1.95,0.39,-0.06;
3.83,0.66,-0.34;
4.85,0.80,-0.87;
4.72,0.32,-0.52;
2.59,-0.01,0.06;
0.82,0.49,0.58;
0.10,0.55,1.30;
-0.63,1.13,1.71;
-1.25,1.65,1.57;
-1.25,1.67,1.36;
-0.31,1.90,0.85;
1.77,1.94,0.17;
4.46,2.10,-0.60;
7.08,1.62,-1.36;
7.57,1.87,-1.41;
6.56,1.79,-0.70;
4.99,1.67,0.43;
1.95,1.23,0.50;
-0.43,0.60,-0.12;
-1.85,0.60,-0.61;
-2.43,0.89,-0.32;
-0.29,1.41,-0.08;
2.46,1.50,0.21;
4.35,1.30,0.43;
5.23,0.87,-0.14;
4.04,0.95,-1.02;
1.92,0.86,-0.89;
0.87,0.83,-0.05;
1.16,0.77,0.04;
2.06,0.69,0.23;
2.98,0.84,0.26;
3.37,0.90,0.17;
3.63,1.21,0.20;
3.02,1.21,0.14;
3.04,0.84,0.33;
3.45,0.60,0.61;
2.88,0.74,0.41;
2.24,1.01,0.12;
1.56,0.89,0.44;
1.77,0.90,0.53;
2.81,1.13,-0.06;
3.98,0.94,0.26;
3.33,0.17,0.46;
2.59,-0.13,0.95;
2.23,0.22,-0.17;
2.52,0.49,-0.54;
1.80,0.77,-0.11;
1.81,0.74,0.61;
2.81,0.55,0.40;
2.59,0.63,0.06;
1.97,0.84,-0.46;
1.81,0.74,-0.92;
2.39,0.63,-0.63;
2.72,0.61,-0.08;
2.96,0.63,0.24;
3.72,0.92,0.18;
3.72,0.87,-0.50;
2.58,0.57,-0.05;
1.37,0.66,0.46;
1.48,0.54,0.50;
2.43,1.04,0.53;
2.75,0.98,0.20;
2.72,1.09,0.24;
2.91,1.35,-0.21;
3.31,1.33,-0.15;
3.07,1.48,0.20;
3.77,1.53,-0.03;
4.85,1.94,-0.14;
5.45,1.62,-0.60;
5.16,1.71,-0.93;
3.86,1.76,-0.76;
3.49,1.55,-1.01;
4.01,1.61,-1.04;
4.81,1.94,-0.95;
5.40,1.90,-0.66;
4.90,1.79,-0.46;
3.72,1.38,-0.49;
2.93,1.64,-1.15;
3.31,1.81,-1.59;
3.95,1.38,-1.50;
4.52,1.13,-0.87;
3.56,1.27,-0.73;
2.14,0.81,-0.64;
0.76,0.72,-0.34;
0.38,0.42,-0.02;
-0.44,0.40,-0.44;
0.38,0.54,-0.44;
1.23,0.84,0.35;
0.73,0.81,0.08;
0.94,0.61,-0.28;
2.00,0.32,-0.60;
2.35,0.17,-0.60;
2.23,0.23,-0.54;
3.27,0.13,0.20;
2.26,0.23,0.46;
0.75,0.19,0.70;
-0.35,0.02,0.40;
-1.51,0.03,-0.14;
-0.28,0.03,-0.00;
1.23,-0.24,0.08;
3.19,-0.12,0.67;
4.58,0.19,-0.06;
5.13,0.08,-0.54;
3.51,0.36,-0.87;
1.60,-0.06,-0.83;
1.39,-0.45,-0.32;
2.52,0.34,-0.12;
2.12,0.57,-0.18;
1.30,0.57,0.17;
1.36,-0.06,-0.09;
1.04,0.52,-0.89;
0.90,0.37,-1.24;
0.96,0.48,-1.12;
2.01,0.65,-0.95;
3.94,0.48,-0.92;
3.14,0.66,-1.19;
0.96,0.43,-0.99;
0.32,0.14,-0.26;
-0.58,-0.15,-0.08;
-1.50,0.23,0.67;
-1.13,0.43,0.82;
0.03,0.34,0.58;
0.20,0.37,0.18;
0.70,0.17,0.08;
1.27,0.25,-0.18;
1.91,0.49,-0.44;
2.53,0.45,-0.75;
2.81,0.72,-0.35;
2.23,0.77,-0.02;
1.74,0.68,0.17;
1.85,0.68,-0.21;
2.03,-0.03,-0.83;
2.35,-0.06,-0.89;
2.53,0.23,-1.05;
2.41,0.48,-0.26;
2.58,0.32,-0.12;
2.27,0.48,-0.23;
1.22,0.68,-0.23;
-0.61,0.46,-0.20;
-1.10,0.28,-0.38;
0.27,0.32,-0.86;
2.88,0.36,-1.47;
4.78,0.48,-1.48;
5.25,0.37,-1.10;
3.74,0.40,-0.99;
2.87,0.06,-0.76;
2.41,0.19,-0.55;
1.43,0.34,-0.35;
0.64,0.06,-0.35;
0.32,0.13,-0.20;
0.76,-0.27,-0.31;
2.29,-0.13,-0.89;
2.93,-0.18,-0.95;
3.94,-0.09,-1.21;
3.57,-0.41,-1.25;
2.62,-0.36,-1.13;
1.45,-0.74,-1.16;
0.07,-0.99,-1.10;
-1.57,-0.81,-0.55;
-1.68,-0.62,0.21;
-1.27,-1.14,0.20;
-1.67,-1.54,-0.14;
-1.16,-1.43,-0.44;
-0.40,-1.31,-0.57;
0.15,-0.94,-1.05;
1.05,-1.06,-0.67;
0.88,-1.20,-0.03;
-1.01,-1.48,0.23;
-2.43,-1.68,-0.18;
-3.15,-1.29,-0.40;
-2.89,-0.70,-0.02;
-2.29,-0.99,0.61;
-2.46,-1.13,0.56;
-1.36,-1.08,-0.52;
0.07,-0.61,-1.59;
0.99,-0.50,-2.03;
1.45,-0.65,-1.88;
3.39,-0.35,-1.16;
4.23,-0.70,-0.75;
3.02,-0.61,-0.60;
1.19,-0.50,-1.18;
-0.54,-1.28,-1.38;
-1.56,-1.52,-0.63;
-2.55,-1.35,-0.28;
-2.41,-1.11,-0.02;
-1.25,-0.88,-0.31;
0.06,-0.88,-0.32;
1.16,-0.81,-0.52;
1.13,-0.50,-0.64;
0.67,-0.39,-0.31;
0.17,-0.15,0.03;
-0.83,-0.07,-0.18;
-1.57,-0.24,-0.23;
-2.46,-0.33,-0.05;
-2.00,-0.18,0.47;
-1.13,-0.01,0.66;
0.41,0.51,0.12;
1.42,0.45,-0.21;
1.37,0.40,-0.57;
1.20,0.00,-0.32;
-0.54,0.03,0.08;
-1.24,0.02,0.66;
-1.33,0.06,0.59;
-2.14,-0.16,0.17;
-1.57,0.36,0.46;
-0.19,0.68,0.30;
0.76,0.84,0.01;
0.81,0.23,-1.13;
2.29,0.39,-1.15;
4.38,0.23,-0.89;
4.32,0.16,-0.34;
3.98,0.22,-0.23;
3.05,0.49,0.21;
0.41,0.72,1.10;
-1.68,0.55,1.28;
-1.57,0.34,1.39;
-0.99,0.29,0.46;
1.07,0.66,-0.17;
3.59,1.06,-0.67;
5.17,1.21,-0.95;
5.75,1.50,-0.81;
5.16,1.16,-0.81;
3.57,1.04,-0.96;
2.06,0.90,-0.76;
-0.43,0.36,-0.21;
-1.48,0.22,-0.11;
-0.92,1.21,-0.49;
0.88,1.16,-0.83;
1.23,0.98,-1.07;
2.17,1.47,-1.50;
3.95,2.11,-1.45;
3.91,1.87,-1.13;
3.02,1.47,-1.25;
2.52,1.03,-1.01;
2.01,0.83,-0.81;
1.01,0.83,-0.52;
0.49,1.03,-0.11;
1.04,1.33,-0.17;
0.78,1.18,-0.57;
-0.26,0.48,-0.50;
-0.00,0.83,-0.20;
1.08,0.89,-0.18;
2.20,1.15,-0.11;
3.28,1.21,-0.40;
2.75,0.83,-0.55;
1.69,0.52,-0.40;
1.04,0.69,-0.70;
0.88,0.37,-0.50;
1.01,0.63,-0.35;
1.19,0.34,0.03;
0.98,0.17,-0.14;
0.29,0.42,-0.52;
0.56,0.05,-0.38;
0.96,0.14,-0.67;
1.46,0.08,-0.80;
1.71,0.31,-0.40;
1.30,0.60,-0.55;
0.84,0.51,-0.02;
0.46,0.45,-0.49;
0.56,0.36,-0.75;
1.42,0.66,-1.16;
2.27,0.45,-1.38;
3.01,0.36,-0.96;
3.11,0.57,-0.58;
2.56,0.05,-0.11;
1.31,0.17,-0.25;
0.23,0.16,-0.73;
-0.26,0.16,-0.92;
-0.54,0.32,-0.41;
-0.31,0.16,-0.15;
0.15,-0.10,-0.05;
0.98,-0.09,-0.35;
1.59,0.19,-0.54;
2.64,0.02,-0.67;
1.88,0.22,-0.25;
1.34,-0.03,0.14;
1.62,0.42,-0.05;
1.89,0.37,-0.69;
0.87,0.20,-1.19;
0.30,0.25,-1.19;
0.99,0.05,-0.92;
