0.80,0.65,0.43;
1.16,0.62,0.52;
0.17,0.05,0.29;
-3.54,-0.80,0.12;
-4.40,-0.57,0.49;
-5.24,0.54,1.54;
-1.37,1.21,1.24;
1.62,0.73,0.11;
4.34,0.62,-1.47;
2.78,-0.01,-1.91;
2.40,-0.37,-0.84;
0.93,-0.10,0.34;
-0.78,0.41,1.18;
-2.09,0.04,0.81;
-2.73,0.53,0.87;
-2.99,-0.21,0.03;
-2.23,-0.75,-0.63;
-1.08,-0.08,-0.34;
-0.41,-0.11,0.24;
-0.69,-0.08,0.75;
-1.11,-0.45,1.05;
-1.60,-0.21,0.53;
-2.06,0.39,-0.09;
-0.18,-0.43,-1.08;
0.17,-0.24,-1.01;
-1.95,0.50,0.18;
-5.27,-0.16,0.17;
-4.73,-0.53,-0.14;
-4.87,0.01,-0.35;
-4.56,-0.02,0.50;
-3.19,0.30,0.67;
-2.35,-0.13,0.61;
-1.68,-1.21,-0.52;
-4.76,-0.57,-0.24;
-6.01,0.63,1.19;
-5.53,0.82,3.31;
-4.72,0.05,2.96;
-6.59,0.50,0.75;
-5.51,1.44,-2.09;
-4.32,2.04,-2.63;
-3.28,3.61,-0.82;
1.13,1.78,-0.72;
3.33,-0.01,-0.84;
-0.12,0.94,-1.47;
-2.96,1.31,-2.23;
-7.28,1.92,-0.82;
-9.86,1.92,0.12;
-3.39,1.76,-1.79;
-3.88,2.15,-2.58;
-0.46,1.76,-3.85;
6.43,2.71,-3.40;
8.51,4.83,-2.41;
15.57,5.75,-4.69;
22.84,6.34,-8.09;
28.49,5.44,-10.49;
31.60,3.52,-10.95;
30.25,5.25,-7.59;
28.43,6.76,-3.16;
16.80,4.51,-0.84;
9.42,0.50,-3.07;
-1.27,-0.25,-1.42;
-12.04,0.80,4.87;
-21.68,0.48,6.20;
-24.35,-1.59,0.73;
-18.72,-1.29,-4.43;
-1.82,-0.30,-4.09;
15.70,0.36,-1.68;
27.41,-1.62,-3.68;
29.47,-1.50,-6.05;
25.12,-4.74,-6.21;
13.71,-6.89,-3.77;
0.18,-5.99,1.34;
-10.95,-5.69,5.66;
-16.81,-5.90,7.36;
-22.79,-6.56,8.14;
-20.09,-6.14,7.63;
-10.07,-4.98,6.23;
1.36,-4.19,4.14;
12.31,-3.49,-0.95;
14.87,-2.77,-3.62;
18.23,-1.27,-3.98;
22.75,-1.35,-2.70;
16.67,-1.20,0.52;
8.86,-2.91,0.87;
-4.35,-2.02,1.22;
-10.01,-2.59,0.61;
-12.12,-1.72,0.66;
-8.32,-0.51,1.10;
-4.07,-1.58,1.21;
3.65,-2.34,1.01;
3.18,-1.43,1.11;
-1.22,-1.78,1.36;
-7.42,0.44,1.02;
-7.94,0.48,-0.18;
-4.14,2.05,0.58;
1.96,2.22,-0.02;
10.99,1.34,-2.37;
23.09,3.76,-1.88;
43.15,4.63,-1.63;
54.06,4.15,-5.34;
54.51,4.65,-9.56;
50.78,5.20,-11.47;
41.63,7.40,-6.63;
32.55,7.86,-1.59;
30.95,7.66,0.55;
29.02,10.82,1.76;
32.44,9.12,-2.00;
36.25,9.08,-6.72;
40.49,10.19,-10.05;
47.79,8.54,-9.31;
55.07,9.70,-6.26;
65.30,11.83,-4.50;
74.72,12.56,-4.23;
79.68,14.04,-3.53;
87.36,14.04,-5.42;
94.14,12.56,-9.91;
93.02,11.61,-14.93;
89.45,14.15,-15.13;
89.30,12.22,-13.47;
84.44,9.52,-11.37;
72.18,8.33,-11.42;
58.58,10.80,-11.19;
56.92,13.67,-6.09;
62.95,11.84,-4.55;
61.25,9.32,-8.53;
51.19,11.49,-9.42;
39.89,14.82,-6.81;
33.62,13.84,-5.91;
30.83,8.79,-5.79;
23.38,6.07,-5.80;
18.99,8.60,1.56;
13.71,7.76,5.36;
7.89,8.22,5.27;
8.11,9.57,3.33;
7.15,10.85,-0.24;
14.02,13.17,-2.69;
22.44,12.24,0.14;
27.25,10.62,0.49;
24.80,10.65,-0.58;
14.46,12.89,-2.99;
7.99,14.07,-2.99;
2.64,11.98,2.20;
-0.38,5.67,3.86;
-3.78,3.44,-0.06;
-10.18,5.34,-0.21;
-12.30,6.70,5.08;
-9.82,6.63,8.49;
-0.32,3.70,8.37;
9.73,-1.40,2.34;
5.51,-6.48,-7.71;
-16.06,0.74,-5.73;
-20.67,6.68,6.41;
-12.03,-1.82,7.39;
-9.57,-6.66,1.82;
-9.14,-4.05,1.39;
-14.61,-2.63,3.14;
-12.52,-3.12,5.51;
-7.48,-3.35,4.21;
-7.89,0.27,0.24;
2.69,4.05,1.36;
16.02,-1.38,2.29;
19.60,-8.66,-0.63;
1.82,-5.46,-5.56;
-13.13,3.96,-4.75;
-10.98,6.28,1.88;
5.45,-5.81,2.40;
7.60,-9.06,-1.82;
-2.07,-3.27,-3.24;
-5.16,1.75,1.91;
-2.62,-4.24,5.22;
-1.92,-7.73,5.53;
-8.61,-7.14,-0.82;
-17.02,0.94,-3.07;
-11.68,5.93,1.05;
2.41,2.08,3.45;
8.51,-1.61,0.47;
11.79,-1.24,-4.92;
8.92,0.38,-5.60;
0.43,-1.01,-3.48;
-6.01,-1.43,-0.40;
-12.27,3.43,0.60;
-5.20,8.36,0.49;
9.10,2.10,-0.81;
11.02,-3.88,-2.43;
5.19,-1.06,-2.87;
-5.04,4.54,-2.49;
-10.01,6.99,-1.28;
-8.93,5.75,-0.73;
-2.62,1.72,-1.40;
5.09,1.00,-2.82;
11.15,1.83,-2.06;
13.60,1.05,-1.02;
4.83,0.51,-1.89;
-4.64,3.35,-0.03;
-10.00,3.87,0.90;
-8.38,4.44,1.62;
0.43,2.01,-0.02;
3.83,-0.31,-0.29;
0.00,-1.32,-1.40;
-5.65,1.40,-1.94;
-3.75,4.34,-0.81;
7.54,2.31,1.27;
16.64,-4.33,2.00;
14.09,-8.46,2.53;
5.45,-8.86,5.22;
-10.43,-7.43,10.63;
-27.74,-3.92,12.38;
-32.88,-1.44,12.20;
-19.37,-5.27,11.28;
-0.53,-12.02,11.40;
1.45,-16.24,8.66;
-8.27,-10.94,6.92;
-3.72,-8.46,8.29;
10.28,-10.39,9.66;
22.11,-14.33,7.45;
27.30,-15.56,5.27;
25.24,-16.21,4.00;
20.63,-16.63,2.21;
14.66,-18.46,4.03;
6.57,-20.43,11.04;
-2.17,-20.22,16.72;
-6.01,-18.66,19.71;
-2.44,-19.84,20.24;
2.29,-23.85,16.70;
-2.43,-23.78,17.85;
-2.61,-28.42,20.52;
-12.37,-30.98,22.90;
-15.20,-26.69,20.53;
-20.82,-17.90,13.24;
-10.27,-19.73,6.23;
11.62,-25.37,12.23;
24.51,-32.75,24.20;
33.41,-42.97,23.83;
12.84,-34.88,24.38;
6.29,-31.49,21.50;
-3.01,-30.14,29.01;
-8.30,-38.83,43.77;
-31.20,-46.72,50.40;
-47.51,-44.65,44.78;
-48.99,-31.58,29.60;
-17.82,-25.82,20.58;
30.95,-36.40,22.53;
47.68,-43.76,23.86;
40.37,-31.29,20.73;
21.13,-14.86,28.93;
15.82,-13.15,43.19;
-18.33,-23.75,41.85;
-40.67,-33.88,26.38;
-45.13,-30.05,14.52;
-18.93,-24.08,22.78;
-14.27,-18.85,39.54;
2.40,-25.66,44.52;
14.93,-29.75,28.26;
10.86,-30.16,13.24;
2.95,-19.73,7.57;
3.68,-11.96,19.33;
22.12,-14.08,26.31;
21.21,-17.99,28.53;
24.12,-23.40,22.38;
11.63,-25.95,18.89;
1.86,-23.50,18.18;
-21.42,-17.64,22.87;
-3.78,-18.37,25.65;
7.70,-21.96,30.58;
13.01,-23.69,36.58;
19.57,-24.19,33.74;
21.39,-31.32,23.42;
19.96,-32.63,11.39;
7.62,-30.31,3.18;
-3.20,-20.11,12.64;
10.31,-11.69,30.41;
8.69,-5.93,44.66;
24.23,-20.34,30.50;
31.62,-30.13,13.88;
15.36,-28.16,7.97;
-17.82,-16.54,12.63;
-8.55,-9.12,28.14;
22.73,-9.08,36.64;
37.96,-21.00,24.52;
36.67,-32.45,5.89;
3.47,-30.34,2.72;
-5.43,-23.38,3.76;
4.75,-14.85,18.72;
12.81,-14.43,29.74;
24.38,-14.68,28.82;
28.08,-18.60,21.11;
34.72,-21.44,11.05;
22.38,-22.01,2.90;
11.27,-24.01,-0.96;
-8.62,-19.44,6.21;
-13.66,-12.71,15.57;
5.50,-6.31,24.60;
22.95,-7.52,26.02;
7.19,-6.45,17.66;
2.11,-5.14,4.64;
2.43,-0.94,6.72;
4.46,0.39,10.32;
12.57,-2.66,7.30;
11.82,-8.57,-1.18;
-12.61,-5.75,-7.83;
-13.53,-2.71,-10.26;
-4.96,1.98,-6.00;
4.03,8.77,4.24;
-3.28,14.36,7.22;
-1.05,13.83,1.37;
-0.49,11.02,-4.05;
0.35,9.90,-7.76;
-0.87,7.66,-17.34;
-12.59,10.22,-19.86;
-29.10,16.12,-16.05;
-38.70,23.17,-7.53;
-26.56,32.16,-0.00;
2.03,29.25,0.35;
2.86,23.29,-11.34;
-16.07,21.84,-30.35;
-34.27,25.93,-39.68;
-46.18,35.87,-35.47;
-43.07,47.83,-23.89;
-17.59,49.60,-15.71;
-3.22,41.95,-19.31;
-21.53,36.50,-34.86;
-39.02,36.21,-52.78;
-50.23,43.20,-53.63;
-41.10,52.79,-39.97;
-31.78,62.82,-18.76;
-21.60,53.21,-13.85;
-30.43,45.26,-26.52;
-53.77,44.12,-46.75;
-51.59,44.41,-54.66;
-26.87,45.98,-49.25;
-19.89,50.27,-41.25;
-30.30,55.63,-35.47;
-26.26,52.89,-37.98;
-30.07,46.45,-41.45;
-37.60,40.04,-48.34;
-40.67,38.56,-53.11;
-38.09,42.25,-50.67;
-32.14,49.25,-45.66;
-20.75,50.02,-43.37;
-10.29,46.27,-36.72;
-8.43,41.67,-35.37;
-16.95,38.08,-43.30;
-23.07,35.41,-52.03;
-11.54,33.21,-56.35;
0.54,35.41,-47.97;
12.40,40.82,-34.90;
4.87,46.41,-21.28;
1.18,36.86,-28.20;
-11.83,30.01,-47.83;
-3.30,31.90,-61.04;
19.94,40.24,-52.23;
52.23,47.69,-35.59;
93.16,40.27,-31.66;
79.91,33.84,-45.39;
57.54,38.65,-73.22;
59.54,46.92,-75.42;
80.63,50.62,-60.49;
135.93,31.06,-40.20;
167.88,14.19,-34.18;
141.10,6.27,-35.59;
80.78,10.57,-22.84;
8.52,15.09,-0.73;
-28.15,10.79,8.79;
-29.04,4.51,10.40;
-33.13,-4.42,4.43;
-47.14,-2.19,3.57;
-47.10,4.57,12.32;
-44.55,3.38,15.37;
-32.55,1.17,5.83;
-0.46,3.05,-1.15;
11.65,0.77,2.35;
16.84,-3.81,8.18;
7.70,-5.38,8.85;
-18.55,-4.16,10.63;
-40.32,-1.84,13.01;
-35.57,0.18,12.17;
-14.58,-1.27,9.88;
8.55,-2.77,4.96;
20.73,-3.32,1.10;
21.83,-3.03,2.98;
6.69,-3.38,6.46;
-10.40,-7.09,8.18;
-17.46,-9.55,11.68;
-15.72,-10.86,17.30;
-16.73,-14.30,20.84;
-16.21,-22.25,27.18;
-18.66,-26.21,35.80;
-26.40,-25.08,41.01;
-37.53,-26.50,35.33;
-41.91,-24.01,24.23;
-25.33,-25.81,17.40;
4.12,-27.23,23.68;
40.18,-30.28,28.81;
49.96,-30.30,18.18;
47.18,-29.87,5.69;
44.52,-25.18,10.14;
44.28,-25.59,27.76;
16.32,-26.05,40.55;
-21.86,-30.71,36.27;
-54.29,-27.84,23.47;
-40.49,-24.27,18.67;
1.25,-25.15,28.32;
30.70,-35.85,44.79;
12.90,-42.27,47.33;
-8.67,-32.43,33.05;
-30.62,-19.26,20.93;
-6.95,-19.87,21.98;
25.12,-31.55,36.99;
27.73,-44.24,43.62;
-3.36,-40.56,33.83;
-21.82,-26.10,27.66;
-7.94,-26.59,34.69;
2.26,-39.93,45.31;
-4.04,-43.99,46.58;
-15.51,-34.66,39.37;
-8.85,-31.33,35.57;
-23.07,-28.28,38.55;
-12.03,-30.40,34.66;
23.80,-30.13,26.98;
33.89,-27.30,31.59;
16.17,-24.39,41.40;
-7.83,-25.85,49.74;
21.01,-37.14,39.04;
26.83,-46.88,30.41;
11.86,-47.55,28.43;
-23.69,-37.85,36.14;
-24.12,-21.33,45.39;
-3.94,-18.24,55.76;
32.55,-40.33,50.98;
21.13,-48.07,26.23;
-6.58,-38.71,12.52;
2.98,-23.52,25.13;
5.68,-16.83,51.42;
34.35,-23.90,54.17;
33.38,-33.62,40.31;
18.40,-34.72,14.87;
-5.66,-29.15,8.63;
-12.47,-20.19,11.19;
2.54,-14.01,21.95;
41.02,-17.79,27.25;
41.85,-24.13,25.73;
26.15,-29.55,11.48;
15.45,-26.86,7.86;
34.29,-18.14,17.51;
26.73,-10.63,31.24;
12.92,-14.36,32.92;
-1.75,-20.37,28.34;
11.96,-27.92,22.35;
43.16,-31.32,24.31;
35.54,-25.98,27.91;
13.07,-23.26,19.94;
-13.31,-20.97,11.33;
8.11,-17.03,13.89;
30.66,-16.22,20.44;
34.12,-15.88,27.76;
30.06,-15.46,25.92;
18.93,-14.17,19.80;
15.07,-13.72,20.02;
23.25,-18.33,22.02;
8.46,-22.98,22.41;
-13.16,-22.82,17.56;
-11.46,-17.33,15.54;
5.63,-8.30,22.17;
20.51,-5.03,24.90;
24.15,-6.85,17.60;
18.35,-8.72,4.64;
8.84,-10.02,-4.64;
10.63,-5.27,-2.82;
17.68,0.28,7.45;
-0.11,4.15,11.30;
-11.20,2.67,-1.42;
-21.25,0.82,-13.05;
-9.89,3.89,-13.33;
9.41,6.96,-6.72;
8.73,10.47,0.87;
-9.05,11.66,-3.04;
-17.20,12.51,-11.30;
0.05,12.31,-16.17;
6.58,13.72,-11.42;
-3.63,12.38,-10.32;
-26.56,10.25,-19.76;
-43.17,17.31,-23.85;
-21.66,27.73,-17.95;
-7.95,32.38,-9.36;
-7.60,29.28,-11.69;
-24.20,30.82,-22.92;
-23.36,33.54,-28.27;
-4.85,36.30,-25.76;
-0.17,34.24,-21.05;
-11.53,27.67,-22.96;
-46.81,26.82,-37.34;
-62.06,35.75,-49.89;
-28.79,45.99,-45.34;
6.80,43.50,-30.89;
5.44,32.05,-29.57;
-30.66,29.92,-51.54;
-56.90,38.12,-68.11;
-51.30,53.81,-60.63;
-16.11,56.60,-42.03;
-6.00,49.20,-32.69;
-31.54,43.76,-41.65;
-40.24,51.08,-60.41;
-34.75,63.31,-57.50;
-6.87,62.12,-45.56;
10.86,37.52,-37.34;
-20.01,28.51,-54.99;
-51.05,35.52,-77.95;
-61.05,56.85,-80.72;
-46.00,67.67,-54.14;
-28.49,61.49,-32.93;
-24.21,42.10,-23.18;
-21.65,29.79,-42.29;
-35.33,32.89,-56.55;
-46.56,42.68,-56.89;
-42.56,46.44,-43.91;
-28.91,44.96,-27.89;
-20.66,38.65,-24.81;
-14.12,35.09,-43.53;
-5.74,38.77,-61.48;
-1.89,40.54,-59.39;
-6.93,40.44,-44.12;
-3.53,36.44,-24.69;
-24.96,31.75,-21.73;
-49.49,23.75,-34.70;
-47.37,26.24,-39.51;
-40.47,34.34,-27.53;
-21.77,29.57,-19.19;
19.93,19.25,-18.35;
44.37,15.66,-29.77;
41.97,19.93,-33.86;
14.38,31.32,-25.48;
17.19,30.51,-16.11;
7.94,27.99,-14.21;
1.70,15.50,-24.67;
-13.97,14.12,-30.75;
-0.23,19.84,-30.87;
11.07,25.95,-17.68;
21.89,21.84,-4.92;
24.54,13.99,-17.45;
6.44,11.60,-29.56;
10.03,20.60,-32.70;
34.20,27.57,-15.54;
62.02,25.40,-4.49;
73.89,10.13,-18.49;
20.23,9.12,-38.41;
7.38,25.34,-51.60;
27.65,27.87,-50.17;
85.22,23.93,-36.08;
138.80,2.51,-23.25;
129.53,-13.92,-12.37;
35.68,-11.15,4.21;
-78.85,7.50,13.33;
-118.75,14.76,11.85;
-102.69,14.65,8.70;
-30.37,4.48,15.95;
22.44,-10.88,17.50;
33.22,-11.76,9.30;
21.28,4.30,-2.55;
8.49,7.17,-8.20;
11.89,-1.41,-6.03;
-5.91,-7.92,2.84;
-37.17,-5.17,9.18;
-48.62,-1.40,13.63;
-38.90,2.30,21.31;
-13.97,-7.96,24.23;
-24.56,-14.43,17.73;
-35.89,-9.58,8.38;
-25.56,-0.33,1.33;
-1.27,6.48,2.31;
27.93,0.33,3.95;
43.91,-9.12,6.06;
25.59,-15.41,3.51;
1.83,-10.91,6.93;
-11.75,-4.97,14.75;
-5.30,-6.04,15.10;
7.42,-10.50,12.52;
11.02,-13.98,14.81;
15.97,-15.64,21.88;
12.60,-16.57,21.34;
1.19,-16.40,16.81;
-9.19,-14.19,10.08;
2.29,-15.14,9.86;
22.86,-22.85,15.45;
38.54,-30.60,27.73;
30.67,-30.54,32.82;
8.92,-25.40,23.76;
-5.78,-22.85,19.01;
-10.17,-24.07,24.78;
-6.20,-29.38,30.85;
1.77,-30.91,35.07;
14.14,-28.46,30.81;
6.28,-20.82,27.83;
-34.21,-9.76,26.90;
8.03,-24.34,15.16;
33.01,-27.35,17.07;
36.69,-29.55,25.37;
4.06,-21.75,34.31;
2.78,-17.90,36.44;
-16.26,-19.35,36.87;
-19.69,-29.55,38.96;
-27.48,-35.98,42.75;
-53.71,-30.11,36.15;
-36.61,-31.61,25.45;
30.23,-39.17,21.43;
69.31,-46.43,36.17;
68.44,-48.75,47.04;
26.17,-34.48,51.69;
-4.20,-27.92,47.25;
10.02,-40.98,40.20;
15.48,-49.24,35.36;
-9.59,-46.11,34.81;
-36.72,-31.20,37.24;
-25.39,-16.40,46.49;
10.38,-20.80,54.76;
42.73,-42.72,43.18;
42.58,-46.62,21.63;
24.83,-38.22,17.02;
-2.98,-22.05,26.67;
-8.69,-19.59,47.31;
-1.89,-23.38,48.56;
8.51,-39.53,30.17;
1.36,-38.50,17.34;
1.80,-33.87,19.13;
-4.70,-18.95,37.66;
16.89,-15.99,53.92;
35.44,-32.16,45.79;
25.77,-42.02,24.78;
-8.64,-33.76,3.77;
-4.62,-22.36,11.16;
24.06,-18.30,30.14;
24.54,-26.42,46.79;
-1.72,-33.29,36.69;
-24.21,-23.30,19.59;
18.86,-20.97,16.17;
44.06,-21.84,25.34;
43.36,-31.15,28.32;
17.02,-35.35,16.15;
-29.69,-21.73,8.60;
-7.78,-6.24,14.18;
28.17,-3.35,26.44;
56.78,-12.88,38.20;
43.74,-27.30,26.66;
-0.14,-30.62,11.73;
-14.40,-20.75,3.63;
-1.48,-12.37,13.33;
15.56,-12.82,23.02;
12.34,-18.63,23.82;
-2.32,-17.79,16.67;
-2.12,-13.27,13.89;
25.80,-8.62,18.70;
45.19,-7.69,26.41;
38.15,-14.39,20.12;
6.99,-20.05,4.61;
-13.27,-24.08,-7.83;
-8.44,-19.73,-1.07;
5.34,-10.85,13.85;
8.90,-5.23,23.86;
-0.96,-4.19,20.46;
-5.22,-3.55,15.27;
29.57,-8.14,15.47;
49.93,-9.84,20.35;
18.89,-9.14,16.92;
-16.69,-10.59,3.14;
-36.21,-12.57,-8.90;
-12.17,-8.86,-1.31;
11.56,-0.59,14.55;
10.61,3.96,19.91;
-3.53,6.30,7.27;
-11.59,5.98,-7.62;
0.25,6.45,-6.95;
16.76,11.18,3.54;
15.57,12.05,13.95;
0.75,11.26,10.18;
-29.39,7.57,-3.85;
-43.39,5.02,-9.74;
-18.81,13.78,-2.57;
6.26,15.75,3.33;
4.02,12.79,4.35;
-15.49,9.50,-6.18;
-28.99,14.01,-10.76;
-9.22,21.37,-7.01;
22.80,20.02,-0.31;
3.77,14.31,0.87;
-30.03,11.06,-14.50;
-43.49,13.23,-23.82;
-16.03,17.86,-14.00;
-3.04,21.75,-2.23;
0.69,16.07,-3.13;
-30.52,17.67,-16.81;
-50.69,24.54,-27.08;
-27.39,30.38,-29.27;
4.40,33.83,-16.41;
7.01,33.50,-7.40;
-11.31,31.17,-11.97;
-28.11,32.41,-26.84;
-16.96,35.11,-30.50;
-16.98,35.41,-23.31;
-16.87,30.42,-21.01;
-44.30,31.61,-27.37;
-55.13,35.09,-37.13;
-45.40,41.02,-38.43;
-18.95,43.12,-27.27;
-22.12,41.08,-17.88;
-33.80,40.94,-25.57;
-35.36,42.99,-34.86;
-32.75,48.39,-31.82;
-31.78,48.80,-25.95;
-29.24,42.83,-27.82;
-33.78,32.45,-42.89;
-55.27,32.97,-56.81;
-40.12,44.85,-61.85;
-2.32,54.80,-40.27;
11.99,54.33,-18.35;
12.83,37.02,-15.42;
-17.78,27.12,-43.94;
-65.08,33.34,-72.24;
-57.75,45.11,-70.67;
-36.78,52.50,-41.30;
-18.38,45.58,-16.26;
-27.42,42.01,-16.06;
-32.56,39.06,-37.33;
-37.51,39.60,-50.79;
-44.75,42.27,-56.17;
-37.37,44.94,-54.03;
-21.48,44.05,-37.91;
-8.93,39.23,-24.89;
-36.61,34.12,-22.75;
-52.29,30.04,-44.38;
-53.40,33.69,-57.51;
-15.19,36.45,-47.68;
20.76,35.99,-29.79;
26.26,32.02,-24.57;
19.83,30.48,-32.17;
-19.77,35.57,-45.22;
-20.27,28.91,-59.77;
5.63,29.93,-52.58;
28.78,35.12,-37.68;
32.78,34.47,-35.22;
30.20,27.58,-34.26;
24.15,17.81,-25.63;
8.25,15.72,-10.49;
-5.65,15.26,-2.60;
-6.01,18.10,-0.05;
0.41,12.13,-12.67;
11.71,10.99,-25.04;
35.51,14.80,-22.60;
46.31,23.40,-10.95;
54.95,13.54,-12.50;
40.31,7.69,-28.31;
24.93,8.89,-32.76;
19.07,12.18,-21.10;
14.32,11.99,-9.21;
-12.24,12.28,-0.41;
3.70,1.40,-3.63;
-1.33,-3.38,-10.35;
-6.87,3.57,-7.56;
9.25,6.67,-0.12;
20.64,3.18,10.00;
29.19,-10.91,13.21;
-13.77,-8.60,8.06;
-57.77,8.10,2.43;
-40.15,15.40,1.74;
-11.40,9.70,1.02;
31.04,-5.20,4.09;
43.24,-12.24,9.73;
14.90,-9.32,10.09;
-29.69,2.89,4.14;
-44.50,10.97,-1.95;
-16.37,8.63,-3.71;
16.40,-0.43,1.47;
34.46,-6.56,9.33;
26.23,-6.13,15.57;
6.58,-8.39,11.80;
-29.34,-6.85,5.76;
-47.88,-1.17,4.00;
-41.71,1.87,6.67;
-22.73,-1.69,11.66;
-2.84,-9.12,13.42;
13.44,-12.27,13.08;
13.63,-9.29,13.28;
1.54,-7.88,13.37;
-9.72,-8.77,9.79;
-7.34,-9.46,7.24;
0.41,-8.37,11.22;
9.04,-11.01,17.56;
3.93,-13.73,20.95;
-4.43,-18.34,17.14;
-4.82,-16.60,11.76;
4.18,-13.49,10.84;
14.78,-14.65,13.43;
22.26,-18.68,18.37;
21.25,-20.74,21.39;
11.12,-21.82,21.97;
7.60,-22.77,16.64;
7.77,-22.10,17.25;
8.47,-19.76,22.64;
16.15,-19.73,21.73;
11.30,-17.75,16.53;
22.80,-17.37,8.81;
56.87,-21.95,3.34;
80.51,-24.79,0.60;
80.69,-25.61,8.50;
60.54,-18.69,18.85;
41.82,-16.28,32.09;
17.79,-29.00,37.92;
-4.14,-39.38,35.79;
-34.11,-39.11,21.36;
-41.88,-28.31,15.97;
-25.97,-16.25,28.17;
44.49,-29.09,37.51;
68.32,-48.22,44.43;
41.21,-43.88,35.21;
-0.26,-28.45,25.30;
-7.62,-20.86,15.31;
5.79,-23.76,17.30;
21.67,-31.33,23.01;
5.88,-30.24,32.02;
5.77,-25.15,34.87;
-1.22,-21.82,37.89;
15.73,-35.90,30.27;
4.34,-40.53,21.80;
-1.49,-37.84,23.79;
5.89,-29.99,38.24;
14.09,-27.09,53.39;
14.32,-34.57,44.08;
-0.33,-38.04,25.69;
6.43,-36.07,7.85;
9.33,-32.45,13.51;
5.70,-21.14,27.94;
31.71,-8.98,44.29;
43.09,-15.47,46.64;
38.43,-29.29,37.71;
28.73,-40.56,21.68;
-1.57,-37.49,20.18;
-16.20,-24.33,27.82;
-37.75,-18.37,37.94;
-24.73,-15.18,42.09;
16.80,-17.82,40.73;
57.80,-27.14,34.61;
50.26,-37.44,26.31;
8.75,-35.73,16.06;
-9.46,-24.40,16.24;
7.56,-12.02,30.06;
39.24,-18.94,42.44;
47.33,-35.04,40.41;
13.97,-41.49,26.82;
-20.69,-35.95,16.89;
-19.69,-21.40,27.74;
4.96,-18.74,39.27;
9.83,-20.02,44.26;
24.61,-25.82,29.05;
29.86,-24.89,15.98;
34.18,-19.40,19.54;
44.18,-19.66,25.76;
26.86,-21.44,28.17;
4.52,-22.80,19.24;
-15.59,-21.38,17.47;
5.82,-14.45,27.45;
26.34,-14.40,33.54;
34.78,-19.70,31.10;
9.45,-22.36,14.29;
-1.25,-21.14,2.61;
7.48,-16.07,2.90;
22.89,-9.06,14.14;
34.57,-9.40,20.29;
18.76,-12.11,14.85;
2.95,-13.66,4.14;
2.17,-10.48,4.35;
7.73,-7.18,12.89;
11.09,-6.04,23.01;
-0.55,-6.37,20.32;
-4.21,-8.17,12.44;
7.60,-7.35,6.27;
23.44,-6.31,3.66;
24.49,-5.62,4.79;
1.97,-6.07,4.00;
-17.56,-5.17,0.06;
-6.47,-1.46,-2.02;
5.97,1.17,1.51;
5.99,3.35,6.18;
-7.31,2.42,-1.76;
-23.16,3.90,-8.27;
-5.31,8.31,-9.02;
11.67,15.31,1.37;
9.44,19.49,5.91;
-3.33,16.62,-1.45;
-12.46,10.56,-12.50;
-4.69,7.61,-14.90;
-6.78,9.25,-9.24;
-12.49,9.87,-1.83;
-26.58,11.93,-4.44;
-28.87,13.14,-9.85;
-13.91,14.39,-12.72;
3.91,14.41,-10.37;
-1.36,12.76,-8.47;
-25.36,14.05,-13.79;
-40.30,17.60,-19.39;
-27.43,24.86,-10.24;
-11.71,32.02,0.69;
2.37,32.47,2.93;
-5.92,29.28,-9.33;
-25.28,26.83,-20.40;
-32.53,22.99,-30.06;
-14.17,21.63,-30.50;
-7.54,23.89,-22.02;
-23.33,27.31,-16.63;
-42.61,30.54,-23.13;
-44.78,33.92,-26.73;
-31.43,36.79,-22.50;
-10.98,36.48,-19.15;
-14.00,32.85,-27.10;
-32.84,32.15,-36.98;
-47.24,34.94,-43.85;
-26.47,42.13,-35.77;
-6.46,44.79,-23.71;
-1.63,36.56,-22.49;
-26.09,31.37,-36.26;
-53.72,35.09,-50.69;
-50.55,41.64,-52.09;
-28.23,40.99,-42.76;
-26.47,38.83,-40.00;
-35.98,40.04,-46.02;
-37.22,49.18,-49.42;
-26.99,58.53,-38.63;
-13.08,57.75,-31.44;
-12.56,48.63,-34.92;
-31.40,43.40,-50.27;
-47.88,42.71,-70.99;
-43.86,47.72,-71.36;
-31.42,58.89,-48.64;
-16.04,57.46,-32.75;
-0.20,45.58,-34.00;
-24.99,38.79,-52.72;
-38.98,44.44,-70.11;
-41.71,46.13,-72.08;
-41.43,50.57,-63.25;
-39.07,51.69,-49.66;
-20.01,35.95,-49.15;
-19.94,35.83,-50.46;
-31.19,43.05,-53.65;
-11.43,44.57,-49.92;
0.90,41.61,-40.08;
0.28,36.19,-36.49;
-4.87,30.38,-41.83;
15.31,27.61,-50.73;
23.16,33.38,-46.46;
25.24,32.50,-35.40;
23.38,28.16,-25.50;
8.43,25.23,-21.80;
13.79,22.50,-20.08;
46.14,17.76,-20.47;
48.32,11.03,-24.02;
16.96,18.89,-27.97;
13.99,23.99,-31.02;
29.07,22.89,-26.26;
39.97,16.31,-21.05;
48.54,8.57,-20.12;
37.09,13.58,-18.44;
31.79,15.72,-10.63;
34.92,14.28,-6.00;
36.70,10.41,-0.66;
21.28,6.38,-7.45;
3.54,-0.53,-19.74;
-31.07,6.50,-24.23;
-20.52,20.39,-8.08;
4.41,23.26,8.69;
54.52,8.05,3.30;
56.02,-7.55,-17.18;
27.73,-5.27,-25.01;
-9.77,11.50,-10.08;
-13.71,14.39,9.40;
-9.65,5.84,15.07;
-9.16,-8.60,7.31;
-35.04,-5.69,1.74;
-37.24,7.78,5.30;
-12.84,10.62,8.95;
6.23,-1.33,7.13;
-0.33,-6.86,-1.25;
-5.78,-5.03,-8.32;
-5.69,6.44,-2.06;
0.99,5.86,8.41;
-2.70,-4.75,8.69;
-14.17,-7.64,5.37;
-24.33,-3.52,2.06;
-20.14,3.57,1.60;
-9.14,4.04,5.76;
-0.11,-0.53,7.43;
-6.70,-2.69,3.59;
-2.82,-4.34,0.02;
-2.96,0.38,1.04;
8.54,0.25,3.66;
14.06,-3.04,6.90;
15.21,-5.12,8.81;
4.93,-6.45,7.85;
-6.70,-8.75,5.39;
-20.40,-6.19,6.96;
-15.16,-5.14,9.11;
-1.56,-5.99,14.56;
11.19,-8.40,17.57;
7.57,-11.87,14.20;
-1.02,-14.07,9.31;
-5.86,-9.55,10.26;
-2.30,-8.75,12.75;
8.60,-10.83,17.16;
4.47,-12.21,17.89;
4.32,-15.32,15.04;
4.86,-16.53,11.71;
18.72,-19.78,8.24;
29.04,-19.43,12.98;
13.50,-16.69,17.13;
12.31,-19.53,14.93;
9.31,-21.53,18.00;
14.89,-26.51,24.60;
3.25,-24.08,30.55;
-16.29,-21.00,27.01;
-26.88,-19.70,17.34;
-13.85,-20.66,4.18;
12.22,-18.57,8.37;
14.78,-12.72,18.41;
36.02,-10.22,22.17;
38.66,-15.15,17.56;
8.34,-18.33,9.27;
-9.37,-20.94,5.68;
-13.69,-17.00,14.98;
-14.20,-16.86,28.05;
-12.66,-27.81,33.27;
-6.33,-40.13,33.07;
6.55,-36.80,33.25;
8.37,-30.01,35.59;
-11.49,-23.82,40.44;
-13.07,-26.28,33.01;
-2.20,-32.60,29.08;
31.10,-36.24,34.90;
38.44,-35.95,47.79;
19.01,-35.69,48.89;
-14.44,-31.90,41.73;
-27.75,-28.94,28.09;
16.75,-31.78,20.96;
37.94,-35.12,26.32;
28.78,-36.75,38.11;
6.96,-31.12,47.80;
7.77,-25.24,49.98;
26.31,-33.35,42.92;
17.59,-43.09,31.66;
-10.01,-39.32,23.31;
-19.75,-27.43,18.38;
6.76,-16.71,30.63;
32.84,-19.87,48.18;
40.81,-31.21,49.59;
28.55,-38.43,33.30;
20.02,-31.50,22.24;
15.96,-21.12,36.18;
30.51,-26.42,52.90;
12.40,-39.27,49.56;
-27.98,-42.48,31.76;
-22.96,-33.93,22.76;
3.67,-30.01,27.24;
18.69,-31.90,34.49;
0.78,-27.32,39.04;
4.81,-22.62,42.49;
-0.61,-15.18,43.13;
29.13,-15.85,39.98;
46.98,-25.92,34.23;
27.82,-32.65,33.13;
-3.77,-29.21,25.10;
-14.07,-24.42,21.56;
-10.56,-18.34,27.33;
9.09,-20.28,33.74;
32.11,-22.10,30.93;
15.19,-23.98,28.98;
5.50,-19.84,23.56;
-1.71,-18.04,19.39;
11.80,-19.62,17.86;
11.70,-17.33,27.08;
21.67,-14.17,34.11;
11.50,-12.28,30.76;
2.44,-14.17,20.32;
-5.05,-16.88,13.85;
2.60,-17.44,14.78;
11.30,-13.11,17.59;
9.91,-8.22,23.05;
13.54,-5.88,20.08;
15.96,-9.35,9.97;
22.75,-14.57,2.70;
15.01,-16.60,4.29;
2.22,-14.24,9.05;
-5.40,-9.66,12.08;
-4.55,-5.32,14.44;
8.31,-4.46,14.43;
25.22,-8.46,13.30;
11.38,-9.58,8.38;
-3.74,-8.65,1.77;
-12.62,-6.17,-3.62;
2.57,-3.09,2.41;
13.88,0.86,10.41;
7.63,2.01,10.64;
-8.12,2.68,-0.86;
-8.17,1.44,-8.53;
-2.24,4.28,-4.86;
2.83,9.14,2.00;
-10.91,10.82,2.66;
-22.03,11.23,-3.97;
-15.77,10.50,-10.44;
-0.21,12.07,-7.51;
1.33,15.03,-2.61;
-5.24,12.89,-3.98;
-21.65,12.16,-8.12;
-24.15,14.76,-12.69;
-16.40,17.83,-11.59;
-9.07,21.38,-8.64;
-9.01,20.05,-12.70;
-19.83,16.77,-19.19;
-32.40,17.44,-25.97;
-31.04,24.24,-24.09;
-17.28,31.38,-17.42;
-8.29,35.84,-9.05;
-10.75,34.99,-11.40;
-31.62,34.68,-24.99;
-44.38,36.65,-33.91;
-32.50,39.96,-28.03;
-12.81,39.87,-19.54;
-20.91,39.60,-15.68;
-38.56,38.77,-27.42;
-57.56,39.79,-36.08;
-56.61,45.06,-32.95;
-29.60,50.60,-26.15;
-27.94,47.78,-23.07;
-41.51,47.47,-30.73;
-51.16,49.29,-45.91;
-55.39,54.22,-47.45;
-33.69,55.70,-42.32;
-24.64,54.10,-35.42;
-33.82,54.18,-41.71;
-50.23,59.11,-50.60;
-46.38,62.12,-52.49;
-48.62,63.23,-45.30;
-30.17,50.41,-40.38;
-44.62,44.50,-41.16;
-67.60,47.25,-57.15;
-71.33,58.91,-60.72;
-39.04,58.45,-49.85;
0.92,45.89,-39.42;
-24.81,44.99,-36.52;
-28.11,45.96,-57.04;
-14.27,48.07,-70.70;
-7.83,57.20,-64.72;
13.12,45.35,-56.40;
30.47,33.54,-53.48;
19.01,33.28,-55.97;
-1.78,44.53,-54.66;
4.31,48.31,-49.80;
28.35,33.60,-45.74;
45.53,22.16,-43.68;
57.88,21.63,-35.68;
62.25,27.93,-24.66;
66.57,22.65,-19.16;
31.91,13.84,-22.50;
14.76,11.03,-28.86;
13.45,15.41,-28.53;
36.95,21.00,-16.31;
51.53,18.50,-14.05;
64.20,11.69,-22.53;
40.64,16.27,-26.29;
24.81,20.30,-25.40;
35.96,21.79,-24.40;
75.93,18.15,-27.94;
81.70,18.92,-35.85;
78.84,20.51,-32.95;
70.69,16.05,-25.10;
72.87,20.88,-26.14;
77.18,23.32,-34.00;
90.64,16.88,-39.45;
80.18,10.62,-29.53;
32.03,4.13,-10.49;
-19.56,5.15,3.37;
-41.95,10.19,12.87;
-47.13,6.18,18.66;
-52.99,-3.14,15.37;
-61.88,-6.02,7.34;
-43.66,4.47,10.12;
3.02,6.15,8.90;
45.45,1.09,-2.67;
44.32,-1.35,-18.84;
15.09,-0.50,-16.46;
-9.69,1.75,3.43;
-16.44,2.39,16.44;
-28.40,-0.77,14.41;
-43.97,-4.45,4.06;
-55.08,0.63,-0.05;
-35.13,4.59,9.88;
-10.53,1.92,14.09;
10.66,-3.87,6.78;
14.67,-6.89,-1.91;
-5.07,-6.34,-2.92;
-21.25,-2.21,0.66;
-14.14,4.16,8.05;
1.70,1.46,8.02;
9.13,-2.28,4.89;
6.83,-4.63,1.53;
3.09,-0.02,-0.31;
11.38,1.02,-0.31;
31.91,-5.26,1.42;
25.33,-12.80,3.48;
3.09,-15.35,5.54;
-21.31,-11.17,8.49;
-35.57,-6.75,14.32;
-34.49,-9.62,20.69;
-28.93,-14.45,24.90;
-28.01,-18.01,26.58;
-28.26,-15.01,25.40;
-28.09,-9.32,18.56;
-6.18,-1.62,5.04;
22.80,3.14,-7.45;
49.33,4.85,-9.51;
67.82,0.57,-7.24;
61.94,-5.20,1.05;
36.44,-12.95,5.48;
1.39,-12.51,6.87;
-32.58,-8.28,8.93;
-49.34,-8.40,20.44;
-41.69,-18.86,31.95;
-22.46,-27.20,36.61;
-21.19,-28.24,34.00;
-17.80,-28.85,29.40;
-13.10,-29.85,23.07;
0.44,-29.96,23.45;
1.04,-22.79,34.00;
3.22,-17.55,37.36;
13.48,-19.33,27.45;
13.16,-22.56,22.05;
18.66,-30.19,23.33;
-0.87,-27.59,28.34;
-34.20,-18.10,21.56;
-26.53,-12.86,18.64;
-5.11,-16.42,21.59;
14.34,-26.30,32.35;
16.84,-37.30,46.34;
-4.40,-41.58,41.37;
-18.07,-35.73,25.31;
-3.04,-27.01,21.66;
8.73,-23.73,37.57;
-6.27,-26.46,49.79;
-7.30,-36.42,47.53;
-6.95,-35.38,31.57;
-5.88,-30.33,24.55;
-25.43,-21.78,29.33;
-10.99,-23.40,35.33;
-8.64,-23.93,38.20;
1.80,-27.78,34.20;
12.26,-32.36,28.98;
24.29,-30.57,37.80;
27.15,-33.15,41.98;
24.58,-41.17,41.73;
18.18,-43.11,36.46;
-6.72,-30.94,33.47;
11.45,-24.71,31.02;
13.57,-25.90,39.83;
23.80,-34.97,42.73;
20.02,-45.69,32.06;
9.02,-41.14,27.08;
2.26,-24.94,32.82;
3.57,-16.71,40.63;
11.45,-20.82,41.05;
19.39,-35.18,32.31;
24.43,-39.75,27.94;
8.18,-34.05,32.32;
12.17,-29.37,34.15;
17.51,-26.62,44.82;
28.73,-29.61,45.48;
15.73,-35.21,36.78;
3.53,-36.95,20.17;
1.48,-37.46,15.47;
19.48,-32.92,20.55;
20.57,-26.37,31.86;
14.70,-19.84,31.40;
10.22,-16.13,25.19;
12.54,-16.56,20.06;
26.63,-18.92,24.78;
46.51,-20.92,27.74;
31.96,-17.70,23.25;
4.22,-18.77,10.43;
-17.68,-23.17,4.98;
-3.22,-22.43,13.53;
3.09,-14.39,27.86;
3.13,-5.15,32.34;
0.63,1.08,31.02;
9.82,-0.54,26.14;
38.55,-8.28,23.43;
40.87,-15.78,16.76;
3.39,-15.27,5.30;
-22.40,-16.72,-4.49;
-9.25,-14.68,5.59;
-0.98,-7.81,20.79;
-2.17,-0.95,24.00;
-8.56,2.19,17.42;
-3.05,2.91,5.56;
5.12,2.76,1.68;
12.25,3.70,3.27;
10.90,1.03,3.57;
-4.76,1.00,3.08;
-17.13,1.03,-0.63;
-9.85,4.25,-0.09;
-0.15,7.38,3.33;
-0.29,7.78,1.39;
-7.08,5.08,-6.50;
-8.14,0.85,-14.79;
-9.59,4.47,-8.08;
2.40,9.58,-0.61;
-0.24,10.33,0.87;
-22.75,12.24,-7.69;
-17.20,10.57,-16.11;
-10.90,10.96,-13.95;
-0.64,13.41,-2.31;
-12.47,16.77,2.66;
-22.99,19.52,-1.02;
-20.52,20.77,-7.57;
-2.30,20.47,-11.74;
-2.21,19.87,-12.15;
-17.80,20.70,-19.18;
-28.78,18.24,-32.93;
-25.28,17.95,-34.92;
-12.99,23.84,-20.03;
-7.14,30.05,-5.59;
-21.69,31.44,-9.63;
-41.72,33.67,-21.83;
-35.85,33.38,-29.07;
-12.70,31.76,-29.07;
-11.75,29.92,-24.02;
-36.70,31.58,-23.60;
-48.17,32.73,-29.30;
-43.85,37.99,-29.83;
-9.19,44.56,-23.63;
8.78,36.50,-20.08;
-22.21,28.71,-34.38;
-55.08,29.43,-53.95;
-54.35,40.96,-55.16;
-25.62,48.38,-38.27;
-6.49,47.31,-22.98;
-14.53,41.75,-22.82;
-34.09,44.41,-40.79;
-46.59,51.92,-48.17;
-47.54,57.20,-43.05;
-31.08,48.34,-38.18;
-33.94,38.38,-39.82;
-48.59,39.73,-52.43;
-45.66,45.31,-58.76;
-41.13,48.53,-45.56;
-29.71,49.87,-32.37;
-29.42,45.95,-23.88;
-30.41,42.42,-36.82;
-22.95,37.78,-55.76;
-17.05,36.83,-59.39;
-18.96,33.52,-51.08;
-17.57,34.60,-39.59;
-22.12,42.70,-27.73;
-26.78,40.12,-35.48;
-17.66,34.96,-51.04;
-6.84,31.96,-53.60;
-3.92,35.14,-45.05;
16.66,34.71,-36.37;
15.80,38.10,-32.44;
20.80,32.16,-42.43;
16.51,31.67,-52.20;
19.50,31.63,-49.50;
11.82,32.79,-29.50;
17.68,25.26,-14.20;
27.83,17.63,-13.77;
27.19,10.56,-15.77;
0.72,10.47,-11.77;
-13.60,13.76,-11.05;
-1.74,14.83,-12.29;
27.71,16.65,-6.15;
52.23,6.97,0.37;
28.54,2.04,-4.61;
11.74,6.41,-14.40;
14.89,16.68,-11.80;
39.16,20.85,-6.50;
61.73,13.02,-20.81;
57.51,10.25,-35.10;
45.07,17.12,-32.23;
34.49,21.54,-21.57;
25.38,22.86,-19.11;
35.54,28.89,-26.38;
53.31,23.55,-34.86;
41.05,7.78,-36.27;
5.54,7.64,-25.30;
-12.56,18.22,-5.48;
-12.58,14.28,0.15;
0.22,-1.04,-2.20;
-12.35,-11.64,-6.43;
-45.20,-1.53,-6.75;
-51.45,14.76,0.96;
-14.66,18.12,11.37;
18.05,4.01,10.72;
32.26,-6.05,-2.49;
31.51,-7.64,-12.76;
4.72,-0.82,-8.60;
-19.68,4.85,0.61;
-36.24,6.31,11.11;
-35.97,-1.35,11.05;
-26.79,-2.72,8.15;
-12.47,-3.72,6.79;
-4.79,-3.85,5.95;
-11.54,0.88,6.67;
-12.53,0.92,2.41;
-7.33,-1.47,-1.24;
1.74,-0.59,-3.16;
10.90,2.62,-2.57;
15.33,4.33,0.87;
16.14,-0.08,3.04;
10.22,-5.30,3.34;
-9.13,-6.04,2.29;
-26.27,-1.08,3.45;
-26.44,3.76,5.97;
-11.97,0.31,8.38;
2.90,-7.14,10.92;
7.19,-11.32,12.15;
-3.02,-10.48,10.84;
-13.39,-6.34,8.85;
-11.13,-2.79,10.55;
2.29,-5.82,6.82;
6.99,-8.19,4.55;
7.80,-8.30,3.11;
6.57,-4.74,5.19;
7.31,-3.62,9.89;
9.12,-6.56,10.47;
1.99,-10.97,7.47;
-7.85,-11.88,8.50;
-22.01,-11.55,14.50;
-27.01,-11.18,18.60;
-22.43,-11.40,18.47;
-11.83,-11.30,14.95;
0.18,-14.27,10.69;
11.93,-17.95,9.57;
10.99,-16.51,11.76;
19.82,-17.03,16.78;
24.95,-19.73,25.08;
12.67,-21.04,28.18;
-15.66,-19.84,21.36;
-24.17,-21.14,11.39;
-12.14,-19.01,9.92;
6.67,-16.68,21.47;
22.46,-16.91,32.52;
19.13,-21.76,28.03;
9.48,-20.80,15.45;
0.98,-19.30,9.04;
13.05,-22.54,14.85;
16.11,-25.38,27.86;
3.79,-30.59,35.24;
-6.66,-34.59,35.10;
-11.01,-29.66,30.06;
-2.30,-28.07,26.78;
12.23,-28.01,35.66;
28.87,-33.01,47.39;
18.14,-38.37,47.68;
2.41,-37.52,36.95;
-10.61,-27.21,28.37;
12.41,-30.91,28.20;
23.88,-34.88,34.24;
24.12,-33.95,34.89;
17.47,-31.56,30.18;
12.47,-34.89,31.19;
-6.43,-35.18,39.80;
-3.63,-29.32,45.45;
9.33,-27.55,44.85;
4.28,-29.56,41.62;
-3.68,-34.45,38.79;
-8.49,-38.56,39.11;
4.18,-39.59,40.89;
11.82,-33.35,42.11;
14.35,-30.98,37.94;
11.91,-32.85,34.55;
19.77,-38.51,32.27;
32.55,-48.72,30.38;
19.59,-42.46,28.58;
11.50,-28.97,28.43;
6.35,-19.01,34.43;
27.67,-26.14,40.17;
40.29,-41.24,42.17;
18.86,-48.14,33.39;
-0.56,-36.98,24.67;
-7.82,-19.12,27.04;
15.07,-17.92,33.56;
45.79,-31.64,30.89;
40.34,-45.15,18.46;
10.70,-43.12,10.15;
-5.34,-31.95,17.30;
-0.21,-17.70,30.41;
21.80,-8.65,42.46;
38.84,-15.70,41.74;
35.33,-26.13,31.65;
20.81,-31.56,17.73;
4.35,-27.59,16.44;
24.61,-21.88,18.50;
22.20,-20.79,20.12;
8.15,-23.90,16.56;
3.54,-25.20,10.52;
6.00,-23.75,11.24;
17.24,-15.08,17.45;
16.47,-6.80,24.03;
21.36,-2.57,22.84;
23.93,-3.78,20.75;
20.80,-9.18,16.67;
21.34,-15.12,10.93;
4.87,-17.30,5.10;
-7.31,-14.50,4.89;
-2.14,-12.46,10.67;
0.18,-9.69,16.52;
4.26,-5.44,18.18;
8.31,-3.99,10.98;
12.75,-5.11,6.92;
2.12,-4.62,3.19;
-3.74,-5.84,0.41;
-2.72,-1.62,5.86;
2.63,5.63,17.51;
2.08,8.13,18.90;
-1.24,2.12,5.65;
-9.71,-3.23,-8.79;
-20.01,-6.05,-11.82;
-16.35,1.28,-2.92;
-4.26,12.56,7.98;
6.58,16.92,13.85;
6.41,9.89,5.91;
1.93,2.31,-5.21;
-3.85,-2.80,-15.63;
-20.14,4.56,-12.37;
-11.59,10.16,-6.03;
-4.32,8.88,-1.60;
-8.11,5.35,-2.37;
-11.10,4.68,-7.57;
-16.78,9.93,-9.73;
-11.54,18.28,-9.05;
-2.37,21.95,-7.59;
-2.17,18.68,-6.66;
-12.78,16.13,-10.49;
-20.29,17.60,-15.47;
-28.07,22.45,-14.46;
-33.75,26.53,-12.40;
-29.74,27.40,-11.86;
-29.17,28.65,-13.19;
-20.96,30.85,-16.75;
-10.18,31.43,-17.79;
-20.12,33.09,-16.87;
-29.60,35.29,-20.21;
-31.02,34.44,-25.30;
-30.66,36.54,-25.13;
-17.65,34.62,-25.25;
-24.55,34.62,-23.40;
-36.50,35.72,-23.89;
-44.67,38.21,-23.42;
-49.95,43.86,-21.22;
-31.07,46.28,-22.89;
-14.29,40.31,-29.07;
-20.44,36.97,-34.20;
-33.16,39.58,-38.27;
-30.01,46.57,-36.96;
-20.09,48.50,-30.44;
-24.27,48.77,-28.00;
-29.07,45.93,-37.76;
-19.71,39.54,-43.71;
-27.34,36.47,-44.41;
-50.52,41.00,-51.05;
-43.54,48.10,-51.80;
-35.25,52.24,-41.65;
-21.80,47.28,-30.21;
-22.85,41.89,-25.05;
-23.80,35.81,-29.60;
-37.59,35.89,-46.70;
-47.71,43.44,-59.95;
-32.81,50.65,-57.63;
-0.72,44.12,-43.40;
20.75,30.19,-29.77;
-8.41,31.09,-33.30;
-36.67,37.64,-47.79;
-33.66,42.68,-62.21;
-9.40,44.41,-54.72;
28.90,31.63,-46.40;
51.63,19.89,-40.78;
33.41,27.50,-39.71;
13.50,35.54,-41.53;
12.37,38.67,-46.05;
7.80,38.24,-36.34;
16.64,24.62,-23.92;
18.02,11.60,-10.86;
20.06,10.18,-0.57;
0.89,16.39,-13.56;
4.37,16.33,-32.99;
6.95,19.25,-35.97;
14.43,18.19,-23.16;
16.96,16.02,-4.86;
27.86,9.75,-1.82;
26.78,12.83,-3.53;
10.80,8.07,-8.64;
-5.04,6.96,-14.57;
1.85,11.66,-19.33;
32.02,14.74,-14.05;
60.09,12.48,-9.60;
59.28,16.27,-14.44;
43.04,11.98,-25.60;
24.44,13.00,-24.40;
8.12,20.04,-19.80;
12.93,29.63,-23.40;
47.36,29.08,-34.76;
63.54,18.51,-38.79;
59.38,13.50,-37.91;
49.27,16.85,-25.31;
46.05,17.84,-14.43;
46.22,14.74,-10.84;
45.83,-1.18,-15.36;
5.50,-4.07,-11.11;
-37.13,7.11,3.11;
-27.08,13.50,19.69;
8.23,3.46,19.66;
23.47,-4.69,-0.00;
20.12,-5.24,-18.57;
2.63,1.79,-14.09;
-11.82,6.08,-3.16;
-11.94,4.70,6.58;
-13.56,-0.95,5.37;
-17.91,-1.98,1.77;
-17.36,-4.11,4.32;
-29.13,-5.62,8.79;
-34.96,-1.40,13.59;
-29.83,0.73,12.38;
-13.89,-0.24,2.35;
6.73,-2.14,-4.76;
12.08,-2.25,-3.45;
15.57,-1.98,0.79;
12.29,-1.69,4.99;
-0.76,-3.70,2.21;
-17.14,-2.02,-0.96;
-15.88,1.21,1.30;
-4.76,-0.65,5.50;
-1.16,-3.90,7.85;
-1.82,-9.99,7.36;
-11.39,-9.87,8.56;
-19.62,-5.35,7.65;
-19.91,-3.72,7.39;
-8.21,-7.75,11.25;
-3.05,-13.12,14.81;
-13.04,-13.44,14.90;
-21.56,-9.76,11.40;
-15.27,-8.62,4.84;
-4.73,-7.29,2.84;
9.15,-7.81,5.16;
14.66,-10.19,8.72;
17.54,-12.34,11.37;
14.63,-14.45,13.65;
3.05,-14.17,16.08;
-8.12,-13.47,14.34;
-10.15,-15.11,9.65;
-8.79,-15.47,5.74;
-0.23,-13.47,9.34;
5.01,-11.27,13.50;
10.61,-13.69,15.02;
22.26,-18.34,11.37;
25.02,-17.50,11.16;
25.91,-15.95,16.50;
23.57,-20.63,22.84;
3.51,-27.55,32.64;
-20.62,-31.66,37.57;
-50.09,-26.91,37.08;
-51.62,-23.76,29.98;
-42.56,-20.30,23.51;
-16.99,-20.71,15.65;
20.61,-22.85,13.95;
59.34,-21.82,14.29;
64.73,-22.45,20.87;
44.99,-25.18,34.18;
-0.93,-23.61,43.56;
-34.91,-23.30,40.49;
-40.88,-31.30,29.69;
-20.81,-37.00,23.68;
-8.50,-32.74,34.84;
0.37,-24.36,53.37;
7.41,-27.15,62.84;
12.76,-38.05,43.66;
26.92,-44.13,20.46;
20.20,-37.53,17.71;
14.51,-29.79,33.53;
6.80,-27.40,49.08;
3.93,-34.65,48.32;
-7.54,-32.50,32.89;
-3.36,-22.94,27.36;
1.89,-16.13,28.98;
20.32,-27.03,38.18;
24.54,-38.34,44.78;
10.58,-38.08,44.24;
-8.64,-34.69,34.50;
-21.40,-29.85,32.99;
-4.32,-30.94,32.73;
7.57,-32.86,38.31;
11.94,-31.47,39.16;
8.52,-30.08,35.97;
17.13,-26.11,33.10;
14.15,-20.56,40.89;
18.84,-21.46,42.47;
23.99,-27.72,35.54;
9.80,-29.95,26.06;
3.99,-31.90,23.88;
18.14,-26.21,30.84;
24.89,-23.44,39.40;
30.35,-29.50,38.50;
17.59,-33.33,31.04;
0.00,-30.89,21.45;
-5.88,-22.46,24.15;
22.47,-17.81,30.20;
33.09,-21.92,41.80;
29.54,-29.62,39.50;
8.51,-33.82,27.68;
7.28,-29.29,18.27;
12.25,-21.93,22.03;
8.14,-19.87,29.74;
15.07,-23.92,27.36;
17.33,-27.85,19.39;
20.92,-27.92,15.66;
28.06,-21.26,17.66;
29.48,-16.88,25.54;
25.70,-16.97,25.56;
4.28,-20.74,15.59;
-2.62,-21.29,7.43;
15.44,-15.44,14.90;
20.72,-6.89,25.27;
17.57,-5.46,26.29;
11.16,-12.28,15.22;
-8.72,-15.76,6.18;
-12.78,-13.92,4.31;
1.19,-5.44,10.85;
23.45,-0.25,21.25;
17.38,-2.01,20.20;
-6.44,-6.19,7.65;
-14.14,-9.00,-1.22;
4.05,-2.95,4.27;
17.82,3.38,14.43;
8.02,2.79,11.66;
-21.08,-0.97,-3.44;
-31.71,-2.59,-10.67;
-12.50,1.69,-4.99;
9.19,12.88,11.01;
8.86,17.95,18.70;
-8.32,15.61,8.49;
-17.40,10.18,-7.44;
-8.38,5.98,-13.50;
5.30,8.97,-7.31;
-0.84,10.18,-1.97;
-28.14,8.91,-8.32;
-46.20,9.12,-17.47;
-33.24,15.55,-16.15;
-1.27,22.65,-5.37;
8.73,24.63,2.60;
-10.62,23.46,-0.86;
-20.06,18.57,-15.39;
-13.27,16.48,-17.62;
-6.11,19.06,-9.13;
-17.83,19.95,-6.37;
-36.81,21.00,-17.40;
-36.41,18.74,-29.34;
-18.01,16.41,-29.21;
-3.45,16.63,-15.37;
-10.78,19.63,-9.07;
-32.37,24.57,-15.51;
-39.59,29.69,-22.03;
-30.29,34.56,-19.44;
-17.25,36.88,-14.55;
-15.97,32.56,-16.34;
-37.45,29.70,-24.00;
-46.12,31.06,-30.87;
-50.06,39.14,-26.31;
-32.93,49.79,-14.14;
-21.19,49.21,-7.66;
-28.26,39.92,-16.66;
-39.25,34.38,-36.11;
-46.29,33.11,-46.06;
-45.95,38.67,-41.42;
-35.88,45.28,-29.36;
-21.71,45.08,-25.83;
-27.42,40.42,-33.33;
-35.74,38.16,-47.56;
-28.76,39.49,-50.86;
-15.16,42.47,-42.47;
-17.37,44.68,-28.72;
-28.14,43.38,-27.95;
-34.76,40.12,-39.13;
-34.00,42.41,-49.27;
-24.81,43.34,-46.35;
-9.14,38.21,-44.46;
-14.29,36.62,-48.43;
-21.88,37.29,-56.34;
-22.50,39.49,-53.40;
-22.35,40.28,-44.55;
-28.88,36.19,-33.79;
-23.92,30.27,-37.13;
-26.84,31.78,-51.15;
-19.02,34.15,-55.15;
5.31,34.96,-46.32;
19.86,30.59,-31.89;
11.18,22.18,-26.90;
-11.25,28.85,-32.27;
-30.33,33.69,-41.07;
-23.97,35.08,-46.53;
24.26,26.24,-44.44;
54.81,17.47,-32.49;
43.93,20.31,-24.37;
32.57,26.89,-28.02;
9.97,31.41,-38.86;
13.62,29.52,-47.66;
24.57,24.70,-39.97;
29.86,21.54,-27.45;
48.06,23.46,-16.40;
50.96,22.31,-13.91;
35.54,13.60,-23.83;
20.34,14.33,-28.26;
17.33,13.89,-29.92;
39.50,14.68,-28.66;
61.48,18.22,-22.03;
64.17,18.56,-16.21;
60.75,11.76,-16.60;
25.96,7.63,-21.66;
8.20,15.70,-17.54;
28.84,20.42,-18.66;
70.15,22.67,-26.78;
93.45,17.54,-31.89;
90.12,5.63,-28.46;
50.37,-0.75,-20.86;
-2.32,7.21,-9.63;
-28.04,10.57,-1.04;
-33.74,5.20,2.23;
-30.17,-1.66,3.16;
-36.12,-4.77,4.41;
-47.11,2.02,9.91;
-31.53,6.92,12.32;
-10.87,2.60,6.12;
-3.20,-2.82,-2.03;
-8.99,-1.53,-6.02;
2.81,4.50,-2.46;
20.31,7.67,3.48;
31.19,2.07,0.09;
25.73,-3.85,-9.88;
4.51,-1.35,-8.03;
-10.27,3.55,3.54;
-12.69,0.28,11.88;
-14.06,-2.39,12.46;
-22.21,-4.39,9.28;
-20.67,-5.92,3.11;
-22.15,-3.76,6.67;
-16.56,-2.43,12.37;
-7.49,-3.79,12.90;
-1.13,-2.08,7.37;
3.05,-2.02,-0.35;
1.99,-1.95,-2.26;
-3.54,0.13,2.79;
-2.38,3.29,3.45;
6.11,2.60,-2.49;
15.60,-0.34,-9.57;
18.37,0.60,-8.06;
11.62,2.63,0.05;
-0.03,2.92,6.47;
-7.54,-0.75,6.61;
-14.85,-4.92,5.85;
-19.69,-5.78,6.63;
-17.62,-5.93,8.31;
-13.45,-9.20,11.98;
-14.43,-13.96,17.14;
-25.11,-16.97,20.17;
-30.41,-17.29,16.55;
-29.40,-15.88,12.58;
-15.07,-12.82,9.62;
-0.81,-8.36,12.70;
8.70,-8.94,17.31;
18.64,-13.69,20.08;
20.60,-21.11,16.49;
-3.80,-18.83,9.80;
-23.43,-10.69,7.54;
-18.55,-3.29,10.81;
-6.67,-4.68,17.91;
-4.15,-11.78,18.78;
-5.77,-18.21,11.69;
-8.98,-14.79,2.56;
-1.65,-8.36,0.18;
21.94,-7.32,6.46;
34.55,-11.53,15.57;
18.80,-15.01,21.94;
-1.62,-18.80,22.03;
-17.80,-24.82,22.70;
-32.37,-22.59,25.28;
-41.85,-19.70,25.83;
-31.39,-18.85,23.33;
-3.62,-24.69,17.42;
15.27,-27.95,12.53;
31.27,-23.20,13.10;
42.61,-14.24,16.31;
44.06,-15.98,20.96;
42.18,-23.64,26.11;
35.05,-29.76,35.92;
2.80,-29.38,39.54;
-23.75,-31.99,37.79;
-40.23,-35.61,30.61;
-35.98,-36.71,30.82;
-5.43,-30.85,38.56;
9.96,-16.74,52.08;
11.44,-19.47,46.34;
30.11,-31.21,29.02;
27.63,-36.45,19.94;
23.89,-39.81,17.27;
2.32,-32.98,25.01;
-1.54,-22.63,29.02;
-9.65,-13.59,33.47;
7.38,-18.57,34.40;
21.79,-32.33,36.87;
31.02,-36.57,39.54;
22.06,-34.82,39.39;
14.06,-32.60,33.57;
-4.44,-27.64,35.34;
3.25,-29.03,39.33;
16.20,-32.28,44.29;
15.99,-32.27,42.24;
5.15,-29.75,36.27;
1.73,-24.72,30.93;
-3.46,-17.53,37.04;
19.33,-16.27,40.15;
31.21,-25.58,33.92;
9.93,-27.66,21.57;
-10.73,-21.04,19.86;
3.19,-12.11,32.29;
27.74,-13.11,47.62;
30.34,-23.17,47.80;
19.27,-31.49,27.07;
-8.62,-27.50,12.52;
-11.53,-15.81,20.79;
14.23,-10.16,36.75;
34.02,-16.33,44.72;
24.89,-26.91,38.96;
10.11,-29.93,30.87;
-16.41,-21.44,30.32;
-3.95,-12.75,32.35;
16.84,-17.30,33.66;
11.02,-24.10,29.43;
6.83,-29.58,16.76;
13.47,-25.35,13.86;
25.21,-13.08,25.54;
24.29,-7.08,29.79;
16.76,-13.78,19.30;
4.76,-16.07,10.98;
-7.33,-16.66,11.48;
10.18,-15.69,16.96;
18.54,-13.33,25.56;
8.09,-11.67,26.29;
-7.49,-10.65,14.96;
-17.37,-9.21,6.00;
-0.40,-6.98,6.26;
19.48,-5.95,13.31;
22.00,-6.68,14.63;
9.86,-6.45,10.85;
2.06,-7.82,4.29;
5.21,-8.27,4.76;
11.33,-9.15,7.04;
-0.30,-8.51,6.98;
-19.66,-7.35,3.11;
-18.23,-3.61,3.63;
1.09,3.05,10.08;
16.46,5.35,15.47;
9.50,2.56,10.66;
-0.37,-0.01,2.46;
-7.57,-0.91,-4.70;
-3.91,2.02,-4.24;
-6.14,8.25,-0.43;
-4.21,6.88,-3.30;
-7.75,3.15,-7.21;
-16.82,4.21,-7.56;
-12.18,8.44,-3.94;
-9.72,16.77,4.55;
1.01,17.81,4.78;
-2.61,14.51,-2.53;
-23.48,10.21,-11.77;
-37.34,8.50,-16.23;
-33.57,14.24,-10.05;
-12.38,23.63,2.46;
-7.53,28.74,6.29;
-16.07,24.27,-3.16;
-27.43,18.47,-16.05;
-19.91,15.96,-19.36;
-15.25,21.52,-13.02;
-21.74,25.92,-7.83;
-31.22,24.51,-9.97;
-40.81,22.12,-17.16;
-29.68,21.08,-20.58;
-16.91,24.48,-16.27;
-10.52,28.01,-10.35;
-27.83,30.76,-12.26;
-39.74,33.03,-20.11;
-28.62,34.57,-21.56;
-7.10,31.34,-19.76;
-7.75,26.91,-18.61;
-38.30,25.86,-28.26;
-50.20,28.83,-39.66;
-47.45,34.54,-35.02;
-32.78,43.25,-21.02;
-13.97,45.28,-11.88;
-12.09,39.50,-18.37;
-22.88,34.68,-35.42;
-34.06,34.59,-43.36;
-38.33,39.14,-36.18;
-43.30,46.25,-26.38;
-45.40,42.33,-27.76;
-50.26,39.06,-32.93;
-51.53,37.95,-39.18;
-44.62,43.57,-39.30;
-29.98,54.19,-32.63;
-6.98,49.96,-32.17;
1.13,36.57,-40.75;
-20.04,30.67,-53.15;
-35.48,34.21,-57.94;
-42.78,41.50,-45.76;
-43.56,41.92,-29.74;
-41.53,38.44,-26.78;
-42.06,33.18,-31.71;
-30.14,27.73,-39.05;
-25.48,30.07,-42.89;
-22.20,32.97,-43.18;
-14.07,36.79,-40.44;
0.75,36.77,-40.55;
3.85,34.44,-41.51;
11.22,30.05,-46.20;
18.44,22.57,-48.02;
17.74,22.96,-50.72;
4.38,30.42,-49.51;
-7.95,37.87,-38.34;
-10.99,35.95,-24.63;
-14.87,29.41,-22.57;
-18.96,19.17,-29.80;
-12.35,17.60,-40.14;
0.84,22.92,-41.85;
19.05,29.09,-31.48;
41.38,26.45,-19.86;
50.31,17.98,-14.87;
40.90,10.53,-20.58;
23.16,11.02,-27.31;
19.77,15.43,-24.52;
33.27,17.93,-15.79;
55.22,16.45,-9.68;
77.82,11.46,-13.65;
79.09,11.46,-23.73;
70.40,13.11,-33.21;
60.22,20.01,-26.34;
68.31,18.67,-24.21;
93.48,18.50,-30.37;
112.28,17.12,-29.33;
92.70,10.28,-18.53;
56.14,8.18,-8.79;
12.58,13.17,-2.23;
-6.37,12.15,1.07;
-1.46,4.25,-5.80;
-4.01,-0.46,-11.76;
-15.49,5.06,-6.90;
-10.70,12.47,8.14;
4.23,11.35,14.34;
34.17,-0.57,3.01;
26.47,-6.05,-10.26;
-7.34,-1.81,-9.10;
-30.90,6.16,3.11;
-26.69,9.66,13.53;
-12.91,-0.50,9.21;
-4.27,-8.37,-0.06;
-22.26,-4.97,1.18;
-28.90,0.07,6.60;
-29.49,1.21,10.18;
-25.04,0.21,10.47;
-14.27,-0.07,4.20;
-0.59,0.15,-0.02;
10.76,-0.53,-3.02;
4.70,0.68,-0.50;
-0.66,3.17,1.71;
5.89,0.80,2.06;
11.53,-3.24,3.71;
-4.23,-2.31,3.48;
-21.13,1.90,-0.17;
-18.81,5.70,-2.09;
2.22,1.76,2.81;
12.32,-2.04,7.02;
9.67,-1.73,3.22;
8.83,-0.16,-4.78;
3.56,-1.32,-6.27;
-6.59,-1.18,0.61;
-10.62,-1.04,10.15;
-7.43,-3.14,13.13;
-6.46,-6.71,11.95;
-5.30,-10.36,10.43;
-14.69,-11.87,12.78;
-24.26,-11.21,15.40;
-29.77,-9.15,15.24;
-26.95,-10.62,12.70;
-16.43,-12.60,10.31;
-9.13,-13.29,10.35;
-5.59,-9.99,13.11;
1.27,-6.50,13.82;
11.12,-8.82,12.85;
17.36,-14.34,10.11;
8.63,-18.86,10.60;
-4.40,-17.33,12.84;
-12.69,-14.75,19.36;
-19.40,-15.85,26.40;
-28.38,-17.61,24.82;
-14.84,-21.24,17.21;
6.17,-20.60,14.37;
18.12,-21.32,19.82;
17.25,-21.40,25.92;
3.85,-24.21,26.98;
3.18,-25.64,20.81;
3.38,-24.95,20.31;
6.67,-23.40,29.30;
-7.66,-24.27,42.95;
-29.98,-26.63,44.17;
-42.38,-33.14,34.24;
-22.26,-36.51,25.76;
-7.77,-29.11,31.27;
-5.95,-22.33,42.29;
-4.73,-20.48,46.06;
7.70,-28.66,39.25;
9.44,-33.87,31.95;
10.86,-33.81,33.37;
0.89,-28.92,36.66;
-5.13,-25.50,39.04;
-20.49,-19.53,44.31;
-9.56,-26.13,41.05;
7.31,-38.28,31.50;
4.76,-34.80,24.40;
2.60,-26.92,20.53;
-2.29,-15.08,30.66;
12.87,-15.06,42.99;
22.83,-25.85,45.39;
24.44,-38.48,30.15;
-1.74,-35.96,22.61;
-5.98,-30.82,22.20;
0.46,-21.96,33.77;
6.43,-17.35,47.22;
18.64,-24.62,51.25;
15.15,-36.16,34.84;
5.70,-42.97,20.23;
-3.80,-38.50,17.21;
4.14,-25.40,26.21;
12.58,-21.29,39.66;
12.93,-21.90,42.08;
11.04,-25.09,33.28;
12.18,-26.65,24.67;
19.33,-27.37,24.52;
14.22,-24.08,26.38;
14.08,-24.51,22.60;
-0.43,-23.99,19.02;
3.24,-22.95,21.04;
26.26,-26.05,24.14;
34.31,-27.78,28.34;
25.39,-26.72,25.85;
1.51,-23.85,22.31;
-17.28,-16.53,21.73;
-6.91,-13.53,26.24;
26.20,-14.43,33.77;
36.90,-20.57,37.39;
22.38,-24.82,30.17;
7.80,-25.04,22.72;
11.50,-22.74,19.40;
6.51,-23.09,26.49;
-3.42,-22.33,30.14;
-13.65,-25.95,22.02;
-11.65,-25.61,17.08;
7.41,-20.75,21.60;
8.44,-18.63,24.46;
5.38,-14.24,20.64;
3.25,-10.56,16.50;
8.99,-8.08,18.70;
28.86,-6.04,20.18;
32.14,-9.56,17.71;
11.56,-12.43,11.39;
-18.81,-15.90,0.92;
-23.13,-12.98,-1.05;
-1.24,-8.14,5.24;
3.39,-0.11,17.56;
-10.61,5.49,15.57;
-17.19,6.44,1.13;
-14.95,8.36,-1.15;
-5.37,13.28,6.70;
11.25,15.50,12.15;
6.29,13.26,10.27;
-18.01,9.92,0.76;
-36.09,9.43,-4.89;
-33.01,11.90,-4.15;
-11.83,13.86,0.40;
-2.98,12.71,5.60;
-18.91,12.83,2.96;
-36.79,13.44,-5.88;
-40.01,18.34,-3.97;
-23.19,25.89,4.75;
0.35,23.86,5.76;
-8.18,19.25,-0.32;
-39.71,16.57,-12.03;
-49.89,18.36,-18.60;
-32.18,26.92,-10.50;
-11.51,33.96,3.51;
-14.30,33.02,5.28;
-19.68,23.63,-12.84;
-36.44,18.16,-28.92;
-44.88,22.77,-27.79;
-39.59,29.38,-18.69;
-39.82,37.63,-3.98;
-35.49,41.29,0.73;
-29.71,38.18,-6.95;
-8.85,27.17,-19.24;
-23.07,21.44,-25.80;
-53.39,22.79,-31.45;
-68.75,29.63,-33.39;
-47.57,42.39,-20.11;
-22.81,44.38,-5.79;
-17.95,36.07,-5.51;
-22.61,26.97,-19.40;
-47.22,24.65,-37.76;
-51.17,29.31,-44.63;
-34.50,39.61,-35.30;
-18.32,42.31,-23.62;
-6.98,30.54,-23.95;
-23.48,26.79,-32.67;
-46.53,32.15,-40.12;
-50.18,41.64,-35.62;
-42.84,46.94,-28.37;
-22.03,38.67,-28.57;
-15.98,32.30,-36.47;
-22.17,34.42,-44.14;
-21.54,37.35,-48.92;
-7.13,34.79,-50.02;
-6.81,32.56,-51.15;
-7.95,34.63,-52.14;
-5.86,38.62,-45.53;
-3.57,38.15,-36.06;
-0.88,30.70,-38.15;
-2.69,24.18,-46.43;
-1.22,30.97,-51.34;
11.83,38.31,-49.98;
21.89,44.48,-42.34;
29.70,35.43,-44.87;
34.92,35.29,-54.81;
47.79,34.57,-58.58;
60.25,30.15,-57.15;
48.61,31.76,-49.57;
43.39,35.93,-34.63;
41.88,32.73,-17.45;
35.01,25.87,-14.53;
33.22,19.40,-15.18;
43.62,15.37,-19.08;
54.46,18.83,-19.98;
59.18,24.10,-25.24;
66.25,23.17,-26.09;
71.54,18.01,-26.11;
61.50,19.41,-27.18;
25.99,26.82,-22.26;
15.31,29.84,-17.79;
28.15,24.04,-13.79;
29.60,19.47,-11.11;
34.20,15.87,-4.69;
36.06,11.09,-0.87;
13.05,9.61,1.25;
-19.53,13.09,1.24;
-28.52,18.38,-0.38;
-22.96,19.79,-1.69;
-4.85,15.87,-3.16;
22.72,12.22,-2.40;
38.38,8.51,-6.49;
27.33,7.93,-9.89;
-1.49,10.91,-7.42;
-26.27,11.93,5.71;
-37.85,10.25,16.70;
-40.96,6.27,18.69;
-31.11,2.24,11.56;
-44.47,5.35,2.05;
-38.29,12.13,-1.01;
-14.18,14.50,1.74;
8.54,10.12,1.57;
27.39,8.99,-5.28;
40.23,10.08,-13.21;
41.22,9.34,-11.56;
28.84,6.82,-6.75;
1.05,4.02,-0.43;
-15.27,2.34,3.25;
-25.11,0.47,5.69;
-24.87,0.01,7.42;
-20.87,-0.33,8.76;
-20.96,0.79,7.18;
-11.17,1.44,4.50;
6.99,-0.39,0.67;
8.60,-3.24,-1.83;
7.34,-2.63,-0.46;
8.02,-2.95,1.57;
4.54,-5.73,2.15;
-2.66,-8.05,3.59;
-8.66,-6.94,4.96;
-8.55,-6.92,8.58;
-13.10,-10.83,12.32;
-18.56,-11.46,13.69;
-20.15,-10.42,11.36;
-21.86,-11.55,6.11;
-19.08,-11.11,5.60;
-8.82,-8.95,7.01;
3.67,-8.75,8.23;
13.15,-10.51,8.69;
8.12,-12.45,8.17;
-5.30,-12.54,6.00;
-11.57,-10.79,5.83;
-9.60,-10.25,5.73;
-2.67,-15.35,6.82;
2.03,-18.91,11.07;
1.02,-20.60,16.55;
-11.89,-16.74,19.27;
-3.60,-14.02,14.40;
1.51,-18.01,15.97;
11.82,-28.25,21.01;
1.60,-34.40,27.05;
-5.97,-33.50,29.82;
-10.11,-26.30,33.91;
-8.85,-27.37,36.41;
-17.13,-31.84,36.29;
-4.93,-38.37,28.95;
8.64,-38.17,20.11;
8.66,-28.85,19.34;
5.38,-19.20,29.14;
13.19,-25.33,36.89;
17.48,-37.06,35.62;
6.35,-34.10,32.55;
-11.91,-28.04,33.43;
-14.55,-30.37,32.78;
-14.01,-31.49,32.34;
0.35,-37.72,32.34;
17.83,-40.57,36.20;
32.70,-38.98,36.61;
18.29,-35.73,34.63;
5.41,-33.88,26.66;
-11.60,-25.90,34.55;
0.43,-26.62,40.44;
19.91,-34.75,35.24;
10.63,-35.76,26.55;
-14.15,-25.30,24.44;
-20.14,-17.49,30.92;
-7.42,-19.49,41.95;
16.38,-32.43,32.98;
10.31,-36.98,14.89;
4.14,-29.64,16.46;
1.48,-18.01,37.39;
10.37,-15.58,50.89;
28.32,-26.54,44.23;
19.99,-39.92,27.85;
7.94,-40.17,12.37;
-15.10,-30.83,13.69;
-18.26,-20.11,26.43;
11.59,-22.30,40.24;
25.45,-27.61,43.19;
20.25,-33.12,30.11;
6.54,-27.46,12.53;
-0.64,-20.51,13.25;
11.44,-20.48,21.97;
18.11,-26.69,32.81;
15.82,-28.14,30.23;
15.33,-28.43,22.14;
5.24,-26.68,17.89;
1.34,-25.99,20.24;
4.83,-27.21,19.19;
-0.88,-24.89,15.86;
-4.44,-20.25,13.56;
-5.45,-11.69,15.43;
8.92,-6.17,21.57;
32.61,-4.65,23.62;
24.12,-10.50,16.75;
8.09,-15.66,8.37;
-4.79,-17.24,2.79;
-8.15,-15.00,6.79;
-5.22,-10.97,19.18;
-4.49,-9.96,24.67;
-8.90,-9.01,21.25;
-8.12,-7.55,12.43;
-0.06,-7.43,9.48;
14.60,-7.96,11.80;
13.54,-7.98,12.73;
2.25,-6.69,8.78;
-0.87,-6.05,4.82;
4.03,-8.05,6.61;
-6.01,-4.56,12.85;
-16.11,-1.46,12.98;
-20.27,6.73,10.64;
-2.90,9.02,8.40;
5.09,8.89,8.23;
2.25,5.06,3.19;
4.72,1.54,-2.63;
0.54,1.63,-6.57;
-13.62,6.30,-5.01;
-18.82,12.91,-3.92;
-4.38,13.84,-4.70;
3.99,8.01,-4.24;
-16.69,5.20,-5.47;
-28.47,6.60,-10.73;
-24.21,13.64,-7.24;
-15.65,24.19,6.67;
-16.38,28.12,13.40;
-14.99,23.89,8.67;
-13.95,19.57,-1.44;
-4.06,12.16,-15.73;
-7.33,9.52,-18.69;
-18.93,13.75,-14.40;
-28.88,23.52,-10.00;
-7.74,26.18,-9.66;
-3.85,24.56,-10.34;
-17.77,24.13,-15.28;
-28.23,27.14,-21.44;
-18.67,29.86,-19.85;
-21.68,31.69,-13.54;
-25.62,33.15,-10.38;
-26.46,34.15,-9.04;
-32.52,37.64,-10.78;
-31.74,36.56,-15.24;
-28.82,31.20,-20.18;
-26.64,27.81,-25.11;
-35.66,30.07,-28.53;
-38.14,38.08,-24.21;
-36.35,43.69,-19.04;
-36.44,45.23,-15.07;
-37.34,43.66,-15.80;
-39.37,42.62,-20.82;
-24.59,38.71,-25.80;
-21.01,38.50,-29.16;
-33.92,39.78,-34.92;
-31.45,43.43,-36.15;
-25.39,46.08,-30.75;
-28.75,41.21,-27.69;
-28.85,37.72,-28.64;
-32.96,36.13,-35.57;
-37.01,37.96,-47.51;
-29.92,41.12,-50.02;
-22.76,47.20,-38.11;
-10.76,45.29,-26.11;
-14.79,41.23,-25.25;
-26.40,38.99,-33.88;
-43.02,38.22,-41.88;
-46.49,38.10,-41.89;
-36.26,35.50,-36.81;
-30.44,33.11,-31.95;
-31.91,34.21,-33.13;
-26.46,33.46,-37.95;
-18.00,31.64,-38.18;
-13.40,28.79,-37.24;
-6.24,28.45,-33.98;
-8.72,36.22,-33.21;
-0.15,38.89,-40.23;
6.28,33.17,-48.09;
16.02,28.10,-55.63;
32.61,25.75,-59.56;
47.42,32.79,-58.40;
52.95,35.76,-60.89;
45.73,32.24,-62.24;
24.70,29.40,-57.69;
20.81,25.18,-42.37;
7.18,21.37,-27.51;
-5.45,10.60,-18.69;
-18.26,3.69,-14.90;
-9.97,10.83,-7.34;
4.84,18.73,0.32;
25.39,12.38,-9.33;
27.74,-2.19,-25.48;
18.47,1.03,-25.91;
4.84,11.98,-9.68;
5.45,12.45,3.63;
15.71,9.69,3.45;
26.84,-0.40,0.79;
10.52,-7.99,0.18;
-24.00,-0.92,1.53;
-49.19,7.41,4.20;
-40.18,7.70,7.10;
-17.28,-1.56,6.02;
1.30,-8.91,3.27;
2.80,-4.14,1.59;
-0.78,4.92,4.24;
-0.72,7.55,6.89;
4.51,3.81,7.63;
9.70,-3.52,5.77;
1.54,-6.56,3.33;
-15.22,-3.11,1.56;
-30.32,3.67,2.47;
-27.27,6.51,4.89;
-9.45,1.57,5.65;
10.98,-6.16,7.21;
9.62,-7.93,7.21;
-5.71,-2.51,6.27;
-14.24,2.02,3.95;
-13.57,0.19,-1.85;
1.63,-2.88,-5.47;
21.74,-4.10,-1.22;
28.89,-2.22,7.07;
17.88,-3.72,8.84;
9.91,-6.46,5.33;
2.72,-6.66,4.49;
-0.33,-4.68,10.56;
-0.29,-5.23,16.00;
-4.90,-7.35,19.92;
-12.09,-10.05,16.38;
-11.66,-11.32,11.83;
-4.96,-8.79,7.47;
15.48,-6.98,7.40;
32.57,-8.30,11.95;
40.02,-11.06,13.19;
37.47,-14.98,14.95;
26.70,-15.40,16.32;
22.61,-15.46,18.50;
5.57,-12.82,20.98;
-4.03,-13.41,23.02;
0.22,-14.60,25.28;
8.92,-16.98,26.08;
10.69,-17.79,23.43;
20.02,-17.00,18.84;
35.80,-19.95,12.41;
53.50,-21.40,3.28;
56.40,-18.05,0.79;
54.44,-16.54,6.69;
50.95,-18.54,16.47;
31.10,-21.17,20.67;
27.47,-22.85,20.32;
12.34,-22.66,19.77;
10.02,-22.50,16.64;
9.34,-21.69,18.26;
8.08,-18.42,19.89;
14.22,-15.50,24.44;
27.82,-21.46,28.92;
33.19,-28.63,24.93;
7.54,-27.66,13.08;
1.04,-22.27,6.85;
20.44,-21.87,10.03;
34.63,-22.95,21.39;
42.25,-33.14,28.52;
42.41,-38.74,28.52;
40.95,-36.77,26.31;
13.85,-29.50,25.45;
12.23,-21.04,26.35;
15.09,-20.33,33.14;
33.05,-34.62,31.11;
23.50,-42.80,19.18;
15.79,-39.75,12.52;
18.70,-30.62,19.73;
26.02,-25.24,32.20;
25.33,-30.31,32.43;
15.48,-31.46,25.85;
7.04,-29.95,25.56;
8.84,-26.36,35.14;
11.36,-24.59,39.79;
7.42,-26.72,33.05;
4.64,-27.81,22.55;
10.32,-31.82,16.06;
23.60,-30.80,22.17;
21.79,-24.68,32.84;
23.12,-27.17,28.35;
8.44,-27.64,21.94;
3.86,-25.44,19.04;
16.06,-26.95,23.22;
23.80,-25.95,29.05;
13.70,-25.00,30.52;
3.48,-26.89,24.41;
7.85,-24.33,21.39;
28.47,-26.56,21.31;
17.68,-27.26,23.69;
4.31,-27.12,17.54;
-0.87,-23.78,14.52;
17.93,-18.24,19.42;
32.32,-17.76,24.70;
26.25,-19.37,27.83;
3.97,-18.82,24.11;
-6.44,-17.23,16.17;
-4.58,-13.50,16.06;
7.30,-11.84,24.35;
11.85,-11.52,29.33;
6.26,-15.08,23.31;
-5.59,-17.93,17.88;
2.55,-17.93,16.56;
11.93,-16.27,16.75;
13.83,-14.94,20.49;
12.87,-13.88,22.23;
-1.95,-12.60,17.34;
-4.56,-14.27,10.84;
7.30,-16.04,9.39;
30.98,-17.67,14.81;
23.15,-15.23,19.47;
-0.07,-14.17,15.92;
-15.39,-11.75,7.86;
-9.66,-9.04,5.14;
7.60,-7.76,7.04;
19.04,-6.16,13.16;
15.13,-5.35,13.08;
1.73,-4.51,8.85;
-7.39,-2.21,7.04;
0.80,-2.71,8.90;
8.78,-3.03,9.59;
5.39,-2.37,9.53;
-5.59,-0.57,4.89;
-6.95,2.82,1.11;
2.69,1.99,2.67;
1.88,1.89,6.81;
-3.77,0.07,9.11;
-13.46,2.77,6.92;
-1.97,0.86,0.96;
0.93,-1.95,0.69;
-9.14,-0.02,1.79;
-14.90,0.94,-0.27;
-5.69,4.59,0.95;
4.98,6.19,7.13;
5.99,7.35,10.82;
-8.18,7.67,7.63;
-11.65,7.41,-0.26;
-5.60,4.53,-4.18;
-1.89,2.45,-1.89;
8.40,1.52,-1.39;
-0.27,3.15,-3.92;
-24.37,11.11,-4.93;
-34.76,18.59,-4.40;
-11.88,22.25,-1.65;
8.44,19.05,1.66;
7.62,13.34,0.40;
-3.40,9.76,-8.46;
-12.03,10.25,-13.44;
-22.76,18.91,-6.78;
-10.90,20.01,-2.98;
-3.01,15.06,-7.39;
-18.56,8.65,-17.22;
-43.83,8.51,-25.16;
-40.41,18.51,-18.12;
-25.33,30.13,-3.15;
5.44,36.01,8.34;
8.86,29.55,4.43;
-9.30,26.25,-9.02;
-25.92,20.63,-25.76;
-34.90,21.31,-26.69;
-34.01,24.24,-18.46;
-26.27,22.63,-11.27;
-36.55,25.70,-9.11;
-41.51,28.60,-16.23;
-26.01,31.34,-20.61;
-5.14,36.05,-16.72;
0.75,32.77,-17.08;
-10.14,32.73,-22.09;
-18.00,30.42,-30.99;
-13.63,29.58,-31.74;
-4.72,27.55,-28.78;
-23.13,28.92,-23.27;
-40.91,32.16,-26.87;
-48.03,33.40,-30.69;
-43.07,34.27,-27.56;
-30.64,38.54,-20.86;
-27.91,41.46,-20.35;
-20.70,41.29,-25.63;
-23.62,40.67,-32.64;
-36.23,41.81,-36.05;
-40.15,45.86,-35.82;
-34.47,48.48,-31.33;
-28.88,46.01,-25.54;
-39.16,42.08,-25.53;
-51.74,39.08,-30.93;
-49.85,36.38,-32.98;
-40.33,34.44,-32.06;
-36.40,35.61,-33.05;
-42.07,39.95,-36.41;
-32.99,47.05,-38.20;
-19.60,44.91,-36.47;
-2.14,32.73,-35.47;
-9.60,25.28,-37.62;
-30.32,25.55,-42.37;
-39.69,33.67,-46.55;
-37.33,37.52,-36.23;
-26.85,35.18,-22.50;
-29.65,25.79,-13.39;
-19.30,13.40,-28.31;
-14.09,14.30,-45.89;
-16.20,22.21,-52.03;
-1.85,27.15,-45.15;
1.25,28.94,-32.31;
-6.84,26.57,-26.86;
-17.11,22.41,-33.30;
-16.23,19.31,-46.96;
-2.55,12.02,-53.59;
0.29,11.76,-50.70;
-5.46,19.72,-35.02;
-18.03,22.04,-21.05;
-24.64,19.73,-18.50;
-21.78,10.02,-25.10;
-19.11,4.51,-28.86;
-16.30,8.47,-22.44;
-5.02,12.36,-14.63;
0.99,7.25,-16.66;
0.02,3.40,-21.77;
1.62,4.74,-21.42;
0.44,6.39,-13.19;
-14.26,6.54,-8.81;
-13.28,1.96,-10.99;
-16.29,3.37,-8.90;
-16.88,3.15,-6.26;
-12.47,1.18,-4.37;
-8.85,3.06,-2.43;
-10.64,3.78,-2.02;
-5.36,1.17,-5.76;
5.07,0.51,-2.61;
11.09,-0.27,4.56;
0.15,2.28,6.78;
-4.88,-0.39,4.00;
-14.30,-4.63,1.05;
-30.11,-0.69,4.14;
-30.58,2.74,9.47;
-24.90,4.48,10.23;
-8.75,0.21,3.14;
2.95,-4.21,-3.25;
3.36,-1.72,-2.57;
2.41,0.86,2.12;
0.29,1.44,6.00;
-0.37,-0.91,7.18;
-1.86,-4.88,7.60;
-5.59,-7.69,6.26;
-12.20,-4.86,5.89;
-15.25,-2.25,5.22;
-12.90,0.54,4.73;
-6.99,-0.07,1.01;
3.91,0.16,-0.29;
17.86,0.18,1.36;
27.05,-0.79,4.15;
20.38,-1.78,5.45;
5.51,-1.37,3.62;
-2.81,-0.40,2.75;
-0.11,1.08,5.95;
7.05,-0.97,10.31;
5.42,-3.23,12.96;
4.66,-3.95,10.75;
7.45,-2.95,8.37;
13.13,-1.88,9.74;
17.31,-2.68,11.69;
23.10,-3.76,13.92;
22.57,-2.10,13.82;
22.51,-2.94,10.50;
10.95,-0.01,6.90;
21.89,0.88,2.72;
51.73,-1.92,0.98;
65.80,-6.79,4.49;
63.79,-8.95,8.67;
49.19,-4.74,13.11;
33.60,-2.46,15.43;
18.05,-2.04,21.22;
15.38,-8.08,26.40;
13.53,-15.32,25.14;
24.72,-21.81,16.11;
34.66,-20.89,13.39;
54.86,-17.26,20.73;
68.40,-20.10,32.95;
76.08,-22.82,34.76;
77.39,-29.92,19.28;
58.93,-24.36,7.11;
46.38,-15.58,11.98;
56.72,-19.78,22.23;
63.56,-33.15,31.60;
62.06,-37.35,26.35;
47.97,-26.82,21.36;
31.56,-14.53,21.05;
26.66,-12.33,30.79;
33.68,-22.43,36.55;
43.73,-33.03,30.56;
23.21,-31.32,18.82;
-2.20,-22.86,23.25;
-8.20,-20.63,36.23;
-14.06,-24.01,52.11;
-14.62,-31.96,48.27;
-7.78,-32.14,35.94;
2.78,-26.36,23.05;
16.38,-25.21,22.47;
30.40,-24.59,23.71;
50.46,-30.01,26.21;
40.44,-33.90,22.90;
16.46,-23.79,19.77;
6.35,-16.33,23.77;
10.29,-14.54,37.42;
8.09,-22.53,42.20;
16.06,-35.15,33.62;
11.60,-41.12,19.66;
2.75,-37.21,13.56;
-13.82,-24.30,26.49;
4.70,-13.75,40.11;
25.24,-16.33,42.38;
23.76,-25.12,29.53;
7.24,-27.20,17.97;
0.14,-21.79,14.38;
10.49,-13.47,22.79;
11.88,-12.97,29.94;
7.34,-19.06,30.66;
2.51,-26.27,21.69;
7.63,-23.61,18.63;
8.38,-15.35,27.02;
0.11,-11.59,32.53;
3.07,-15.17,28.50;
17.93,-25.64,14.08;
10.47,-29.47,2.56;
-6.87,-21.09,7.14;
0.86,-13.11,18.32;
19.45,-10.34,29.68;
34.99,-15.72,27.79;
10.14,-18.54,21.22;
-11.19,-19.33,12.87;
-9.43,-15.08,12.67;
10.34,-16.25,14.50;
6.66,-15.81,19.07;
0.76,-15.72,16.34;
-7.63,-12.36,14.95;
5.04,-8.63,17.27;
12.78,-4.31,21.79;
7.44,-4.68,19.76;
1.88,-8.65,12.72;
-2.52,-14.17,4.84;
-5.33,-15.06,4.47;
-3.97,-11.35,9.83;
-2.93,-5.00,18.93;
6.83,-4.63,19.14;
4.37,-8.56,11.59;
-6.37,-6.92,5.69;
-4.79,-1.66,0.66;
14.90,0.12,0.24;
27.86,-1.98,1.11;
9.63,-4.59,0.20;
-12.29,-6.48,-8.82;
-23.59,-3.64,-8.55;
-19.97,5.73,5.88;
-8.24,10.79,16.60;
8.29,9.26,14.03;
6.23,6.70,2.87;
-0.27,3.83,-11.42;
0.83,3.44,-16.64;
8.99,4.62,-11.02;
8.23,3.08,-5.36;
-21.78,7.03,-3.88;
-35.48,10.31,-6.53;
-22.03,14.85,-3.10;
-0.75,21.02,5.53;
0.47,21.78,6.02;
-4.47,20.68,-1.40;
-12.44,15.72,-13.95;
-28.85,13.47,-17.94;
-37.66,17.38,-12.49;
-26.99,23.52,-3.19;
-23.83,26.80,-1.71;
-33.07,27.76,-6.05;
-33.98,26.82,-11.21;
-30.07,29.95,-12.81;
-18.15,31.72,-10.23;
-23.63,31.38,-9.10;
-31.51,28.16,-12.63;
-30.70,28.94,-16.44;
-17.69,27.46,-18.12;
-18.35,26.22,-18.26;
-35.46,28.36,-22.24;
-41.49,30.68,-28.23;
-32.53,33.32,-28.50;
-16.04,32.94,-23.27;
-3.16,29.69,-20.66;
-14.52,28.33,-24.46;
-40.59,31.60,-31.68;
-54.35,35.40,-33.08;
-49.74,37.84,-24.02;
-37.60,39.75,-12.66;
-28.38,37.34,-11.13;
-19.98,29.38,-20.18;
-35.97,26.31,-32.72;
-45.16,32.65,-39.91;
-35.34,37.52,-35.63;
-22.23,39.09,-19.66;
-17.63,30.70,-9.51;
-32.58,23.99,-13.95;
-46.47,19.60,-28.34;
-49.53,21.37,-33.65;
-48.66,28.41,-26.99;
-38.41,32.01,-19.51;
-33.27,31.26,-17.15;
-25.54,30.05,-24.46;
-16.82,26.85,-32.64;
-4.33,26.73,-38.73;
5.42,28.08,-40.27;
2.11,30.59,-39.16;
5.56,27.90,-35.47;
-5.80,29.32,-27.22;
-19.33,27.26,-26.63;
-29.28,22.62,-32.61;
-37.39,19.92,-32.64;
-37.51,16.07,-29.85;
-31.45,21.89,-26.40;
-12.21,29.70,-28.87;
15.16,34.47,-33.65;
46.25,24.79,-39.92;
70.35,11.52,-47.44;
49.91,11.66,-46.92;
20.00,22.30,-39.45;
-8.82,32.16,-30.38;
-11.30,24.12,-32.43;
-4.24,17.58,-35.28;
0.83,15.26,-32.95;
7.70,20.79,-27.94;
22.54,27.89,-26.89;
40.58,31.86,-26.86;
71.04,25.29,-25.94;
78.81,16.47,-22.47;
67.56,12.12,-19.77;
51.18,10.70,-21.56;
46.49,17.76,-24.57;
51.48,19.35,-32.32;
47.82,20.60,-31.76;
55.48,15.75,-23.01;
52.98,8.60,-11.73;
42.44,7.57,-5.59;
40.02,8.59,-8.99;
33.12,9.09,-12.86;
21.59,8.36,-6.67;
11.83,5.70,2.31;
-1.24,1.03,8.99;
-20.66,-0.11,11.27;
-28.66,1.90,11.48;
-28.69,2.41,6.85;
-20.47,2.71,2.12;
-10.96,0.38,0.11;
-9.83,-0.51,-0.05;
-12.53,1.64,5.19;
-3.04,1.96,8.96;
1.18,-3.26,7.98;
-11.91,-6.53,2.26;
-36.49,-1.67,0.50;
-42.44,3.66,5.97;
-21.85,3.06,11.66;
4.51,1.34,9.59;
16.90,-1.72,2.63;
11.71,-3.18,-5.65;
2.64,-0.51,-5.88;
2.75,3.02,-0.03;
6.95,3.06,8.11;
12.89,2.77,7.57;
11.71,0.16,1.31;
-3.97,-0.37,-1.34;
-6.47,0.30,4.34;
-4.30,-2.74,9.34;
-3.49,-3.11,11.01;
-6.40,-2.01,7.65;
-10.27,-1.53,3.22;
-12.70,-2.59,2.44;
-7.40,-3.75,4.40;
2.20,-2.83,6.32;
8.61,-2.46,5.54;
11.50,-3.72,4.18;
12.23,-5.90,3.45;
4.11,-6.01,5.97;
-1.86,-5.29,10.03;
-2.50,-7.30,13.34;
-4.30,-7.93,13.13;
-8.79,-9.03,8.75;
-3.33,-11.78,4.23;
5.30,-10.42,4.95;
18.14,-9.72,10.00;
31.54,-14.01,13.80;
28.26,-14.80,13.88;
21.76,-13.38,7.63;
26.11,-16.40,8.23;
29.33,-21.04,12.41;
23.71,-21.73,17.68;
10.11,-19.15,18.06;
-7.82,-13.04,17.56;
-1.25,-20.63,16.05;
19.21,-31.72,14.72;
34.64,-35.47,20.75;
13.22,-26.69,30.69;
-7.05,-19.66,32.44;
-15.75,-19.93,33.39;
-14.99,-21.29,37.11;
-11.63,-29.62,37.13;
-8.09,-35.41,33.18;
-14.96,-34.22,30.06;
-18.06,-24.82,33.77;
-5.78,-21.79,36.55;
21.22,-29.21,38.23;
22.11,-35.08,36.47;
7.28,-34.89,32.66;
0.15,-27.90,33.71;
5.71,-22.11,42.67;
7.70,-26.05,45.51;
6.75,-34.40,32.89;
-5.34,-34.31,14.23;
0.25,-28.13,11.48;
0.73,-23.03,24.55;
4.22,-21.26,45.59;
12.70,-23.23,56.52;
13.65,-32.51,47.71;
1.41,-33.69,36.35;
4.80,-30.59,25.34;
0.29,-25.76,20.17;
-4.55,-24.31,20.64;
-1.89,-25.49,24.06;
2.40,-24.63,24.60;
12.08,-25.41,16.23;
27.99,-23.96,15.22;
28.87,-18.37,23.50;
18.08,-17.44,29.85;
5.70,-22.39,25.57;
-8.06,-23.56,17.66;
-2.43,-21.50,14.31;
7.44,-21.38,19.82;
