0.17,-0.59,-0.12;
0.04,-0.56,-0.09;
0.26,-0.74,-0.38;
0.66,-0.68,-0.32;
1.11,-0.47,-0.11;
1.53,-0.38,0.03;
1.60,-0.56,0.17;
1.27,-0.81,0.12;
0.78,-0.42,0.37;
0.52,-0.38,0.17;
0.55,-0.38,0.29;
0.21,-0.29,0.11;
-0.17,-0.32,0.12;
-0.25,-0.33,-0.02;
-0.31,-0.27,0.20;
-0.37,-0.15,0.21;
-0.17,0.06,0.27;
-0.35,0.16,0.40;
-0.17,-0.07,0.32;
-0.06,-0.13,-0.09;
-0.03,-0.29,0.26;
-0.20,-0.41,0.17;
-0.06,-0.33,0.04;
0.03,-0.06,0.17;
0.18,-0.06,0.23;
0.20,-0.01,-0.00;
0.08,-0.07,-0.08;
-0.17,-0.16,0.03;
-0.26,0.02,-0.12;
-0.15,0.02,0.06;
-0.41,0.17,-0.18;
-0.06,0.23,0.09;
-0.25,0.32,0.03;
0.38,0.45,0.24;
0.85,0.55,0.81;
0.21,0.03,0.27;
-0.83,0.06,-0.03;
-1.01,0.32,-0.18;
-0.70,-0.30,-0.23;
-0.29,-0.13,-0.20;
0.41,0.25,-0.06;
0.35,0.16,0.20;
0.03,0.13,0.06;
-0.32,0.14,-0.14;
-0.21,0.40,0.06;
-0.38,0.39,0.12;
-0.38,0.31,0.34;
-0.37,0.08,0.01;
-0.03,0.31,0.32;
0.08,0.35,0.23;
-0.49,0.29,0.24;
-0.29,-0.01,0.20;
-0.40,0.23,0.15;
-0.26,0.20,0.21;
0.20,0.46,0.26;
0.17,0.52,0.20;
0.08,0.35,-0.09;
0.03,0.46,-0.20;
0.18,0.51,-0.12;
0.35,0.57,0.04;
-0.18,0.74,0.23;
-0.69,0.83,0.46;
-1.05,0.54,0.08;
-0.86,0.74,0.20;
-0.64,1.03,0.44;
-0.98,1.39,0.26;
-1.30,1.33,0.14;
-1.54,1.35,-0.32;
-1.12,1.36,-0.61;
0.06,1.74,0.04;
0.69,1.96,0.72;
0.55,2.28,0.85;
0.15,2.63,0.56;
-0.29,2.89,0.69;
-0.37,3.03,0.67;
-0.35,2.66,0.35;
-0.00,2.39,0.29;
-0.08,2.32,0.11;
-0.37,2.40,0.38;
-0.75,2.63,0.69;
-1.30,3.00,0.70;
-1.62,3.45,1.21;
-1.60,3.70,1.43;
-1.65,3.64,1.37;
-1.47,3.91,1.19;
-0.99,5.00,1.65;
-0.35,5.94,2.56;
-0.63,7.16,2.66;
-1.19,8.14,2.40;
-1.89,9.84,2.79;
-1.94,11.50,3.59;
-2.58,14.13,4.46;
-4.87,16.75,4.47;
-8.47,18.66,3.68;
-14.67,22.37,2.01;
-21.01,29.32,1.60;
-25.83,40.37,1.27;
-26.67,48.72,1.57;
-26.20,56.68,4.32;
-29.10,59.29,8.73;
-32.08,58.90,12.82;
-40.12,59.36,14.21;
-43.74,59.65,14.69;
-33.12,55.26,18.18;
-21.71,48.35,20.53;
-12.93,45.39,19.13;
-6.89,44.55,18.29;
-8.75,43.74,18.87;
-12.29,42.22,17.71;
-16.52,43.61,16.40;
-14.20,44.71,16.26;
-10.73,44.80,19.68;
-5.48,47.39,23.56;
6.12,54.39,25.28;
21.85,60.57,26.20;
30.03,67.61,31.16;
41.65,78.81,32.43;
34.55,89.41,28.96;
8.44,100.42,22.79;
-18.50,100.57,16.18;
-28.47,96.57,11.33;
-46.03,93.77,14.32;
-48.81,95.29,18.55;
-46.40,94.17,20.26;
-42.37,90.42,21.85;
-46.21,86.63,23.68;
-37.91,82.23,22.21;
-30.32,79.04,19.83;
-32.12,81.93,19.04;
-30.95,85.79,19.11;
-30.70,89.04,22.32;
-23.02,89.42,21.34;
-15.82,83.30,18.96;
-4.35,87.38,16.44;
8.87,80.98,16.64;
29.63,74.23,19.02;
34.44,69.42,17.94;
26.62,68.92,16.14;
15.97,67.91,15.40;
7.27,68.23,15.68;
-0.89,70.74,16.11;
-11.13,70.58,16.50;
-16.17,70.69,16.43;
-13.25,67.64,16.04;
-6.29,64.52,15.91;
2.18,64.17,15.42;
5.22,62.00,14.67;
7.65,60.60,14.38;
7.98,58.32,12.73;
9.62,60.45,12.21;
10.98,60.74,13.25;
11.07,59.30,13.92;
10.90,55.32,12.50;
11.05,54.34,12.27;
8.55,51.87,12.63;
9.60,51.27,14.12;
7.97,50.26,14.84;
5.07,49.04,15.02;
3.11,50.87,15.27;
1.54,50.39,14.67;
2.33,48.37,14.52;
4.82,45.84,13.33;
6.47,45.38,14.01;
6.79,43.85,14.64;
7.39,43.33,14.53;
6.49,43.59,13.19;
1.59,43.91,10.76;
-0.49,42.32,8.38;
-0.32,38.64,5.95;
-0.17,38.69,5.25;
0.87,38.22,5.13;
0.41,38.17,4.92;
0.24,36.37,5.30;
-0.69,35.18,5.85;
-0.14,34.48,6.23;
1.34,33.80,5.72;
3.56,32.00,5.82;
4.53,30.61,6.17;
4.50,29.01,6.63;
1.65,27.39,6.92;
1.33,26.42,7.77;
0.01,24.37,6.98;
-1.15,23.48,5.50;
-1.10,21.94,3.82;
-0.26,20.19,2.20;
0.21,18.80,0.66;
1.14,16.40,-0.58;
1.27,14.90,-1.30;
1.14,13.88,-1.47;
0.08,12.25,-1.12;
-0.06,11.26,-0.84;
-1.65,10.10,-1.13;
-1.45,8.17,-1.54;
-0.90,7.80,-1.34;
-0.86,5.38,-1.96;
-0.66,3.45,-0.96;
0.33,1.79,-0.34;
1.86,-0.09,0.87;
2.53,-1.11,2.06;
2.62,-3.49,2.40;
1.86,-4.55,1.80;
2.56,-5.80,1.14;
4.11,-7.14,0.70;
5.59,-8.44,0.12;
5.77,-9.51,-0.46;
5.36,-10.70,-1.04;
5.04,-11.46,-0.99;
4.56,-13.13,-0.72;
2.72,-14.24,-0.41;
3.85,-16.78,-1.10;
3.88,-18.36,-2.37;
4.75,-20.24,-2.75;
6.55,-23.26,-3.19;
8.81,-27.26,-3.89;
8.21,-29.45,-5.30;
6.87,-31.26,-6.73;
5.79,-33.16,-8.40;
3.45,-35.16,-10.18;
1.34,-36.58,-11.97;
-0.35,-38.33,-13.47;
-1.51,-40.41,-14.63;
-3.33,-42.01,-15.82;
-4.90,-43.72,-17.25;
-4.55,-45.61,-16.78;
-4.06,-48.29,-16.55;
-1.28,-48.87,-15.42;
1.36,-49.32,-13.31;
4.69,-50.88,-12.75;
8.95,-53.65,-11.50;
11.22,-54.70,-9.86;
11.95,-56.84,-7.47;
11.94,-57.54,-5.10;
12.21,-58.21,-4.70;
14.30,-58.15,-4.41;
18.46,-57.80,-4.49;
18.79,-56.65,-4.15;
18.58,-56.91,-3.92;
20.38,-56.09,-4.70;
20.38,-57.25,-5.16;
18.44,-55.97,-5.19;
14.08,-57.39,-5.85;
14.32,-56.58,-5.70;
13.51,-56.26,-5.34;
13.57,-54.52,-5.28;
12.81,-53.57,-6.84;
11.51,-53.43,-7.89;
10.95,-53.23,-8.03;
10.30,-52.00,-7.63;
6.46,-49.89,-8.08;
1.54,-47.77,-8.50;
1.54,-47.46,-9.57;
2.64,-49.32,-10.05;
3.68,-51.10,-9.01;
3.83,-52.52,-7.36;
4.62,-52.32,-5.53;
5.20,-51.16,-4.81;
7.39,-48.90,-3.50;
5.42,-51.13,-3.73;
0.35,-53.55,-4.99;
-0.81,-53.75,-6.99;
1.28,-52.27,-8.78;
2.49,-50.96,-9.71;
-0.54,-50.52,-9.08;
-6.60,-52.09,-8.08;
-8.57,-53.77,-8.11;
-8.14,-53.07,-8.55;
-11.38,-51.89,-9.27;
-19.36,-50.49,-8.38;
-22.02,-50.38,-6.70;
-14.81,-49.86,-5.88;
-7.88,-49.19,-7.08;
-2.47,-46.96,-10.00;
-8.38,-47.11,-13.56;
-16.73,-44.41,-14.38;
-16.02,-46.82,-10.55;
-6.69,-50.65,-8.14;
5.11,-51.54,-8.70;
15.54,-48.64,-10.67;
20.58,-47.14,-11.15;
20.27,-47.61,-7.07;
15.92,-48.74,-1.33;
11.95,-46.71,0.98;
7.48,-42.42,2.17;
5.75,-41.68,1.05;
11.91,-44.13,-1.47;
18.33,-46.04,-3.76;
20.12,-46.29,-6.72;
12.30,-42.36,-8.17;
3.25,-40.01,-7.60;
-8.18,-41.87,-7.04;
-19.97,-44.30,-6.69;
-26.98,-45.22,-9.30;
-27.71,-42.32,-9.54;
-22.75,-44.03,-10.38;
-14.93,-49.26,-9.71;
-6.72,-49.92,-9.04;
7.22,-46.59,-8.83;
17.57,-41.02,-10.08;
21.66,-37.87,-10.15;
18.53,-37.65,-11.02;
11.43,-42.07,-10.41;
5.39,-43.94,-10.09;
9.17,-38.79,-9.44;
12.59,-33.77,-7.25;
8.84,-34.36,-5.42;
0.76,-34.64,-6.06;
-5.63,-34.52,-7.19;
-6.80,-32.91,-7.88;
-6.47,-31.55,-8.40;
0.53,-29.58,-7.28;
6.18,-25.92,-8.05;
4.17,-25.29,-9.48;
-4.93,-25.92,-9.10;
-7.59,-25.71,-7.77;
-3.12,-22.64,-8.92;
0.20,-20.42,-8.73;
-2.47,-19.11,-7.27;
-4.52,-21.78,-4.72;
-1.85,-22.96,-3.60;
2.93,-22.10,-4.86;
3.53,-23.23,-6.95;
6.04,-23.10,-7.65;
8.73,-21.36,-7.50;
12.73,-19.84,-6.40;
10.43,-20.29,-6.79;
11.50,-18.79,-5.44;
17.54,-14.47,-3.86;
21.31,-15.95,-4.60;
22.84,-16.07,-5.13;
20.53,-14.30,-3.62;
16.72,-14.55,-2.58;
14.76,-14.67,-1.91;
11.86,-13.60,-1.48;
8.44,-10.67,-1.62;
3.77,-6.50,-2.40;
0.49,-3.17,-1.83;
-2.84,-2.41,-1.91;
-6.25,-1.25,-2.29;
-8.63,-0.91,-1.94;
-11.97,-1.66,-1.25;
-13.96,-1.61,0.03;
-14.49,-1.46,-0.20;
-11.68,-2.62,-0.93;
-4.26,-3.10,-2.95;
1.46,-2.59,-3.92;
3.80,-2.91,-3.13;
3.77,-2.82,-1.21;
7.27,-2.36,0.20;
7.24,-1.60,0.15;
5.56,-1.66,1.31;
3.51,-1.13,1.27;
2.40,-1.14,0.61;
1.63,-0.91,-0.02;
-0.46,-1.22,-0.69;
-2.17,-2.00,-1.53;
-4.63,-1.98,-1.27;
-4.57,-0.59,-0.29;
-5.91,-0.06,-0.29;
-6.35,-0.68,-1.13;
-5.21,-1.36,-2.02;
-3.63,-1.07,-1.47;
-1.45,-0.78,-0.70;
-0.64,-1.11,-0.34;
-0.25,-0.12,-0.44;
0.73,0.90,-0.09;
1.04,0.95,-0.15;
1.31,1.51,-0.58;
1.68,1.06,0.27;
2.32,0.58,0.46;
0.27,0.22,-0.23;
-4.44,0.68,-1.02;
-5.19,0.60,-0.89;
-6.41,0.61,-0.83;
-6.95,0.45,-1.44;
-6.95,1.74,-1.41;
-7.10,1.51,-0.78;
-6.87,0.98,-0.11;
-4.89,0.71,-0.46;
-3.12,0.89,-0.34;
-0.21,1.06,0.15;
1.05,1.16,-0.14;
1.72,1.07,-0.43;
1.30,0.40,-0.55;
-1.05,0.14,-0.81;
-1.13,0.37,-0.08;
-0.17,1.10,0.37;
-0.34,2.29,0.27;
-1.53,2.64,0.59;
-3.13,2.02,-0.11;
-4.44,0.80,0.04;
-3.56,-0.26,-0.09;
-2.38,-0.56,-0.18;
-0.90,0.51,-0.17;
-0.49,0.63,-0.25;
0.32,0.74,0.04;
0.79,0.49,0.21;
0.12,0.57,0.79;
-0.21,0.54,0.82;
0.14,0.61,0.61;
-0.18,0.66,-0.23;
-0.47,0.77,-0.28;
-1.28,0.57,-0.23;
-1.48,0.81,-0.49;
-1.15,1.15,-0.02;
-0.63,1.01,0.21;
-1.68,1.27,-0.54;
-2.95,1.36,-0.73;
-2.02,0.03,-0.50;
-1.33,-0.15,-0.25;
-1.15,-0.23,-0.32;
-1.05,0.17,-0.28;
-0.37,0.81,-0.34;
-0.58,0.92,-0.31;
0.37,0.60,0.11;
1.08,0.20,0.30;
0.26,-0.64,0.14;
-0.69,-1.03,-0.79;
-1.04,0.16,-1.30;
-1.88,1.59,-1.21;
-2.17,1.44,-0.20;
-0.70,0.10,-0.00;
0.37,-0.91,-0.23;
-1.01,-1.75,-0.79;
-1.50,-1.46,-0.90;
0.08,0.20,-0.90;
0.30,1.06,-1.30;
-0.57,0.75,-0.95;
-1.31,-0.30,0.03;
-0.99,-1.03,0.20;
-0.66,-0.50,0.14;
1.08,-0.52,0.58;
1.43,-1.13,0.11;
0.78,-1.39,-0.61;
-0.21,-0.64,-1.51;
-0.35,-0.42,-0.98;
0.62,-0.91,-0.92;
2.26,-0.87,-0.93;
2.12,-0.20,-0.73;
0.59,-0.67,-0.25;
1.13,-1.22,0.49;
1.04,-1.00,-0.21;
-0.11,-0.88,-0.90;
-0.64,-0.49,-0.95;
0.24,-0.13,-0.89;
0.72,-0.90,-0.92;
1.28,-1.46,-0.60;
1.60,-1.97,-0.99;
-0.66,-1.60,-1.85;
-2.31,-0.39,-1.44;
-0.99,0.72,-0.18;
0.75,-0.47,-0.25;
0.79,-1.72,-0.84;
1.53,-2.06,-0.87;
1.97,-1.72,-0.44;
0.53,-1.36,-0.90;
-0.14,-0.76,-1.05;
-0.25,-0.82,-0.90;
0.06,-1.98,-0.58;
0.37,-2.23,-1.18;
-0.35,-2.30,-1.85;
-0.25,-1.39,-1.57;
0.35,-1.00,-0.90;
0.11,-1.54,-0.99;
0.15,-2.93,-0.76;
0.95,-4.41,-1.27;
0.84,-4.09,-1.73;
-0.09,-3.68,-1.59;
0.73,-2.70,-0.41;
2.56,-2.81,-0.00;
4.46,-4.06,0.41;
5.36,-6.29,0.55;
6.12,-7.87,0.27;
6.40,-9.94,-1.22;
3.04,-10.52,-4.15;
-3.39,-7.32,-5.68;
-2.80,-3.97,-3.21;
0.76,-3.26,1.14;
4.26,-4.85,2.93;
8.23,-7.28,2.37;
11.59,-10.88,1.37;
11.22,-13.77,0.20;
9.82,-13.86,-2.17;
2.20,-10.74,-5.07;
-3.62,-6.61,-5.10;
-3.83,-0.13,-1.30;
-1.28,1.38,2.50;
5.19,-0.81,4.41;
10.20,-4.09,3.05;
10.61,-6.61,1.95;
9.51,-9.02,0.72;
6.24,-9.49,-1.44;
2.38,-7.28,-3.39;
-0.43,-5.10,-3.37;
-1.34,-2.59,-1.56;
-0.32,-0.93,0.44;
2.00,-1.31,1.72;
5.20,-1.83,2.09;
6.21,-2.64,1.22;
3.63,-3.42,0.41;
0.44,-3.81,-0.43;
-1.22,-3.60,-0.86;
-0.37,-2.35,-0.99;
-0.73,-1.57,-0.60;
-0.78,-1.23,0.12;
1.31,-0.88,1.37;
3.39,-0.76,1.82;
4.53,-1.68,1.60;
3.74,-2.06,0.96;
1.62,-1.90,0.09;
0.15,-1.65,-0.55;
-0.47,-0.87,-0.89;
0.43,0.35,-0.28;
2.17,0.22,0.34;
3.14,-0.68,1.14;
2.52,-1.63,1.07;
1.56,-2.24,0.66;
-0.21,-1.51,-0.20;
-1.12,-1.14,-0.55;
-2.25,-0.55,-0.95;
-2.29,0.16,-0.93;
-0.46,0.32,-0.37;
1.24,-0.30,0.17;
1.36,-0.78,0.26;
1.28,-0.56,0.38;
0.27,-0.26,0.08;
-0.70,-0.39,0.17;
-0.92,-0.70,-0.05;
-0.70,-0.78,-0.21;
0.15,-1.00,-0.20;
0.67,-0.79,-0.29;
0.76,0.17,0.08;
0.87,0.08,-0.03;
0.56,-0.15,-0.05;
-0.54,-0.84,-0.37;
-0.87,-0.87,-0.40;
-0.31,-0.88,-0.46;
-0.09,-0.49,-0.38;
-0.18,-0.38,-0.43;
-0.38,-0.96,-0.76;
-0.86,-1.08,-1.10;
-0.66,-0.36,-0.87;
0.85,0.31,0.06;
0.49,0.34,0.23;
-0.55,0.06,-0.26;
-1.88,-0.35,-0.90;
-1.18,-0.71,-0.75;
-0.28,-0.21,-0.81;
0.35,0.08,-0.75;
0.49,0.10,-0.60;
0.52,-0.04,-0.44;
-0.20,-0.29,-0.63;
-1.51,-0.52,-0.67;
-2.23,-0.21,-0.69;
-1.82,-0.20,-0.72;
-0.83,0.40,-0.75;
-0.41,0.49,-0.76;
-0.75,0.22,-0.32;
-0.35,0.32,-0.28;
-0.57,0.48,-0.75;
-0.99,0.42,-0.79;
-1.99,-0.15,-1.10;
-2.47,-0.20,-1.27;
-1.88,0.52,-0.55;
-0.78,0.86,-0.34;
-0.93,0.77,-0.49;
-1.27,0.87,-0.57;
-1.59,1.07,-0.29;
-1.59,1.18,-0.34;
-1.30,1.10,-0.63;
-0.99,0.80,-0.55;
-0.52,0.64,-0.29;
-0.17,1.38,-0.23;
0.06,1.50,-0.32;
-0.18,1.64,-0.11;
-0.38,1.80,0.14;
-0.80,1.91,0.14;
-0.64,1.88,0.18;
0.66,2.35,0.04;
0.81,3.03,0.56;
1.82,3.59,1.36;
3.10,3.99,2.14;
4.41,5.96,2.84;
3.20,6.77,2.30;
0.64,7.96,2.72;
2.50,8.60,3.60;
4.59,9.56,4.04;
6.21,11.96,4.12;
5.51,16.37,3.46;
4.32,21.70,2.70;
2.72,26.60,3.02;
-2.38,30.90,3.75;
-7.51,35.59,5.33;
-5.56,39.01,6.85;
-3.48,44.75,9.63;
-2.80,47.21,11.43;
-7.45,48.83,12.69;
-9.79,53.88,14.88;
-11.01,59.22,18.27;
-10.05,61.00,22.72;
-10.40,60.97,26.15;
-11.60,57.10,28.32;
-27.45,51.45,25.02;
-35.47,47.53,20.84;
-33.48,42.02,15.17;
-35.82,42.32,14.01;
-41.41,48.25,17.60;
-32.44,54.80,22.82;
-6.15,56.75,24.47;
10.90,54.90,23.86;
15.45,54.23,24.27;
7.43,54.72,22.72;
-1.76,54.20,21.05;
-5.45,56.02,22.03;
-4.90,61.26,23.53;
-11.50,62.71,21.80;
-20.32,63.51,18.04;
-31.31,63.67,15.04;
-25.77,62.06,16.96;
-17.24,61.35,16.84;
-13.96,66.51,18.66;
-13.60,71.47,16.96;
-20.89,68.16,14.27;
-26.69,61.21,13.85;
-14.84,56.63,15.16;
0.78,57.32,13.65;
-1.44,59.73,12.23;
-8.58,62.25,13.54;
-16.46,64.43,12.81;
-25.10,65.55,10.90;
-29.28,67.65,7.97;
-21.70,69.97,8.95;
-18.23,65.87,12.17;
-14.69,59.55,15.27;
-3.99,54.42,17.14;
7.28,54.46,16.61;
8.38,56.00,16.24;
1.39,58.26,15.28;
-3.15,57.48,15.04;
1.36,56.90,16.01;
9.39,54.23,17.31;
14.55,53.53,19.80;
18.21,50.98,21.30;
24.20,52.90,20.46;
21.72,53.61,18.11;
13.65,52.95,15.43;
8.32,52.16,14.69;
7.56,49.70,14.50;
8.73,47.30,15.53;
8.90,47.85,16.78;
9.46,50.34,18.11;
7.71,51.96,18.04;
5.13,54.66,17.05;
2.61,56.42,14.76;
3.91,59.24,11.83;
1.72,56.13,9.31;
0.20,54.86,8.92;
-0.06,53.18,9.48;
-2.15,51.19,10.41;
-2.43,53.18,11.51;
-3.56,53.84,11.59;
-3.80,55.15,10.21;
-3.60,55.77,9.24;
-0.96,55.32,8.43;
0.67,53.82,7.13;
2.12,51.80,7.27;
3.45,51.38,7.92;
2.14,50.61,8.76;
0.59,51.16,8.75;
-0.18,51.48,9.14;
-1.77,52.51,9.89;
-4.40,53.47,8.93;
-5.02,53.51,7.51;
-7.18,52.78,5.19;
-5.99,51.13,2.92;
-5.30,49.27,1.25;
-3.13,48.54,1.77;
-3.16,48.64,2.34;
-5.04,48.40,2.24;
-1.76,47.04,2.35;
-3.18,46.00,1.95;
-3.13,45.21,2.56;
-2.00,42.57,2.98;
0.85,39.97,3.14;
2.55,38.03,3.59;
0.78,36.90,4.99;
-0.35,35.29,6.06;
-0.78,31.07,5.72;
-1.50,31.53,6.55;
-0.58,30.71,6.06;
-0.60,29.18,4.79;
-0.99,27.27,4.46;
-2.12,26.57,3.66;
-1.73,24.81,1.95;
1.04,23.09,1.82;
2.75,21.22,1.65;
0.67,19.09,2.44;
-0.99,17.53,3.65;
-2.23,15.97,3.46;
-2.35,14.63,2.44;
-0.09,13.79,1.34;
0.47,12.61,0.46;
0.93,10.61,0.40;
0.82,8.75,1.19;
-1.96,6.93,1.74;
-2.31,5.94,2.06;
-2.73,5.16,2.12;
-1.92,4.26,1.72;
-0.08,3.19,0.55;
1.19,1.91,0.26;
1.25,1.13,0.21;
0.58,-0.27,0.35;
-0.60,-0.88,0.30;
-1.63,-1.63,0.59;
-2.78,-1.43,0.53;
-4.34,-2.06,-0.12;
-3.57,-3.26,-0.34;
-2.02,-4.65,-0.70;
1.16,-5.34,-0.11;
2.37,-5.94,-0.03;
1.72,-6.74,0.15;
1.17,-7.98,0.14;
1.60,-9.07,0.92;
1.42,-10.62,1.98;
1.80,-11.25,2.01;
2.33,-13.11,2.08;
4.98,-14.18,3.05;
6.88,-15.20,3.43;
7.62,-16.20,3.33;
7.16,-17.13,2.17;
7.33,-17.95,0.58;
6.30,-19.16,-0.57;
4.41,-20.71,-1.18;
3.89,-21.92,-1.99;
3.98,-23.55,-2.79;
4.26,-25.55,-4.00;
3.89,-27.13,-4.84;
3.80,-29.17,-6.23;
3.13,-30.53,-7.41;
4.67,-32.18,-8.98;
3.11,-34.15,-9.86;
0.98,-36.79,-10.32;
-0.18,-39.16,-10.12;
-0.21,-41.48,-9.56;
-1.47,-43.46,-9.16;
-0.35,-45.16,-10.14;
0.18,-46.10,-10.54;
2.04,-48.13,-11.10;
3.50,-50.52,-10.69;
4.21,-52.38,-10.92;
3.56,-54.35,-10.76;
3.43,-56.32,-9.28;
3.94,-59.95,-7.97;
6.52,-61.11,-7.71;
7.95,-60.78,-7.36;
9.71,-61.11,-7.79;
12.06,-62.30,-9.25;
14.91,-62.44,-9.53;
14.88,-63.95,-9.94;
15.33,-66.15,-9.86;
13.59,-67.11,-9.30;
13.69,-67.83,-8.54;
11.53,-69.48,-8.60;
9.08,-69.07,-8.75;
11.65,-68.32,-8.54;
9.59,-66.97,-8.17;
7.28,-66.99,-9.94;
6.18,-66.18,-12.25;
3.66,-65.08,-13.48;
4.18,-64.12,-14.61;
1.94,-63.58,-15.39;
-4.25,-64.85,-15.60;
-4.09,-65.23,-15.76;
-2.14,-65.13,-16.60;
-3.15,-64.03,-15.54;
-3.41,-61.94,-15.56;
-6.80,-61.92,-16.18;
-7.33,-61.36,-16.96;
-9.05,-61.45,-16.31;
-14.15,-62.35,-15.25;
-17.27,-63.32,-12.98;
-14.29,-64.20,-11.51;
-10.43,-64.94,-11.15;
-10.93,-64.49,-12.15;
-16.92,-62.00,-13.82;
-18.26,-61.07,-15.73;
-15.12,-60.74,-16.66;
-16.14,-60.18,-19.31;
-15.83,-58.61,-19.28;
-13.33,-60.97,-18.23;
-4.75,-60.35,-16.14;
6.38,-60.39,-13.54;
11.17,-59.89,-12.20;
19.30,-60.88,-12.73;
18.76,-59.57,-11.88;
19.14,-58.90,-10.06;
22.88,-57.40,-7.71;
25.88,-54.53,-7.89;
20.90,-52.04,-8.28;
14.27,-51.28,-9.15;
8.40,-51.40,-9.25;
9.01,-48.55,-9.62;
5.65,-47.60,-10.09;
-0.50,-47.80,-10.20;
-2.43,-48.91,-9.73;
-2.60,-48.16,-9.88;
-2.18,-46.52,-9.19;
3.54,-45.86,-8.09;
6.14,-45.25,-8.44;
5.56,-42.10,-9.08;
1.11,-40.27,-10.23;
-5.70,-39.45,-11.60;
-7.22,-36.32,-13.34;
-3.88,-33.40,-12.73;
1.94,-32.20,-10.81;
3.42,-31.29,-9.73;
-2.21,-31.54,-9.65;
-10.40,-32.73,-10.47;
-10.60,-30.29,-9.94;
-4.17,-27.84,-8.54;
0.70,-26.67,-8.84;
1.07,-25.90,-10.38;
-1.42,-24.53,-12.29;
-2.47,-24.06,-11.41;
-2.03,-25.61,-8.26;
1.28,-25.66,-6.12;
8.33,-23.72,-5.85;
7.24,-22.01,-6.31;
2.33,-21.08,-6.86;
2.09,-18.30,-8.41;
0.82,-16.55,-8.31;
0.78,-16.99,-6.98;
0.82,-16.96,-6.47;
-1.62,-16.06,-6.63;
-9.94,-13.11,-8.70;
-12.06,-11.03,-9.60;
-13.05,-11.34,-11.82;
-14.35,-15.97,-12.06;
-11.34,-19.71,-9.92;
-5.53,-21.45,-7.86;
-0.40,-21.86,-7.50;
4.90,-18.45,-8.46;
8.15,-16.96,-8.43;
14.24,-15.14,-7.62;
12.72,-13.75,-8.09;
11.77,-16.49,-6.58;
14.87,-18.67,-5.57;
17.97,-18.97,-5.44;
18.20,-19.84,-5.25;
18.61,-16.68,-5.66;
15.10,-14.13,-6.84;
10.99,-15.08,-7.80;
10.32,-15.14,-5.97;
10.17,-12.71,-4.66;
10.33,-11.46,-3.94;
6.73,-9.19,-4.78;
2.12,-6.53,-4.21;
-0.02,-5.31,-4.49;
-2.23,-5.55,-4.32;
-0.11,-5.87,-3.18;
0.96,-5.45,-2.70;
2.67,-4.36,-3.22;
3.10,-3.20,-3.94;
3.48,-2.30,-4.06;
5.31,-1.11,-2.76;
3.83,-1.83,-1.15;
0.18,-3.07,-0.93;
-1.45,-2.64,-1.04;
-1.01,-2.15,-1.13;
1.36,-1.49,-1.08;
2.37,-1.00,-1.85;
1.01,-0.62,-2.58;
0.08,0.90,-1.94;
0.62,0.03,-1.07;
0.82,-0.49,-1.45;
-0.14,-0.06,-1.76;
-2.05,0.34,-1.54;
-3.15,0.34,-1.57;
-3.54,0.19,-1.97;
-3.63,0.86,-1.63;
-3.60,0.89,-0.38;
-4.17,0.25,-0.43;
-4.37,-0.56,-1.41;
-2.52,-1.02,-1.80;
-2.96,0.00,-2.89;
-2.55,2.58,-1.94;
0.72,3.53,0.20;
2.12,1.82,0.56;
1.34,-0.20,0.49;
1.42,-3.00,0.06;
0.52,-3.49,-1.15;
-1.33,-0.93,-2.90;
-3.42,2.69,-2.02;
-3.19,3.70,0.20;
-2.29,1.79,0.01;
-2.38,-1.02,-0.86;
-2.66,-3.14,-1.33;
-1.51,-2.61,-1.36;
-0.17,-1.20,-1.39;
-0.28,0.10,-1.07;
0.64,1.24,-0.70;
-0.46,1.27,-1.15;
-2.57,0.05,-0.87;
-1.89,-1.11,-0.60;
-0.78,-1.75,-0.73;
0.01,-0.42,-1.04;
-1.82,0.46,-0.76;
-4.21,0.83,-0.67;
-4.31,1.10,-0.87;
-3.70,0.60,-0.96;
-2.95,-0.13,-1.36;
-1.94,0.28,-1.36;
-0.50,1.03,0.09;
-0.32,0.66,0.66;
-0.78,-0.01,-0.20;
-3.27,0.34,-2.40;
-5.38,1.04,-2.09;
-4.37,0.90,-0.89;
-2.08,1.03,-0.15;
1.02,0.98,0.38;
1.13,0.06,0.27;
-0.15,-0.12,-0.40;
-1.07,0.32,-0.76;
-1.67,1.00,-0.69;
-3.48,1.44,-1.27;
-5.71,1.06,-1.74;
-5.76,0.74,-1.42;
-3.39,0.28,-0.95;
-1.97,-0.41,-0.43;
-0.52,-0.21,0.23;
0.64,-0.29,-0.09;
-0.52,-0.29,-0.57;
-0.80,0.03,-0.90;
-1.39,-0.21,-1.51;
-1.60,-0.55,-1.08;
0.90,-0.41,-0.52;
1.95,-0.35,-0.18;
1.17,-0.36,-0.00;
-0.54,-0.82,-0.08;
-2.26,-1.26,-0.63;
-1.63,-0.62,-0.72;
-1.65,-0.42,-0.93;
-2.76,-0.20,-1.10;
-1.63,0.64,-0.35;
-0.60,0.37,0.08;
-0.08,-0.68,0.01;
-0.70,-1.65,-0.73;
-1.57,-1.39,-0.98;
-1.04,-0.96,-0.58;
-0.44,-0.55,-0.52;
-1.31,-1.00,-0.99;
-1.59,-1.57,-1.19;
0.21,-1.65,-0.92;
1.36,-1.52,-0.32;
2.03,-1.49,0.01;
2.01,-2.04,-0.43;
2.50,-3.37,-0.21;
4.53,-4.68,-0.38;
5.53,-5.49,-0.50;
5.54,-5.58,-1.54;
3.48,-4.79,-2.08;
1.71,-3.26,-1.83;
1.17,-2.10,-0.35;
3.02,-1.81,1.04;
4.17,-3.22,1.60;
3.01,-4.12,1.07;
2.88,-5.58,0.96;
3.16,-5.81,-0.55;
2.21,-5.05,-1.86;
2.69,-1.78,-2.18;
1.33,-0.87,-1.13;
1.22,-1.51,0.01;
3.57,-2.49,0.67;
6.43,-4.16,0.64;
6.82,-6.00,0.14;
3.74,-6.52,-0.84;
-1.80,-4.55,-2.06;
-2.67,-1.69,-1.47;
0.01,-1.65,0.40;
2.62,-2.59,0.93;
4.37,-3.74,0.53;
4.73,-4.74,0.26;
4.24,-5.29,-0.21;
1.72,-5.58,-1.34;
-1.22,-4.12,-2.12;
-1.42,-2.74,-1.41;
0.03,-1.92,0.34;
3.20,-1.72,1.54;
4.49,-2.26,1.89;
5.36,-3.54,1.43;
3.98,-4.06,0.40;
0.17,-4.13,-1.34;
-2.23,-3.13,-1.74;
-2.55,-1.84,-1.18;
-0.35,-1.32,0.34;
1.86,-1.72,0.73;
3.80,-2.67,1.05;
4.75,-3.02,1.04;
1.91,-2.64,0.26;
-0.93,-1.54,-0.05;
-1.96,-0.24,0.35;
-1.60,-0.24,0.73;
-0.40,-0.76,0.79;
0.84,-2.04,-0.03;
2.08,-2.59,-0.37;
1.42,-2.59,-0.34;
0.20,-1.17,-0.34;
-0.92,-0.18,0.49;
-1.25,-0.67,0.37;
-1.59,-1.14,0.04;
-1.19,-1.55,-0.38;
-0.86,-1.28,-0.35;
-0.64,-0.94,-0.20;
-0.49,-0.49,0.41;
-0.81,-0.78,0.46;
-0.92,-1.00,0.56;
-0.52,-1.23,0.03;
-1.12,-0.84,0.06;
-1.53,-0.30,0.43;
-1.82,-0.20,0.69;
-1.50,-0.71,0.70;
-0.43,-1.68,0.79;
-0.02,-1.97,0.32;
0.50,-2.30,0.52;
1.40,-1.75,0.59;
1.66,-1.34,0.21;
0.73,-1.25,0.24;
0.66,-1.74,0.17;
0.04,-2.06,0.14;
-0.72,-1.69,-0.18;
-0.23,-0.97,0.23;
0.21,-0.29,0.29;
0.35,0.10,0.47;
0.40,0.06,0.17;
0.38,0.10,-0.08;
0.08,-0.04,-0.12;
-0.93,-0.18,-0.35;
-0.75,-0.15,-0.70;
-0.17,0.39,-0.43;
-0.34,0.32,-0.23;
-0.08,-0.47,-0.05;
0.49,-0.67,-0.26;
0.29,-0.41,-0.08;
-0.41,-0.18,-0.49;
-0.28,0.29,-0.41;
0.23,1.00,0.01;
0.46,0.93,0.26;
1.05,0.89,0.46;
1.39,0.63,0.15;
0.33,0.03,0.11;
-0.37,-0.10,-0.09;
-0.35,-0.45,-0.21;
-0.09,-0.44,-0.15;
-0.57,-0.62,-0.47;
-0.73,-0.74,-0.44;
-0.60,-0.32,-0.00;
0.32,-0.52,-0.09;
0.12,-0.20,-0.31;
-0.21,-0.15,-0.18;
-0.31,-0.39,-0.44;
0.35,-0.30,-0.29;
1.05,-0.03,-0.25;
1.36,-0.09,-0.15;
0.79,-0.29,0.03;
0.20,-0.35,-0.06;
0.72,-0.33,0.18;
0.41,-0.88,-0.14;
-0.49,-0.85,-0.52;
-0.89,-0.45,-0.00;
-0.32,-0.41,-0.08;
0.18,-0.09,-0.57;
-0.23,-0.15,-0.46;
-0.03,-0.41,-0.38;
0.64,-0.90,0.12;
1.24,-1.13,-0.18;
1.13,-1.40,-0.28;
0.11,-0.84,-0.54;
-0.26,-0.64,-0.67;
-0.03,-0.58,0.04;
0.56,-1.08,-0.46;
0.87,-0.87,-0.73;
0.93,-0.30,-0.31;
0.98,0.22,-0.02;
0.29,0.42,-0.20;
-0.11,0.16,-0.00;
-0.55,-0.07,0.35;
-0.52,-0.67,0.17;
-0.44,-0.84,-0.11;
-0.00,-0.55,-0.26;
-0.25,-0.44,-0.26;
-0.43,-0.30,-0.32;
-0.41,-0.30,-0.06;
-0.44,-0.09,0.20;
-0.06,0.22,-0.11;
0.59,0.72,0.12;
1.39,0.29,0.09;
2.03,-0.07,0.12;
1.57,-0.78,-0.14;
0.66,-0.82,0.01;
0.24,-0.67,0.18;
-0.00,-0.45,0.09;
-0.26,-0.32,-0.29;
0.30,0.22,-0.44;
0.67,0.48,-0.15;
0.70,0.23,0.43;
0.59,-0.01,0.30;
0.04,-0.67,0.24;
-0.61,-0.96,-0.05;
-0.87,-1.14,-0.38;
-1.13,-1.00,-0.57;
-0.76,-0.61,-0.46;
-0.08,0.11,0.01;
0.72,0.29,0.41;
1.39,0.05,0.55;
2.23,-0.04,0.35;
1.60,-0.44,0.03;
0.14,-0.62,-0.40;
-0.92,-0.52,-0.66;
-1.05,-0.26,-0.40;
-0.73,-0.20,0.08;
0.17,-0.03,0.24;
1.08,0.00,0.44;
0.91,-0.38,0.04;
-0.67,-0.58,-0.46;
-0.50,-0.58,-0.49;
-0.14,-0.44,-0.12;
0.41,-0.23,0.17;
1.43,0.08,0.32;
1.68,-0.12,0.41;
1.20,-0.41,-0.38;
0.53,0.17,-0.87;
0.62,0.87,-0.52;
0.81,1.24,-0.02;
1.75,1.30,0.47;
2.61,1.90,1.02;
3.43,2.42,0.87;
3.17,3.53,1.02;
3.08,4.39,1.36;
4.03,6.28,1.83;
6.33,8.55,3.27;
6.38,9.71,3.92;
5.68,10.39,4.35;
6.59,12.48,5.36;
3.98,15.39,6.04;
0.69,18.78,5.80;
-4.38,23.10,4.96;
-7.48,27.99,5.53;
-7.88,31.87,7.31;
-8.12,35.38,8.66;
-9.82,39.82,10.20;
-10.11,44.74,12.90;
-9.36,48.58,15.80;
-10.35,52.35,16.32;
-13.79,56.87,17.37;
-12.12,61.65,19.98;
-11.42,66.89,22.20;
-17.39,72.02,26.24;
-31.44,72.58,31.05;
-43.68,62.23,32.32;
-34.73,54.23,25.07;
-25.36,55.64,18.98;
-17.16,59.07,18.72;
-7.31,64.74,26.75;
7.28,71.12,31.85;
16.37,75.56,33.97;
21.71,80.69,34.40;
18.00,82.46,29.86;
6.18,80.58,25.91;
0.58,79.22,20.55;
-9.36,82.69,18.34;
-18.81,86.08,20.34;
-22.50,89.33,20.50;
-23.63,84.72,13.27;
-38.29,85.39,9.16;
-46.75,89.07,12.12;
-42.34,86.28,13.19;
-35.96,79.53,14.49;
-33.59,77.85,14.47;
-36.28,77.58,16.29;
-35.70,78.60,19.21;
-27.70,75.65,20.49;
-20.52,74.84,21.66;
-12.11,71.26,21.89;
0.08,71.85,20.76;
12.40,73.09,20.14;
19.89,72.03,18.70;
14.85,70.81,16.79;
13.16,68.51,14.73;
15.59,66.40,13.36;
10.18,66.22,12.12;
5.80,67.93,12.78;
2.21,67.84,14.11;
-4.92,69.18,15.24;
-10.89,69.93,15.53;
-9.92,71.47,16.17;
-6.60,73.27,16.09;
-5.73,73.48,14.72;
-4.89,72.74,13.88;
-2.58,71.03,13.71;
-0.80,71.16,14.63;
0.24,69.24,14.34;
2.82,69.42,12.88;
1.68,69.94,11.65;
1.82,69.32,13.28;
-0.66,70.10,14.32;
-2.55,70.43,13.94;
-1.99,69.22,14.20;
-2.43,65.76,13.51;
-0.03,67.44,12.58;
0.58,66.90,11.46;
2.23,65.91,11.46;
4.33,65.67,12.08;
3.98,63.30,12.76;
5.39,62.60,13.01;
4.84,62.46,13.82;
4.20,59.33,15.07;
2.62,56.78,16.03;
0.93,56.35,15.37;
0.81,57.38,15.19;
0.30,57.10,14.63;
1.97,55.00,14.58;
1.72,53.76,13.63;
3.46,52.45,13.11;
4.08,50.37,12.63;
4.18,47.96,14.03;
3.50,45.68,15.31;
1.25,45.24,15.24;
-4.47,46.75,13.51;
-6.75,41.93,12.84;
-6.40,40.00,12.40;
-7.28,39.45,11.89;
-6.31,38.11,10.04;
-3.48,34.75,8.04;
0.11,31.93,7.51;
1.80,27.99,7.48;
1.13,25.87,8.00;
-1.54,24.61,8.72;
-4.50,22.23,7.92;
-5.04,20.32,5.62;
-3.65,18.19,2.63;
-2.64,14.49,1.11;
-2.64,11.47,1.39;
-3.53,8.57,2.03;
-3.44,6.06,2.29;
-3.74,4.08,1.56;
-2.31,1.16,1.33;
-0.06,-0.50,0.56;
0.35,-3.17,0.27;
-0.95,-5.48,0.52;
-1.68,-6.87,-0.31;
-0.54,-8.56,-1.50;
1.05,-10.36,-2.92;
2.15,-12.68,-2.67;
2.56,-13.61,-2.06;
3.39,-14.81,-1.92;
4.99,-17.98,-1.60;
6.69,-19.43,-1.28;
7.86,-21.13,-0.86;
9.08,-23.22,-1.10;
10.01,-25.49,-1.21;
10.50,-27.72,-3.01;
12.44,-30.85,-2.89;
14.58,-33.40,-1.96;
15.10,-35.98,-2.02;
11.98,-38.50,-3.02;
9.16,-40.52,-3.18;
8.23,-42.26,-4.23;
8.09,-44.61,-5.30;
6.00,-46.82,-6.98;
4.24,-48.24,-8.47;
2.87,-49.95,-10.61;
2.27,-52.24,-12.54;
2.18,-55.10,-14.58;
1.56,-56.76,-16.09;
3.46,-58.67,-16.67;
3.74,-60.94,-16.66;
4.37,-62.74,-16.92;
5.42,-64.74,-16.17;
6.21,-66.64,-15.28;
8.12,-67.46,-14.84;
8.44,-68.58,-14.84;
8.59,-70.26,-14.43;
10.59,-71.63,-13.47;
12.21,-72.94,-12.49;
10.73,-73.78,-12.21;
9.89,-74.33,-12.92;
8.62,-74.50,-13.65;
8.55,-72.78,-13.31;
4.87,-71.75,-13.33;
1.82,-71.87,-13.12;
3.22,-69.97,-14.09;
1.11,-69.39,-14.41;
-2.26,-70.44,-15.31;
-0.52,-70.45,-16.70;
-0.50,-69.34,-17.21;
-1.39,-68.90,-16.50;
-0.00,-67.58,-15.99;
-4.35,-67.92,-15.80;
-5.59,-68.38,-15.94;
-2.67,-66.99,-15.33;
-1.79,-66.20,-14.75;
0.85,-64.91,-14.75;
0.03,-63.86,-14.84;
-3.57,-63.55,-14.61;
-2.20,-60.53,-14.15;
-4.66,-59.52,-13.19;
-6.72,-59.86,-12.31;
-11.96,-63.05,-10.64;
-8.86,-62.84,-8.23;
-4.57,-63.54,-7.30;
-1.57,-65.42,-7.62;
-0.73,-64.03,-10.06;
-3.79,-62.94,-12.35;
-7.21,-60.87,-14.21;
-6.40,-59.31,-14.93;
-7.41,-59.78,-14.00;
-1.92,-59.26,-11.99;
11.14,-58.67,-9.18;
20.79,-58.71,-8.58;
19.02,-57.29,-9.01;
17.51,-55.72,-7.65;
20.99,-56.27,-4.69;
19.66,-55.74,-3.85;
11.54,-54.56,-5.12;
3.11,-53.74,-10.18;
-11.36,-50.85,-15.91;
-17.44,-47.13,-16.58;
-9.63,-44.59,-13.92;
-5.42,-47.43,-13.63;
-8.35,-51.57,-16.49;
-15.59,-52.18,-15.77;
-9.25,-51.16,-12.84;
1.43,-50.79,-10.89;
9.30,-50.39,-8.83;
9.36,-50.06,-8.60;
9.19,-49.16,-8.99;
12.64,-47.61,-8.41;
13.36,-43.66,-9.79;
6.08,-41.60,-11.07;
2.23,-41.55,-9.62;
4.11,-41.42,-8.35;
8.53,-39.22,-7.97;
6.99,-37.69,-8.08;
-2.35,-36.38,-9.92;
-8.32,-32.90,-11.16;
-8.15,-30.82,-10.44;
-7.45,-31.98,-11.08;
-11.38,-33.87,-14.00;
-14.92,-32.59,-15.08;
-12.98,-31.81,-14.49;
-7.36,-30.71,-13.73;
-6.38,-30.44,-13.24;
-0.50,-31.51,-11.63;
-2.18,-32.65,-12.47;
-4.75,-32.16,-11.88;
-0.44,-30.79,-12.49;
4.67,-29.37,-11.57;
6.56,-28.61,-11.36;
11.14,-28.62,-9.19;
10.41,-27.02,-10.08;
7.45,-26.29,-9.66;
9.30,-25.60,-8.69;
9.74,-26.61,-9.05;
11.66,-26.03,-8.70;
15.50,-22.97,-8.40;
14.70,-19.10,-7.82;
12.93,-17.78,-6.54;
12.49,-16.33,-5.05;
10.53,-17.16,-6.11;
9.39,-16.82,-8.06;
3.59,-17.42,-8.87;
2.32,-17.71,-7.36;
2.79,-17.97,-6.47;
9.11,-15.95,-5.65;
15.95,-12.06,-4.92;
16.47,-9.71,-4.64;
15.59,-9.13,-3.92;
14.66,-8.87,-3.92;
14.81,-8.71,-2.66;
15.11,-9.36,-1.63;
10.43,-9.65,-3.01;
7.14,-6.53,-3.59;
8.35,-3.49,-2.70;
7.71,-3.23,-2.40;
5.54,-3.87,-1.80;
2.79,-6.27,-1.51;
-0.12,-7.63,-2.92;
-6.92,-4.78,-4.46;
-10.29,-1.07,-3.60;
-8.83,-0.44,-1.18;
-2.72,-1.42,-0.06;
0.17,-3.60,-1.54;
-3.05,-5.78,-3.56;
-4.99,-5.05,-3.51;
-4.43,-3.54,-3.12;
-3.21,-2.30,-2.55;
-1.54,-1.25,-1.80;
3.34,-1.13,0.03;
7.59,-2.50,0.70;
9.34,-3.83,0.76;
9.62,-6.10,0.61;
9.68,-7.90,-0.29;
7.89,-8.68,-1.56;
4.33,-7.45,-1.80;
1.46,-5.07,-1.60;
-1.39,-3.34,-0.21;
-1.54,-2.64,0.79;
2.72,-3.17,1.59;
5.66,-5.26,2.08;
6.12,-7.66,1.60;
5.82,-7.26,1.11;
5.22,-5.45,-0.34;
1.36,-3.10,-1.89;
0.17,-0.87,-1.53;
1.46,-0.01,0.84;
2.64,-1.42,2.09;
4.70,-2.33,2.17;
6.26,-4.24,1.53;
6.24,-5.37,0.82;
5.39,-4.62,-0.15;
3.85,-3.22,-0.35;
2.17,-1.32,-1.05;
1.39,-0.36,-0.47;
2.18,-0.10,0.70;
4.17,-1.00,1.79;
6.03,-2.27,1.50;
6.98,-2.76,0.52;
7.13,-3.74,0.01;
6.69,-3.49,-0.32;
5.86,-2.70,0.18;
5.68,-1.98,0.35;
5.01,-0.59,0.59;
4.08,0.46,1.28;
3.59,0.22,1.51;
4.43,-0.91,0.99;
4.84,-1.48,0.59;
4.09,-2.23,0.24;
1.85,-2.16,-0.66;
0.18,-1.61,-0.92;
-0.49,-1.40,-1.27;
-0.99,-1.31,-0.98;
-0.52,-0.79,0.15;
-0.23,-0.58,0.72;
-0.58,-0.87,0.67;
-1.56,-0.74,0.03;
-2.46,-1.20,-0.40;
-3.12,-2.20,-0.98;
-3.38,-3.13,-1.59;
-2.72,-3.32,-2.05;
-0.12,-2.07,-1.02;
2.37,-0.39,0.21;
3.50,1.38,1.08;
4.06,1.36,1.11;
3.02,0.14,0.70;
1.16,-1.80,-0.18;
0.47,-2.79,-0.50;
0.20,-2.70,-0.98;
0.03,-1.65,-1.02;
-0.09,-0.62,-0.78;
-1.51,-1.37,-0.90;
-0.70,-1.45,-1.02;
1.17,-1.26,-0.70;
3.17,-0.13,0.56;
3.79,0.69,0.90;
3.42,1.41,1.30;
2.53,1.35,1.24;
1.79,0.46,0.92;
0.59,-0.91,0.79;
-1.48,-2.20,0.09;
-2.31,-2.73,-1.07;
-1.85,-2.23,-0.73;
-1.89,-1.42,-0.60;
-1.85,-0.64,-0.12;
-1.01,0.34,0.40;
0.91,1.10,1.51;
1.07,0.83,1.85;
0.99,0.55,1.27;
1.01,0.02,0.52;
0.27,-1.00,0.34;
-1.44,-2.04,-0.38;
-2.54,-2.15,-1.28;
-2.76,-1.02,-1.56;
-2.90,-0.73,-1.37;
-2.57,-1.02,-1.08;
-0.78,-0.79,-0.28;
0.44,-0.71,0.06;
0.58,-1.08,0.18;
0.82,-0.94,0.24;
0.44,-0.64,-0.12;
-0.06,-0.87,-0.29;
-0.52,-0.84,-0.41;
-0.70,-0.36,-0.63;
-1.33,-0.33,-0.32;
-1.99,0.00,-0.34;
-2.49,0.23,-0.66;
-2.25,0.48,0.01;
-1.56,0.39,0.09;
-1.25,0.22,-0.15;
-0.99,0.26,-0.09;
-1.50,0.35,-0.21;
-2.38,0.75,-0.11;
-2.11,1.03,0.37;
-2.46,0.34,0.69;
-2.83,0.02,0.04;
-2.99,-0.21,-0.11;
-2.93,-0.26,-0.25;
-2.35,0.14,-0.00;
-1.65,-0.23,-0.26;
-0.25,-0.50,0.03;
0.88,-0.36,-0.06;
1.69,0.40,0.44;
2.11,0.87,0.64;
1.37,0.75,0.49;
0.84,0.20,0.11;
1.17,-0.41,-0.40;
1.54,-0.41,-0.55;
1.30,-0.50,-0.31;
0.81,-0.27,0.09;
0.35,-0.15,0.12;
-0.31,0.13,0.15;
-0.76,0.25,-0.02;
-1.27,0.57,-0.26;
-0.99,0.95,-0.08;
-0.96,0.61,0.12;
-1.21,0.34,-0.17;
-1.63,0.32,-0.58;
-2.50,-0.27,-1.13;
-2.89,-0.45,-1.31;
-1.59,-0.09,-1.19;
-0.64,-0.09,-0.55;
-0.20,-0.33,-0.41;
0.43,-0.62,-0.44;
0.24,-0.70,-0.08;
0.64,-0.79,-0.26;
0.81,-0.78,-0.44;
0.33,-0.96,-0.32;
0.01,-0.91,-0.03;
0.20,-0.58,0.21;
0.93,0.06,0.58;
1.14,0.31,0.38;
1.51,0.95,0.23;
1.45,0.40,-0.31;
1.27,-0.30,-0.40;
1.27,-1.16,-1.05;
1.63,-0.91,-1.16;
2.18,-0.79,-0.66;
2.04,-0.84,-0.46;
1.46,-1.36,-0.37;
0.66,-0.97,-0.44;
0.58,-0.45,-0.55;
0.32,-0.27,-0.34;
-0.78,-0.82,-0.57;
-0.87,-0.78,-0.87;
-1.12,-0.53,-0.73;
-1.94,-0.90,-0.78;
-2.28,-0.26,-0.72;
-2.00,0.02,-0.43;
-2.03,-0.01,-0.61;
-2.38,-0.20,-0.86;
-2.26,-0.50,-1.13;
-1.86,-0.70,-0.76;
-1.22,-0.87,-0.99;
-0.86,-0.78,-1.10;
-0.69,-1.23,-1.21;
0.75,-0.70,-0.86;
1.91,-0.21,-0.47;
1.60,-0.03,-0.21;
1.89,0.32,0.24;
1.85,0.10,0.27;
0.84,-0.20,0.32;
0.35,-0.35,-0.15;
-0.09,-0.61,-0.20;
-0.60,-0.71,-0.60;
-1.01,-0.47,-0.84;
0.04,0.08,-0.34;
0.88,0.19,0.27;
0.37,-0.27,0.41;
0.03,-0.68,-0.18;
0.12,-0.39,0.20;
-0.12,-0.33,-0.08;
-0.08,-0.39,0.14;
-0.09,-0.33,-0.47;
0.20,-0.39,-0.35;
1.02,-0.62,-0.47;
1.59,-0.74,-0.34;
1.94,-1.10,-0.40;
2.30,-1.65,-0.54;
2.90,-1.74,-0.52;
3.19,-1.45,-0.61;
3.20,-1.00,-0.35;
3.07,-0.78,-0.12;
1.94,-0.65,-0.29;
1.53,-0.27,-0.11;
1.13,-0.27,0.41;
0.18,-0.52,-0.00;
-0.41,-0.84,-0.26;
-0.73,-0.64,-0.69;
-0.64,-0.36,-0.52;
-0.21,-0.23,-0.15;
0.04,0.28,-0.12;
0.24,0.08,0.04;
0.46,-0.04,0.04;
0.23,-0.12,-0.09;
0.41,-0.07,-0.08;
1.13,-0.01,-0.12;
0.90,-0.56,-0.14;
1.19,-0.50,0.06;
1.77,-0.26,-0.03;
1.56,-0.10,0.27;
0.96,0.03,-0.00;
0.98,0.37,0.41;
0.38,-0.06,0.50;
0.01,-0.35,0.29;
0.14,0.26,0.37;
0.14,0.49,0.11;
0.09,0.68,0.52;
0.46,0.68,0.49;
0.44,0.23,0.26;
-0.08,-0.06,-0.00;
0.06,-0.01,-0.26;
0.66,0.14,-0.06;
0.99,-0.01,0.08;
1.68,0.23,0.09;
1.59,0.40,0.18;
1.36,0.31,0.32;
1.14,0.49,0.26;
0.24,0.35,0.04;
0.61,0.68,0.32;
0.95,0.90,0.58;
0.90,1.22,0.69;
0.72,1.30,0.47;
-0.35,1.30,0.52;
-0.93,1.48,0.24;
-1.04,1.74,0.46;
-0.76,2.13,0.66;
-0.93,2.23,0.59;
-1.39,2.26,0.44;
-1.28,2.37,0.40;
-1.05,3.10,0.72;
-0.72,3.90,0.88;
-0.44,4.58,1.33;
-1.04,5.30,1.40;
-1.59,6.19,1.97;
-1.83,8.17,2.29;
-2.44,9.42,2.50;
-3.62,9.99,2.82;
-5.25,11.36,3.27;
-6.41,12.92,4.09;
-7.99,13.96,4.03;
-9.53,15.01,3.91;
-11.02,16.58,3.45;
-12.73,20.20,3.19;
-14.26,24.35,3.02;
-17.70,28.61,3.54;
-21.24,31.50,4.46;
-22.69,33.50,6.17;
-23.04,34.92,7.89;
-23.34,36.16,9.11;
-27.05,38.80,9.66;
-27.50,42.48,10.50;
-26.34,49.62,12.38;
-27.91,55.50,14.12;
-28.87,59.33,15.89;
-24.54,64.25,20.81;
-17.73,72.35,27.63;
-27.76,78.25,33.83;
-27.67,62.10,33.94;
-14.31,53.87,28.49;
-0.46,55.56,25.24;
16.90,65.38,25.10;
35.28,81.53,29.54;
53.95,94.69,32.82;
50.61,94.80,30.75;
14.85,94.72,21.94;
-7.71,98.28,18.56;
-15.74,98.52,21.13;
-23.57,95.55,24.79;
-31.22,92.95,24.90;
-39.09,90.10,17.91;
-55.88,87.48,11.36;
-58.93,87.39,11.46;
-62.02,87.68,14.67;
-59.27,87.88,20.46;
-55.16,89.42,22.82;
-44.38,84.63,23.59;
-32.17,83.61,24.03;
-17.48,81.12,25.08;
1.71,81.82,27.02;
14.76,75.01,28.79;
31.30,72.64,25.89;
36.35,71.44,21.74;
35.79,74.26,17.79;
29.46,75.13,14.63;
20.84,81.70,12.44;
6.64,83.22,12.32;
-6.17,81.87,14.78;
-14.93,78.58,18.58;
-16.86,79.68,20.61;
-15.88,81.24,20.35;
-9.53,82.89,19.43;
-4.96,80.52,17.21;
-0.46,79.51,16.78;
0.98,78.80,16.18;
1.65,79.38,14.66;
3.80,79.97,13.08;
1.63,80.10,11.40;
3.85,79.88,10.59;
7.94,77.85,10.99;
10.11,75.94,11.46;
9.50,75.35,12.40;
4.90,74.42,13.51;
3.53,75.38,14.69;
-1.09,73.44,14.24;
-0.38,74.40,14.95;
-1.63,72.86,14.17;
0.96,71.51,12.35;
3.92,68.87,11.10;
6.67,67.27,11.95;
4.96,66.74,12.34;
3.05,65.22,12.41;
-1.44,62.66,11.66;
-3.82,63.79,11.94;
-3.70,59.19,10.08;
-4.92,58.35,7.97;
-6.12,56.66,7.02;
-7.22,55.22,5.08;
-7.86,54.93,2.11;
-5.67,53.03,-1.60;
-0.37,51.48,-2.28;
1.66,49.10,-0.96;
-0.76,47.22,1.39;
-4.95,45.47,4.29;
-9.12,42.92,5.79;
-9.50,40.64,5.66;
-4.87,39.29,7.65;
-3.86,34.66,9.91;
-4.06,31.68,10.95;
-5.59,28.39,10.85;
-4.57,25.84,11.10;
-1.53,22.55,10.41;
0.91,19.65,9.30;
1.25,17.48,8.79;
-0.28,14.58,6.52;
-0.32,10.75,4.23;
0.98,7.09,2.59;
2.32,4.46,1.94;
0.14,1.90,1.51;
-1.86,0.66,0.69;
-4.44,-1.90,-0.73;
-3.36,-4.84,-2.32;
-2.11,-7.40,-4.34;
-0.66,-9.40,-4.86;
-1.44,-12.53,-4.70;
0.24,-15.75,-4.20;
2.40,-18.50,-4.09;
5.54,-21.77,-3.41;
7.83,-25.16,-2.67;
10.69,-27.45,-2.28;
11.60,-30.61,-1.68;
13.11,-32.74,-1.02;
14.11,-35.95,-0.73;
14.01,-38.21,-0.49;
12.47,-40.73,0.26;
8.78,-42.85,0.12;
7.42,-45.39,-0.35;
6.64,-47.48,-2.31;
8.46,-49.72,-5.30;
10.21,-52.65,-7.54;
11.14,-55.37,-8.70;
11.77,-58.00,-10.18;
8.33,-60.01,-11.18;
6.49,-61.66,-11.77;
4.03,-64.94,-12.29;
3.24,-67.11,-13.21;
2.66,-68.00,-14.09;
2.32,-70.26,-15.59;
4.64,-71.98,-16.03;
7.25,-74.62,-16.09;
8.78,-77.05,-16.75;
10.50,-78.10,-17.62;
12.21,-78.47,-17.53;
11.14,-78.62,-17.07;
12.09,-79.89,-17.47;
12.93,-80.35,-17.56;
12.66,-79.71,-16.90;
9.53,-80.45,-14.95;
8.26,-81.31,-12.92;
8.79,-82.38,-11.50;
8.38,-83.40,-10.18;
10.47,-82.74,-10.18;
11.04,-81.22,-11.77;
10.66,-80.42,-13.47;
11.91,-78.16,-14.87;
10.87,-75.48,-17.12;
12.46,-73.58,-17.57;
11.40,-72.96,-18.20;
5.88,-74.79,-18.95;
6.03,-70.81,-17.07;
3.75,-67.97,-14.52;
-3.36,-68.12,-14.21;
-6.41,-66.23,-14.08;
-5.33,-65.60,-15.30;
-0.26,-63.19,-15.74;
-4.55,-62.97,-16.35;
-13.47,-62.18,-15.60;
-14.03,-62.90,-14.44;
-7.22,-62.32,-11.15;
-6.11,-62.32,-10.26;
-6.69,-58.79,-10.58;
-12.26,-58.47,-13.07;
-16.69,-60.96,-14.99;
-22.54,-61.51,-15.76;
-18.92,-59.46,-15.82;
-16.67,-59.74,-16.46;
-19.82,-58.64,-18.08;
-22.83,-58.36,-17.34;
-14.86,-55.43,-17.48;
-5.47,-57.14,-16.95;
-1.77,-60.65,-16.63;
-5.62,-62.73,-16.44;
-3.94,-60.39,-12.02;
6.46,-54.06,-6.84;
17.02,-50.85,-4.55;
15.95,-52.06,-6.18;
12.09,-52.49,-8.83;
13.51,-55.02,-11.39;
13.22,-57.65,-12.28;
0.87,-52.78,-8.72;
-6.21,-47.42,-4.78;
-10.32,-45.69,-2.83;
-6.15,-45.14,-2.78;
4.24,-44.18,-5.31;
15.95,-47.08,-9.51;
10.04,-52.13,-12.52;
-2.21,-49.90,-11.80;
-12.47,-38.84,-8.00;
-17.73,-33.32,-7.05;
-13.97,-31.80,-8.05;
7.57,-31.46,-8.98;
23.65,-33.65,-10.11;
21.22,-36.55,-7.10;
20.09,-35.54,-3.89;
14.50,-30.53,-3.12;
-0.05,-26.84,-7.65;
-12.54,-26.47,-10.31;
-14.67,-26.96,-8.92;
-5.48,-25.60,-7.76;
-7.65,-24.58,-7.31;
-5.57,-26.21,-7.97;
-2.47,-26.61,-9.94;
1.85,-23.37,-10.89;
-1.56,-21.81,-11.34;
8.91,-23.74,-8.58;
5.19,-23.78,-7.54;
3.48,-20.33,-6.58;
6.23,-18.56,-3.15;
7.40,-16.10,-2.06;
5.53,-14.73,-2.84;
-0.17,-13.75,-4.89;
-4.64,-11.52,-4.70;
-8.08,-11.05,-4.95;
-6.61,-10.04,-5.62;
-2.46,-10.30,-7.88;
3.57,-8.62,-8.14;
5.92,-8.56,-6.69;
6.93,-10.24,-4.70;
3.80,-13.10,-4.38;
1.57,-14.90,-4.70;
3.11,-15.39,-3.44;
10.03,-16.73,-3.19;
16.66,-19.26,-3.25;
22.21,-18.96,-4.18;
29.16,-17.37,-3.76;
31.75,-14.78,-2.63;
31.86,-13.31,-1.19;
29.68,-11.94,-1.13;
25.65,-9.95,-1.44;
22.24,-9.77,-1.02;
17.74,-9.43,-1.50;
14.61,-6.79,-2.63;
11.25,-3.97,-3.15;
5.62,-4.07,-2.58;
-3.67,-6.03,-1.83;
-7.01,-5.51,-1.05;
-6.49,-3.65,-0.89;
-4.52,-1.72,-1.97;
-1.44,-0.29,-2.70;
2.18,0.84,-2.20;
4.84,2.26,-1.59;
4.56,2.05,-1.02;
3.20,-0.21,-0.03;
6.93,-1.84,0.55;
7.20,1.53,0.26;
8.30,2.93,-0.93;
5.34,2.17,-1.79;
4.29,1.22,-1.18;
3.33,1.19,-0.44;
-2.35,1.13,-0.17;
-6.34,0.90,0.35;
-8.67,1.50,0.08;
-8.93,3.61,-0.29;
-8.83,4.87,-1.25;
-9.42,4.35,-1.88;
-8.96,4.69,-1.65;
-5.21,4.19,-0.12;
-2.83,4.87,0.40;
-0.78,4.98,1.25;
2.52,4.58,1.62;
3.01,3.70,1.37;
1.68,2.81,0.93;
0.21,2.46,0.66;
-0.17,1.82,0.44;
-0.78,1.55,0.20;
-0.23,1.50,0.17;
0.20,1.38,0.52;
-0.08,1.76,0.24;
-1.65,1.93,-0.58;
-3.85,1.00,-0.55;
-3.62,0.92,-0.73;
-3.42,0.84,-0.44;
-2.80,0.03,-0.17;
-1.67,0.43,-0.75;
-0.99,-0.41,-0.66;
-1.27,-1.26,-0.75;
0.17,-1.86,-0.26;
2.81,-1.95,-0.11;
6.21,-1.81,-0.02;
8.24,-1.36,0.03;
8.18,-1.39,-0.14;
8.75,-2.23,-0.08;
8.87,-2.79,-0.37;
8.62,-4.32,0.41;
8.03,-4.78,0.81;
6.78,-4.84,0.78;
5.50,-3.31,0.73;
4.66,-3.03,0.75;
3.50,-4.04,0.84;
3.10,-5.11,1.24;
3.34,-4.91,1.34;
4.23,-4.68,0.98;
3.94,-3.68,0.53;
2.01,-1.63,-0.41;
1.16,-1.07,-0.17;
2.21,-2.93,0.06;
2.35,-3.45,0.11;
4.98,-3.17,0.90;
8.11,-3.02,1.21;
9.77,-2.88,1.08;
11.51,-2.30,1.28;
13.30,-2.59,1.88;
16.23,-4.49,2.70;
20.59,-4.61,4.37;
24.73,-3.74,4.75;
26.98,-4.84,4.93;
26.12,-5.16,4.21;
24.95,-4.85,4.09;
24.00,-4.73,4.00;
20.78,-4.94,3.46;
18.40,-4.79,2.75;
14.98,-4.47,2.70;
11.79,-3.66,2.20;
9.13,-2.99,1.54;
6.40,-2.59,0.78;
2.76,-1.98,0.09;
0.06,-1.61,0.06;
-0.70,-0.78,0.24;
-1.80,-0.18,0.76;
-0.49,0.28,1.30;
-0.55,0.05,1.91;
-0.55,0.43,1.40;
-2.46,0.80,0.79;
-1.71,-0.15,0.58;
-0.58,-0.62,0.43;
0.08,-0.79,0.43;
0.99,-0.62,0.92;
2.12,-0.85,1.07;
2.44,-1.28,1.27;
2.70,-1.43,1.50;
1.57,-1.61,1.50;
1.97,-1.11,1.63;
1.59,-0.44,1.02;
0.90,-0.41,0.24;
0.79,-0.91,0.23;
0.52,-1.61,0.26;
0.66,-1.71,0.73;
1.08,-1.34,0.81;
1.40,-0.85,0.96;
0.37,-1.08,0.66;
0.47,-0.38,0.61;
-0.38,-0.45,0.76;
-0.09,-0.59,0.73;
-0.52,-0.59,0.11;
-0.84,-1.07,0.12;
0.59,-0.39,0.52;
0.84,-0.94,0.96;
1.19,-0.56,0.53;
0.23,-0.35,0.30;
-2.15,-0.56,-0.08;
-3.01,-0.50,-0.25;
-2.43,-0.33,-0.20;
-2.55,-0.39,-0.17;
-1.82,-0.15,-0.03;
-1.80,-0.42,-0.00;
-2.08,-0.49,0.35;
-2.31,-0.27,0.29;
-2.34,-0.12,-0.11;
-2.08,0.02,-0.05;
-1.65,0.00,0.12;
-0.73,-0.24,0.17;
-0.28,-0.35,0.24;
-0.83,-0.06,0.23;
-1.97,-0.32,0.01;
-2.38,-0.44,-0.49;
-1.68,-0.36,-0.00;
-1.19,-0.10,0.03;
-0.66,0.31,0.18;
-0.41,0.11,-0.05;
-0.34,-0.65,-0.34;
-0.55,-0.85,-0.75;
-0.03,-0.53,-0.99;
0.64,-0.21,-0.67;
1.36,-0.52,-0.58;
0.85,-0.50,-0.46;
0.41,-0.36,0.15;
1.33,-0.13,0.38;
1.40,-0.32,-0.18;
1.22,-0.09,-0.31;
0.18,-0.09,-0.49;
-0.83,0.29,-0.54;
-1.54,-0.10,-0.26;
-1.12,-0.64,-0.64;
-1.77,-0.44,-0.99;
-2.14,-0.30,-1.04;
-1.86,0.35,-0.66;
-1.13,0.74,-0.21;
-1.71,0.49,-0.35;
-0.96,0.89,-0.34;
-0.87,0.60,-0.29;
-0.25,0.95,-0.32;
-0.15,0.48,-0.05;
-0.34,0.64,-0.83;
-0.49,0.35,-0.83;
0.01,0.00,-0.64;
-0.00,-0.59,-0.61;
0.20,-0.61,-0.58;
0.55,-0.06,-0.40;
0.24,-0.01,-0.41;
-0.18,0.19,-0.44;
0.50,0.23,0.03;
0.76,0.20,-0.14;
0.37,-0.15,-0.31;
0.32,-0.07,-0.37;
0.67,-0.01,-0.03;
-0.31,-0.35,-0.41;
-0.66,-0.62,-0.78;
-0.57,-0.59,-1.07;
-0.67,-0.99,-0.96;
-0.35,-0.49,-0.83;
-0.28,-0.49,-0.43;
0.38,-0.87,-0.47;
0.67,-0.96,-0.28;
-0.03,-0.50,-0.38;
-0.31,-0.71,-0.66;
-0.08,-0.70,-0.46;
0.76,-0.76,0.01;
1.01,-0.67,0.03;
0.81,-0.35,-0.26;
0.11,-0.45,-0.21;
-0.25,-0.81,-0.49;
-0.87,-0.82,-0.37;
-0.55,-0.93,-0.17;
-0.20,-0.70,-0.20;
-0.38,-1.03,-0.55;
-0.73,-0.90,-0.64;
-1.27,-0.62,-0.78;
-1.41,-0.79,-0.98;
-1.05,-1.11,-0.69;
-0.43,-0.84,-0.05;
0.76,-0.39,0.04;
1.22,-0.44,0.21;
1.56,-0.50,0.17;
0.76,-0.74,0.17;
0.87,-0.88,-0.12;
1.07,-0.47,0.14;
0.67,-0.70,0.01;
-0.23,-0.96,-0.35;
0.15,-0.76,-0.49;
0.35,-1.02,-0.21;
0.67,-0.81,-0.23;
-0.02,-0.49,-0.26;
-0.40,-0.56,-0.50;
0.37,-0.59,-0.54;
0.38,-0.47,-0.81;
0.61,-0.30,-0.50;
1.07,-0.26,-0.05;
2.08,-0.04,0.49;
1.65,-0.39,0.21;
0.73,-0.20,-0.26;
0.26,-0.36,-0.34;
0.66,-0.12,-0.12;
0.85,-0.04,-0.38;
1.39,-0.39,-0.28;
1.51,-0.47,-0.00;
0.14,-0.49,-0.47;
-0.32,-0.13,-0.32;
-0.38,-0.07,-0.18;
-0.18,0.02,-0.38;
-0.34,0.16,-0.18;
-0.14,0.32,-0.23;
0.30,0.19,-0.17;
0.93,0.90,-0.09;
-0.03,0.72,-0.43;
-0.67,0.22,-0.50;
0.09,0.13,-0.06;
-0.02,-0.16,-0.29;
0.20,-0.03,-0.44;
0.08,0.06,-0.49;
0.35,0.10,-0.08;
0.06,0.32,-0.08;
0.06,1.22,-0.41;
-0.02,1.06,-0.55;
0.46,0.55,-0.40;
1.25,0.83,-0.12;
1.53,1.55,0.12;
1.68,1.74,0.06;
0.93,1.50,-0.00;
-0.23,1.61,-0.47;
-1.24,1.77,-0.34;
-0.86,2.10,-0.28;
-1.30,2.60,-0.26;
-2.86,2.64,-0.61;
-3.51,2.90,-0.66;
-2.25,3.39,-0.55;
-2.18,2.80,-0.09;
-3.09,3.04,-0.40;
-3.36,3.18,-0.49;
-3.70,3.62,-0.84;
-3.30,4.37,-0.05;
-2.18,5.45,0.38;
-4.11,6.19,0.63;
-5.25,7.55,0.53;
-6.73,8.84,0.01;
-8.14,10.75,-0.29;
-8.83,12.20,0.27;
-9.74,13.88,0.27;
-10.57,15.06,0.61;
-10.70,17.24,1.07;
-11.97,19.04,0.50;
-14.02,20.35,0.32;
-16.08,21.58,-0.70;
-19.31,22.31,-1.02;
-20.92,23.58,-1.42;
-23.80,24.87,-1.82;
-26.03,27.88,-1.94;
-30.46,30.54,-1.30;
-34.49,32.20,-1.66;
-35.80,34.14,-0.23;
-36.18,35.84,2.96;
-37.30,38.66,5.97;
-36.17,45.47,8.56;
-35.44,47.26,11.51;
-39.68,46.49,15.80;
-26.14,49.10,21.05;
-6.29,55.71,24.47;
-0.52,62.02,23.05;
-7.89,67.93,18.64;
-12.90,73.27,16.98;
-14.29,76.64,20.11;
-10.81,75.62,22.21;
-5.19,70.86,21.25;
-10.12,63.68,18.46;
-16.87,65.22,18.69;
-14.14,71.00,21.45;
-15.27,74.60,19.13;
-24.09,73.87,14.90;
-29.44,78.29,14.06;
-30.92,78.06,12.75;
-41.86,76.78,13.56;
-40.18,77.36,14.26;
-27.59,77.64,16.73;
-21.92,78.20,18.46;
-20.72,73.65,20.56;
-17.51,70.71,22.52;
-8.72,68.69,22.35;
0.93,68.83,22.81;
3.01,68.43,22.50;
7.95,73.97,23.54;
9.16,73.21,23.13;
9.01,72.78,22.26;
10.53,70.61,20.72;
10.38,69.85,19.25;
10.56,70.75,18.84;
9.02,73.19,18.30;
2.52,74.23,18.38;
-3.18,75.68,17.75;
-1.77,77.42,19.10;
-1.74,76.72,20.03;
-5.79,77.53,20.44;
-2.46,79.09,19.74;
-2.55,79.51,18.88;
1.25,80.52,17.77;
3.80,80.17,16.49;
3.66,80.20,14.40;
2.29,80.69,12.23;
5.62,79.77,11.74;
4.70,79.65,12.98;
3.27,80.43,14.12;
-1.28,80.13,13.66;
-2.35,79.61,13.43;
-1.79,78.69,12.55;
0.27,77.15,10.85;
3.05,75.91,9.21;
6.17,74.39,8.79;
8.61,72.72,9.57;
7.39,72.75,9.46;
6.18,71.41,9.60;
5.45,68.80,8.20;
3.02,66.97,8.04;
0.56,63.68,7.05;
-2.98,64.25,5.68;
-4.06,62.32,4.43;
-3.94,60.84,4.90;
-3.60,58.92,5.57;
-2.20,55.80,6.03;
-1.31,53.29,5.22;
0.53,50.63,5.11;
1.51,47.51,5.34;
1.48,45.36,6.06;
1.50,42.49,6.76;
-1.57,40.31,7.42;
-1.04,38.71,7.94;
-1.63,37.26,8.63;
-1.45,34.77,8.69;
-2.69,32.42,7.25;
-3.16,30.78,4.76;
-2.73,27.93,1.86;
0.37,26.20,1.25;
0.67,24.06,1.97;
-0.23,22.97,2.82;
-2.83,20.46,2.43;
-4.37,18.11,2.01;
-4.86,16.03,0.70;
-4.08,13.80,-0.09;
-2.38,11.32,-0.35;
-2.00,9.64,-1.10;
-1.99,7.03,-2.23;
-0.21,5.15,-1.77;
-0.47,3.59,-1.83;
0.81,1.64,-0.96;
0.93,-0.58,-0.70;
0.24,-2.70,0.44;
-0.35,-3.66,0.78;
-0.18,-4.01,0.43;
-0.17,-5.42,-0.44;
-0.21,-6.23,-1.07;
1.53,-8.03,-1.10;
1.30,-10.04,-1.27;
1.46,-11.10,-1.22;
0.04,-12.50,-1.36;
1.68,-13.37,-1.37;
3.42,-14.21,-1.86;
7.20,-16.36,-3.07;
8.70,-18.09,-4.73;
7.88,-19.29,-6.28;
7.24,-20.21,-6.70;
7.24,-21.00,-5.99;
6.17,-22.47,-6.52;
4.87,-23.65,-6.93;
2.95,-25.71,-7.60;
3.65,-27.25,-6.63;
5.92,-29.48,-5.92;
6.29,-32.03,-6.58;
8.41,-35.26,-5.80;
8.14,-38.04,-4.61;
8.44,-39.90,-4.41;
10.41,-41.28,-4.84;
10.93,-43.69,-5.88;
10.84,-46.01,-6.81;
10.82,-47.89,-7.85;
10.12,-49.28,-8.41;
9.01,-50.94,-8.69;
9.17,-53.87,-8.46;
6.59,-55.74,-9.62;
5.08,-56.94,-10.35;
5.08,-57.60,-10.46;
3.53,-58.96,-11.24;
3.68,-60.23,-12.34;
2.79,-60.91,-13.57;
2.59,-62.27,-14.54;
2.59,-63.32,-15.47;
4.40,-64.73,-14.90;
6.03,-66.70,-13.77;
5.85,-67.75,-12.50;
7.74,-68.62,-11.18;
9.27,-69.17,-10.58;
11.08,-69.02,-10.49;
10.66,-69.36,-9.70;
11.69,-70.74,-9.30;
16.49,-69.60,-8.43;
16.24,-69.40,-7.82;
15.20,-70.38,-7.82;
12.78,-72.27,-9.18;
11.19,-73.26,-10.06;
9.98,-72.56,-9.41;
9.40,-71.78,-9.15;
7.71,-71.20,-8.41;
5.85,-71.40,-9.22;
4.84,-70.88,-9.97;
5.48,-70.06,-10.49;
4.95,-68.93,-11.15;
2.98,-65.49,-11.82;
1.59,-62.56,-12.63;
2.55,-62.27,-13.94;
-3.33,-67.00,-14.81;
-6.37,-68.44,-13.33;
-3.44,-65.57,-11.92;
-0.25,-62.78,-10.95;
-6.46,-61.87,-11.36;
-14.96,-61.81,-12.61;
-13.45,-61.57,-13.47;
-9.44,-61.94,-13.91;
-12.40,-64.33,-14.40;
-17.41,-66.04,-15.04;
-14.21,-64.21,-15.70;
-9.74,-62.33,-15.62;
-14.64,-62.68,-16.08;
-13.77,-64.10,-14.35;
-3.44,-65.03,-13.60;
8.49,-63.26,-14.23;
12.29,-63.10,-15.51;
9.40,-63.07,-15.82;
7.14,-58.73,-13.27;
11.05,-56.73,-8.70;
19.71,-58.30,-5.27;
26.38,-58.12,-5.04;
24.17,-55.72,-6.46;
17.71,-56.67,-10.83;
-0.99,-56.00,-13.37;
-12.78,-51.26,-12.03;
-6.86,-48.21,-7.19;
3.19,-47.22,-4.12;
4.95,-47.75,-5.44;
2.62,-49.43,-7.74;
3.24,-50.27,-8.55;
-5.63,-45.89,-9.50;
-17.04,-39.83,-11.47;
-16.44,-37.28,-11.41;
-15.13,-36.81,-10.37;
-14.78,-37.25,-9.89;
-15.97,-35.84,-9.42;
-19.54,-34.33,-7.71;
-22.06,-33.23,-6.46;
-18.63,-33.26,-6.58;
-18.70,-32.50,-7.33;
-21.74,-32.36,-9.53;
-19.22,-30.33,-9.63;
-14.09,-28.50,-7.97;
-9.25,-25.98,-6.66;
-7.02,-23.05,-5.76;
-7.71,-22.58,-7.13;
-10.25,-23.78,-9.22;
-5.15,-24.45,-9.50;
7.82,-23.75,-9.47;
14.44,-23.43,-7.73;
13.24,-24.04,-4.64;
3.91,-25.72,-5.88;
0.84,-26.09,-7.85;
1.54,-25.11,-10.44;
-1.02,-26.62,-11.57;
0.75,-27.32,-10.44;
8.99,-25.57,-9.56;
14.91,-22.49,-9.05;
16.04,-23.75,-8.69;
9.68,-22.35,-8.73;
7.98,-19.45,-9.54;
9.72,-18.82,-8.89;
11.25,-19.46,-8.69;
8.93,-17.16,-7.73;
15.34,-13.29,-4.11;
22.69,-9.68,0.40;
22.06,-9.74,1.69;
16.49,-11.14,1.16;
12.91,-11.63,-0.89;
11.31,-10.70,-2.12;
17.63,-10.12,-2.54;
22.87,-10.09,-2.44;
23.36,-9.94,-2.35;
17.74,-12.16,-2.58;
13.31,-13.07,-0.83;
20.35,-8.26,3.24;
21.05,-8.03,2.78;
21.10,-10.18,1.50;
20.66,-12.42,-0.70;
20.81,-10.93,-2.47;
18.04,-10.44,-4.14;
17.22,-10.00,-3.91;
14.43,-9.87,-3.07;
14.88,-11.22,-1.25;
15.46,-10.99,0.17;
11.60,-9.28,-0.54;
9.68,-6.67,-0.87;
9.56,-2.47,-0.69;
9.11,-0.62,0.55;
10.35,0.25,2.69;
9.27,-0.01,4.85;
7.04,-0.52,4.72;
4.30,2.37,3.51;
-0.76,4.35,2.12;
-5.07,2.61,0.99;
-5.79,0.83,-0.38;
-4.83,1.26,-0.67;
-3.85,2.10,-0.23;
-4.09,2.22,-0.78;
-3.94,2.10,-0.96;
-2.41,1.96,-0.08;
-1.15,1.21,1.14;
-0.08,0.16,1.77;
3.92,-0.59,1.91;
5.45,0.39,2.15;
5.16,1.13,1.77;
5.98,1.64,1.27;
4.15,1.15,0.59;
1.31,-0.81,0.32;
0.58,0.28,0.63;
-1.15,1.93,1.21;
-2.21,2.87,1.48;
-2.05,1.93,0.87;
-3.18,1.09,0.46;
-3.97,1.58,0.99;
-4.70,0.26,1.86;
-2.12,-1.08,1.60;
0.24,-0.52,0.15;
1.79,1.74,0.23;
3.30,2.31,0.43;
3.34,2.19,0.72;
3.07,0.72,0.66;
2.78,0.81,1.10;
2.35,1.59,2.23;
1.97,0.78,1.74;
1.04,1.10,0.09;
0.50,1.67,0.18;
1.74,1.76,1.02;
1.53,1.09,0.67;
1.60,0.31,0.34;
2.66,0.64,-0.23;
3.34,2.35,0.40;
3.10,1.39,1.42;
3.50,0.52,1.66;
3.22,1.09,0.67;
0.67,1.16,0.56;
-0.41,1.22,0.69;
-0.26,1.73,1.27;
2.09,0.31,1.34;
4.27,1.84,0.88;
3.36,1.45,0.46;
3.74,2.22,0.18;
4.66,0.95,0.73;
3.88,0.03,1.16;
4.44,1.67,0.69;
4.49,2.43,0.73;
5.31,1.39,0.72;
6.46,1.36,0.11;
6.50,1.91,0.82;
7.50,2.69,1.40;
5.92,2.45,1.27;
5.22,2.72,0.59;
5.69,2.87,1.04;
5.17,2.13,1.21;
4.43,2.11,0.21;
3.59,1.96,0.11;
3.74,1.82,0.35;
4.00,1.12,0.21;
2.61,0.17,-0.50;
1.25,0.35,-0.98;
0.38,1.61,-0.46;
0.14,1.85,-0.57;
0.15,1.41,-0.76;
-0.50,1.39,-1.01;
-1.70,1.93,-1.21;
-0.84,2.00,-0.83;
1.13,1.65,-0.40;
1.80,0.87,-0.58;
1.71,0.83,-0.11;
1.77,1.84,-0.08;
0.61,1.67,0.11;
-0.70,0.81,-0.00;
-1.30,1.26,-0.47;
-1.15,1.24,-0.18;
-1.13,1.01,0.08;
-0.14,1.13,0.78;
-0.18,1.39,0.15;
-0.93,0.84,-0.18;
-1.12,1.26,0.15;
-0.28,1.58,0.64;
-0.73,1.00,0.26;
-2.40,0.40,-0.38;
-2.92,0.26,-0.86;
-3.16,-0.07,-1.02;
-1.96,0.45,-0.17;
-0.09,-0.38,0.26;
0.11,-1.22,-0.14;
-0.72,-1.45,-0.29;
-1.09,-0.84,-0.17;
0.29,-0.52,-0.18;
1.59,-0.84,-0.15;
3.91,-1.48,0.17;
5.80,-0.81,0.63;
6.78,0.05,0.95;
5.02,-0.70,1.17;
2.11,-1.02,0.53;
-0.38,-0.67,0.30;
-1.60,-0.33,0.50;
-2.87,-0.96,-0.12;
-4.69,-1.11,-0.40;
-4.50,0.22,0.01;
-2.80,-0.24,-0.09;
-2.58,-0.21,-0.31;
-2.00,0.66,-0.58;
-1.68,0.89,-0.06;
0.23,0.48,0.93;
0.98,-0.50,1.01;
1.86,-0.78,0.93;
1.39,-0.74,0.35;
0.20,-0.18,-0.20;
-0.70,-0.35,0.17;
0.58,-0.44,0.43;
-0.25,-0.79,0.44;
-0.41,-0.24,0.55;
-1.47,0.34,0.37;
-4.72,0.55,-0.70;
-4.66,0.14,-1.41;
-4.52,-0.94,-0.66;
-2.67,-0.84,0.69;
-1.80,-0.59,0.84;
-0.15,-0.53,0.75;
0.96,0.26,0.59;
0.81,0.60,0.49;
0.32,-0.06,-0.03;
0.93,-0.79,0.50;
2.55,-0.71,0.73;
1.53,-0.35,0.75;
1.63,-0.42,0.75;
1.48,-0.85,1.01;
1.10,-0.26,0.58;
0.29,0.64,0.56;
-1.16,0.68,0.32;
-0.63,0.58,0.26;
-0.14,-0.52,0.46;
-0.38,-0.78,0.34;
0.69,-0.13,0.50;
1.65,0.31,1.07;
1.51,0.71,0.84;
-0.00,0.42,0.72;
0.12,0.39,0.47;
0.40,-0.65,0.21;
0.96,-0.71,0.17;
2.14,-0.50,0.08;
2.41,-0.30,-0.35;
1.75,-0.61,-0.52;
1.45,-1.10,-0.47;
0.93,-1.16,-0.09;
3.25,0.08,0.70;
2.58,0.25,0.15;
2.01,-0.38,-0.29;
0.98,-0.55,-0.18;
-0.55,-0.49,-0.02;
-0.70,-0.65,-0.05;
-1.59,-0.82,-0.31;
-2.66,-0.58,-0.84;
-2.66,0.35,-0.11;
-1.19,0.43,0.04;
-2.15,0.17,-0.79;
-1.28,-0.36,-0.38;
-0.52,-1.05,0.23;
-0.08,-1.39,0.15;
0.72,-1.39,0.47;
1.63,-0.78,0.34;
0.59,-0.21,-0.35;
-1.25,-0.42,-1.02;
-0.76,-0.58,-0.58;
0.37,-1.43,-0.55;
2.14,-1.10,0.04;
1.95,-0.93,0.12;
-0.09,-0.82,-0.46;
-1.94,-1.14,-0.06;
-2.67,-1.16,0.12;
-2.89,-0.91,-0.31;
-3.39,-0.71,-0.83;
-2.52,-0.42,-0.47;
0.61,-0.16,0.40;
0.11,-0.81,0.52;
0.46,-0.90,0.23;
0.69,-1.19,-0.32;
-0.05,-1.72,-0.84;
0.08,-0.91,-1.02;
0.15,-1.23,-0.86;
0.46,-1.77,0.30;
0.66,-1.51,-0.15;
-2.11,-1.07,-1.05;
-2.95,-0.68,-1.27;
-2.55,-0.52,-1.07;
-1.34,-1.29,-0.79;
-0.41,-1.89,-0.75;
-0.05,-1.90,-0.18;
1.60,-1.02,0.18;
0.98,-1.07,-0.03;
2.33,-0.91,-0.44;
1.71,-0.96,-0.66;
0.46,-1.37,-1.18;
0.21,-2.10,-1.19;
1.31,-1.97,-0.76;
0.70,-1.52,-0.70;
1.04,-0.97,-0.96;
1.04,-1.25,-0.96;
-0.31,-1.05,-0.93;
0.01,-0.91,-0.55;
0.50,-1.07,-0.86;
1.48,-0.88,-0.76;
2.38,-1.48,-0.28;
2.93,-0.82,-0.37;
2.49,-0.10,-0.54;
2.46,-0.59,-0.73;
2.55,-0.58,-0.79;
3.31,-0.26,-0.18;
3.82,-0.50,0.06;
3.72,-1.22,0.08;
2.55,-1.22,-0.28;
0.24,-1.17,-1.31;
-0.98,-0.68,-1.92;
-0.64,-0.65,-1.70;
0.53,-1.05,-1.05;
1.88,-0.70,-0.37;
2.69,-0.38,-0.25;
2.73,-0.20,-0.28;
1.75,-0.64,-0.28;
1.11,-0.67,-0.52;
1.65,-0.38,-0.58;
2.00,-0.47,-0.47;
1.83,-0.10,-0.55;
0.93,0.13,-0.44;
-0.12,0.10,-0.17;
-0.38,0.28,-0.14;
-1.10,0.32,-0.40;
-1.77,-0.07,-0.96;
-2.02,-0.62,-1.47;
-1.97,-0.26,-1.22;
-0.49,0.69,-0.60;
-0.99,-0.23,-0.58;
-0.76,-0.59,-0.98;
-0.87,-0.32,-0.86;
0.81,0.08,-0.00;
1.66,-0.38,-0.06;
1.63,-0.50,-0.06;
1.79,-0.73,0.06;
2.46,-0.15,0.69;
2.55,-0.03,0.47;
2.03,-0.06,0.27;
1.05,0.03,-0.32;
-0.44,-0.26,-0.32;
-1.67,-0.67,-0.57;
-1.51,-1.34,-0.73;
-1.77,-1.02,-0.55;
-0.66,-0.47,0.17;
0.06,-0.82,0.37;
0.82,-0.55,0.11;
1.51,-0.21,0.66;
1.34,-0.24,0.35;
-0.34,-0.74,0.08;
-0.05,-0.44,-0.37;
-1.09,-0.53,-0.06;
0.43,-0.64,0.29;
0.32,-0.70,0.43;
-0.87,-0.58,-0.14;
-0.98,-0.26,0.04;
0.12,-0.07,0.73;
1.08,-0.32,0.99;
0.62,-0.71,0.12;
0.30,-0.58,0.34;
0.99,-0.52,0.44;
-0.06,-0.53,0.58;
0.62,-1.22,0.61;
0.72,-1.00,0.50;
0.43,-0.27,0.15;
-0.76,0.46,-0.03;
-1.77,0.13,-0.08;
-1.24,-0.67,-0.31;
-1.13,-1.22,0.29;
-0.05,-0.73,0.58;
0.64,-0.01,0.78;
1.02,0.08,0.35;
1.02,-0.07,0.41;
1.74,-0.15,0.78;
1.43,-0.81,0.73;
1.71,-1.16,0.75;
2.23,-0.56,1.10;
2.58,-0.42,0.88;
1.74,-0.01,0.34;
2.06,0.20,0.52;
1.51,-0.59,0.17;
0.20,-0.61,0.01;
-0.00,0.08,-0.47;
-0.40,-0.52,-0.17;
-1.41,-1.05,-0.87;
-2.11,-0.36,-0.63;
-1.88,-0.62,-0.40;
-0.69,-0.41,0.08;
0.55,0.31,0.08;
0.98,0.55,0.03;
2.00,0.29,0.14;
1.66,-0.97,0.08;
1.85,-0.74,-0.23;
1.08,-0.65,-0.31;
1.22,-0.26,-0.11;
1.30,0.20,0.15;
-0.05,0.19,0.47;
-0.02,0.28,0.49;
-1.15,0.35,0.01;
-0.54,0.63,-0.64;
-0.46,0.03,-0.84;
-0.99,-0.55,-0.52;
-0.87,-0.38,-0.06;
-0.83,-0.59,0.38;
-0.17,-0.21,0.29;
-0.09,0.46,-0.34;
-0.26,0.90,-0.60;
0.09,1.03,-0.67;
1.66,0.00,-0.32;
1.50,-0.76,-0.38;
0.32,-1.10,-0.14;
0.98,-0.12,0.03;
0.41,0.20,-0.00;
0.47,0.14,-0.26;
-0.93,-0.04,-0.79;
-1.07,-0.81,-0.72;
-0.12,-1.10,-0.69;
0.01,-0.55,-0.64;
-0.44,-0.24,-0.72;
-0.14,-0.67,-0.18;
0.52,-0.59,0.17;
0.38,-0.15,0.08;
-0.21,0.11,-0.37;
-0.63,-0.24,-0.64;
-1.34,-0.07,-0.98;
-0.05,-0.07,-0.40;
0.01,-1.25,0.34;
-0.31,-0.71,0.09;
-0.40,-0.23,-0.23;
-0.43,0.25,-0.06;
0.38,0.37,-0.03;
1.31,0.40,0.90;
1.79,-0.35,0.88;
1.34,-0.59,0.41;
0.06,-0.91,-0.25;
-1.86,-0.45,-0.92;
-2.37,0.14,-0.84;
-2.64,-0.38,-0.26;
-2.72,-0.84,-0.06;
-2.46,-0.03,-0.25;
-1.28,0.16,0.04;
0.20,0.02,-0.21;
1.13,0.32,-0.20;
0.26,-0.13,-0.03;
0.64,-0.18,0.23;
0.46,-0.30,0.26;
0.12,-0.29,0.40;
0.90,-0.26,0.27;
1.22,-0.35,-0.05;
0.35,-0.55,-0.43;
-0.26,-0.88,-0.38;
-0.17,-0.50,0.06;
-0.49,0.37,0.12;
-0.64,0.39,0.14;
-0.54,0.66,0.01;
-1.21,0.42,0.08;
-0.67,0.40,0.18;
-0.55,-0.12,0.23;
-0.28,-0.15,0.14;
-0.38,0.39,0.01;
-0.14,0.57,0.26;
0.46,0.16,-0.06;
0.37,0.08,-0.14;
1.08,0.02,0.14;
0.88,-0.16,-0.76;
0.14,-0.18,-0.60;
0.90,0.00,0.11;
0.84,0.31,0.26;
0.70,0.68,0.38;
0.59,0.93,0.21;
-0.05,0.92,-0.28;
-0.52,0.45,-0.75;
1.04,0.58,-0.34;
0.53,-0.38,0.18;
0.43,-0.23,-0.02;
0.46,-0.16,-0.29;
-0.20,0.58,-0.15;
0.33,1.04,0.09;
0.50,0.77,0.29;
0.21,0.55,0.04;
-0.05,-0.09,-0.23;
0.95,-0.74,0.12;
1.66,-0.18,0.53;
1.59,0.34,0.21;
0.98,0.49,0.11;
0.87,0.68,-0.05;
0.91,0.16,0.17;
1.89,0.00,0.44;
1.40,0.06,0.01;
0.04,-0.24,-0.43;
-0.49,-0.26,-0.35;
0.03,0.02,-0.28;
0.47,-0.06,0.35;
0.81,0.10,0.26;
0.29,0.23,-0.11;
-0.38,0.43,-0.73;
-0.55,0.16,-0.28;
0.72,-0.41,-0.00;
0.79,-0.32,0.44;
2.23,0.02,0.92;
2.14,0.11,0.93;
2.27,-0.09,0.32;
1.36,0.26,-0.02;
1.37,0.60,0.24;
1.43,-0.13,0.52;
1.14,-0.74,0.20;
1.08,-0.35,0.04;
0.67,0.23,0.40;
-1.05,0.71,0.04;
-2.29,0.49,-0.21;
-2.06,0.06,0.06;
-1.67,-0.10,0.27;
-1.71,0.17,0.08;
-1.18,0.86,-0.03;
-0.89,0.60,0.09;
-0.28,-0.18,0.30;
-0.26,-0.61,0.50;
0.56,-0.44,0.52;
0.32,-0.58,0.43;
1.36,-0.45,0.40;
2.20,-0.01,0.69;
1.34,-0.09,0.01;
0.35,-0.32,-0.15;
-0.63,-0.47,0.08;
-0.61,-0.52,0.53;
0.08,-0.38,0.46;
0.20,-0.27,0.09;
-0.49,-0.50,-0.02;
0.17,-0.24,0.24;
-0.17,-0.21,0.35;
-0.26,-0.06,0.29;
0.23,-0.12,0.06;
-0.54,-0.24,0.01;
0.49,-0.47,0.12;
0.91,-0.65,0.23;
0.61,-0.71,0.09;
0.20,-0.68,0.35;
1.08,-0.49,0.18;
0.56,-0.13,-0.08;
0.62,-0.03,0.27;
0.58,-0.93,0.15;
-0.08,-1.26,-0.20;
-0.14,-1.26,-0.47;
0.58,-0.73,-0.14;
0.44,-0.33,0.30;
2.21,0.13,0.70;
2.23,-0.44,0.82;
1.85,-0.47,0.44;
1.27,-1.19,0.20;
0.98,-2.33,-0.73;
-0.02,-4.23,-2.05;
-1.42,-7.19,-4.18;
-3.86,-12.23,-7.27;
-7.89,-17.20,-10.87;
-13.73,-22.49,-15.34;
-18.08,-26.29,-18.57;
-20.86,-27.77,-19.86;
-22.11,-27.86,-19.68;
-20.21,-23.72,-18.03;
-17.48,-21.40,-15.86;
-10.76,-15.03,-10.87;
-3.24,-11.86,-6.50;
1.88,-8.93,-5.07;
2.78,-9.23,-2.17;
4.85,-9.22,-0.02;
7.51,-8.94,-0.28;
8.00,-7.86,-0.50;
7.94,-6.56,-1.15;
9.80,-4.24,-1.04;
11.34,-3.42,-0.93;
13.39,-3.11,-0.26;
15.45,-3.40,0.75;
15.53,-3.13,1.01;
14.67,-2.99,1.07;
12.26,-3.77,1.13;
9.42,-4.00,0.82;
6.75,-4.09,0.59;
3.60,-3.98,0.21;
1.50,-4.04,-0.37;
0.17,-3.65,-0.11;
0.03,-3.17,-0.09;
0.55,-2.90,0.04;
0.84,-2.70,0.17;
1.27,-2.62,0.15;
2.21,-2.47,0.30;
3.27,-2.13,0.61;
3.91,-2.00,0.52;
4.23,-1.60,0.76;
4.52,-0.91,0.61;
4.32,-0.33,0.76;
3.43,-0.35,0.23;
3.04,-0.39,0.04;
3.02,-0.55,-0.38;
2.85,-0.67,0.14;
2.24,-0.59,-0.18;
1.39,-0.52,0.24;
0.79,-0.33,0.44;
0.17,-0.52,0.23;
-0.43,-0.73,0.52;
-1.42,-0.84,0.26;
-2.09,-0.87,0.12;
-2.17,-0.52,-0.02;
-1.73,-0.09,-0.14;
-1.51,-0.01,0.15;
-1.04,-0.10,0.29;
-0.41,0.06,-0.17;
0.17,-0.23,-0.08;
0.99,-0.13,-0.05;
1.48,-0.27,0.46;
1.51,-0.12,0.32;
2.15,-0.26,0.53;
1.89,-0.16,0.46;
1.42,-0.45,0.32;
1.13,-0.81,0.17;
0.76,-0.87,-0.20;
0.67,-0.90,0.03;
0.61,-0.68,-0.18;
0.50,-0.65,-0.03;
0.32,-0.49,0.06;
0.24,-0.61,0.29;
0.18,-0.61,0.09;
0.69,-0.39,0.40;
1.08,-0.16,0.29;
1.45,-0.07,0.34;
1.37,0.03,0.11;
1.40,-0.07,0.15;
1.51,-0.29,0.55;
1.37,-0.39,0.20;
1.13,-0.29,0.41;
0.87,-0.12,0.35;
0.67,0.03,0.11;
0.41,-0.27,-0.02;
-0.06,-0.62,-0.14;
-0.05,-0.74,0.17;
0.14,-0.71,-0.00;
0.04,-0.38,0.23;
0.26,-0.03,0.11;
0.03,0.32,-0.12;
0.11,0.28,0.08;
0.41,-0.04,0.03;
0.62,-0.29,0.04;
0.88,-0.33,-0.00;
0.85,-0.39,0.26;
0.81,-0.15,0.12;
0.55,-0.07,0.29;
0.59,0.00,-0.08;
0.59,-0.10,0.09;
0.46,-0.07,-0.00;
0.72,-0.23,0.01;
0.75,0.14,0.12;
0.78,0.28,0.04;
0.40,0.29,-0.00;
-0.23,-0.04,-0.06;
-0.63,-0.35,-0.05;
-0.90,-0.01,-0.08;
-0.61,0.10,-0.06;
-0.18,0.22,-0.02;
0.30,0.32,0.14;
0.59,0.23,0.32;
0.01,0.16,0.12;
-0.61,-0.20,-0.03;
-0.52,-0.39,-0.38;
-0.47,-0.33,-0.54;
-0.15,-0.18,-0.29;
-0.14,-0.16,-0.43;
0.27,-0.06,-0.09;
0.33,-0.09,-0.37;
0.37,-0.27,-0.21;
0.04,-0.13,-0.25;
-0.25,-0.20,-0.21;
-0.54,-0.15,-0.38;
-0.54,-0.13,-0.08;
-0.54,0.10,-0.06;
-0.23,0.11,-0.03;
-0.40,-0.09,-0.20;
-0.35,0.11,-0.00;
-0.28,-0.20,-0.11;
-0.34,-0.42,-0.05;
-0.43,-0.27,-0.08;
-0.05,-0.38,-0.17;
0.15,-0.20,-0.12;
0.38,-0.20,-0.02;
0.49,-0.26,0.18;
