-0.18,0.18,0.03;
-0.69,-0.36,-0.14;
-0.55,-0.42,0.01;
-0.12,-0.05,0.04;
-0.06,0.09,0.33;
-0.47,0.10,0.36;
-0.85,0.27,0.39;
-0.78,0.01,0.17;
-0.38,-0.17,0.32;
-0.03,-0.31,-0.03;
0.15,-0.26,0.17;
0.32,0.04,0.24;
0.41,0.13,0.39;
-0.01,-0.00,0.13;
-0.15,-0.43,-0.14;
-0.23,-0.86,-0.48;
-0.24,-0.69,-0.52;
-0.21,-0.58,-0.64;
0.12,-0.42,-0.67;
0.83,0.04,-0.16;
1.18,0.15,-0.09;
0.25,0.33,0.10;
-0.69,0.44,0.17;
-0.93,0.41,-0.12;
-1.34,0.58,-0.14;
-1.69,0.26,-0.35;
-1.71,0.07,-0.43;
-1.68,0.13,-0.66;
-1.33,0.09,-0.48;
-0.66,0.41,0.01;
0.67,0.18,0.10;
0.76,0.16,0.32;
0.69,0.70,0.56;
1.08,0.62,0.67;
0.63,0.26,0.24;
-0.44,0.24,-0.19;
-0.50,0.21,-0.41;
-0.32,0.39,-0.28;
-0.15,-0.00,-0.26;
0.26,0.19,0.01;
0.26,0.23,0.30;
-0.27,0.07,-0.03;
-0.27,0.18,0.09;
0.46,0.65,0.01;
1.33,0.85,0.01;
1.33,0.84,0.23;
0.69,0.59,0.10;
0.41,0.19,0.20;
0.60,-0.03,-0.16;
0.57,0.04,-0.31;
0.83,0.06,-0.12;
1.04,0.12,-0.03;
1.42,0.41,0.03;
1.50,0.62,0.07;
1.08,0.36,-0.05;
-0.08,0.03,-0.20;
-0.18,-0.19,-0.23;
-0.63,-0.11,-0.61;
-0.73,-0.08,-0.38;
-0.05,0.21,-0.02;
0.31,0.12,-0.02;
0.75,-0.28,-0.25;
0.49,-0.43,-0.41;
0.79,-0.43,0.01;
0.49,-0.34,-0.26;
-0.11,-0.40,-0.37;
-0.11,0.06,-0.32;
0.52,0.27,-0.48;
1.30,0.03,-0.25;
1.13,-0.25,-0.05;
0.84,-0.86,-0.31;
0.09,-1.24,-0.51;
-0.75,-1.06,-0.98;
-0.87,-0.66,-0.67;
0.08,-0.20,-0.45;
1.01,-0.13,-0.43;
1.34,-0.17,-0.11;
1.24,-0.40,-0.26;
0.89,-0.57,-0.38;
0.69,-0.74,-0.49;
0.57,-0.55,-0.26;
0.52,-1.13,-0.26;
-0.08,-0.75,-0.75;
-0.08,-0.77,-0.60;
0.20,-0.63,-0.92;
0.52,-0.63,-0.81;
0.58,-0.16,-0.43;
1.59,-0.17,-0.11;
1.95,-0.43,-0.19;
1.34,-0.28,0.10;
0.54,-0.25,-0.31;
0.37,-0.52,-0.69;
0.15,-0.29,-0.70;
0.72,-0.31,-0.49;
0.90,-0.49,-0.40;
0.83,-0.94,-0.78;
0.79,-0.58,-0.67;
1.28,-0.26,-0.51;
1.04,-0.05,-0.57;
0.86,-0.20,-0.57;
0.78,-0.29,-0.61;
0.90,-0.51,-0.66;
0.50,-0.45,-0.43;
0.18,-0.13,-0.49;
0.09,0.16,-0.58;
1.02,0.47,-0.16;
1.80,0.13,-0.00;
2.20,0.16,0.09;
2.40,-0.37,0.21;
1.10,-0.57,-0.19;
0.29,-0.42,-0.45;
0.47,-0.40,-0.72;
0.99,-0.57,-0.78;
0.92,-0.36,-0.64;
0.63,-0.66,-0.66;
0.17,-0.77,-0.69;
-0.11,-0.83,-0.51;
-0.05,-0.63,-0.22;
-0.27,-0.29,-0.29;
-0.63,0.01,-0.23;
-0.84,0.16,-0.23;
-0.96,0.32,-0.28;
-0.67,0.21,-0.45;
-0.34,0.19,-0.28;
-0.14,0.15,-0.25;
-0.63,0.16,-0.19;
-0.72,-0.14,-0.40;
-0.78,-0.19,-0.41;
-0.66,0.13,-0.41;
-0.55,0.33,-0.48;
-0.08,0.82,-0.45;
0.31,1.32,-0.22;
0.25,2.24,-0.02;
-0.15,3.22,0.53;
-0.85,4.47,1.16;
-1.33,5.51,1.69;
-1.91,6.15,2.64;
-2.66,6.58,3.42;
-3.51,6.65,3.75;
-5.34,7.16,3.92;
-7.39,8.04,4.06;
-7.57,11.72,3.88;
-7.68,18.26,4.35;
-8.27,24.24,5.49;
-7.92,27.98,6.64;
-7.05,34.74,6.52;
-8.26,39.80,3.65;
-9.30,43.68,2.03;
-10.09,45.34,2.12;
-14.50,44.73,1.74;
-24.38,43.42,1.68;
-39.34,40.29,3.37;
-37.57,39.14,7.75;
-25.43,35.39,12.39;
-15.71,32.77,12.96;
-15.43,30.94,8.67;
-21.54,35.46,7.13;
-20.52,37.08,9.02;
-15.37,38.41,10.55;
-15.71,39.23,11.31;
-16.55,37.93,13.37;
-11.33,36.21,15.89;
-10.72,35.52,16.61;
-15.11,34.62,15.94;
-21.13,32.36,15.31;
-25.53,29.48,15.95;
-21.30,31.16,16.88;
-15.25,34.06,16.73;
-8.50,37.83,16.36;
-5.54,40.41,17.26;
-4.29,40.36,18.00;
-1.72,39.64,18.29;
1.77,39.17,17.28;
6.34,39.52,16.96;
5.86,39.06,16.71;
3.04,37.75,16.61;
6.03,36.03,16.01;
11.28,36.65,15.46;
12.46,40.36,13.97;
10.86,42.45,13.48;
6.89,40.82,12.88;
3.71,39.83,12.94;
-3.19,40.27,10.01;
-7.65,41.74,9.30;
-7.66,42.35,10.79;
-3.60,42.45,11.77;
-4.34,44.24,11.20;
-7.24,44.96,12.06;
-7.68,42.39,14.17;
-5.45,41.63,12.18;
-9.97,41.72,8.23;
-20.96,44.55,6.07;
-16.67,47.86,8.56;
-3.51,49.81,10.01;
-7.85,47.71,7.81;
-14.85,48.59,4.82;
-10.84,47.60,4.10;
-9.68,45.75,6.06;
-11.07,43.00,7.49;
-6.44,43.95,10.04;
-2.53,42.76,11.14;
1.15,39.95,11.91;
6.60,40.84,11.42;
5.91,42.56,12.17;
7.39,42.23,12.97;
7.12,44.50,14.35;
6.75,44.52,14.85;
10.47,43.28,15.49;
10.83,42.06,15.80;
8.92,40.36,15.40;
7.28,39.08,14.01;
2.89,39.90,12.41;
1.95,42.19,11.42;
0.05,41.78,11.07;
0.11,41.06,10.78;
3.37,41.25,10.24;
2.90,42.41,9.68;
2.15,43.11,7.94;
1.97,41.90,6.42;
0.38,42.36,5.13;
-3.31,43.49,4.18;
-4.66,45.61,4.58;
-4.84,44.88,4.94;
-6.37,43.34,4.79;
-7.85,42.55,3.52;
-4.76,43.71,4.23;
-2.32,44.18,5.31;
-3.72,44.64,4.62;
-2.29,44.99,4.09;
-0.81,45.17,5.11;
0.72,45.00,5.66;
3.30,43.42,5.66;
5.31,43.40,5.54;
7.63,43.75,5.78;
4.79,45.05,5.74;
3.80,47.22,6.68;
1.05,47.26,7.19;
-3.69,45.49,6.41;
-3.01,44.32,5.77;
-2.49,44.36,5.75;
-1.24,44.56,5.97;
0.69,44.58,6.53;
-0.38,44.09,6.41;
-0.15,43.89,6.88;
0.34,45.55,7.72;
1.85,46.53,7.00;
2.06,47.29,6.03;
3.80,47.58,5.51;
3.76,45.26,5.71;
4.26,44.13,5.26;
4.23,43.08,4.36;
4.57,44.42,4.13;
4.34,44.65,4.46;
2.50,44.71,4.76;
1.71,44.62,5.78;
0.43,45.06,5.42;
0.44,45.19,5.25;
1.94,45.32,4.82;
4.00,44.21,5.34;
5.19,44.52,4.94;
3.50,44.03,3.55;
3.51,43.60,2.96;
2.92,42.87,2.75;
4.52,42.44,2.68;
3.01,41.98,2.76;
2.09,41.10,2.97;
0.69,40.71,3.14;
-0.24,41.19,3.49;
0.78,38.44,4.12;
2.18,37.10,4.97;
3.53,35.97,5.45;
5.22,36.21,5.62;
4.32,35.28,4.88;
3.70,34.71,4.09;
3.18,33.97,3.22;
2.44,33.52,3.25;
1.71,33.26,3.80;
0.43,31.92,4.71;
0.12,28.61,4.52;
-1.68,29.08,4.17;
0.14,27.48,3.48;
0.83,25.92,3.52;
2.41,24.41,3.74;
3.77,23.97,3.92;
2.61,23.37,4.47;
0.93,22.39,4.04;
-0.46,21.80,3.69;
-1.71,21.17,3.07;
-1.07,20.30,3.14;
-0.87,19.17,2.84;
-0.08,18.24,2.73;
0.11,15.98,3.28;
0.08,14.19,4.00;
-1.02,12.47,4.73;
-1.79,11.05,4.62;
-1.40,9.11,4.33;
-1.01,7.22,2.97;
0.11,4.88,2.03;
0.69,3.40,1.75;
0.69,2.03,1.68;
0.08,0.97,1.60;
0.81,-0.13,2.15;
1.85,-1.12,2.39;
1.86,-2.54,2.53;
0.46,-3.58,2.88;
0.12,-4.51,2.71;
0.72,-5.33,2.70;
3.37,-6.83,2.81;
4.69,-8.43,2.17;
4.67,-9.10,1.91;
5.07,-9.36,2.01;
5.91,-10.46,1.95;
7.57,-11.44,2.17;
7.71,-11.29,1.84;
5.30,-11.93,1.11;
4.15,-12.52,1.07;
3.24,-12.87,-0.16;
2.69,-13.07,-1.83;
2.21,-14.29,-3.79;
3.10,-14.84,-4.38;
3.02,-16.31,-5.47;
4.47,-17.93,-6.43;
5.91,-20.13,-7.33;
6.46,-22.02,-8.83;
5.47,-23.68,-10.98;
5.44,-25.67,-12.63;
4.63,-27.61,-12.93;
4.37,-30.13,-11.80;
1.80,-33.18,-10.40;
-0.09,-34.77,-9.29;
-1.46,-37.79,-7.70;
-1.14,-41.07,-7.38;
0.41,-42.95,-7.01;
2.29,-45.59,-6.54;
4.15,-48.29,-5.53;
6.31,-50.42,-5.35;
7.56,-52.39,-4.67;
8.60,-54.83,-4.02;
9.54,-56.66,-3.24;
8.70,-56.95,-2.77;
8.89,-57.68,-1.15;
7.99,-59.52,-0.26;
8.23,-60.14,0.29;
8.60,-60.28,0.67;
8.02,-60.77,1.00;
8.98,-61.79,0.49;
10.63,-61.45,1.28;
13.08,-61.35,1.92;
13.36,-61.84,2.39;
17.30,-61.58,2.46;
17.57,-61.79,3.26;
20.02,-61.44,4.55;
20.29,-60.77,5.72;
16.40,-59.36,7.54;
17.89,-59.55,8.61;
16.75,-59.07,8.58;
15.05,-57.87,8.36;
11.80,-57.10,7.30;
11.15,-54.89,6.91;
8.14,-54.14,6.20;
7.60,-53.67,4.55;
4.90,-53.16,2.18;
1.57,-51.06,0.12;
-0.55,-48.68,-0.45;
0.38,-46.40,-1.85;
0.43,-46.13,-4.67;
-3.43,-46.65,-6.09;
-6.73,-46.07,-7.12;
-6.26,-45.30,-7.61;
-8.41,-44.16,-7.50;
-14.50,-44.05,-7.38;
-17.21,-42.20,-7.90;
-19.10,-41.55,-8.98;
-21.14,-42.94,-9.42;
-19.46,-43.52,-10.46;
-17.57,-41.73,-9.61;
-15.17,-41.88,-9.47;
-14.61,-42.60,-9.03;
-14.23,-42.83,-8.16;
-16.72,-44.58,-7.15;
-15.33,-46.54,-5.35;
-12.30,-48.10,-4.23;
-10.56,-47.71,-4.22;
-10.21,-44.75,-5.19;
-14.11,-43.19,-5.83;
-19.62,-43.55,-5.82;
-14.98,-44.45,-6.11;
-11.68,-45.74,-6.58;
-10.32,-45.61,-7.61;
-7.19,-45.58,-6.96;
-0.61,-45.74,-6.25;
3.41,-47.41,-5.65;
7.88,-47.61,-6.35;
12.63,-44.81,-8.16;
11.66,-46.07,-8.93;
8.32,-43.13,-9.45;
9.34,-41.94,-8.93;
6.73,-42.57,-7.91;
-1.31,-42.25,-8.11;
-7.10,-40.87,-7.36;
-7.04,-40.55,-6.46;
-7.46,-41.09,-6.63;
-4.20,-43.47,-6.83;
-2.27,-43.53,-8.29;
0.50,-41.45,-8.34;
8.32,-42.46,-8.26;
13.27,-43.09,-8.32;
11.76,-41.97,-8.49;
14.63,-39.48,-7.90;
14.21,-38.49,-8.31;
10.05,-37.48,-8.67;
9.62,-36.68,-8.46;
9.39,-34.72,-9.06;
5.79,-32.66,-10.23;
2.18,-32.43,-10.40;
2.31,-30.54,-9.54;
-1.71,-29.77,-8.98;
-5.69,-32.17,-9.27;
-6.76,-34.72,-10.25;
-2.47,-34.57,-10.20;
6.00,-33.18,-11.01;
6.31,-31.12,-12.67;
-1.04,-29.33,-14.03;
-2.56,-26.25,-13.30;
4.73,-24.98,-13.36;
4.23,-26.03,-15.42;
-9.34,-29.91,-16.78;
-11.94,-29.53,-14.29;
-1.80,-27.82,-12.08;
5.77,-28.49,-12.48;
-1.95,-30.87,-13.91;
-6.56,-32.63,-14.74;
-10.35,-33.96,-14.54;
-5.89,-31.36,-12.96;
0.09,-27.70,-11.74;
3.21,-26.19,-10.69;
5.50,-26.28,-8.83;
11.50,-25.09,-8.05;
16.75,-21.97,-9.59;
10.17,-20.32,-10.54;
6.86,-20.48,-9.29;
5.07,-21.29,-8.35;
7.95,-21.85,-6.49;
9.41,-22.28,-5.80;
10.38,-24.22,-5.45;
12.93,-26.94,-5.13;
16.38,-30.05,-5.42;
18.43,-31.74,-7.06;
18.90,-35.16,-8.34;
19.63,-40.16,-8.92;
25.48,-45.13,-9.97;
32.86,-52.71,-10.40;
36.66,-60.94,-11.22;
43.30,-64.68,-12.20;
54.93,-52.25,-15.54;
31.54,-31.19,-21.47;
11.62,-15.62,-16.63;
11.44,-5.55,0.62;
8.25,-2.48,10.93;
8.43,-0.31,15.33;
9.25,-4.94,9.94;
-3.02,-11.50,2.73;
-14.43,-18.00,-0.11;
-19.69,-23.01,-3.67;
-20.29,-22.80,-8.74;
-24.21,-20.61,-12.51;
-24.21,-17.53,-13.91;
-12.40,-11.99,-9.59;
1.51,-3.96,-0.93;
9.82,0.27,3.66;
19.48,1.81,5.17;
23.71,-0.60,4.33;
20.83,-4.84,2.87;
14.86,-8.25,1.65;
10.57,-9.23,-0.61;
7.45,-7.91,-1.93;
4.06,-5.73,-1.99;
0.02,-2.81,-1.27;
-3.66,0.07,-0.80;
-5.79,1.90,-0.75;
-8.70,3.13,-0.81;
-10.41,3.34,-0.34;
-11.14,2.53,-0.55;
-10.95,1.42,-0.64;
-8.63,0.62,-0.34;
-6.32,-0.55,0.29;
-3.16,-1.48,0.47;
0.05,-3.00,0.91;
1.51,-2.89,0.71;
0.73,-3.38,0.56;
1.50,-3.79,0.01;
3.07,-3.48,-0.11;
4.17,-2.17,0.01;
5.08,-0.89,-0.05;
5.82,0.65,-0.52;
6.37,2.13,-0.63;
6.43,2.56,-0.67;
5.71,1.84,-0.95;
5.13,-0.28,-0.49;
5.42,-2.40,-0.34;
5.05,-3.77,0.24;
3.30,-3.96,-0.09;
0.40,-3.26,-0.49;
-0.99,-1.97,-0.09;
-2.76,-1.97,0.38;
-2.99,-2.11,0.32;
-2.05,-1.84,0.07;
-0.99,-0.90,0.21;
0.31,0.12,0.27;
0.66,0.38,-0.09;
1.62,0.96,-0.48;
2.52,0.77,-0.26;
2.63,-0.00,-0.40;
2.06,-1.06,-0.45;
1.15,-1.26,-0.37;
0.18,-1.10,-0.41;
-0.88,-1.00,-0.89;
-0.73,-0.89,-0.67;
0.63,-0.81,-0.34;
0.50,-0.65,0.33;
-0.50,-0.31,0.59;
-1.07,-0.45,0.62;
-1.24,-0.71,0.59;
-1.07,-0.95,0.03;
-0.69,-1.10,-0.54;
0.92,-0.98,-0.87;
1.42,-1.00,-0.37;
1.44,-1.13,-0.45;
1.60,-1.53,-0.58;
2.11,-1.55,-0.75;
2.70,-1.27,-0.51;
2.96,-0.66,-0.31;
2.79,-1.15,-0.29;
1.94,-1.48,-0.26;
1.59,-1.65,-0.23;
1.86,-1.52,-0.11;
1.74,-1.45,-0.12;
0.58,-1.50,0.07;
-0.78,-1.52,-0.09;
-1.11,-1.47,-0.23;
-1.24,-1.56,-0.95;
-0.78,-1.55,-0.83;
0.81,-1.09,-0.25;
1.95,-1.30,-0.37;
2.58,-1.70,-0.08;
2.61,-1.62,-0.28;
2.54,-1.38,-0.43;
2.58,-1.09,-0.41;
2.54,-0.54,-0.45;
1.83,-0.58,-0.55;
0.73,-0.86,-0.54;
0.49,-1.21,-0.70;
0.14,-1.70,-1.09;
-0.01,-1.42,-0.49;
0.52,-0.71,-0.09;
0.92,-0.37,0.49;
1.41,-0.40,0.18;
1.33,-0.57,-0.26;
0.64,-0.74,-0.49;
0.26,-1.00,-0.83;
0.49,-1.16,-0.69;
0.15,-1.27,-0.63;
0.31,-1.00,-0.58;
0.72,-0.84,-0.61;
1.71,-0.58,-0.41;
1.94,0.21,-0.08;
1.56,0.09,0.04;
1.36,-0.51,-0.55;
1.71,-0.78,-1.00;
2.54,-1.06,-1.09;
2.81,-0.66,-0.64;
2.14,-0.31,-0.31;
1.91,-0.31,-0.29;
0.67,-0.16,0.32;
0.66,-0.08,-0.11;
0.23,-0.36,-0.16;
-0.64,-0.05,-0.52;
-0.63,0.26,-0.51;
-0.03,0.44,-0.32;
0.35,0.03,-0.48;
-0.14,-0.31,-0.51;
-0.11,-0.94,-0.38;
-0.15,-0.94,-0.64;
0.38,-0.52,-0.19;
1.28,-0.17,0.04;
1.56,0.13,0.04;
1.22,0.48,-0.08;
1.05,0.61,-0.61;
1.05,0.13,-0.09;
0.66,0.12,-0.25;
-0.37,-0.39,-0.31;
-0.75,-0.37,-0.38;
-0.18,-0.36,0.03;
0.02,-0.22,0.36;
0.32,0.16,0.12;
0.43,0.09,0.41;
0.37,-0.37,-0.05;
-0.05,-0.74,-0.40;
0.02,-0.31,-0.28;
0.50,0.01,-0.14;
0.32,0.04,-0.03;
0.57,0.09,-0.00;
1.16,-0.22,-0.16;
1.21,-0.05,-0.20;
0.93,0.26,-0.03;
0.57,-0.00,0.01;
0.02,-0.72,-0.25;
-0.32,-0.51,-0.31;
0.02,-0.36,-0.12;
0.41,0.03,0.26;
0.11,-0.10,0.04;
-0.14,-0.26,-0.17;
-0.05,0.01,-0.05;
-0.17,0.38,0.01;
0.57,1.02,0.03;
1.56,0.77,0.36;
1.13,0.55,0.17;
0.61,0.18,-0.23;
0.02,0.01,-0.23;
0.18,0.06,-0.16;
0.50,0.38,-0.12;
0.54,0.42,0.17;
0.89,0.44,0.03;
1.18,1.03,0.47;
1.16,1.11,0.36;
1.18,1.00,0.56;
1.30,1.26,0.64;
0.61,1.75,0.24;
0.54,2.42,0.33;
1.13,3.05,0.36;
2.11,3.84,0.79;
2.35,4.30,1.23;
1.47,4.21,1.65;
0.41,4.15,1.78;
-0.87,4.30,1.49;
-0.96,4.19,1.55;
-1.37,3.97,1.57;
-1.75,3.97,1.60;
-1.07,4.88,1.57;
-0.63,5.25,1.91;
-0.08,5.78,1.30;
1.36,5.86,1.45;
2.18,5.98,1.55;
2.66,5.11,1.77;
2.69,4.81,1.42;
2.87,5.68,1.49;
2.61,7.02,1.39;
2.54,9.13,1.89;
1.44,10.52,2.30;
-0.06,11.28,2.61;
-1.28,12.68,3.36;
-2.85,14.87,3.14;
-4.85,19.43,2.23;
-8.15,26.13,1.17;
-13.28,31.22,0.88;
-15.28,33.93,1.31;
-14.98,34.79,2.62;
-14.92,39.37,3.86;
-18.09,43.66,3.54;
-19.86,47.58,5.22;
-26.87,45.42,8.17;
-27.36,44.15,11.45;
-23.75,46.00,11.71;
-18.00,50.16,11.89;
-9.28,49.16,13.43;
-7.02,48.62,14.68;
-17.10,48.91,15.94;
-26.41,43.86,18.38;
-29.33,34.19,17.07;
-22.88,32.18,13.07;
-20.17,30.42,11.66;
-26.49,30.32,13.46;
-21.05,32.84,15.31;
-6.73,35.49,16.79;
5.80,35.89,17.33;
7.33,37.80,17.10;
3.02,40.13,18.47;
4.73,42.68,21.20;
11.71,47.19,24.41;
10.86,49.39,23.80;
0.00,49.08,21.43;
-7.21,50.29,18.97;
-8.58,53.43,17.34;
-6.98,60.27,15.98;
-2.05,69.08,15.78;
3.47,72.30,15.07;
-5.30,69.84,10.44;
-21.86,65.22,6.87;
-31.34,64.61,7.84;
-25.48,67.92,11.62;
-17.37,69.35,14.64;
-18.14,66.03,13.13;
-18.52,62.84,13.22;
-8.56,62.27,12.79;
-15.94,62.64,10.67;
-22.00,64.09,9.89;
-25.51,65.17,8.79;
-18.69,67.63,11.68;
-13.57,63.08,14.85;
-8.92,60.58,15.00;
0.00,60.91,14.67;
3.68,58.94,13.84;
3.65,60.41,12.56;
5.22,61.83,12.93;
6.23,61.89,12.73;
-0.92,59.93,11.31;
0.02,60.47,10.26;
-4.92,60.38,9.75;
-8.09,61.05,10.96;
-4.17,60.52,12.21;
-3.25,57.45,12.38;
-1.25,57.16,11.63;
3.02,58.36,11.23;
3.47,59.19,9.83;
0.38,59.61,9.00;
0.67,61.20,9.11;
2.28,57.98,8.42;
3.18,56.06,7.92;
3.83,57.16,8.52;
3.39,57.37,8.94;
3.73,57.20,8.81;
4.72,55.75,8.73;
3.13,56.21,8.62;
3.74,57.05,9.52;
1.97,56.56,10.36;
0.26,55.45,9.94;
1.30,55.98,10.00;
1.74,55.28,9.68;
4.66,54.64,9.80;
5.68,53.25,9.42;
5.73,53.74,8.32;
4.55,54.97,6.18;
4.73,55.37,5.23;
3.99,53.28,4.07;
2.41,52.55,3.78;
1.85,52.56,2.50;
-0.34,52.94,-0.06;
-0.66,53.75,-1.06;
-1.40,53.89,-1.27;
-0.78,52.82,-0.25;
0.18,52.10,0.39;
-0.20,51.54,0.71;
0.29,52.13,1.16;
-1.79,49.16,1.17;
-1.46,48.23,2.61;
-0.32,48.15,3.34;
1.76,47.58,4.30;
6.28,46.39,3.74;
8.38,44.94,3.26;
8.57,45.39,3.00;
5.97,45.17,1.81;
3.15,44.16,2.84;
2.57,43.00,2.53;
-0.44,43.34,1.95;
-0.69,44.13,1.62;
-0.93,42.76,0.84;
0.26,41.22,0.87;
1.92,41.13,0.82;
0.64,40.53,0.15;
0.96,39.95,0.20;
-0.41,38.77,0.17;
-1.56,38.29,0.76;
-2.43,37.48,1.62;
-1.37,36.21,1.59;
-0.50,33.74,0.44;
-1.04,33.29,-0.78;
0.50,32.50,-2.25;
1.53,32.45,-1.00;
1.30,30.32,0.24;
-2.58,29.10,0.67;
-6.20,29.48,0.30;
-5.68,26.48,0.42;
-5.94,23.98,0.32;
-4.08,20.88,-0.43;
-2.15,18.07,-0.06;
-1.75,15.81,0.47;
-1.01,14.06,1.13;
0.40,11.63,1.68;
1.65,10.12,1.43;
1.68,8.06,1.08;
1.51,6.50,1.42;
0.79,4.93,2.12;
1.08,3.60,2.67;
-0.24,1.64,3.14;
-1.60,-0.23,3.91;
-1.83,-2.08,4.06;
-0.69,-3.21,4.30;
0.54,-4.42,3.60;
2.63,-5.70,2.33;
3.76,-7.36,1.31;
3.95,-9.39,0.70;
4.37,-9.79,0.52;
5.91,-11.65,0.39;
7.41,-13.32,0.53;
6.90,-15.62,-0.11;
9.31,-16.90,-1.74;
10.31,-19.73,-3.90;
10.44,-23.27,-5.13;
9.77,-25.85,-5.99;
9.34,-29.70,-6.77;
7.92,-34.74,-6.86;
6.98,-38.43,-5.54;
4.84,-42.11,-4.64;
4.96,-46.37,-4.57;
8.21,-49.45,-5.22;
9.34,-53.53,-6.96;
9.62,-56.13,-8.16;
7.60,-59.42,-9.13;
7.94,-60.71,-8.89;
6.57,-62.37,-8.77;
8.00,-64.60,-8.06;
8.46,-65.74,-6.66;
8.86,-65.91,-5.10;
7.44,-66.13,-2.74;
8.34,-67.55,-1.64;
11.57,-68.80,0.15;
14.09,-69.67,1.89;
14.89,-71.15,3.48;
18.05,-71.65,4.24;
18.67,-72.45,3.94;
19.56,-71.93,2.94;
19.62,-71.76,1.55;
19.05,-69.47,0.56;
16.18,-67.13,0.29;
16.44,-66.05,0.20;
16.47,-64.57,-0.57;
16.50,-63.01,-1.50;
14.29,-63.16,-2.11;
13.25,-62.87,-2.46;
6.69,-62.28,-2.60;
4.00,-60.55,-1.68;
3.76,-59.23,-1.90;
6.29,-56.20,-3.10;
4.03,-55.33,-5.38;
4.26,-55.00,-7.01;
4.78,-54.69,-8.70;
0.21,-51.42,-8.63;
-1.07,-50.71,-8.35;
-4.40,-50.46,-7.85;
-6.96,-48.00,-8.37;
-9.53,-47.56,-8.93;
-7.42,-45.91,-9.54;
-8.59,-46.19,-9.85;
-7.65,-46.95,-9.07;
-4.11,-48.05,-9.64;
-6.98,-48.92,-10.32;
-9.13,-47.21,-10.09;
-5.92,-44.61,-10.19;
-9.48,-43.76,-10.45;
-12.76,-42.68,-11.88;
-13.50,-43.99,-12.74;
-12.43,-43.21,-11.54;
-10.08,-44.48,-9.64;
-11.36,-47.27,-6.87;
-13.57,-47.42,-6.14;
-12.15,-47.07,-5.74;
-11.85,-47.07,-5.50;
-10.84,-47.15,-4.72;
-13.60,-47.07,-5.65;
-16.40,-44.03,-7.22;
-18.43,-41.07,-6.93;
-15.71,-40.86,-5.35;
-15.30,-41.03,-4.09;
-17.62,-40.61,-4.35;
-18.47,-41.38,-5.00;
-16.03,-41.45,-6.40;
-10.47,-41.71,-7.30;
-8.79,-41.23,-7.77;
-5.86,-41.85,-6.70;
0.03,-41.59,-6.14;
2.54,-40.98,-5.50;
0.87,-40.39,-5.73;
3.45,-40.02,-6.63;
3.86,-40.26,-9.53;
-0.78,-39.27,-9.42;
-2.81,-37.16,-7.53;
-2.50,-38.07,-4.78;
-5.01,-39.99,-4.38;
-4.66,-40.69,-4.81;
-2.64,-41.99,-6.31;
-1.53,-40.90,-7.91;
2.38,-39.52,-7.88;
5.07,-39.55,-6.83;
3.25,-40.68,-7.07;
3.05,-37.03,-7.73;
1.82,-34.31,-9.33;
1.13,-33.23,-10.09;
3.39,-35.19,-8.67;
8.90,-34.13,-6.77;
9.66,-32.81,-6.72;
4.61,-33.77,-8.00;
1.48,-32.89,-7.67;
0.60,-30.84,-7.25;
-2.63,-30.20,-7.97;
-6.99,-28.54,-8.49;
-4.46,-27.44,-9.53;
0.69,-27.61,-10.46;
-0.01,-30.03,-10.63;
-0.61,-29.23,-9.61;
7.76,-27.09,-7.35;
14.79,-25.50,-7.00;
10.17,-28.10,-8.67;
1.42,-29.59,-10.28;
-2.29,-28.03,-10.51;
1.80,-26.60,-9.50;
2.18,-25.74,-9.39;
-0.63,-25.04,-9.73;
-2.14,-24.43,-9.09;
-0.23,-23.21,-8.45;
4.87,-20.49,-8.02;
1.77,-20.54,-8.54;
-5.28,-19.44,-8.93;
-9.82,-17.58,-8.51;
-6.79,-16.81,-7.65;
-5.95,-17.64,-6.64;
-4.52,-19.00,-5.24;
-4.92,-18.45,-5.62;
-5.31,-17.07,-6.74;
-8.81,-17.48,-10.09;
-9.11,-18.66,-10.74;
-7.80,-19.09,-10.49;
-3.77,-18.19,-9.18;
2.92,-18.57,-7.56;
4.83,-19.67,-6.02;
7.16,-21.16,-4.92;
9.59,-24.03,-4.75;
15.79,-26.66,-4.90;
20.89,-27.04,-5.76;
18.63,-24.34,-9.94;
6.02,-21.55,-11.59;
6.61,-21.30,-6.45;
11.36,-21.09,-3.90;
13.41,-23.96,-4.43;
14.47,-28.11,-4.90;
17.15,-30.51,-5.83;
17.54,-25.85,-8.77;
11.50,-20.16,-11.18;
5.77,-17.07,-11.32;
2.99,-13.93,-7.47;
6.18,-13.04,-3.25;
12.69,-13.19,-1.00;
20.15,-13.59,0.94;
18.96,-12.49,0.10;
10.46,-8.65,-1.06;
7.01,-5.29,-1.01;
6.35,-3.12,-0.00;
6.44,-3.06,1.54;
7.56,-4.86,1.39;
9.76,-8.37,0.39;
10.31,-11.67,0.30;
8.78,-13.01,-1.73;
1.45,-12.10,-4.83;
-3.31,-9.06,-5.73;
-0.38,-4.61,-3.22;
4.52,-3.85,-0.23;
9.57,-5.47,1.83;
10.26,-8.58,2.32;
9.95,-10.14,1.66;
8.98,-10.69,0.30;
6.72,-10.26,-1.82;
4.63,-7.97,-3.39;
4.18,-5.32,-3.30;
6.40,-3.39,-1.65;
8.26,-3.03,-0.03;
8.75,-3.91,0.53;
8.69,-5.50,0.26;
8.18,-5.88,-0.38;
7.15,-5.94,-1.32;
3.73,-5.68,-2.19;
0.50,-5.74,-2.74;
-1.42,-5.30,-2.38;
-0.69,-4.20,-1.59;
2.49,-3.27,-1.12;
4.06,-3.47,-1.27;
3.54,-3.84,-0.67;
1.74,-5.18,-0.54;
0.63,-5.71,-0.84;
0.92,-5.19,-1.76;
1.39,-4.29,-2.00;
1.02,-3.39,-1.99;
1.21,-3.42,-1.80;
2.28,-3.21,-1.67;
3.83,-4.17,-1.27;
4.14,-4.65,-1.56;
3.82,-4.52,-1.65;
3.97,-3.82,-1.48;
4.44,-3.06,-1.04;
4.61,-2.37,-0.84;
4.26,-2.02,-0.89;
4.41,-1.62,-1.21;
4.28,-1.45,-1.12;
3.37,-2.07,-1.35;
2.46,-2.52,-1.73;
2.49,-2.63,-1.73;
2.72,-2.68,-1.44;
2.81,-2.65,-1.22;
1.73,-2.03,-1.16;
1.85,-1.38,-1.10;
2.46,-0.58,-0.77;
2.75,-0.74,-0.43;
2.57,-1.06,-1.03;
2.02,-1.38,-1.62;
1.66,-1.26,-1.39;
1.28,-1.07,-0.89;
0.66,-1.12,-0.70;
0.20,-1.45,-0.93;
0.00,-1.50,-0.93;
0.18,-1.87,-1.06;
0.44,-1.61,-1.16;
1.53,-1.09,-0.77;
1.89,-0.86,-0.75;
1.08,-0.74,-0.34;
1.82,-1.04,-0.32;
2.09,-1.70,-0.60;
2.05,-1.36,-0.22;
0.99,-1.36,-0.20;
0.43,-1.07,-0.09;
0.64,-1.15,-0.02;
0.54,-0.98,-0.45;
-0.12,-1.47,-0.90;
-0.26,-1.62,-0.93;
0.44,-1.35,-0.98;
0.99,-1.32,-0.58;
1.54,-1.09,-0.60;
2.03,-1.07,-0.19;
2.78,-1.38,0.18;
2.57,-1.45,0.13;
1.57,-0.78,-0.34;
0.87,-0.57,-0.41;
-0.75,-0.36,-0.83;
-0.87,-0.28,-0.63;
-0.87,-0.81,-0.74;
-0.41,-1.33,-0.80;
-0.14,-1.61,-0.78;
0.43,-1.45,-0.64;
1.33,-0.90,-0.12;
1.82,-0.13,-0.25;
1.42,-0.13,-0.08;
1.19,-0.25,-0.14;
0.28,-0.43,-0.05;
-0.76,-0.14,-0.14;
-0.55,0.06,0.03;
-0.34,-0.14,0.09;
-0.29,-0.26,0.12;
0.26,-1.12,-0.09;
0.00,-1.36,-0.61;
-0.40,-1.01,-0.81;
-0.03,-0.32,-0.17;
0.69,-0.14,0.17;
1.37,-0.48,0.20;
0.99,-0.75,-0.37;
0.54,-1.07,-0.64;
0.21,-1.18,-0.57;
0.52,-1.07,-0.40;
0.63,-0.94,-0.14;
1.21,-0.61,0.06;
1.57,-0.61,0.09;
2.02,-0.74,-0.09;
1.74,-0.46,-0.26;
0.58,-0.42,-0.34;
0.66,-0.75,0.07;
1.30,-0.97,0.39;
1.15,-1.15,0.41;
0.32,-0.92,-0.34;
-0.79,-0.69,-0.45;
-1.75,-0.65,-0.52;
-1.77,-0.84,-0.77;
-0.64,-1.04,-0.54;
0.37,-0.65,0.04;
1.48,-0.08,0.50;
2.50,-0.10,0.65;
2.72,-0.22,0.61;
2.52,-0.58,0.10;
1.51,-0.55,-0.29;
0.44,-0.77,-0.46;
-0.08,-0.74,-0.51;
0.44,-0.90,-0.22;
1.02,-0.75,-0.11;
1.27,-0.46,-0.08;
0.52,-0.28,0.38;
-0.52,-0.55,-0.09;
-0.72,-0.92,-0.48;
-0.05,-0.61,-0.51;
1.05,-0.49,-0.02;
0.66,-0.45,0.44;
-0.40,-0.65,0.12;
-0.44,-0.86,0.09;
-0.64,-0.83,-0.06;
0.66,0.06,0.03;
1.68,0.53,0.30;
1.83,0.39,0.26;
1.70,0.06,0.09;
1.27,-0.14,0.06;
0.73,-0.58,-0.14;
0.12,-0.68,-0.29;
-0.52,-0.86,-0.43;
-0.67,-0.55,-0.22;
-0.40,-0.26,-0.08;
-0.52,-0.07,-0.32;
-0.73,0.23,0.15;
-0.70,0.53,0.03;
-0.24,0.35,-0.16;
-0.06,-0.20,-0.22;
0.06,-0.71,-0.43;
0.38,-0.43,-0.19;
1.28,-0.31,0.07;
1.94,0.18,-0.00;
2.26,0.39,-0.06;
1.79,0.23,0.13;
0.72,0.21,0.07;
0.72,0.06,-0.06;
0.73,-0.00,-0.26;
0.44,-0.36,-0.43;
-0.01,-0.25,-0.69;
0.50,0.15,-0.28;
1.05,-0.00,0.10;
0.73,-0.05,0.20;
0.73,-0.00,-0.06;
0.50,-0.11,-0.38;
0.31,0.38,-0.45;
0.70,0.12,0.01;
1.22,-0.39,0.10;
0.79,-0.37,-0.00;
0.08,-0.10,0.23;
0.02,0.50,0.50;
0.11,0.93,-0.14;
0.40,0.74,-0.52;
0.43,0.35,-0.60;
0.66,0.03,-0.12;
0.47,-0.58,-0.48;
0.03,-0.77,-0.37;
0.32,-0.36,0.23;
1.80,0.19,0.39;
2.69,0.91,0.64;
1.94,1.64,0.18;
1.10,2.07,0.13;
0.09,2.12,-0.20;
-0.56,2.29,-0.41;
-0.82,1.71,-0.34;
-0.06,1.77,0.23;
0.38,2.44,0.82;
0.64,2.88,1.71;
0.50,3.98,1.65;
0.35,4.67,1.05;
-0.38,5.55,1.31;
-0.79,7.16,1.78;
-0.55,8.67,2.32;
-1.25,10.27,2.53;
-2.85,12.09,2.99;
-4.73,14.99,2.93;
-5.39,21.77,2.96;
-9.53,30.56,1.65;
-14.08,37.93,-0.37;
-13.68,41.64,0.76;
-13.53,45.68,4.29;
-18.00,47.98,7.36;
-23.10,48.21,8.81;
-26.98,47.87,9.17;
-26.93,49.40,11.89;
-17.24,48.23,16.56;
-14.38,45.83,17.46;
-13.74,45.86,16.13;
-8.72,45.40,14.52;
-8.98,45.40,11.83;
-15.60,45.06,12.82;
-26.34,37.80,17.54;
-23.22,32.64,17.16;
-14.30,34.93,14.61;
-15.80,38.88,15.39;
-20.08,40.00,18.41;
-7.88,42.84,19.34;
11.19,47.63,21.83;
16.73,50.35,26.41;
10.18,57.00,25.51;
5.65,69.81,22.07;
-1.43,73.68,19.45;
-17.62,74.81,16.55;
-26.69,76.81,13.80;
-27.85,78.55,12.85;
-36.92,78.09,9.97;
-54.49,77.23,9.25;
-58.43,73.86,9.08;
-46.96,72.96,11.10;
-27.94,67.52,12.36;
-20.53,63.69,13.40;
-9.39,61.05,18.12;
-2.32,59.29,18.68;
-9.54,57.10,15.68;
-6.78,58.84,13.62;
2.54,64.16,13.07;
10.92,65.75,10.84;
12.09,64.38,12.15;
10.41,62.82,14.03;
6.15,62.18,12.68;
-0.38,60.55,12.52;
-3.22,58.07,10.73;
-4.15,60.36,11.10;
-7.25,58.94,13.08;
-7.92,57.60,13.84;
-10.58,56.47,13.66;
-5.97,58.90,13.71;
-1.42,57.93,13.57;
2.00,57.63,13.51;
2.52,57.11,11.81;
3.24,55.55,11.19;
7.25,55.72,11.63;
8.21,54.13,12.20;
8.25,55.75,12.36;
7.39,55.26,12.68;
6.43,57.20,11.68;
2.76,59.71,9.16;
2.66,61.97,7.86;
1.44,59.42,8.65;
3.18,57.98,9.16;
4.03,57.72,10.18;
1.42,57.32,10.50;
2.81,57.86,11.22;
4.02,58.70,13.34;
4.95,59.49,14.44;
3.31,59.34,14.33;
5.04,59.83,14.76;
7.47,61.87,14.27;
9.44,62.10,12.99;
10.58,62.24,11.80;
10.23,61.16,10.53;
9.01,61.20,9.57;
7.60,61.74,9.72;
7.95,61.72,10.55;
7.01,62.67,10.47;
6.54,62.68,9.98;
5.59,62.07,9.04;
4.93,62.61,7.39;
3.21,63.34,5.81;
-0.12,62.35,4.62;
0.38,60.55,4.30;
0.83,59.19,5.45;
1.60,58.03,6.42;
2.25,57.78,7.74;
2.47,57.74,7.94;
3.01,57.55,6.62;
3.24,55.95,4.93;
1.50,55.75,2.84;
0.40,55.86,1.92;
-1.59,55.66,0.18;
-4.24,59.45,-0.55;
-7.21,54.30,-2.74;
-8.00,51.78,-3.18;
-8.47,50.74,-2.12;
-7.30,49.61,0.24;
-7.39,47.28,1.78;
-6.53,46.00,3.42;
-5.80,47.11,4.64;
-4.32,44.84,5.28;
-0.26,42.87,5.00;
0.66,40.23,3.39;
-0.35,40.03,2.94;
-4.55,39.19,2.90;
-7.80,38.93,1.51;
-7.94,37.17,-1.18;
-7.75,34.93,-2.81;
-5.97,32.88,-4.75;
-4.67,31.66,-6.08;
-3.79,30.10,-6.26;
-2.55,28.67,-6.31;
-1.53,27.80,-6.51;
-1.60,25.48,-6.17;
-2.75,22.30,-4.58;
-4.52,19.86,-4.25;
-4.79,17.60,-3.42;
-4.50,15.68,-2.28;
-4.27,13.34,-1.00;
-1.85,10.87,-0.03;
-0.56,8.59,0.76;
0.37,6.04,1.42;
-0.21,4.56,1.91;
-0.08,2.55,2.58;
-1.10,-0.10,3.36;
-0.75,-3.19,3.80;
0.11,-5.29,4.21;
1.30,-7.16,3.86;
2.96,-8.86,3.62;
2.40,-10.19,2.85;
2.38,-12.08,1.89;
2.43,-13.79,1.28;
2.35,-15.55,0.71;
2.41,-16.48,0.64;
3.89,-18.66,0.17;
5.47,-20.00,-0.57;
8.06,-21.74,-1.25;
10.25,-23.13,-1.03;
11.83,-26.34,-1.79;
11.83,-28.16,-2.23;
11.89,-31.07,-2.90;
12.63,-33.73,-1.58;
12.23,-36.80,-1.22;
11.54,-38.78,-0.87;
11.45,-42.31,-1.21;
11.30,-45.16,-2.32;
11.80,-46.92,-4.46;
11.39,-49.01,-6.37;
8.61,-50.25,-8.25;
4.63,-52.13,-8.72;
3.39,-54.16,-7.73;
2.75,-56.63,-6.96;
1.45,-58.75,-5.58;
1.66,-60.55,-4.74;
4.34,-62.61,-4.48;
7.57,-64.66,-3.48;
10.44,-65.77,-3.15;
10.84,-66.46,-2.95;
12.34,-67.67,-2.83;
13.15,-67.88,-2.38;
13.73,-68.97,-1.38;
11.62,-69.64,-0.77;
8.73,-70.23,-1.00;
6.31,-70.16,-0.49;
4.47,-70.68,-0.40;
5.45,-71.44,-0.54;
7.04,-71.33,0.23;
10.00,-69.64,0.84;
12.92,-68.95,0.47;
13.60,-67.13,0.06;
13.73,-66.84,-0.19;
13.48,-67.36,-0.03;
12.06,-68.19,0.18;
12.20,-66.75,0.06;
11.16,-65.50,0.52;
6.37,-66.02,0.61;
7.88,-64.81,-0.32;
7.30,-61.39,-1.09;
4.76,-58.17,-0.63;
4.02,-57.58,-2.22;
2.87,-56.37,-4.66;
2.05,-54.98,-5.09;
0.79,-54.22,-6.23;
-1.56,-53.65,-7.48;
-2.99,-50.80,-9.24;
-9.63,-50.26,-11.50;
-13.13,-49.87,-12.66;
-14.40,-47.44,-12.93;
-14.44,-47.50,-11.30;
-13.77,-46.72,-10.66;
-14.90,-46.63,-10.35;
-18.95,-46.92,-9.33;
-17.68,-47.84,-7.50;
-14.47,-48.84,-6.03;
-9.97,-48.17,-3.79;
-8.76,-47.73,-2.84;
-7.85,-47.82,-3.36;
-8.15,-47.55,-4.86;
-8.35,-48.29,-7.90;
-10.15,-48.72,-9.21;
-8.84,-46.13,-10.09;
-12.96,-44.92,-10.02;
-14.05,-46.83,-8.12;
-13.01,-49.06,-7.25;
-12.18,-50.20,-6.77;
-9.54,-50.74,-8.90;
-7.80,-49.64,-9.80;
-8.49,-48.45,-10.58;
-6.49,-47.90,-9.61;
-3.79,-46.81,-7.73;
0.49,-43.13,-7.03;
0.14,-41.21,-8.80;
-1.36,-40.71,-10.45;
3.88,-39.23,-11.29;
4.92,-40.10,-11.27;
0.93,-40.87,-12.58;
-5.28,-40.80,-12.72;
-11.94,-41.45,-11.94;
-14.18,-40.94,-9.65;
-11.01,-40.98,-7.70;
-8.70,-41.88,-8.78;
-5.83,-40.65,-11.07;
-3.36,-40.39,-11.64;
0.72,-40.80,-11.12;
4.96,-39.96,-8.96;
9.13,-38.75,-6.87;
10.58,-38.19,-7.10;
9.33,-37.42,-8.03;
10.55,-36.65,-7.64;
12.18,-36.10,-5.80;
9.79,-34.52,-5.68;
6.86,-31.79,-6.03;
3.05,-28.74,-7.39;
-3.51,-28.31,-9.19;
-8.46,-28.57,-10.46;
-6.49,-29.10,-10.34;
-4.59,-27.76,-9.42;
-3.08,-26.80,-10.60;
-4.66,-25.97,-10.77;
-6.79,-25.48,-10.75;
-8.78,-28.52,-10.72;
-10.09,-31.36,-9.71;
0.73,-26.97,-8.60;
9.30,-23.61,-9.01;
6.78,-23.71,-8.95;
2.81,-27.10,-7.93;
2.06,-27.45,-8.29;
4.46,-25.87,-9.00;
6.52,-24.94,-9.94;
3.28,-24.63,-9.88;
-2.37,-25.39,-10.16;
-8.67,-26.95,-9.56;
-9.89,-26.61,-8.86;
-8.63,-25.27,-8.74;
-8.05,-23.79,-9.83;
-7.01,-23.50,-10.41;
-8.75,-23.35,-11.99;
-8.32,-21.04,-11.35;
-4.69,-16.95,-10.95;
2.12,-16.08,-10.57;
3.74,-18.58,-9.50;
6.38,-20.29,-8.11;
8.41,-20.77,-7.74;
9.21,-21.29,-7.42;
11.85,-20.42,-6.63;
13.51,-20.81,-5.83;
13.21,-22.54,-6.46;
8.11,-23.55,-8.98;
9.99,-24.74,-12.02;
10.32,-27.12,-13.90;
7.66,-29.77,-14.58;
10.12,-30.26,-13.13;
15.88,-29.96,-10.02;
17.68,-28.90,-9.44;
18.69,-26.65,-8.86;
19.42,-24.66,-9.36;
13.12,-26.23,-10.81;
7.10,-28.81,-11.24;
9.07,-28.92,-8.89;
18.23,-25.26,-7.82;
20.26,-25.33,-8.74;
16.15,-27.12,-10.23;
14.28,-25.01,-10.12;
16.90,-17.33,-6.90;
25.66,-7.30,0.85;
31.83,-4.19,6.56;
38.87,-4.86,12.41;
40.35,1.46,13.80;
27.95,1.61,11.63;
20.70,1.58,7.71;
6.75,0.36,4.49;
-2.76,-2.51,0.17;
-15.30,-3.53,-4.38;
-20.44,-1.74,-6.22;
-25.74,-0.97,-7.47;
-26.30,-2.20,-7.87;
-22.43,-3.45,-7.65;
-15.22,-3.44,-7.15;
-7.98,-3.44,-5.39;
1.07,-2.49,-3.51;
7.16,-1.50,-2.20;
11.05,-2.16,-0.77;
13.60,-1.67,-0.19;
14.29,-0.84,0.85;
14.31,-0.61,1.54;
7.22,-1.47,0.68;
0.03,-0.84,-0.92;
-8.38,0.93,-2.17;
-15.48,1.55,-3.12;
-20.63,1.72,-3.67;
-22.69,2.00,-4.51;
-22.75,2.52,-4.89;
-19.75,1.32,-4.45;
-14.00,0.55,-2.93;
-6.24,0.38,-1.22;
1.05,0.42,-0.63;
3.95,-0.11,-0.58;
6.92,-0.95,-0.49;
8.63,-1.38,-1.30;
9.53,-1.45,-1.42;
10.98,0.33,-1.15;
8.86,0.87,-1.32;
5.19,0.73,-1.39;
2.02,0.74,-1.64;
-3.54,0.12,-2.41;
-8.95,-0.52,-2.98;
-9.57,-0.72,-3.19;
-9.11,-1.99,-3.01;
-7.94,-1.48,-3.48;
-5.36,-1.00,-2.69;
-2.14,-1.18,-2.11;
0.63,0.21,-1.22;
2.81,1.45,-0.74;
3.71,1.39,-0.28;
1.91,0.09,-1.07;
1.51,0.39,-1.67;
0.93,1.29,-0.93;
-1.30,0.87,-1.00;
-3.91,0.30,-1.36;
-5.39,0.10,-0.83;
-5.98,0.44,-0.52;
-7.25,0.84,-0.93;
-5.59,0.30,-1.62;
-5.66,-0.61,-1.83;
-2.88,-0.81,-1.12;
-0.99,-1.29,-0.87;
-0.85,-1.41,-0.86;
-1.25,-1.36,-1.67;
-0.09,0.09,-1.48;
-1.16,-0.34,-1.85;
-1.69,-0.63,-1.83;
-0.43,-0.71,-1.19;
-0.12,-1.73,-0.58;
-0.63,-2.43,-0.35;
-0.69,-1.61,-0.74;
-1.65,-1.82,-1.19;
-2.11,-2.29,-1.36;
-0.41,-1.55,-0.29;
-0.14,-0.63,-0.37;
-1.92,-0.60,-0.92;
-1.62,-1.03,-0.57;
-4.58,-1.52,-0.96;
-6.67,-1.45,-1.51;
-5.68,-1.07,-0.52;
-3.43,-0.89,-0.16;
-2.27,-1.73,0.01;
0.58,-1.70,0.17;
1.65,-1.21,0.09;
3.71,-0.60,0.21;
4.21,-0.66,0.12;
2.63,-0.84,0.12;
0.84,-0.81,-0.34;
-2.12,-0.71,-0.60;
-4.05,-1.01,-1.30;
-5.60,-0.78,-1.54;
-5.66,-1.42,-1.76;
-4.95,-0.81,-1.24;
-5.17,-0.65,-1.59;
-4.32,-0.69,-1.21;
-2.56,-1.26,-1.07;
-0.98,-1.42,-0.49;
1.18,-1.35,-0.35;
0.58,-1.30,-0.92;
0.18,-1.10,-1.18;
1.19,-0.65,-1.04;
2.46,-0.11,-0.32;
-0.26,-0.83,-1.00;
-1.77,-1.67,-1.19;
-0.96,-1.33,-0.95;
-0.79,-0.11,-0.64;
0.09,-0.16,-0.45;
-0.15,-0.55,-0.40;
0.70,-0.31,0.09;
2.14,-0.43,0.52;
2.29,-0.80,0.59;
2.95,-0.40,0.64;
2.47,-0.78,0.07;
2.49,-0.57,0.06;
2.41,-0.71,-0.48;
2.61,-0.78,0.01;
2.54,-1.52,0.17;
1.53,-1.68,0.33;
1.36,-0.61,0.61;
1.74,0.26,0.71;
0.55,-0.19,0.17;
-0.75,-0.65,-0.52;
-0.95,-0.66,-0.26;
-0.75,-1.01,0.06;
-0.53,-0.78,0.23;
-0.95,-1.24,0.20;
-0.79,-0.55,-0.37;
-0.58,0.30,-0.77;
-0.82,-0.07,-1.03;
-0.05,-0.57,-0.57;
0.50,-1.07,-0.45;
2.00,-1.55,0.13;
2.05,-1.27,0.07;
0.89,-0.51,-0.32;
0.58,-0.39,-0.69;
1.18,0.06,-0.66;
2.08,0.26,-0.31;
1.45,-0.45,-0.29;
1.53,-1.00,-0.03;
1.08,-0.97,-0.34;
-0.37,-0.92,-0.86;
0.26,-1.30,-0.80;
0.76,-0.98,-0.63;
0.99,-0.36,-0.66;
1.74,0.09,0.38;
1.94,0.77,0.76;
0.75,0.15,0.26;
-0.78,-0.48,-0.72;
-1.75,-0.78,-0.77;
-1.83,-0.20,-0.81;
-1.85,-0.34,-0.55;
-1.40,-0.98,-0.16;
0.23,-1.09,-0.11;
0.46,-0.81,-0.02;
0.90,0.12,0.20;
2.40,0.53,0.38;
2.35,-0.07,0.32;
1.71,-1.12,-0.06;
0.76,-1.19,0.09;
0.89,-0.26,0.09;
2.61,0.64,0.56;
1.59,0.41,0.36;
-0.12,0.16,0.18;
-0.21,-0.25,0.04;
-0.05,-0.68,-0.06;
-0.63,-1.23,-0.46;
-0.32,-0.46,-0.72;
1.86,0.19,-0.14;
3.57,0.19,0.73;
3.10,-0.58,0.41;
1.50,-1.03,-0.09;
2.21,-1.03,-0.17;
2.28,-0.29,-0.16;
1.33,0.32,-0.51;
0.57,0.18,-0.32;
0.78,0.06,-0.09;
1.19,-0.23,0.26;
0.44,-0.22,-0.05;
0.06,-0.08,-0.05;
0.09,0.19,-0.46;
0.31,0.36,-0.40;
0.06,-0.31,-0.35;
1.62,0.12,0.35;
3.88,0.91,1.19;
3.08,0.21,0.76;
2.78,-0.22,0.30;
0.14,0.24,-0.23;
-0.72,-0.22,-0.84;
-1.25,-0.74,-1.07;
-1.42,-0.80,-0.92;
-0.21,-0.61,-0.78;
0.96,-0.51,-0.61;
0.75,-0.20,-0.74;
1.12,0.04,-0.25;
2.28,-0.22,-0.16;
3.18,-0.40,0.24;
4.55,0.21,0.70;
4.70,0.21,1.14;
3.82,-0.31,0.35;
2.14,-0.81,-0.00;
0.63,-0.07,-0.46;
1.12,0.04,-0.14;
1.89,-0.16,0.44;
2.93,0.32,0.79;
2.79,1.72,1.05;
3.54,2.16,1.22;
3.63,1.87,0.84;
2.90,1.48,0.50;
1.15,2.30,0.39;
1.28,3.03,0.84;
3.02,4.07,1.40;
3.22,5.95,1.92;
2.87,6.84,2.49;
2.17,8.04,3.33;
2.05,11.02,3.89;
2.02,12.90,4.65;
0.98,14.41,5.28;
-1.21,15.92,5.54;
-2.58,19.81,6.91;
-2.70,23.34,8.47;
-5.48,25.87,9.62;
-10.37,27.46,8.91;
-14.09,28.84,8.47;
-16.18,29.51,7.92;
-18.61,30.07,7.43;
-23.10,30.97,7.94;
-24.34,31.19,8.26;
-26.49,31.03,8.93;
-31.25,32.07,10.30;
-33.08,33.25,11.75;
-32.08,32.74,12.73;
-26.56,32.10,14.01;
-21.51,32.15,15.20;
-16.82,32.58,17.26;
-11.07,31.86,19.20;
-5.19,34.01,21.49;
3.59,37.90,22.23;
18.79,42.82,23.69;
31.97,44.07,26.33;
29.37,42.79,26.42;
17.48,44.82,25.19;
14.99,48.91,23.55;
18.23,51.23,23.04;
15.02,53.87,20.35;
2.40,54.55,17.43;
-13.27,56.13,16.39;
-14.27,56.56,17.89;
-9.72,54.52,18.58;
4.72,55.35,18.81;
13.31,61.03,17.14;
4.52,63.29,13.89;
-3.62,62.21,13.11;
-4.59,62.21,15.75;
-5.28,64.19,16.04;
-12.72,66.84,13.22;
-10.95,68.50,10.62;
-10.66,64.97,6.36;
-12.46,63.43,8.64;
-16.23,63.68,10.82;
-23.11,60.76,10.03;
-27.37,62.59,8.10;
-32.41,62.41,6.07;
-29.17,60.74,8.04;
-17.48,59.19,11.16;
-10.17,60.00,13.52;
-3.54,60.67,14.46;
4.23,59.57,14.09;
8.26,57.75,12.29;
9.16,59.02,10.07;
8.08,59.03,8.55;
6.26,57.95,8.82;
2.14,56.44,9.95;
0.63,53.77,12.09;
-1.31,53.28,14.15;
1.13,54.58,14.76;
2.93,54.04,14.39;
1.92,52.64,13.81;
4.08,54.38,13.74;
8.72,55.80,14.04;
9.65,55.08,14.38;
10.28,54.27,13.25;
9.68,55.05,10.82;
7.83,56.61,8.87;
3.77,56.48,7.54;
1.89,57.80,8.23;
0.52,56.21,8.88;
2.49,56.84,9.71;
1.19,56.33,9.77;
1.56,55.80,9.66;
2.66,57.45,10.15;
2.75,58.29,10.00;
-0.01,57.48,8.47;
1.92,57.02,6.91;
4.69,56.47,6.53;
4.31,56.39,6.71;
5.83,56.38,7.91;
9.57,55.28,9.22;
9.25,55.90,9.74;
9.82,56.99,10.26;
8.60,56.13,10.23;
11.16,54.76,10.27;
12.14,54.19,11.13;
12.58,54.12,11.31;
10.84,53.75,11.43;
9.83,53.31,10.82;
6.81,52.85,9.08;
5.80,53.16,7.69;
6.41,51.34,6.84;
7.51,50.81,6.21;
8.37,50.12,5.72;
7.36,49.51,5.72;
6.40,48.39,5.89;
4.70,47.19,4.36;
1.36,47.14,2.50;
-0.20,46.58,1.36;
-0.14,45.69,1.43;
0.37,44.93,2.09;
2.12,43.42,2.01;
-0.18,42.74,2.62;
-1.33,41.68,3.25;
-0.15,40.52,4.42;
0.43,39.75,4.33;
-1.11,38.30,3.22;
-0.98,37.26,1.59;
-0.34,36.39,1.45;
3.21,33.25,0.85;
2.83,34.19,0.53;
3.91,34.04,0.62;
1.18,33.68,0.90;
-1.88,33.11,0.76;
-5.68,33.39,-0.54;
-6.70,31.72,-1.76;
-6.55,30.87,-2.35;
-5.27,30.32,-2.54;
-4.46,29.23,-1.64;
-3.43,28.45,-0.55;
-4.56,26.81,0.15;
-4.52,25.63,0.36;
-5.34,23.80,0.04;
-6.03,22.76,-0.14;
-5.56,22.09,0.03;
-5.57,21.13,-0.64;
-3.68,19.75,-1.74;
-2.75,18.03,-2.29;
-1.05,16.71,-1.48;
-0.82,15.86,-1.38;
-2.44,14.99,0.09;
-4.14,12.33,1.17;
-4.59,11.23,1.33;
-4.78,9.03,1.34;
-2.43,7.54,1.46;
-0.93,6.19,1.08;
1.41,5.06,1.95;
1.73,3.71,2.56;
1.71,2.41,3.34;
1.77,1.51,3.88;
0.32,-0.97,3.83;
-1.02,-2.22,3.75;
-0.30,-2.97,3.98;
0.02,-4.28,4.00;
1.59,-5.12,3.86;
2.08,-6.55,2.97;
3.27,-7.36,2.73;
3.94,-7.62,2.41;
3.36,-8.72,1.45;
2.84,-9.82,1.86;
2.18,-11.04,1.37;
2.76,-11.99,1.25;
2.35,-13.01,0.73;
2.23,-14.39,-0.34;
5.44,-15.79,-0.49;
8.06,-16.90,0.07;
8.09,-18.84,-0.46;
7.79,-20.31,-1.54;
8.37,-21.87,-2.84;
8.76,-23.29,-3.77;
8.50,-25.06,-4.31;
8.92,-26.20,-6.00;
8.43,-27.99,-6.77;
8.92,-29.90,-6.55;
8.34,-31.85,-6.83;
8.50,-32.72,-7.13;
7.39,-34.25,-7.48;
7.79,-36.34,-5.67;
8.69,-37.99,-4.06;
8.58,-39.87,-2.87;
8.66,-41.58,-1.42;
8.61,-43.15,0.38;
9.56,-44.25,0.52;
10.37,-45.74,0.64;
12.14,-47.33,0.85;
11.66,-49.03,1.11;
11.34,-51.10,1.20;
8.89,-52.10,1.10;
8.96,-52.78,1.34;
8.11,-53.87,0.56;
8.11,-54.77,-1.61;
7.34,-55.32,-3.10;
7.44,-55.91,-4.69;
7.88,-57.42,-6.20;
7.66,-58.94,-8.26;
8.76,-59.68,-8.95;
9.18,-59.70,-8.86;
10.96,-59.64,-8.72;
9.57,-59.59,-8.41;
9.63,-56.46,-8.14;
4.26,-54.05,-8.52;
1.91,-53.38,-9.03;
1.74,-54.10,-7.61;
-0.93,-54.19,-6.17;
-3.77,-54.28,-5.59;
-7.05,-55.27,-5.80;
-6.67,-55.56,-6.16;
-6.18,-56.45,-5.71;
-6.27,-55.77,-4.72;
-6.49,-55.55,-3.90;
-2.52,-55.23,-4.45;
0.55,-53.97,-5.42;
0.63,-53.58,-7.10;
-1.83,-54.43,-9.83;
-2.79,-53.61,-11.16;
-6.08,-53.97,-11.45;
-10.69,-52.74,-11.80;
-15.24,-51.81,-12.38;
-19.14,-50.43,-12.38;
-19.89,-46.42,-13.16;
-23.01,-45.52,-14.35;
-24.56,-47.04,-14.52;
-22.17,-48.48,-14.95;
-18.78,-48.74,-13.70;
-18.05,-52.37,-12.66;
-15.28,-53.29,-12.17;
-10.47,-53.07,-12.20;
-7.77,-51.96,-11.68;
-6.44,-52.31,-11.12;
-4.55,-53.23,-9.10;
-0.59,-54.54,-7.04;
2.61,-54.54,-5.21;
6.78,-54.71,-3.42;
6.52,-54.10,-2.93;
4.23,-52.75,-1.53;
0.58,-52.95,-1.29;
-1.17,-55.01,-1.45;
-1.14,-56.74,-3.59;
1.56,-56.43,-4.86;
4.02,-56.60,-7.01;
11.22,-55.93,-7.85;
12.52,-54.66,-6.69;
14.54,-53.16,-5.62;
15.56,-51.26,-5.97;
12.23,-50.28,-6.84;
11.45,-50.49,-7.06;
14.54,-50.74,-8.41;
12.50,-48.65,-9.85;
7.50,-45.81,-9.59;
4.79,-43.36,-9.44;
2.95,-41.27,-8.61;
1.97,-40.03,-8.51;
-3.88,-39.81,-9.27;
-9.33,-40.71,-8.29;
-6.66,-41.42,-6.34;
4.28,-40.65,-4.61;
8.05,-39.68,-5.30;
11.80,-38.02,-5.18;
13.28,-36.81,-5.54;
10.76,-36.69,-7.24;
9.22,-33.41,-8.63;
7.07,-31.27,-8.63;
1.27,-30.22,-7.45;
1.02,-30.26,-6.34;
3.92,-31.47,-6.67;
0.25,-30.03,-7.67;
-0.05,-28.22,-7.83;
0.54,-28.28,-6.89;
0.11,-26.92,-6.03;
-1.01,-25.76,-5.68;
0.12,-26.71,-6.60;
-4.79,-26.86,-8.81;
-8.50,-26.20,-10.35;
-4.72,-26.80,-7.97;
1.65,-26.57,-6.00;
7.54,-27.24,-5.24;
7.19,-28.07,-6.60;
3.57,-27.44,-8.08;
0.86,-26.29,-7.62;
-2.35,-27.81,-7.56;
-4.69,-27.93,-8.38;
-5.51,-26.34,-9.47;
-3.08,-25.24,-10.77;
-2.00,-24.84,-10.58;
-2.35,-26.32,-10.86;
-6.58,-28.20,-10.40;
-3.21,-27.93,-8.58;
2.03,-27.27,-8.32;
2.92,-25.19,-8.48;
1.34,-24.43,-9.82;
2.23,-24.69,-10.08;
6.11,-24.10,-9.59;
7.91,-20.46,-10.08;
4.67,-18.10,-9.21;
3.92,-18.23,-6.96;
4.31,-18.03,-5.58;
5.21,-18.36,-6.67;
3.68,-18.46,-7.97;
1.01,-19.88,-8.29;
2.95,-22.63,-7.59;
8.00,-23.82,-7.47;
6.14,-22.03,-9.90;
-5.86,-21.71,-13.15;
-6.35,-24.71,-11.65;
-2.12,-28.71,-11.90;
-1.31,-36.26,-12.25;
6.61,-45.32,-11.71;
19.95,-50.89,-11.32;
35.77,-50.55,-12.64;
42.58,-43.47,-15.36;
41.41,-34.97,-16.16;
43.56,-25.64,-12.29;
43.99,-20.94,-5.06;
46.73,-19.91,-0.74;
48.20,-17.93,0.76;
43.34,-17.61,0.84;
26.05,-14.26,-1.16;
8.54,-9.21,-2.77;
-4.50,-6.42,-3.41;
-13.60,-5.53,-1.56;
-21.31,-5.77,-1.99;
-25.56,-6.77,-3.16;
-27.30,-7.73,-3.12;
-24.58,-7.41,-2.64;
-20.27,-5.50,-3.62;
-14.34,-3.12,-5.19;
-8.32,-1.85,-5.39;
-0.14,-3.30,-2.67;
6.61,-5.23,0.47;
12.03,-7.16,1.40;
17.05,-8.39,0.36;
19.99,-8.55,-0.22;
20.38,-7.26,0.17;
17.77,-5.03,0.97;
14.08,-4.03,0.96;
7.63,-4.66,-0.05;
1.65,-5.21,-0.48;
-1.07,-4.83,-0.14;
-2.34,-4.16,-0.80;
-7.13,-4.23,-2.08;
-10.99,-5.42,-3.39;
-10.59,-6.13,-2.86;
-6.32,-7.45,-1.32;
-2.24,-7.79,-0.41;
2.09,-6.40,0.46;
5.22,-4.23,0.55;
6.61,-2.78,0.52;
5.70,-2.02,-0.29;
4.49,-1.52,-1.19;
4.40,-1.21,-0.45;
7.05,-1.07,1.13;
7.51,-1.32,1.31;
6.12,-1.79,0.79;
3.80,-1.85,0.09;
-1.16,-1.94,-1.32;
-4.03,-2.23,-2.32;
-4.47,-2.78,-2.28;
-3.43,-3.26,-0.87;
-1.46,-3.04,-0.34;
2.58,-2.39,0.58;
4.90,-2.63,0.38;
5.12,-3.19,-0.09;
4.64,-2.90,-0.83;
4.20,-1.52,-0.70;
6.31,-0.34,0.32;
9.70,0.07,1.59;
11.33,-0.58,2.12;
10.55,-1.96,1.60;
8.58,-2.43,1.16;
5.89,-2.63,0.21;
2.44,-2.57,-0.72;
-0.12,-2.29,-1.01;
-1.62,-1.94,-0.77;
-1.77,-0.90,-0.22;
-0.12,-0.40,0.62;
1.74,-0.66,0.56;
2.15,-0.95,0.39;
1.39,-1.18,0.23;
0.89,-0.83,0.04;
0.03,-1.10,-0.23;
-0.12,-1.53,-0.84;
2.34,-0.90,-0.46;
5.68,0.32,0.47;
5.91,0.76,0.76;
4.41,0.47,0.61;
2.11,0.48,-0.11;
0.23,0.33,0.09;
0.70,-0.26,0.20;
1.68,-0.63,0.64;
1.47,-0.74,0.59;
0.93,-1.03,0.35;
0.14,-1.42,-0.17;
-1.34,-1.67,-0.55;
-0.95,-1.48,-0.98;
-0.59,-1.19,-0.61;
0.83,-1.33,-0.34;
2.06,-1.23,0.21;
2.54,-0.72,0.53;
1.59,0.09,0.41;
-0.34,0.59,-0.22;
-0.98,0.32,-0.52;
-0.63,-0.10,-0.40;
0.58,-0.69,-0.23;
1.48,-0.95,-0.26;
1.66,-1.10,-0.06;
1.37,-0.74,-0.11;
0.49,-0.10,0.18;
-0.64,-0.14,-0.17;
-1.04,-0.37,-0.49;
0.15,-0.00,-0.23;
0.92,-0.63,-0.17;
-0.55,-0.77,-0.70;
-1.60,-0.49,-0.28;
-0.96,-0.94,-0.29;
-0.26,-0.98,-0.41;
0.28,-0.86,-0.29;
0.60,-0.65,-0.16;
1.21,-0.77,-0.25;
1.63,-0.86,-0.80;
1.66,-0.63,-0.72;
1.50,-0.19,-0.83;
1.56,0.19,-0.38;
1.56,-0.36,-0.00;
1.37,-0.43,-0.34;
1.28,-0.46,-0.57;
0.83,-0.72,-1.12;
-0.08,-0.40,-0.89;
0.09,0.19,-0.58;
0.14,0.33,-0.66;
0.26,0.27,-0.95;
0.25,-0.28,-1.22;
0.28,-0.58,-1.10;
1.83,-0.77,-0.96;
2.05,-0.34,-1.03;
2.08,0.18,-0.61;
2.50,0.48,-0.26;
2.28,0.42,-0.26;
1.62,0.32,-0.58;
1.28,0.23,-0.66;
0.52,0.24,-0.86;
-0.03,0.65,-0.83;
-0.05,0.74,-0.43;
0.81,0.93,-0.17;
2.21,0.47,-0.25;
2.69,0.21,-0.29;
2.38,0.76,0.01;
1.94,1.00,-0.20;
1.53,1.14,-0.17;
1.50,1.10,-0.12;
0.99,0.99,-0.19;
0.57,0.71,-0.28;
0.64,0.79,-0.32;
0.37,1.00,-0.11;
-0.15,1.60,-0.08;
0.05,1.39,-0.11;
0.49,0.36,-0.43;
0.25,-0.22,-0.46;
0.21,0.16,-0.20;
-0.03,0.58,-0.41;
-0.44,1.32,-0.31;
-0.56,1.16,-0.26;
-0.03,0.55,0.17;
-0.01,0.39,0.18;
0.11,0.41,-0.06;
0.31,0.71,-0.22;
0.18,1.22,-0.55;
-0.08,1.03,-0.38;
-0.52,0.19,-0.52;
-1.13,-0.19,-0.60;
-0.98,-0.02,-0.43;
-0.85,0.24,-0.57;
-0.72,0.03,-0.31;
-0.90,0.52,-0.34;
-1.14,0.93,-0.14;
-1.08,0.70,-0.03;
-1.08,0.55,-0.34;
-0.69,0.44,-0.29;
-0.93,0.09,-0.40;
-0.66,0.33,-0.29;
0.52,0.33,-0.02;
1.63,0.56,0.15;
2.52,0.70,0.15;
2.18,0.71,0.13;
1.24,0.88,0.07;
0.00,0.71,-0.20;
-0.90,0.41,-0.20;
-1.66,-0.07,-0.43;
-1.74,-0.25,-0.40;
-0.32,0.09,0.01;
0.79,0.39,0.53;
0.46,0.84,0.20;
-0.18,0.82,0.06;
-0.20,0.64,-0.00;
-0.70,0.39,-0.14;
-0.67,0.61,-0.12;
-1.07,0.61,0.13;
-1.72,0.90,-0.11;
-1.97,1.10,-0.23;
-2.55,1.03,0.07;
-2.05,0.85,0.15;
-1.07,0.77,-0.16;
-0.12,0.73,-0.14;
-0.15,1.16,0.23;
-0.96,1.80,0.62;
-1.79,1.29,0.27;
-2.73,0.70,-0.57;
-3.33,0.67,-1.04;
-2.15,0.93,-0.51;
-0.15,1.16,-0.29;
-0.05,1.72,0.07;
-0.35,1.52,0.09;
-0.56,1.13,0.06;
-0.79,0.82,-0.23;
-0.59,0.50,-0.51;
0.61,1.16,-0.32;
2.15,1.68,0.36;
2.52,1.68,0.50;
1.08,2.07,0.35;
0.14,1.63,0.52;
0.25,1.57,0.10;
-0.49,0.97,-0.55;
-0.79,1.02,-0.74;
-0.49,1.63,0.21;
-0.61,1.54,0.55;
-1.22,1.25,0.18;
-1.91,1.19,-0.22;
-1.79,1.05,-0.02;
-0.66,1.05,-0.03;
0.14,0.87,-0.14;
0.08,1.17,-0.23;
0.57,1.55,-0.08;
0.41,1.58,0.27;
-0.55,1.32,0.12;
-0.69,0.99,-0.20;
-0.79,0.90,-0.40;
-1.34,0.87,-0.51;
-1.56,0.41,-0.43;
-1.79,0.35,-0.74;
-2.12,0.61,-0.70;
-1.83,0.93,-0.83;
-1.02,0.67,-0.74;
-0.56,0.84,-0.52;
-0.59,0.59,-0.63;
-1.40,0.03,-1.09;
-1.71,0.01,-1.16;
-1.39,0.27,-0.93;
0.02,0.53,-0.87;
0.58,0.42,-0.31;
0.99,0.18,-0.26;
1.51,0.58,0.24;
1.80,1.29,0.20;
1.37,1.42,0.46;
0.40,0.84,0.13;
-0.75,0.56,-0.02;
-0.84,0.23,-0.19;
-0.66,0.07,-0.06;
-0.72,0.41,0.18;
0.38,0.47,0.49;
0.84,0.55,0.82;
0.72,0.93,0.96;
1.13,0.33,1.04;
1.08,0.06,0.64;
-0.05,0.10,0.33;
-0.96,0.27,0.33;
-1.48,0.16,-0.43;
-0.59,0.39,-0.09;
1.18,0.44,0.32;
2.08,0.45,0.35;
1.85,-0.11,0.04;
1.13,-0.63,-0.31;
0.02,-0.74,-0.20;
-0.40,-0.52,-0.55;
0.58,-0.03,-0.40;
1.33,0.09,-0.17;
1.08,0.06,0.01;
0.57,0.16,-0.35;
0.06,-0.16,-0.61;
0.02,-0.19,-0.48;
0.18,-0.36,-0.48;
0.75,-0.87,-0.46;
0.87,-0.58,-0.77;
1.27,-0.49,-0.48;
1.50,-0.42,-0.17;
0.54,-0.32,-0.34;
0.12,-0.40,-0.40;
0.31,-0.32,-0.69;
0.23,0.18,-0.38;
0.72,0.12,-0.12;
0.32,0.36,0.03;
0.47,-0.23,0.10;
0.89,-0.69,0.23;
1.42,-0.34,-0.14;
2.08,-0.14,-0.14;
3.13,-0.25,-0.16;
2.99,0.12,-0.00;
2.25,-0.02,0.07;
1.18,0.04,-0.17;
0.78,0.04,0.33;
0.72,-0.39,0.47;
0.57,-0.71,0.13;
0.50,-0.65,-0.12;
-0.03,-0.55,-0.41;
0.23,-0.07,-0.64;
0.46,0.32,0.03;
0.99,0.16,0.23;
1.89,-0.23,0.44;
2.58,-0.51,0.59;
1.71,-0.80,0.21;
1.44,-0.39,0.39;
1.80,-0.36,-0.02;
1.68,-0.32,-0.09;
2.14,-0.05,-0.46;
1.66,-0.43,-0.45;
1.10,-0.69,-0.41;
0.43,-0.84,-0.51;
-0.29,-0.61,-0.51;
0.29,-0.46,0.30;
1.31,-0.37,0.64;
1.27,-0.60,0.76;
0.31,-0.94,0.21;
-0.47,-0.94,-0.34;
0.17,-0.87,-0.66;
0.32,-0.71,-0.46;
0.09,-0.66,-0.29;
-0.17,-0.63,-0.28;
0.26,-0.95,0.07;
0.14,-1.15,-0.14;
0.67,-1.13,-0.08;
0.47,-0.90,-0.11;
0.03,-0.69,-0.12;
0.52,-0.29,-0.09;
1.12,-0.61,-0.17;
1.47,-0.78,-0.37;
1.82,-0.68,-0.57;
1.39,-0.72,0.15;
1.22,-1.12,-0.06;
1.08,-1.38,-0.58;
0.69,-1.18,-0.54;
0.18,-0.66,-0.61;
0.34,-0.45,-0.55;
1.10,0.06,0.12;
1.27,0.24,0.10;
0.57,-0.19,0.53;
-0.21,-0.07,0.24;
-0.03,-0.36,-0.45;
0.26,-0.40,-0.52;
0.40,-0.40,-0.23;
0.96,-0.52,-0.40;
1.07,-0.71,-0.63;
0.66,-0.25,-0.90;
1.08,-0.22,-0.19;
1.56,-0.10,0.24;
1.13,0.30,-0.05;
0.63,0.35,-0.43;
-0.20,0.48,-0.26;
-0.61,-0.23,-0.69;
-0.99,-0.16,-0.67;
-0.73,0.21,-0.95;
-0.24,0.32,-0.51;
0.18,0.58,-0.11;
1.44,0.56,0.21;
2.00,0.30,0.10;
2.49,0.15,0.24;
2.64,0.70,-0.20;
2.32,1.06,-0.09;
2.03,1.14,-0.37;
1.68,0.79,-0.31;
1.85,1.20,0.29;
2.00,1.78,0.61;
2.09,2.64,0.65;
1.48,3.29,0.73;
0.57,4.00,1.00;
0.52,5.43,1.69;
0.14,5.84,2.36;
-1.50,5.32,2.44;
-4.14,5.92,1.80;
-5.98,6.65,1.86;
-6.58,7.74,2.47;
-6.49,8.38,2.32;
-5.62,9.55,2.47;
-4.76,11.26,3.26;
-3.75,12.82,4.03;
-2.12,14.91,4.99;
-1.63,16.47,4.87;
-2.00,17.83,5.23;
-2.85,20.24,5.95;
-4.70,23.95,6.18;
-5.86,27.49,5.65;
-5.82,30.59,6.41;
-6.08,34.59,7.98;
-9.22,39.20,8.52;
-13.13,42.13,8.30;
-17.14,48.21,9.92;
-21.11,56.62,11.60;
-28.08,62.71,13.31;
-27.33,64.91,18.03;
-22.72,66.23,22.49;
-25.62,68.32,25.05;
-51.22,68.91,25.00;
-71.79,45.25,19.95;
-67.83,27.75,15.37;
-55.28,28.94,11.39;
-36.40,36.44,9.77;
-19.43,44.35,16.07;
-3.05,49.20,21.69;
11.86,48.87,24.56;
23.16,43.68,24.79;
28.72,38.84,22.71;
29.62,38.55,21.59;
31.71,41.97,20.93;
36.00,48.84,21.63;
38.02,54.99,21.31;
36.81,59.14,19.55;
28.96,60.47,15.04;
11.36,61.11,12.82;
-5.17,63.95,10.97;
-17.57,66.36,10.06;
-30.30,66.77,6.96;
-38.30,67.97,5.84;
-41.80,63.42,6.47;
-41.63,58.58,9.22;
-37.63,58.04,10.13;
-37.42,59.37,11.52;
-38.46,58.84,12.39;
-34.75,59.26,11.83;
-26.58,58.29,9.88;
-16.50,58.48,8.07;
-9.05,58.47,7.80;
-0.49,59.48,7.84;
1.74,60.65,7.39;
1.04,59.95,7.55;
2.31,59.57,8.06;
4.43,59.32,8.90;
1.21,58.85,10.62;
0.38,56.64,12.97;
-0.50,56.03,14.32;
-2.05,54.55,14.64;
-2.30,52.56,14.30;
-4.21,53.10,15.07;
-2.67,53.58,16.79;
-2.14,54.21,17.17;
0.26,55.31,17.43;
6.03,57.22,16.35;
7.89,56.32,14.53;
9.05,56.10,12.42;
10.79,57.74,10.01;
8.67,59.84,8.09;
1.50,59.92,6.70;
-2.14,58.91,6.32;
-1.36,56.09,7.78;
-1.25,53.45,8.56;
-0.40,54.13,9.28;
2.81,55.92,9.98;
0.95,58.09,9.91;
1.37,59.74,9.80;
2.03,58.58,11.25;
1.88,57.66,12.46;
2.38,56.41,12.75;
3.54,54.42,12.06;
6.43,54.50,10.73;
6.20,55.48,8.49;
5.53,58.82,7.02;
6.43,59.03,6.21;
4.84,57.03,5.10;
3.50,56.00,5.46;
3.57,55.51,6.04;
2.63,54.82,6.24;
3.57,55.16,5.14;
7.08,54.52,4.96;
6.96,54.03,6.23;
5.47,52.96,6.27;
4.90,51.77,6.91;
3.50,50.52,8.33;
3.13,50.44,8.82;
2.52,51.13,8.42;
5.47,50.52,8.20;
6.06,50.03,7.86;
4.58,50.27,7.45;
1.02,47.57,6.68;
0.75,47.20,7.62;
1.91,46.52,7.75;
2.44,45.35,7.88;
3.02,44.87,6.93;
2.83,45.16,6.15;
3.12,44.94,4.55;
2.83,44.67,2.79;
0.72,43.81,1.43;
-1.74,44.04,0.65;
-2.43,43.14,0.61;
-4.53,42.10,2.13;
-6.32,40.93,2.75;
-6.72,39.77,2.03;
-5.27,38.84,1.65;
-2.78,37.64,0.90;
-2.35,36.39,0.67;
-0.73,35.84,1.26;
1.54,33.98,1.19;
0.70,32.45,1.68;
-0.66,31.03,2.67;
-1.62,30.81,3.22;
-1.19,30.59,3.33;
-1.21,30.91,3.07;
-1.75,29.06,2.84;
-2.11,28.99,3.54;
-3.91,27.78,3.72;
-5.31,27.43,3.52;
-7.10,26.88,2.65;
-8.14,26.00,2.04;
-6.96,23.66,0.75;
-5.75,21.66,-1.21;
-5.48,19.97,-2.78;
-5.57,18.64,-4.34;
-3.88,17.26,-5.22;
-2.46,14.87,-5.83;
-1.39,13.16,-5.65;
-1.79,11.06,-4.54;
-3.05,8.85,-3.16;
-3.21,8.03,-2.14;
-4.11,5.39,-1.61;
-3.50,2.79,-0.75;
-1.16,-0.19,-0.34;
0.32,-2.46,0.46;
1.27,-3.59,1.81;
1.33,-5.23,2.61;
3.99,-7.27,3.75;
4.14,-9.52,4.96;
4.69,-10.43,5.45;
4.75,-11.33,5.04;
3.51,-11.77,5.00;
5.33,-13.67,5.00;
5.02,-15.30,4.49;
5.95,-16.32,4.20;
5.08,-17.06,3.57;
4.98,-18.05,2.64;
6.92,-19.97,1.69;
7.60,-21.48,1.22;
9.82,-23.10,0.56;
10.63,-23.96,0.30;
8.06,-25.16,0.06;
6.29,-27.45,0.24;
6.92,-29.13,0.35;
7.89,-30.52,-0.17;
8.64,-32.97,-0.89;
9.91,-35.62,-1.76;
12.58,-37.61,-4.25;
13.54,-38.28,-6.55;
15.57,-39.82,-9.03;
16.50,-41.24,-10.48;
17.63,-43.07,-11.33;
15.39,-44.39,-9.61;
11.10,-45.35,-8.31;
7.48,-46.40,-5.73;
4.93,-48.08,-4.09;
3.85,-49.06,-2.70;
3.83,-50.20,-1.97;
4.31,-51.07,-1.38;
6.15,-52.52,-1.25;
8.05,-53.81,-1.06;
9.88,-56.00,-1.48;
11.10,-58.28,-1.71;
11.24,-59.01,-1.76;
11.99,-59.87,-1.68;
9.50,-59.81,-1.12;
10.38,-59.76,-0.66;
10.70,-60.80,-0.83;
9.21,-62.71,-1.33;
9.77,-63.93,-1.30;
8.72,-64.63,-1.39;
5.30,-64.94,-1.79;
5.92,-64.55,-1.90;
7.18,-64.81,-2.77;
9.99,-64.71,-3.70;
10.18,-63.99,-4.17;
8.15,-63.45,-4.54;
8.83,-63.82,-4.93;
7.10,-63.18,-5.45;
3.56,-62.20,-5.21;
3.12,-62.28,-5.24;
2.32,-62.10,-5.30;
0.98,-59.47,-4.37;
-1.89,-59.45,-3.79;
-0.37,-60.58,-2.70;
-1.75,-61.36,-3.32;
-3.24,-60.65,-3.80;
-3.30,-59.33,-4.22;
-2.82,-58.36,-4.14;
-3.51,-59.50,-5.03;
-1.68,-59.94,-6.48;
0.92,-57.09,-8.23;
-2.85,-55.18,-10.17;
-6.09,-52.92,-10.81;
-8.46,-52.17,-11.07;
-13.27,-52.97,-10.43;
-15.25,-54.57,-8.81;
-13.10,-55.39,-6.34;
-11.88,-55.38,-4.66;
-14.05,-54.29,-4.32;
-13.86,-53.03,-4.70;
-13.72,-50.42,-6.84;
-14.96,-50.07,-8.48;
-13.68,-50.07,-9.41;
-9.86,-51.01,-8.81;
-4.40,-52.90,-7.76;
0.43,-53.27,-7.21;
6.81,-54.84,-6.31;
10.84,-55.53,-5.94;
11.74,-53.59,-6.86;
9.15,-51.82,-6.72;
9.56,-50.37,-6.38;
11.44,-47.61,-6.72;
8.23,-46.31,-6.69;
6.92,-45.27,-7.00;
5.70,-43.50,-7.06;
-0.63,-43.85,-10.02;
-8.23,-45.68,-10.34;
-7.50,-43.58,-9.35;
-2.58,-42.46,-8.37;
-1.82,-41.87,-8.66;
-3.02,-41.85,-9.36;
-7.17,-40.92,-10.58;
-8.76,-41.81,-12.35;
-11.98,-41.87,-13.56;
-9.45,-40.43,-13.48;
-7.07,-39.45,-12.57;
-2.40,-38.54,-10.03;
3.39,-39.03,-8.57;
4.34,-37.85,-8.25;
4.66,-37.10,-8.45;
-0.12,-39.00,-9.16;
0.66,-38.97,-7.87;
6.35,-38.17,-6.14;
9.48,-37.09,-5.01;
6.57,-36.42,-5.80;
-0.32,-33.96,-8.52;
-0.73,-32.75,-9.44;
0.81,-28.49,-9.33;
-0.98,-27.27,-10.22;
-9.05,-28.36,-10.61;
-13.65,-30.23,-8.51;
-5.95,-29.48,-8.58;
-2.47,-28.39,-10.03;
-3.28,-27.56,-11.16;
-4.05,-29.26,-12.05;
-4.41,-29.76,-11.68;
1.19,-27.94,-10.61;
7.91,-26.49,-9.53;
6.93,-29.23,-10.75;
4.90,-31.12,-11.79;
7.42,-30.40,-12.84;
11.34,-28.54,-12.74;
15.04,-26.94,-11.64;
13.74,-24.90,-11.65;
1.71,-26.98,-14.31;
-10.32,-30.28,-14.34;
-7.95,-27.85,-11.51;
-0.75,-25.01,-8.87;
5.10,-23.41,-7.67;
1.48,-20.13,-7.85;
-0.92,-18.58,-7.35;
-6.27,-16.75,-6.06;
-2.82,-15.77,-4.34;
3.21,-14.19,-4.43;
9.05,-14.77,-5.30;
11.76,-14.02,-6.34;
8.92,-15.42,-8.02;
7.50,-18.31,-8.84;
6.57,-21.84,-10.40;
3.82,-23.39,-10.93;
6.81,-23.59,-8.60;
14.83,-25.36,-6.14;
20.12,-30.63,-5.61;
27.39,-38.17,-6.48;
33.22,-41.56,-8.02;
36.29,-38.72,-11.88;
32.37,-31.65,-14.66;
23.50,-23.71,-13.13;
21.80,-19.03,-8.48;
21.68,-15.53,-4.90;
19.27,-15.81,-3.16;
15.76,-17.65,-3.73;
8.18,-13.27,-4.46;
-1.40,-7.53,-5.07;
-6.72,-5.01,-1.91;
-8.64,-4.46,-0.57;
-13.10,-5.12,-2.51;
-13.57,-5.42,-3.71;
-12.99,-5.45,-4.41;
-11.24,-5.91,-4.28;
-7.72,-6.32,-4.81;
-2.82,-6.19,-5.27;
2.21,-6.13,-4.96;
5.76,-4.95,-3.90;
6.23,-4.37,-2.23;
8.76,-3.76,0.01;
9.62,-3.73,1.04;
8.43,-4.26,0.68;
4.73,-5.12,-0.90;
1.50,-4.92,-2.28;
-2.78,-3.36,-3.39;
-5.54,-1.48,-3.09;
-5.74,-0.86,-2.03;
-6.09,-1.68,-1.59;
-9.11,-1.88,-2.45;
-10.03,-2.52,-1.53;
-7.43,-3.84,-0.69;
-6.87,-4.80,-1.13;
-4.75,-3.44,-1.82;
-1.43,-1.09,-2.28;
-0.08,-0.00,-2.28;
2.79,0.16,-0.80;
6.63,-0.58,0.90;
7.27,-1.79,0.84;
5.39,-2.65,-0.23;
3.45,-2.57,-0.06;
2.52,-2.29,-0.03;
-1.05,-1.87,-0.37;
-4.18,-1.64,-1.80;
-5.28,-0.78,-2.25;
-5.45,-1.13,-1.85;
-4.84,-1.73,-0.84;
-1.71,-2.00,-0.51;
-0.12,-1.97,-0.17;
1.70,-1.15,0.24;
4.12,-0.74,0.88;
4.31,-0.66,0.68;
2.29,-0.29,0.49;
1.27,-1.06,0.15;
1.05,-0.83,-0.37;
1.99,0.79,-0.58;
1.07,1.57,-0.54;
0.02,0.07,0.55;
-0.61,-2.51,1.31;
-1.36,-3.70,0.42;
-1.92,-2.83,-1.56;
-2.53,-0.87,-1.62;
-0.32,1.42,-0.22;
2.75,1.78,0.58;
3.18,0.74,0.41;
4.38,-0.31,0.73;
5.92,-1.24,1.17;
4.21,-1.36,0.81;
1.08,0.19,-0.35;
0.28,0.71,-0.48;
0.23,0.50,-0.03;
-0.99,-0.11,-0.29;
-2.34,-0.52,-0.70;
-2.09,-1.10,-0.19;
-1.88,-1.44,-0.34;
-1.19,-0.80,-0.83;
-1.54,-0.19,-0.93;
-1.97,-0.34,-0.05;
-0.70,-0.10,1.19;
0.86,-0.48,1.34;
1.95,-0.43,0.79;
3.97,-0.25,0.91;
3.47,0.44,0.26;
0.34,0.94,-0.14;
-1.60,0.21,-0.40;
-2.92,-1.45,-0.28;
-3.40,-2.68,-0.38;
-2.55,-2.81,-0.22;
-1.42,-1.56,0.06;
0.67,-0.39,0.81;
0.50,-0.92,0.91;
-0.17,-1.84,0.75;
0.52,-3.38,0.09;
1.13,-3.58,-0.81;
0.75,-2.20,-1.24;
-0.27,-1.10,-0.48;
-0.70,-1.91,0.49;
0.32,-3.32,0.99;
2.18,-4.58,0.96;
2.40,-5.76,0.68;
2.05,-6.48,-0.55;
2.81,-5.59,-1.38;
2.21,-4.72,-2.00;
-0.35,-2.68,-1.73;
0.02,-1.87,0.56;
3.25,-2.57,1.84;
7.63,-3.82,1.51;
9.56,-5.59,0.46;
8.44,-6.77,-0.70;
4.15,-6.81,-1.21;
1.08,-6.65,-1.83;
0.28,-5.13,-2.20;
1.82,-2.83,-1.41;
4.31,-1.36,0.06;
6.28,-1.24,1.00;
6.35,-1.68,1.16;
6.14,-3.19,0.90;
6.26,-4.23,0.81;
5.34,-4.60,0.06;
2.46,-4.49,-0.70;
0.76,-3.58,-1.10;
0.66,-1.56,-0.87;
1.56,-0.40,0.18;
3.25,-0.20,0.90;
4.40,-0.74,1.02;
4.37,-1.76,0.42;
2.25,-2.48,0.15;
1.05,-2.37,-0.03;
0.49,-2.19,-0.12;
1.12,-2.07,-0.11;
2.44,-1.39,0.56;
2.84,-1.09,0.33;
2.18,-1.19,0.13;
1.66,-0.34,0.32;
2.12,-0.39,0.39;
1.88,-0.25,0.33;
1.53,-0.17,0.56;
1.51,-0.68,0.58;
1.88,-1.16,0.46;
1.56,-1.21,0.35;
1.02,-0.75,0.07;
0.78,-0.37,-0.08;
0.98,-0.22,0.26;
1.22,-0.72,-0.14;
1.39,-0.87,0.20;
1.73,-0.86,0.58;
2.57,-0.65,0.53;
2.21,-0.77,0.15;
1.53,-0.63,-0.00;
1.42,-0.22,-0.34;
1.31,-0.51,-0.45;
1.42,-0.89,-1.10;
1.47,-0.97,-1.13;
1.44,-0.66,-0.60;
0.61,-0.48,-0.40;
-0.01,-0.14,-0.11;
-0.18,-0.52,-0.05;
-0.70,-1.01,-0.26;
-0.95,-1.50,-0.49;
-1.22,-1.30,-0.57;
-1.14,-1.15,-0.64;
-0.52,-0.68,-0.51;
0.17,-0.51,-0.43;
0.99,-0.68,-0.61;
1.22,-0.84,-0.60;
0.52,-0.89,-0.81;
-0.14,-1.24,-1.00;
-0.11,-1.39,-1.33;
0.34,-1.36,-1.13;
1.19,-1.16,-0.55;
0.95,-0.54,-0.26;
0.66,-0.19,-0.26;
0.78,-0.13,-0.45;
1.30,-0.22,0.04;
1.24,-0.17,-0.06;
0.11,-0.16,-0.23;
-0.46,-0.51,-0.48;
-0.79,-0.89,-0.74;
-0.78,-1.03,-0.93;
-0.87,-1.10,-1.36;
-0.92,-0.87,-1.27;
-0.87,-0.54,-1.00;
0.73,0.23,-0.46;
1.65,-0.10,-0.22;
1.25,-0.23,-0.41;
1.10,0.15,-0.60;
0.99,0.53,-0.34;
0.28,0.58,-0.35;
0.06,0.15,-0.77;
0.05,-0.11,-1.33;
0.43,-0.11,-1.12;
0.63,-0.23,-0.84;
-0.11,0.09,-0.86;
-0.69,0.33,-0.87;
-0.75,0.06,-1.03;
-0.72,0.24,-0.64;
-0.96,0.45,-0.37;
-1.28,0.64,-0.57;
-1.33,0.99,-0.08;
-1.19,1.06,-0.16;
-0.99,0.71,-0.86;
-0.50,0.24,-1.18;
-0.08,0.39,-0.67;
0.06,0.13,-0.46;
-0.41,0.07,-0.90;
-0.32,0.04,-1.07;
0.26,0.38,-0.54;
0.78,0.76,-0.02;
0.93,1.11,0.23;
1.02,0.97,-0.06;
0.41,0.61,-0.06;
-0.49,0.45,-0.66;
-0.75,0.24,-0.90;
-0.56,0.10,-0.96;
0.09,0.33,-0.41;
1.07,0.56,0.12;
1.41,0.53,0.38;
0.79,0.76,0.58;
-0.15,0.96,0.03;
-0.59,0.74,-0.43;
-0.56,0.82,-0.66;
-0.01,0.55,-0.55;
-0.01,0.29,-0.80;
0.14,0.65,-0.31;
0.34,0.56,-0.17;
0.05,0.87,0.09;
0.26,0.26,-0.28;
-0.06,-0.31,-0.83;
0.11,-0.26,-1.21;
0.67,0.32,-0.93;
1.02,0.50,-0.46;
1.48,0.73,-0.16;
0.57,0.19,-0.20;
-0.24,0.33,-0.09;
-1.10,0.33,0.06;
-1.37,0.64,-0.35;
-1.94,0.62,-0.80;
-2.12,0.52,-1.10;
-1.46,0.59,-0.95;
-0.40,0.53,-0.43;
0.66,0.90,0.38;
1.19,0.48,0.47;
1.02,0.38,0.15;
0.02,0.68,0.29;
-0.18,0.84,0.27;
0.44,0.88,0.35;
1.24,0.93,0.52;
2.14,1.20,0.96;
2.38,1.46,1.16;
1.16,1.20,0.85;
0.58,1.14,0.56;
1.08,1.10,0.76;
2.67,0.91,0.46;
3.73,0.64,0.55;
3.53,0.13,0.49;
2.64,-0.14,-0.06;
1.92,0.12,-0.29;
1.25,0.41,-0.43;
0.23,0.50,-0.55;
-0.26,0.19,-0.61;
0.23,0.35,-0.48;
0.66,0.39,-0.09;
1.05,0.65,0.01;
1.01,0.88,-0.09;
0.96,1.14,-0.78;
1.22,1.19,-0.66;
1.59,1.52,-0.12;
1.50,1.66,-0.00;
0.49,1.25,-0.31;
0.63,0.45,-0.16;
3.24,-0.03,1.20;
2.15,0.13,1.60;
-1.60,0.33,1.40;
-3.65,1.25,0.36;
-1.11,1.72,0.03;
2.96,2.13,-0.09;
5.39,2.90,0.32;
5.48,2.84,1.23;
5.91,1.69,1.31;
5.77,-0.95,0.47;
3.48,-2.48,-0.95;
2.75,-1.93,-1.36;
3.79,-0.77,-0.72;
5.04,0.71,0.06;
4.90,2.26,0.35;
3.08,2.94,0.62;
1.30,2.71,0.67;
-0.41,1.48,0.64;
-0.66,0.30,0.59;
0.02,-0.19,0.42;
0.29,1.23,1.36;
0.60,2.16,2.20;
-0.15,2.62,2.39;
1.62,2.39,2.27;
6.73,1.66,1.62;
9.76,1.83,1.36;
12.12,2.81,2.09;
14.37,3.17,2.56;
14.63,2.61,1.78;
12.61,0.76,0.42;
9.80,-0.65,-0.70;
6.31,-1.48,-0.84;
3.31,-2.19,-0.70;
-0.69,-2.78,-0.74;
-4.56,-2.81,-0.89;
-6.32,-3.67,-0.98;
-5.95,-2.86,-1.19;
-3.36,-0.94,-0.41;
0.26,1.40,1.30;
0.35,4.06,3.22;
-1.02,6.13,5.43;
-3.37,5.19,5.26;
-7.24,4.10,4.12;
-8.55,3.31,3.39;
-2.18,3.64,2.96;
5.22,5.35,3.04;
10.29,6.58,3.69;
8.02,3.97,3.62;
0.83,-0.86,2.07;
-7.31,-5.84,-0.48;
-13.02,-8.29,-3.74;
-12.73,-8.75,-4.96;
-7.75,-8.00,-3.62;
1.65,-6.29,0.50;
7.25,-3.70,3.88;
7.94,-0.94,5.00;
6.46,0.79,4.62;
3.39,-0.61,1.51;
0.31,-2.51,-0.84;
-2.09,-3.19,-1.10;
-4.21,-4.22,-0.22;
-3.95,-5.94,0.27;
-3.33,-6.87,-0.45;
-1.80,-6.46,-2.29;
0.23,-4.32,-3.15;
2.08,-4.05,-2.38;
3.45,-4.61,-0.64;
0.98,-5.35,0.01;
-2.11,-6.61,-0.55;
-3.68,-7.09,-1.54;
-3.77,-6.43,-1.90;
-2.34,-4.26,0.03;
-0.69,-1.88,1.97;
-1.22,-2.08,2.27;
-2.08,-3.07,0.29;
-1.53,-3.71,-1.73;
-0.43,-4.66,-3.01;
0.64,-5.70,-3.18;
0.20,-7.23,-3.33;
-0.41,-7.97,-3.61;
-1.50,-9.16,-4.08;
-1.10,-8.60,-4.17;
-0.43,-7.39,-3.56;
2.37,-5.30,-2.96;
5.31,-3.00,-1.70;
7.56,-1.00,-0.95;
7.94,-0.25,-0.57;
5.77,0.16,-0.63;
3.76,0.56,0.62;
2.14,-0.10,1.02;
-1.74,-1.42,0.67;
-3.85,-1.82,-0.06;
-5.01,-1.90,-1.09;
-3.13,-1.26,-1.04;
2.40,0.52,-0.49;
5.66,1.10,0.79;
7.44,0.59,0.87;
6.47,-0.08,-0.00;
5.74,-0.11,-0.72;
6.17,-0.05,-0.75;
4.05,-0.17,-0.29;
0.29,-0.94,-0.67;
-2.59,-1.84,-1.48;
-3.72,-2.65,-2.16;
-2.87,-0.92,-1.39;
-1.27,0.96,-0.80;
0.32,1.45,-0.54;
1.85,2.03,0.97;
3.34,1.37,2.04;
2.64,0.59,2.35;
-0.37,-0.34,2.00;
-3.10,-2.29,0.10;
-3.57,-3.29,-2.00;
-1.65,-2.95,-2.84;
1.68,-2.72,-1.97;
2.78,-2.51,-0.87;
1.10,-3.62,-1.01;
-1.77,-4.92,-2.35;
-2.81,-5.97,-3.65;
-2.55,-5.77,-4.37;
-1.88,-5.23,-3.35;
-0.23,-4.31,-1.76;
-0.29,-3.59,-0.66;
-2.23,-3.52,-0.48;
-5.33,-4.46,-1.53;
-6.72,-5.64,-3.18;
-6.06,-5.50,-3.77;
-4.82,-4.55,-3.42;
-4.70,-3.52,-2.41;
-4.58,-4.57,-2.03;
-4.05,-6.52,-3.09;
-2.53,-7.47,-3.68;
-0.14,-6.65,-3.51;
2.69,-4.36,-2.11;
4.75,-2.65,-1.22;
7.36,-2.74,-1.61;
9.24,-3.09,-1.80;
7.76,-2.34,-1.04;
5.41,-1.41,0.99;
4.41,-2.77,1.36;
0.34,-5.56,-1.03;
-4.98,-6.10,-3.51;
-5.83,-3.21,-2.98;
-3.42,0.01,-1.04;
-0.21,-0.20,-0.14;
1.95,-2.40,-1.06;
2.90,-4.94,-1.80;
1.95,-4.19,-1.51;
-0.66,-2.57,0.44;
-1.98,-2.20,0.90;
-2.27,-3.27,-0.37;
-2.08,-3.27,-2.38;
-2.46,-1.48,-2.32;
-2.47,0.96,-0.48;
-1.19,1.00,0.62;
-0.37,-1.15,-0.08;
0.21,-2.51,-1.47;
0.98,-1.71,-1.64;
1.54,0.15,-0.57;
2.28,0.76,-0.29;
2.70,0.16,-0.52;
2.69,-0.81,-1.00;
1.83,-1.48,-1.21;
0.41,-1.55,-1.33;
0.23,-1.50,-1.54;
1.36,-1.41,-1.18;
1.95,-0.81,-0.96;
1.80,-0.25,-0.58;
0.66,0.47,-0.67;
-0.64,0.53,-0.60;
-0.85,-0.36,-0.51;
-0.67,-1.82,-1.33;
-0.14,-2.55,-2.19;
0.54,-1.97,-2.66;
1.56,-0.54,-1.27;
2.70,0.76,0.44;
2.63,-0.00,0.41;
1.71,-0.57,-0.69;
-0.20,-0.02,-0.69;
-1.94,0.36,0.06;
-3.19,0.29,0.27;
-2.35,-0.36,-0.48;
-1.63,-0.80,-1.36;
-1.72,0.15,-1.33;
-2.44,1.51,-0.54;
-3.62,1.06,-0.14;
-3.94,-0.08,-1.15;
-3.10,-0.90,-2.08;
-3.11,0.26,-1.32;
-2.90,1.40,-0.61;
-2.76,1.72,-0.22;
-2.21,1.08,-1.06;
-1.17,0.65,-1.53;
-0.41,1.00,-1.07;
0.61,2.15,0.47;
0.87,2.19,0.84;
0.03,1.75,0.32;
-0.98,0.19,-0.75;
0.72,0.85,-1.01;
3.50,3.10,0.39;
5.28,4.79,2.35;
3.04,3.37,2.12;
-0.46,1.66,0.41;
-0.98,1.19,-0.93;
0.29,2.10,-0.77;
1.94,2.67,-0.52;
3.10,2.52,-0.63;
3.08,2.15,-1.29;
3.01,2.21,-0.80;
2.54,1.97,0.04;
1.56,0.39,0.56;
3.16,-1.04,-0.25;
6.14,-0.42,-0.38;
9.19,1.02,0.47;
11.24,3.61,2.36;
14.76,3.03,3.45;
14.34,0.33,3.00;
9.27,-2.54,1.20;
5.77,-2.37,-0.49;
8.00,0.18,-0.40;
12.28,5.52,0.94;
12.79,6.94,2.24;
7.82,2.13,1.65;
1.65,-4.03,-1.50;
0.73,-5.32,-3.10;
2.60,-2.22,-0.69;
4.89,1.26,2.84;
5.30,2.16,4.75;
2.32,1.00,3.23;
0.47,0.97,1.30;
1.91,2.79,0.20;
2.18,4.59,1.37;
1.70,3.57,2.21;
-1.27,0.26,2.04;
-2.38,-0.95,1.31;
1.04,0.27,0.94;
4.09,2.59,1.45;
4.69,3.43,1.97;
2.73,-0.42,0.87;
0.67,-4.20,-0.83;
-1.48,-5.88,-1.39;
-1.08,-4.57,-1.03;
-0.92,-3.15,-0.80;
-1.48,-2.49,-0.89;
-2.37,-2.71,-0.87;
-1.91,-3.50,-0.83;
-0.90,-3.84,-1.32;
-1.36,-3.53,-1.76;
-1.22,-2.98,-1.45;
0.46,-2.42,-1.03;
1.13,-2.16,-0.89;
-0.35,-1.71,-0.23;
-1.88,-1.19,-0.23;
-2.43,-1.16,-1.39;
-2.90,-2.37,-2.60;
-2.90,-4.16,-2.96;
-2.29,-3.91,-2.06;
-0.24,-0.75,0.99;
0.26,1.84,2.59;
-1.88,2.04,1.25;
-3.31,1.68,-0.11;
-3.62,1.71,-0.58;
-3.59,2.09,-0.34;
-2.23,2.24,-0.67;
-2.09,1.16,-1.50;
-3.11,0.47,-1.21;
-4.03,0.48,0.01;
-3.86,0.85,1.22;
-2.12,1.17,1.23;
-1.59,1.25,-0.17;
-1.48,1.00,-1.65;
-0.46,0.99,-2.06;
1.76,0.94,-0.78;
0.95,1.16,0.56;
-1.45,1.23,0.96;
-3.46,1.69,-0.37;
-2.93,2.91,-1.06;
0.67,3.11,-0.84;
3.54,2.85,0.04;
3.70,2.03,0.99;
1.53,1.08,1.19;
-0.95,0.73,0.62;
-1.04,0.74,0.29;
-0.70,1.08,-0.00;
-0.09,2.16,0.10;
0.44,3.54,0.88;
0.55,4.23,1.46;
-0.84,4.21,1.37;
-2.84,2.96,0.33;
-4.46,2.90,-0.40;
-4.21,3.13,-0.22;
-0.87,3.20,0.41;
-0.93,3.06,0.58;
-1.95,2.93,0.33;
-1.77,3.86,0.41;
-1.28,4.82,0.99;
-0.29,6.29,1.31;
0.84,6.90,1.55;
3.16,6.00,2.15;
2.99,4.71,2.13;
1.45,3.75,2.17;
-1.08,4.03,1.42;
-2.69,5.00,0.94;
-2.82,5.89,0.33;
-1.07,5.13,0.50;
-0.01,3.69,0.96;
-0.73,3.00,1.02;
-2.75,2.71,1.04;
-4.43,2.91,0.49;
-3.74,3.95,0.23;
-2.43,4.19,0.53;
-0.56,3.75,0.85;
0.58,3.83,1.26;
0.54,4.33,1.66;
-0.44,4.62,2.70;
-3.45,4.64,2.41;
-4.44,4.13,1.62;
-3.57,3.78,1.37;
-2.41,4.15,1.46;
-2.23,5.03,2.62;
-2.41,5.00,3.20;
-2.56,5.10,2.58;
-4.46,4.94,1.65;
-4.67,5.19,1.65;
-3.17,5.90,2.36;
-0.29,5.55,3.52;
-1.42,5.48,4.12;
-2.99,5.26,3.84;
-4.53,4.85,2.87;
-6.06,4.77,1.92;
-5.89,5.46,1.84;
-4.27,6.41,2.46;
-3.40,7.05,2.73;
-2.52,7.03,2.61;
-0.95,6.70,3.10;
0.49,6.50,3.45;
-0.50,6.48,3.91;
-1.51,6.55,3.77;
-3.17,6.53,2.85;
-3.91,6.50,2.17;
-3.80,6.18,1.69;
-2.35,6.23,1.45;
-0.99,6.44,1.72;
1.24,6.85,2.75;
0.84,7.35,3.36;
-0.70,7.48,2.81;
-0.63,7.66,2.50;
0.34,7.16,2.32;
0.69,7.43,2.50;
0.35,8.41,3.75;
0.58,8.68,4.56;
0.32,8.36,3.81;
-1.72,7.95,2.88;
-2.24,8.01,2.00;
-1.43,8.09,2.06;
-1.16,7.90,2.64;
-1.22,7.90,3.26;
-0.63,7.45,3.92;
0.43,6.67,3.23;
2.06,5.86,2.65;
3.37,6.74,3.17;
2.84,8.10,4.85;
1.34,8.68,5.63;
-0.01,8.41,4.88;
-2.72,7.78,3.08;
-3.24,8.00,1.75;
-1.21,8.91,1.78;
2.32,8.74,2.53;
4.05,7.20,3.20;
4.46,4.90,3.42;
4.76,4.94,3.19;
5.10,6.27,3.34;
4.05,7.05,3.98;
2.87,7.19,4.27;
2.25,7.43,4.10;
2.14,7.68,3.52;
2.05,7.46,2.90;
1.25,7.43,2.94;
0.12,8.16,2.76;
-0.08,8.58,2.76;
0.23,8.23,2.81;
0.61,7.49,3.17;
0.14,7.34,3.94;
-0.03,7.83,4.32;
-0.41,9.32,4.79;
-0.35,10.21,4.94;
-1.75,10.12,4.94;
-3.69,9.74,4.79;
-5.43,9.87,4.55;
-5.97,10.23,3.91;
-5.02,10.01,2.17;
-2.37,10.09,2.24;
-0.30,9.51,2.47;
1.28,9.35,3.46;
2.76,9.90,4.58;
3.25,10.48,4.27;
3.95,11.23,3.43;
6.02,12.06,2.55;
7.59,13.92,3.07;
6.98,14.32,3.88;
5.37,13.95,3.59;
1.27,13.20,3.28;
-1.53,13.54,3.36;
-0.98,14.27,3.45;
1.50,14.82,3.16;
4.70,15.10,2.50;
5.53,13.87,1.16;
3.15,11.68,-0.63;
0.31,11.11,-0.43;
0.15,12.32,2.21;
0.81,13.61,4.01;
0.89,16.42,4.88;
0.37,20.74,4.78;
-0.27,22.97,4.49;
-0.12,25.19,4.81;
1.07,27.61,5.81;
1.60,29.17,6.36;
2.29,32.87,7.07;
3.16,37.02,6.49;
4.20,40.26,8.47;
5.45,39.00,10.93;
3.77,36.04,11.40;
0.18,35.93,10.09;
-4.41,35.61,8.97;
-4.56,38.07,9.13;
-4.90,40.41,9.39;
-7.01,41.05,8.67;
-7.92,39.58,8.29;
-6.34,39.84,9.83;
-9.80,39.95,9.51;
-17.24,32.81,6.97;
-25.62,26.30,4.27;
-31.43,24.06,4.04;
-31.33,25.17,4.96;
-26.00,26.99,7.91;
-12.67,27.29,10.56;
1.66,27.97,10.20;
12.35,28.81,8.10;
15.33,28.30,6.38;
12.35,25.77,6.21;
7.57,25.61,6.09;
1.88,29.97,6.53;
1.33,32.09,7.52;
-1.24,29.61,7.33;
-9.24,25.66,5.89;
-6.03,23.78,5.74;
2.95,24.16,5.97;
3.74,26.10,6.61;
0.81,28.41,6.93;
2.44,32.19,5.45;
0.12,35.43,4.12;
-2.14,35.89,3.98;
-5.08,31.69,3.81;
-10.35,25.87,3.65;
-7.85,25.89,5.46;
-3.89,30.71,6.78;
-3.14,33.57,6.38;
-4.67,32.77,5.60;
-2.98,33.54,6.59;
2.17,37.40,5.48;
1.05,36.26,4.36;
-1.97,34.15,4.35;
-5.98,31.74,3.91;
-10.73,31.29,3.89;
-13.17,33.03,3.40;
-10.53,34.32,3.60;
-5.25,35.11,3.52;
-4.58,36.26,4.27;
-2.43,38.56,5.91;
-1.68,39.06,6.38;
-2.17,36.10,4.64;
-2.29,35.52,4.01;
-0.47,35.54,4.55;
0.20,33.37,4.64;
2.95,32.74,4.78;
6.40,36.07,5.23;
7.41,40.73,5.77;
5.73,40.01,4.90;
4.21,38.27,4.59;
1.76,38.38,4.12;
-1.98,38.35,5.28;
-2.00,40.27,5.92;
-1.39,38.38,5.34;
0.44,38.23,6.15;
3.79,39.78,6.70;
3.19,39.16,6.26;
4.96,38.91,5.77;
5.31,40.09,6.39;
3.51,41.35,6.12;
1.51,42.38,5.31;
2.54,43.26,4.53;
-2.69,43.20,3.65;
-3.75,42.23,3.42;
-2.01,42.82,3.31;
-3.66,42.10,2.81;
-7.24,40.76,1.65;
-6.14,42.19,0.75;
-5.31,43.45,1.00;
-6.18,43.69,1.69;
-6.81,44.70,1.55;
-7.51,44.26,1.57;
-7.50,43.22,0.97;
-3.11,43.93,0.85;
-3.25,43.84,1.31;
-0.96,46.00,1.77;
-3.04,44.74,1.95;
-1.24,45.42,2.55;
-2.78,45.84,2.94;
-2.41,45.13,4.41;
-3.22,42.84,4.59;
-0.08,44.16,4.76;
-0.27,44.71,4.99;
0.92,44.73,5.94;
1.13,44.45,6.35;
2.61,44.88,6.55;
2.02,43.69,6.30;
2.49,41.64,6.36;
4.14,40.32,5.86;
7.24,40.00,6.91;
6.11,39.25,7.16;
4.35,38.84,7.13;
4.43,39.49,7.52;
5.18,38.10,7.37;
7.80,37.90,6.79;
5.53,35.25,5.52;
4.99,32.62,5.43;
3.48,33.49,5.08;
0.79,32.59,4.33;
-0.30,31.61,4.67;
-1.24,30.61,4.27;
1.05,30.39,4.26;
2.60,28.87,3.92;
4.44,27.64,3.95;
5.94,26.62,4.13;
7.37,25.23,3.78;
5.31,24.07,3.52;
3.47,22.88,2.87;
4.60,21.51,3.04;
5.19,20.61,2.67;
3.73,20.56,2.01;
-0.55,20.87,1.69;
-3.21,19.74,1.37;
-7.66,16.29,1.16;
-7.01,15.46,1.52;
-6.96,13.49,1.04;
-4.47,11.40,1.19;
-1.98,10.41,1.33;
0.26,8.88,0.49;
2.58,8.39,-0.52;
2.66,7.87,-0.81;
2.57,5.61,-0.90;
2.76,4.26,-0.26;
0.08,2.55,-0.84;
-1.60,1.51,-0.45;
-3.34,1.02,-0.57;
-2.84,0.39,-0.81;
-1.98,-0.84,-1.06;
-1.07,-2.02,-1.54;
-0.59,-3.23,-1.74;
-0.78,-3.48,-1.90;
-0.34,-3.96,-3.00;
-0.01,-4.25,-3.45;
-0.12,-4.60,-3.58;
0.00,-5.03,-3.24;
0.26,-6.13,-2.02;
-0.95,-6.13,-1.56;
-1.69,-5.96,-1.48;
-1.21,-6.13,-0.67;
-0.03,-5.71,-0.22;
1.59,-5.27,-0.52;
3.21,-5.06,-0.20;
2.70,-4.31,-0.74;
2.60,-3.61,-1.07;
1.70,-2.45,-1.94;
0.84,-2.14,-2.92;
1.39,-1.04,-3.33;
0.15,-1.27,-4.12;
0.54,-0.75,-3.85;
0.15,-0.29,-3.82;
-0.14,0.16,-3.82;
-1.86,1.75,-4.02;
-2.52,1.68,-3.88;
-4.49,2.24,-4.02;
-6.38,1.52,-4.35;
-7.08,0.26,-4.03;
-6.55,-0.20,-3.38;
-4.46,-0.77,-2.46;
-1.50,-0.86,-1.68;
-1.10,-2.43,-1.21;
0.00,-3.59,-1.16;
1.02,-4.74,-1.04;
3.76,-5.03,-0.96;
4.89,-5.56,-0.38;
1.62,-6.02,-0.34;
-0.29,-7.10,0.20;
-1.80,-7.90,0.15;
-0.93,-8.08,0.15;
0.06,-8.77,-0.46;
0.31,-8.83,-0.64;
1.74,-9.33,-0.45;
3.92,-11.23,0.01;
4.50,-13.27,0.18;
3.82,-14.84,0.04;
3.18,-16.05,-1.10;
2.18,-17.55,-2.16;
3.04,-19.36,-2.41;
2.66,-22.10,-2.17;
0.79,-24.84,-2.19;
0.12,-26.63,-2.86;
-0.27,-28.48,-3.16;
-0.64,-30.97,-4.08;
0.40,-32.84,-4.77;
-1.75,-34.40,-5.32;
-3.79,-37.16,-5.90;
-3.72,-38.81,-6.19;
-3.83,-39.90,-6.34;
-2.79,-40.95,-6.38;
-2.93,-42.46,-7.44;
-2.64,-44.52,-7.70;
-1.31,-44.90,-6.92;
-1.92,-46.26,-6.38;
-2.12,-46.83,-6.60;
-3.37,-46.75,-6.84;
-2.32,-49.10,-8.57;
-2.01,-47.16,-7.01;
-5.88,-45.90,-6.35;
-2.14,-45.32,-5.82;
-4.93,-45.62,-5.29;
-5.89,-44.75,-5.56;
-7.04,-46.00,-5.29;
-5.30,-46.16,-4.70;
-5.01,-45.68,-3.71;
-6.20,-46.40,-3.44;
-7.65,-47.06,-3.47;
-7.14,-46.86,-3.35;
-9.24,-47.74,-2.96;
-9.79,-47.52,-2.51;
-9.89,-47.65,-2.09;
-11.19,-47.71,-2.26;
-10.46,-46.20,-2.09;
-9.40,-46.92,-2.69;
-9.66,-47.10,-2.66;
-9.79,-48.37,-2.83;
-7.65,-48.75,-2.69;
-8.40,-48.92,-2.26;
-10.53,-49.19,-1.76;
-12.01,-49.68,-1.47;
-12.47,-50.42,-1.32;
-12.55,-51.16,-1.32;
-13.22,-51.61,-1.19;
-14.24,-52.05,-1.19;
-14.01,-51.64,-1.65;
-13.36,-51.71,-1.51;
-10.55,-53.27,-1.15;
-9.31,-54.49,-1.96;
-6.11,-54.36,-2.66;
-1.89,-54.87,-2.98;
2.28,-53.29,-3.06;
4.47,-52.98,-2.67;
6.90,-52.39,-1.38;
11.01,-51.68,-0.16;
11.92,-51.79,0.47;
10.96,-50.43,1.43;
8.20,-48.98,2.73;
9.82,-47.16,4.99;
11.95,-47.06,6.81;
10.23,-46.49,7.57;
7.47,-46.78,8.04;
9.10,-46.40,8.85;
13.82,-46.16,10.01;
17.65,-46.84,10.78;
19.73,-46.98,10.68;
22.69,-47.82,10.94;
23.60,-46.16,9.98;
19.76,-43.70,9.42;
12.50,-41.94,8.06;
14.69,-42.60,9.30;
15.82,-41.90,8.78;
16.41,-39.27,7.36;
10.93,-38.58,4.93;
10.90,-37.39,4.56;
12.05,-36.69,5.07;
8.49,-36.02,4.38;
4.47,-35.26,3.49;
2.03,-31.04,2.58;
-0.95,-28.34,2.09;
-5.36,-27.70,0.65;
-8.82,-25.77,-2.52;
-9.31,-25.88,-3.85;
-7.79,-25.18,-4.23;
-3.42,-24.80,-4.35;
-1.62,-24.58,-5.22;
-0.73,-21.82,-6.87;
-2.72,-18.60,-7.88;
-3.85,-14.97,-8.25;
-5.33,-13.35,-9.45;
-4.85,-14.46,-10.90;
-2.76,-16.16,-11.06;
0.93,-17.79,-10.58;
3.85,-16.83,-10.29;
3.05,-16.03,-11.01;
-0.59,-17.53,-12.20;
-5.21,-16.74,-14.86;
-7.86,-14.25,-17.71;
-10.49,-12.61,-18.49;
-10.40,-10.66,-19.13;
-15.04,-10.19,-19.90;
-16.82,-13.24,-19.50;
-14.79,-14.49,-19.33;
-12.72,-14.80,-19.54;
-10.99,-13.03,-18.61;
-7.69,-10.87,-18.17;
-6.14,-8.43,-17.91;
-10.93,-2.98,-20.11;
-21.21,-0.13,-22.17;
-22.98,-0.34,-22.14;
-19.10,-1.67,-20.81;
-15.89,-2.71,-19.51;
-12.20,-2.97,-17.33;
-6.29,-3.44,-15.42;
-9.71,-3.71,-16.67;
-16.00,-2.42,-18.89;
-15.48,-0.34,-21.25;
-11.59,0.91,-22.66;
-10.92,1.19,-22.74;
-11.53,1.81,-22.03;
-14.29,1.93,-21.21;
-18.93,3.28,-21.53;
-24.46,3.78,-21.70;
-30.08,3.90,-22.09;
-32.17,3.61,-21.85;
-37.42,4.23,-22.19;
-51.82,2.94,-22.98;
-59.82,2.56,-22.46;
-54.21,5.78,-21.06;
-48.06,8.99,-20.35;
-43.43,10.96,-18.38;
-39.17,11.98,-16.54;
-38.66,11.74,-15.70;
-37.08,10.30,-15.50;
-34.96,8.91,-15.01;
-34.27,8.32,-15.09;
-36.11,8.53,-15.12;
-38.03,8.99,-14.75;
-38.58,10.48,-14.05;
-38.26,11.98,-12.72;
-36.09,13.77,-11.12;
-32.56,14.87,-9.58;
-29.56,14.16,-8.86;
-25.31,12.76,-8.03;
-22.37,11.25,-8.02;
-19.28,9.55,-8.51;
-16.40,9.17,-8.70;
-11.79,9.00,-8.09;
-7.68,9.35,-7.44;
-5.40,9.54,-6.75;
-3.31,9.49,-6.05;
-1.40,9.31,-6.22;
-0.70,11.42,-5.53;
0.41,13.74,-3.51;
3.36,14.67,-1.03;
3.83,15.58,-0.75;
-0.95,15.02,-1.30;
-9.16,12.06,-4.16;
-17.91,8.35,-7.29;
-25.40,8.19,-8.95;
-35.71,8.06,-9.21;
-47.77,5.95,-7.91;
-52.72,1.74,-8.02;
-57.08,-0.29,-10.92;
-75.92,0.24,-13.42;
-88.15,0.67,-15.04;
-86.01,0.87,-16.81;
-87.33,1.16,-20.09;
-88.20,2.84,-21.56;
-87.59,4.79,-21.07;
-87.33,0.45,-21.99;
-76.41,-3.67,-26.03;
-65.17,-4.60,-29.62;
-63.36,-6.46,-30.34;
-65.13,-8.10,-30.87;
-64.15,-8.08,-31.44;
-60.87,-7.65,-30.89;
-54.84,-6.45,-29.56;
-47.60,-4.71,-28.87;
-46.46,-4.72,-28.22;
-45.57,-7.88,-27.39;
-46.20,-10.14,-27.24;
-47.54,-8.87,-27.67;
-50.53,-6.19,-26.84;
-51.88,-5.42,-25.88;
-54.00,-5.23,-24.89;
-57.40,-5.07,-24.00;
-61.79,-6.48,-23.42;
-60.40,-7.85,-23.47;
-58.76,-8.66,-24.25;
-63.57,-7.81,-25.09;
-67.16,-6.42,-24.70;
-64.17,-5.27,-24.00;
-60.06,-3.36,-22.48;
-61.10,-3.47,-21.01;
-61.37,-3.82,-19.82;
-59.46,-3.70,-18.93;
-57.62,-3.81,-17.99;
-54.34,-3.74,-16.34;
-54.34,-3.62,-14.89;
-51.46,-2.83,-13.59;
-49.63,-2.98,-12.51;
-48.95,-3.06,-11.35;
-46.78,-2.78,-10.22;
-46.72,-2.72,-10.09;
-48.59,-2.31,-9.88;
-50.12,-2.05,-9.18;
-49.17,-2.46,-8.31;
-46.43,-3.87,-7.45;
-44.96,-4.66,-7.16;
-45.60,-5.12,-6.40;
-43.08,-4.58,-4.89;
-39.07,-5.85,-3.07;
-36.49,-8.17,-1.54;
-33.97,-9.74,-0.25;
-30.23,-11.62,1.11;
-26.85,-12.36,2.03;
-21.46,-14.00,4.30;
-13.07,-16.60,6.70;
-8.44,-18.92,7.34;
-4.06,-20.89,7.57;
-0.14,-23.36,7.42;
5.65,-24.36,7.37;
11.19,-25.67,8.07;
14.64,-29.32,8.88;
17.12,-31.99,8.47;
21.30,-32.19,8.97;
24.60,-34.40,9.54;
22.90,-35.96,9.22;
20.40,-37.68,8.49;
21.10,-39.42,6.90;
20.70,-43.42,4.85;
21.02,-48.20,2.94;
23.37,-49.97,2.23;
28.58,-51.33,2.78;
35.22,-55.53,4.68;
38.61,-61.03,5.95;
43.08,-67.23,7.26;
46.20,-70.55,6.99;
47.50,-69.03,5.40;
47.08,-65.65,2.91;
42.35,-60.25,1.86;
39.83,-54.97,2.20;
39.42,-51.15,5.02;
38.06,-48.16,8.35;
35.95,-48.49,11.36;
33.54,-47.04,13.91;
28.66,-42.49,14.38;
28.46,-35.47,14.64;
28.79,-29.76,13.91;
26.99,-27.38,12.01;
21.94,-26.87,11.45;
15.83,-25.48,11.54;
10.08,-23.74,12.06;
3.88,-22.14,12.75;
-1.66,-19.82,13.86;
-0.98,-14.66,13.83;
-5.08,-16.08,13.68;
-8.46,-11.91,12.90;
-10.75,-10.11,11.39;
-13.48,-11.03,10.21;
-14.27,-10.16,9.91;
-12.17,-9.77,10.03;
-9.54,-9.53,10.15;
-8.15,-10.31,10.32;
-4.73,-10.03,9.42;
-1.59,-9.30,9.17;
1.19,-9.09,8.64;
1.94,-8.66,7.71;
1.13,-6.89,6.29;
-1.36,-7.35,4.87;
-1.19,-7.90,3.89;
-0.67,-7.79,3.94;
-1.85,-7.67,3.49;
-3.71,-5.61,2.27;
-5.66,-6.37,1.59;
-6.47,-5.16,0.50;
-8.67,-4.43,-0.87;
-10.35,-3.29,-1.94;
-11.10,-2.16,-2.23;
-11.74,-2.55,-3.32;
-11.21,-3.39,-4.29;
-7.79,-3.39,-4.28;
-4.85,-4.08,-4.32;
-3.10,-4.07,-4.23;
-3.33,-3.64,-4.11;
-4.38,-3.71,-4.19;
-4.99,-4.66,-5.10;
-4.17,-5.65,-5.16;
-4.27,-6.22,-5.09;
-6.09,-6.40,-5.04;
-8.26,-6.17,-5.58;
-10.35,-6.42,-5.82;
-12.76,-6.55,-6.43;
-14.20,-5.96,-7.00;
-16.14,-5.61,-7.91;
-17.30,-5.50,-8.60;
-17.98,-4.84,-8.32;
-21.88,-3.71,-7.24;
-29.05,-2.94,-7.27;
-33.43,-0.60,-9.13;
-33.97,0.81,-9.74;
-35.60,-0.03,-7.10;
-36.87,0.77,-4.19;
-38.40,4.26,-2.23;
-41.63,7.32,-2.38;
-45.51,8.71,-4.25;
-47.59,10.06,-6.20;
-44.96,12.82,-7.10;
-41.30,15.03,-7.51;
-38.17,16.99,-7.38;
-38.00,17.86,-6.58;
-40.18,18.27,-6.16;
-42.14,18.35,-5.35;
-42.78,18.84,-4.98;
-40.34,21.05,-4.38;
-38.17,23.52,-3.12;
-35.68,26.74,-1.93;
-35.53,29.28,-0.60;
-36.41,30.84,0.58;
-39.50,32.01,1.34;
-43.40,32.15,1.88;
-45.13,33.16,1.46;
-45.05,34.38,1.13;
-43.48,37.28,1.23;
-42.01,40.67,2.46;
-41.94,41.95,3.19;
-42.81,42.18,4.90;
-42.17,44.45,6.00;
-41.92,50.79,7.30;
-40.64,55.40,6.91;
-41.60,51.84,5.16;
-37.27,48.73,4.09;
-29.83,51.46,2.24;
-24.34,52.93,0.88;
-23.97,50.48,0.65;
-23.54,48.64,1.55;
-21.89,45.68,1.48;
-21.07,43.28,1.55;
-15.68,41.46,2.03;
-7.19,39.58,3.00;
-1.40,39.37,4.46;
7.34,37.48,5.72;
12.70,34.53,5.83;
16.23,35.20,6.04;
24.83,38.06,7.62;
34.61,39.40,8.84;
41.45,39.34,9.94;
40.58,38.03,9.55;
33.39,36.56,7.54;
27.86,35.80,6.49;
24.50,35.43,5.91;
22.23,33.35,5.89;
20.87,30.52,6.52;
19.60,28.19,8.81;
18.49,26.30,11.00;
16.23,24.44,12.61;
11.85,23.69,13.31;
5.01,24.97,13.19;
-3.31,25.54,12.24;
-10.46,24.70,11.86;
-16.58,22.71,11.07;
-20.09,20.03,10.76;
-21.21,17.95,11.59;
-19.79,14.77,12.13;
-17.17,12.44,13.74;
-14.47,10.33,14.82;
-11.71,9.45,15.23;
-9.04,8.33,13.88;
-6.72,7.64,12.49;
-3.74,7.06,11.34;
0.46,6.94,9.78;
2.29,6.06,9.37;
2.09,4.65,8.93;
8.64,9.10,5.77;
3.47,-2.48,11.45;
7.36,0.09,6.65;
10.69,6.87,5.88;
11.02,4.39,4.29;
11.88,-3.12,1.78;
11.47,-8.98,1.10;
14.29,-8.19,2.78;
20.47,-5.35,4.17;
24.29,-3.47,5.46;
26.81,-0.17,5.83;
26.99,-0.71,4.38;
26.67,1.03,3.91;
26.15,2.47,4.26;
25.18,1.34,3.72;
21.21,-3.91,2.03;
16.15,-6.26,-0.70;
12.96,-6.95,-2.08;
10.31,-9.76,-2.48;
9.07,-11.09,-1.87;
6.78,-14.57,-1.38;
4.87,-16.92,-1.25;
4.15,-18.71,-1.09;
3.31,-17.70,-0.55;
8.05,-17.00,0.32;
10.90,-19.09,2.30;
6.50,-20.03,3.45;
-0.30,-24.43,-1.80;
0.57,-24.60,-5.59;
4.55,-28.34,-3.76;
13.28,-24.94,-1.96;
20.06,-20.57,1.65;
22.43,-19.12,2.62;
25.37,-17.09,3.05;
31.31,-15.09,3.66;
36.61,-13.90,4.27;
40.81,-13.39,5.30;
42.38,-11.87,5.98;
41.59,-10.26,6.18;
40.17,-9.04,5.86;
38.89,-7.26,4.81;
36.12,-5.68,3.65;
31.59,-4.19,3.62;
24.05,-3.70,3.51;
15.19,-4.81,3.00;
9.12,-5.62,3.00;
4.06,-6.83,3.68;
3.66,-7.55,4.76;
5.10,-8.17,5.74;
3.53,-9.09,6.13;
0.44,-9.06,7.13;
0.58,-8.45,7.52;
5.21,-8.37,7.49;
9.80,-8.51,7.14;
12.29,-8.75,7.39;
14.93,-8.63,8.24;
21.10,-8.22,9.77;
28.49,-7.82,10.26;
31.37,-7.85,9.17;
30.73,-7.87,7.33;
31.10,-8.13,6.47;
34.40,-8.10,7.91;
37.10,-7.90,9.57;
36.95,-8.03,9.16;
32.96,-8.63,7.91;
29.60,-8.89,7.84;
27.92,-7.50,9.05;
25.73,-6.45,11.28;
21.91,-7.24,11.28;
16.67,-10.00,9.84;
11.65,-12.55,8.87;
9.13,-12.83,8.47;
9.39,-10.89,10.10;
8.89,-8.63,12.26;
8.06,-8.54,12.70;
8.11,-9.50,11.60;
7.16,-11.21,10.44;
7.18,-12.13,9.91;
7.41,-11.67,10.94;
7.39,-10.32,12.99;
9.48,-7.97,13.49;
12.08,-5.52,13.34;
14.15,-3.76,12.06;
11.88,-4.66,11.60;
9.37,-6.95,11.36;
7.21,-7.94,11.55;
7.13,-7.12,11.13;
9.18,-6.84,10.50;
9.68,-7.70,9.74;
5.50,-8.95,8.24;
0.28,-9.67,7.11;
-2.92,-9.36,7.43;
-4.81,-8.74,8.62;
-6.01,-8.68,8.88;
-8.99,-8.61,8.42;
-9.82,-7.94,8.10;
-7.33,-7.44,7.89;
-2.81,-7.59,8.62;
0.50,-6.68,10.23;
2.60,-4.87,11.65;
1.97,-4.11,11.25;
-0.63,-5.27,10.18;
-3.79,-8.10,8.29;
-4.03,-11.39,6.82;
-1.50,-13.30,5.60;
1.48,-13.12,4.78;
2.23,-11.41,4.20;
3.30,-9.88,3.91;
5.42,-10.20,3.07;
6.37,-9.74,2.75;
8.15,-6.87,3.39;
11.74,-3.91,4.20;
10.81,-2.42,4.53;
5.21,-3.44,4.36;
0.18,-4.75,3.54;
-3.02,-6.86,3.51;
-0.70,-8.74,3.14;
1.99,-8.61,2.49;
2.78,-7.26,1.16;
3.47,-5.85,0.55;
2.49,-5.26,1.23;
1.70,-4.36,2.10;
-0.05,-3.94,1.66;
0.72,-4.26,0.75;
2.03,-3.70,0.85;
0.96,-3.84,1.14;
1.82,-5.91,0.70;
3.54,-6.39,0.33;
4.50,-5.91,-0.02;
5.94,-4.84,0.29;
7.80,-4.36,0.26;
7.91,-4.34,-0.98;
5.33,-5.12,-2.43;
2.76,-5.61,-3.27;
1.04,-4.66,-3.94;
0.69,-2.71,-3.06;
2.29,-2.48,-1.73;
2.93,-2.39,-1.29;
0.58,-2.90,-1.97;
-0.49,-3.13,-2.34;
0.20,-2.57,-1.97;
-0.61,-3.35,-2.52;
-0.84,-4.61,-2.75;
-1.21,-5.33,-2.52;
-1.83,-4.37,-2.06;
-1.60,-2.63,-1.94;
0.00,-0.90,-1.91;
-1.22,-1.91,-1.85;
-1.98,-3.74,-2.06;
-1.59,-4.72,-2.66;
0.32,-4.29,-2.54;
4.34,-1.94,-2.05;
5.97,-0.69,-1.35;
3.19,-1.67,-1.24;
0.15,-2.36,-1.67;
-2.35,-3.26,-3.04;
-0.81,-3.06,-3.56;
1.50,-2.31,-3.87;
3.05,-2.58,-2.31;
4.64,-3.48,-1.04;
5.16,-3.55,-0.46;
2.86,-2.86,-0.60;
-0.21,-2.89,-0.25;
-0.93,-3.64,-0.12;
0.29,-2.71,-0.87;
0.93,-1.90,-1.13;
0.78,-3.64,-0.87;
0.35,-5.10,-0.81;
-0.43,-4.92,-0.83;
-0.14,-3.67,-0.48;
0.95,-2.26,-0.32;
2.64,-1.58,0.23;
4.11,-1.79,-0.20;
4.11,-1.65,-0.32;
2.78,-2.43,0.01;
2.17,-2.43,0.85;
1.80,-1.73,0.65;
2.15,-1.30,0.61;
2.28,-1.23,0.64;
2.23,-0.90,0.73;
1.95,-0.36,0.13;
1.56,-0.46,0.07;
1.88,-1.23,0.50;
0.83,-2.14,0.44;
0.40,-2.69,0.26;
0.66,-1.93,-0.23;
1.80,-0.81,0.53;
2.18,-0.84,0.88;
2.87,-0.48,0.47;
1.21,-0.26,0.67;
0.66,-0.25,0.78;
0.18,-0.42,1.17;
0.09,-0.29,1.60;
-0.81,-0.05,1.55;
-1.34,0.30,1.31;
-0.55,0.01,0.21;
-0.58,-1.03,-0.00;
-1.02,-2.65,-0.12;
-1.57,-4.17,-0.11;
-1.14,-4.34,-0.11;
-0.79,-2.89,0.09;
0.12,0.16,-0.06;
1.18,1.81,-0.00;
1.59,1.39,-0.25;
-0.20,1.02,-1.06;
-2.95,0.91,-1.04;
-4.92,1.02,-0.64;
-4.43,1.89,-0.83;
-4.37,2.79,-1.50;
-5.40,2.19,-1.83;
-6.01,0.01,-2.26;
-6.47,-2.19,-2.03;
-7.08,-2.68,-1.65;
-7.24,-2.07,-1.42;
-6.06,-0.90,-1.32;
-5.33,0.88,-1.38;
-5.22,2.35,-2.31;
-5.43,2.62,-3.06;
-6.01,2.87,-3.44;
-7.11,3.05,-2.98;
-7.91,3.16,-2.84;
-8.69,3.49,-2.09;
-9.19,4.19,-1.36;
-9.59,4.58,-1.77;
-9.92,4.09,-1.27;
-8.50,2.07,-1.07;
-6.81,0.52,-1.62;
-6.59,0.45,-1.73;
-6.35,0.87,-0.92;
-4.58,0.47,0.55;
-3.37,-0.65,1.37;
-2.76,-2.32,0.71;
-3.16,-3.61,-0.87;
-1.80,-4.54,-1.41;
0.72,-5.10,-1.48;
2.57,-4.39,-1.85;
4.23,-3.18,-1.83;
5.66,-1.87,-1.83;
6.75,-0.39,-1.68;
5.44,0.01,-1.97;
3.74,-0.75,-2.31;
0.96,-1.84,-2.02;
-0.38,-2.54,-0.93;
-0.47,-3.00,-0.09;
-0.15,-3.42,-0.11;
0.12,-3.19,-0.38;
-0.79,-3.07,-0.06;
-1.42,-3.10,0.17;
-1.36,-3.38,0.39;
-0.79,-3.32,0.38;
-0.43,-3.42,0.03;
0.20,-3.32,0.15;
0.92,-3.00,0.10;
1.59,-2.78,-0.02;
2.50,-2.86,-0.02;
2.73,-2.98,-0.64;
2.73,-3.64,-1.35;
2.90,-3.88,-1.33;
2.72,-3.84,-1.27;
2.66,-3.50,-1.32;
2.81,-2.65,-0.80;
2.12,-1.65,-0.48;
0.84,-1.91,-0.25;
-0.09,-2.74,-0.28;
-0.43,-3.53,-0.25;
-1.01,-3.16,-0.28;
-0.72,-2.52,-0.09;
0.11,-1.68,-0.11;
0.64,-1.16,-0.58;
-0.26,-1.35,-1.18;
-1.11,-1.90,-1.42;
-0.79,-2.26,-0.41;
1.02,-1.99,0.06;
2.41,-1.90,-0.46;
3.37,-1.77,-1.15;
3.80,-1.82,-1.67;
3.19,-2.17,-1.09;
2.96,-2.25,-1.24;
2.75,-2.16,-1.13;
2.50,-1.47,-1.12;
2.57,-1.07,-1.03;
2.34,-1.36,-0.83;
2.18,-0.98,-0.83;
2.12,-0.51,-0.89;
2.57,0.07,-1.15;
2.93,0.41,-0.78;
2.60,0.15,-0.28;
2.03,-0.07,-0.35;
1.30,-0.17,-0.67;
1.21,-0.08,-0.84;
1.77,-0.17,-0.66;
2.52,-0.45,-0.98;
2.14,-0.55,-0.98;
1.65,-0.34,-1.15;
1.57,-0.10,-1.18;
2.09,0.07,-0.69;
2.49,0.68,-0.96;
2.35,0.59,-0.81;
1.41,0.62,-0.70;
1.22,0.87,-0.96;
0.75,1.28,-0.72;
0.54,1.43,-0.90;
0.17,1.20,-0.95;
0.08,0.44,-0.51;
-0.14,-0.29,-0.23;
-0.14,-0.87,-0.32;
0.52,-0.46,-0.52;
1.16,0.12,-0.75;
1.63,0.56,-1.06;
2.05,0.45,-0.72;
1.88,0.13,-0.74;
2.02,-0.31,-0.78;
1.88,-0.36,-1.07;
1.80,-0.17,-1.04;
1.66,0.21,-0.78;
1.34,0.32,-0.26;
1.34,0.01,-0.51;
1.60,-0.28,-0.72;
1.44,-0.36,-0.96;
1.53,-0.11,-0.80;
1.92,0.12,-0.40;
1.73,0.03,0.04;
1.27,0.04,-0.12;
0.73,0.35,-0.66;
0.86,0.16,-0.75;
1.71,0.10,-0.64;
1.68,0.06,-0.37;
1.42,0.04,-0.22;
0.96,-0.22,-0.29;
0.28,-0.39,-0.28;
0.00,0.10,-0.26;
0.31,-0.00,-0.19;
0.70,-0.40,-0.29;
1.10,-0.51,-0.57;
0.21,-0.52,-0.75;
-0.44,-0.63,-0.43;
0.09,0.16,-0.25;
0.55,0.10,0.23;
0.99,0.16,0.26;
1.01,-0.20,0.12;
0.98,-0.61,0.27;
0.86,-0.83,0.20;
0.50,-0.95,0.13;
0.60,-0.87,0.12;
1.18,-0.55,-0.08;
0.96,-0.08,0.15;
0.66,-0.11,0.21;
0.41,-0.31,0.26;
-0.24,-1.01,0.46;
-0.21,-0.98,0.20;
0.49,-0.80,0.20;
0.98,-0.55,0.07;
0.73,-0.66,-0.02;
0.47,-0.90,0.03;
0.84,-0.68,-0.20;
1.07,-0.51,0.26;
1.04,-0.72,0.33;
0.49,-1.01,0.26;
0.67,-0.98,-0.14;
0.76,-0.28,-0.06;
0.46,-0.26,-0.02;
-0.01,0.01,0.20;
-0.40,0.09,0.15;
-0.47,0.18,0.03;
-0.09,0.21,0.12;
0.41,-0.32,0.36;
0.61,-0.83,0.35;
0.63,-0.94,0.06;
0.76,-0.77,0.13;
0.98,-0.49,0.13;
0.98,-0.32,0.18;
1.16,-0.58,0.24;
0.96,-0.65,0.23;
0.49,-0.46,-0.26;
0.96,-0.07,-0.12;
1.73,0.44,0.30;
1.70,0.24,0.65;
1.39,-0.20,0.24;
0.72,-0.55,-0.26;
0.38,-0.77,0.36;
0.47,-0.39,0.23;
0.32,-0.42,0.30;
0.38,-0.13,0.09;
0.76,-0.03,-0.14;
0.08,-0.17,0.06;
-0.27,-0.52,0.18;
-0.43,-0.75,0.23;
-0.47,-0.83,0.24;
-0.23,-0.52,0.23;
-0.14,0.16,-0.00;
0.67,0.52,0.39;
1.44,0.64,0.55;
1.24,0.19,0.21;
0.26,-0.29,-0.26;
-0.11,-0.75,-0.57;
0.34,-0.57,-0.26;
0.69,-0.48,-0.25;
0.41,-0.39,-0.25;
0.03,-0.46,-0.05;
-0.12,0.04,0.26;
0.32,-0.02,0.46;
0.90,-0.22,0.36;
0.93,-1.16,-0.02;
1.04,-1.42,-0.48;
0.89,-0.86,-0.32;
0.99,-0.51,0.10;
1.04,0.09,-0.00;
0.75,0.79,-0.34;
0.31,0.96,-0.51;
0.37,0.45,-0.45;
0.15,-0.43,-0.22;
0.09,-1.24,-0.11;
0.41,-1.50,-0.22;
0.66,-1.47,-0.22;
1.13,-0.80,-0.08;
1.41,-0.34,0.09;
1.54,-0.25,-0.17;
1.54,-0.40,-0.49;
0.86,-0.81,-0.63;
0.92,-1.00,-0.29;
1.30,-1.04,-0.38;
1.16,-0.69,-0.54;
1.02,-1.44,-0.54;
0.28,-1.85,-0.80;
-0.26,-1.74,-0.81;
-0.46,-1.68,-0.51;
-0.32,-1.32,-0.49;
-0.55,-0.71,-0.31;
-0.61,-0.83,-0.75;
-0.53,-1.07,-0.89;
-0.15,-1.36,-1.03;
0.25,-1.16,-1.13;
0.11,-0.92,-0.87;
0.40,-1.23,-1.09;
0.69,-1.03,-0.80;
0.72,-1.00,-1.00;
0.60,-1.45,-1.25;
0.67,-1.87,-1.27;
-0.26,-1.67,-1.44;
-0.78,-1.19,-1.25;
-0.01,-0.10,-1.15;
0.15,0.10,-0.78;
-0.40,-0.80,-0.35;
-0.12,-1.88,-0.70;
0.06,-2.69,-0.87;
0.64,-2.39,-1.00;
1.45,-1.96,-1.36;
2.05,-1.16,-1.32;
2.87,-0.68,-1.59;
3.16,-0.22,-1.50;
2.64,-0.23,-1.48;
1.42,-0.16,-1.07;
0.32,-0.78,-0.74;
-0.34,-1.16,-0.93;
0.41,-1.19,-1.27;
0.92,-1.01,-1.04;
0.99,-1.38,-0.93;
0.73,-2.17,-0.49;
0.67,-2.46,-0.55;
0.78,-1.79,-0.38;
0.49,-1.10,-0.95;
0.73,-0.72,-1.30;
0.69,-1.13,-1.25;
0.09,-1.48,-1.56;
-0.30,-2.07,-1.44;
0.49,-3.04,-1.07;
1.99,-2.83,-0.89;
2.26,-2.28,-0.81;
2.17,-2.02,-0.98;
1.41,-2.19,-0.89;
0.69,-2.32,-1.54;
0.08,-1.81,-1.56;
-0.32,-1.90,-1.70;
-0.75,-2.02,-1.58;
-1.59,-2.68,-1.74;
-2.55,-2.78,-1.35;
-3.21,-2.60,-1.29;
-2.00,-2.19,-1.39;
-0.93,-1.71,-1.07;
-0.98,-2.19,-0.45;
-1.39,-2.97,-0.67;
-2.06,-3.24,-0.77;
-2.40,-3.06,-1.06;
-2.64,-2.20,-1.39;
-2.35,-1.79,-1.21;
-1.89,-1.79,-1.09;
-1.86,-2.23,-1.30;
-1.89,-2.94,-1.44;
-1.79,-2.90,-1.67;
-1.34,-2.72,-1.59;
-0.90,-2.37,-1.58;
-1.34,-2.08,-1.58;
-1.66,-2.26,-1.32;
-1.92,-2.48,-1.35;
-1.75,-2.48,-0.84;
-1.33,-2.03,-1.21;
-0.66,-1.56,-1.22;
-0.50,-1.45,-1.36;
-0.50,-1.53,-1.22;
-0.99,-1.76,-1.65;
-0.75,-2.22,-1.79;
-0.32,-2.03,-1.62;
-0.03,-1.30,-1.53;
0.02,-1.30,-1.51;
0.05,-0.80,-1.74;
-0.29,-0.37,-1.59;
-0.72,-0.02,-1.30;
-0.59,-0.00,-1.12;
-0.09,-0.37,-0.96;
0.29,-0.07,-0.80;
0.14,0.21,-0.83;
-0.08,-0.68,-1.39;
-0.76,-0.90,-1.09;
-1.31,-0.68,-1.00;
-0.76,-0.07,-0.83;
0.37,0.41,-0.74;
1.48,0.81,-0.57;
1.80,0.94,-0.57;
1.60,0.58,-0.64;
1.56,0.03,-0.92;
1.13,-0.63,-0.83;
1.53,-0.00,-1.33;
1.21,1.03,-1.21;
0.81,1.46,-0.96;
1.25,1.20,-0.81;
1.10,1.32,-0.96;
0.11,1.32,-0.93;
-0.40,1.20,-0.67;
-0.01,1.05,-0.38;
-0.11,0.79,-0.14;
-0.20,0.45,-0.32;
-0.20,0.64,-0.80;
-0.15,1.05,-0.51;
0.29,1.00,-0.49;
1.07,0.71,-0.55;
1.24,0.85,-0.57;
0.66,0.82,-0.64;
0.84,0.30,-0.63;
1.15,0.32,-0.77;
0.93,0.52,-0.46;
0.49,0.47,-0.46;
0.66,0.24,-0.51;
0.58,0.01,-0.28;
0.81,0.73,-0.43;
0.79,1.05,-0.22;
0.93,0.82,0.03;
1.07,0.09,-0.38;
0.79,0.21,-0.22;
0.49,0.15,-0.48;
0.40,-0.08,-0.23;
0.87,0.56,0.12;
0.60,0.93,0.23;
0.29,0.64,0.26;
0.12,0.33,0.06;
-0.27,0.21,-0.28;
-0.47,-0.00,-0.46;
-0.01,-0.37,-0.45;
0.05,-0.23,-0.05;
0.29,-0.07,-0.20;
0.67,-0.03,-0.09;
0.67,-0.00,-0.03;
0.44,0.18,0.21;
0.49,0.24,0.47;
0.95,0.30,-0.08;
0.78,0.52,-0.16;
0.37,0.55,-0.19;
0.31,0.41,0.24;
0.49,0.21,0.26;
0.44,0.21,0.06;
0.57,0.15,0.07;
1.74,0.32,-0.09;
2.54,0.87,-0.20;
2.93,1.43,-0.11;
3.34,1.66,0.26;
3.44,1.98,0.53;
3.22,1.63,0.21;
2.38,0.77,-0.14;
1.16,-1.04,0.10;
0.79,-2.23,0.17;
1.39,-3.12,0.18;
2.41,-2.66,-0.19;
3.18,-1.90,-0.64;
3.89,-1.19,-0.55;
3.86,-0.13,0.01;
3.12,1.23,0.26;
2.25,2.26,-0.05;
0.86,3.51,0.17;
-0.56,4.71,-0.05;
-1.57,4.96,0.18;
-2.23,4.47,0.10;
-2.09,3.28,-0.03;
-1.37,1.80,0.13;
-0.35,0.47,0.15;
0.70,-0.77,0.52;
1.94,-1.42,0.46;
2.49,-1.85,0.59;
2.31,-2.07,0.49;
1.50,-1.35,0.10;
0.83,-0.72,-0.02;
0.43,0.53,-0.61;
0.40,1.61,-0.46;
0.61,1.83,-0.69;
0.49,1.89,-0.52;
0.00,1.66,-0.45;
-0.63,1.10,-0.11;
-0.70,0.85,-0.23;
-0.50,0.18,0.21;
-0.61,-0.13,0.15;
-1.42,-0.58,0.53;
-2.55,-0.94,0.41;
-2.88,-0.92,0.50;
-2.67,-0.46,0.20;
-2.59,-0.14,0.30;
-2.35,0.30,-0.17;
-1.82,0.36,-0.31;
-1.46,0.16,-0.16;
-0.85,-0.13,-0.35;
-0.75,-0.61,-0.55;
-0.95,-0.61,-0.38;
-0.70,-0.66,-0.06;
-0.18,-0.34,-0.09;
0.70,-0.13,-0.41;
0.54,0.24,-0.38;
0.03,0.62,-0.22;
-0.44,0.03,0.26;
-1.07,-0.49,0.20;
-1.54,-0.94,0.38;
-1.82,-1.04,0.04;
-2.59,-1.29,-0.29;
-3.01,-1.42,-0.54;
-3.07,-1.00,-0.41;
-4.05,-0.16,-0.19;
-5.11,0.67,-0.64;
-6.88,1.46,-0.90;
-8.44,3.14,-1.12;
-9.48,4.30,-1.19;
-10.43,4.76,-0.67;
-11.07,3.28,-0.46;
-11.33,2.01,-0.75;
-12.34,0.68,-0.48;
-12.58,0.38,-0.77;
-12.01,0.58,-0.74;
-11.22,1.19,-0.61;
-10.27,1.98,-0.78;
-9.46,2.24,-0.95;
-8.85,1.86,-0.58;
-8.72,1.54,-0.83;
-8.95,1.49,-1.03;
-9.22,1.14,-0.93;
-8.24,0.77,-1.30;
-6.15,0.48,-1.68;
-4.11,0.65,-1.65;
-2.99,-0.00,-1.41;
-1.59,-0.58,-1.25;
-1.40,-0.78,-0.98;
-1.34,-1.01,-1.01;
-1.77,-1.48,-0.83;
-1.36,-1.85,-0.84;
-0.49,-1.97,-0.66;
0.89,-1.70,-0.69;
1.37,-1.13,-1.18;
1.12,-0.86,-1.15;
0.50,-0.89,-0.64;
0.08,-0.87,-0.72;
0.95,-1.09,-1.18;
1.02,-1.18,-1.04;
0.75,-1.84,-1.24;
0.57,-2.03,-0.86;
0.32,-1.82,-0.95;
0.60,-1.45,-0.83;
0.72,-1.38,-0.67;
1.31,-1.65,-0.69;
1.74,-1.41,-0.46;
1.85,-0.86,-0.55;
1.91,-1.10,-0.77;
1.56,-1.04,-0.70;
0.78,-1.65,-0.69;
-0.05,-1.79,-0.87;
-0.32,-1.71,-0.70;
-0.03,-1.67,-0.89;
0.26,-1.23,-1.06;
0.67,-1.38,-1.00;
0.67,-1.50,-0.78;
0.89,-1.64,-0.61;
1.34,-1.53,-0.66;
1.45,-1.24,-0.41;
0.93,-1.00,-0.63;
0.46,-0.83,-0.77;
-0.11,-0.54,-0.84;
-0.35,-0.17,-0.69;
-0.14,-0.71,-0.55;
0.46,-1.10,-0.86;
0.44,-1.67,-0.43;
0.32,-1.59,-0.80;
0.73,-1.55,-0.77;
1.18,-0.98,-0.70;
1.27,-0.95,-0.34;
1.27,-1.24,-0.57;
0.67,-1.13,-0.95;
-0.01,-0.07,-1.10;
-0.58,0.21,-0.83;
-0.32,-0.29,-0.54;
0.02,-0.42,-0.51;
-0.15,-0.75,-0.70;
-0.59,-0.55,-0.80;
-0.59,-0.81,-0.90;
-0.11,-0.78,-0.84;
0.08,-0.89,-0.46;
-0.73,-1.33,-0.60;
-1.05,-1.67,-0.72;
-1.04,-1.41,-0.74;
-0.70,-0.26,-0.58;
-0.30,0.19,-0.43;
0.26,0.45,-0.41;
-0.01,0.48,-0.48;
-0.40,0.24,-0.61;
-1.22,-0.00,-0.74;
-0.96,-0.25,-0.70;
-0.61,-0.22,-0.64;
-0.52,-0.13,-0.57;
-0.14,0.19,-0.38;
-0.24,-0.20,-0.45;
-0.12,-0.26,-0.06;
-1.01,-0.14,-0.49;
-1.31,-0.66,-0.86;
-0.85,-0.77,-0.93;
-0.15,-0.42,-0.66;
0.47,-0.75,-0.37;
1.15,-0.95,-0.60;
1.15,-0.74,-0.48;
0.70,-0.07,-0.61;
0.40,-0.10,-0.55;
0.26,-0.00,-0.74;
-0.34,0.24,-0.86;
-0.55,0.18,-0.69;
-0.38,0.09,-0.63;
0.09,-0.13,-0.37;
0.05,-0.05,-0.32;
0.20,-0.26,-0.14;
0.38,-0.25,-0.02;
0.08,-0.37,-0.31;
0.05,-0.19,-0.34;
-0.06,-0.05,-0.38;
-0.05,-0.17,-0.54;
0.28,-0.48,-0.31;
0.46,-0.19,-0.32;
0.66,0.07,-0.31;
0.79,0.27,-0.06;
0.89,0.53,-0.29;
0.37,0.21,-0.49;
-0.08,-0.28,-0.31;
-0.01,-0.48,-0.22;
0.11,-0.49,-0.58;
0.61,0.01,-0.60;
1.02,-0.32,-0.17;
1.08,-0.46,-0.28;
0.49,-0.65,-0.19;
0.46,-0.68,-0.31;
1.44,-0.11,-0.09;
2.41,-0.23,-0.02;
2.28,-0.26,-0.17;
1.34,-0.45,-0.48;
0.90,-0.83,-0.55;
1.13,-0.87,-0.52;
1.79,-0.49,-0.34;
3.10,-0.95,-0.20;
4.57,-1.33,-0.12;
5.21,-1.45,-0.28;
5.18,-1.03,-0.49;
5.66,-0.75,-0.40;
5.22,-0.98,0.06;
4.03,-1.10,0.33;
3.08,-1.00,0.36;
3.18,-0.77,0.07;
3.44,-0.61,-0.06;
3.48,-1.24,-0.23;
3.41,-2.03,-0.45;
3.77,-2.78,-0.40;
3.91,-2.90,-0.26;
4.69,-2.92,0.09;
5.97,-2.78,0.41;
5.68,-2.78,0.12;
3.94,-3.06,0.06;
2.41,-2.52,-0.20;
1.65,-1.32,-0.69;
1.88,-0.42,-0.75;
2.25,-0.11,-0.51;
1.66,-0.45,0.13;
0.54,-0.54,0.36;
-0.85,-0.25,0.26;
-1.79,-0.36,-0.03;
-2.34,0.03,-0.26;
-1.66,-0.28,-0.11;
-0.52,-0.66,0.18;
0.54,-0.40,0.21;
1.10,-0.40,0.15;
1.15,-0.77,-0.28;
0.49,-1.07,-0.51;
0.17,-1.48,-0.72;
0.26,-1.81,-1.18;
1.08,-1.56,-0.98;
1.57,-1.32,-1.25;
2.02,-0.74,-0.96;
1.77,0.23,-0.80;
1.08,0.47,-0.37;
0.28,0.23,-0.41;
-0.34,-0.39,-0.35;
-0.50,-0.75,-0.17;
-0.92,-0.55,-0.29;
-0.99,-0.31,0.09;
-1.34,-0.10,0.36;
-1.30,-0.37,0.23;
-1.33,-0.49,-0.09;
-0.82,-0.61,-0.32;
0.14,-0.37,-0.16;
1.01,-0.63,-0.02;
2.14,-0.42,-0.31;
2.78,-0.19,-0.32;
2.15,-0.77,-0.41;
1.45,-0.55,-0.67;
0.55,-0.26,-0.57;
-0.18,-0.13,-0.46;
-0.66,0.07,-0.63;
-1.13,-0.40,-0.84;
-1.39,-0.78,-0.72;
-0.95,-0.48,-0.34;
-0.67,0.06,0.38;
-0.38,0.21,0.55;
-1.22,0.18,0.46;
-2.46,0.36,0.55;
-2.63,0.38,0.18;
-1.60,0.06,0.13;
-0.15,-0.66,0.06;
-0.09,-0.89,-0.34;
-0.03,-1.26,-0.09;
0.98,-0.72,0.39;
1.80,-0.26,0.71;
1.88,-0.11,0.39;
2.00,-0.02,-0.41;
1.56,-0.11,-0.55;
0.95,-0.14,-0.48;
0.50,-0.54,-0.23;
0.26,-0.97,0.10;
0.58,-1.18,0.10;
1.08,-1.01,0.35;
1.85,-0.97,0.70;
1.79,-0.89,0.97;
1.59,-0.42,0.41;
1.02,0.04,0.30;
0.03,0.07,0.41;
-0.61,-0.39,0.27;
-0.59,-0.48,0.44;
-0.64,-0.68,-0.12;
0.67,-0.52,0.15;
1.83,-0.51,0.12;
2.46,-0.45,0.10;
2.57,-0.43,-0.08;
2.55,-0.29,0.23;
2.00,-0.08,0.46;
1.22,-0.43,0.46;
1.10,-0.36,0.30;
1.25,-0.29,0.07;
1.18,-0.08,0.04;
0.93,-0.22,0.07;
0.86,-0.42,0.04;
0.93,-0.48,-0.11;
0.50,-0.84,0.26;
0.46,-1.26,0.18;
0.40,-1.07,0.09;
0.43,-0.29,0.24;
0.66,0.39,0.46;
0.92,0.42,0.27;
0.73,0.06,-0.14;
-0.09,-0.54,-0.61;
-0.21,-0.94,-0.46;
0.43,-0.63,-0.19;
1.04,-0.46,-0.05;
1.18,-0.23,-0.09;
0.84,-0.58,0.04;
0.03,-0.68,-0.16;
-0.23,-0.71,0.10;
0.47,-0.65,0.10;
1.16,-0.08,0.06;
1.22,0.45,-0.00;
1.05,0.53,-0.29;
1.04,0.24,-0.03;
0.61,-0.25,0.13;
0.66,-0.69,0.04;
1.51,-1.13,0.33;
2.08,-1.13,0.18;
2.00,-1.32,-0.11;
1.91,-0.94,-0.57;
1.51,-0.08,-0.74;
1.10,0.32,-0.25;
1.33,0.19,-0.00;
1.36,0.48,-0.03;
1.01,0.30,0.03;
0.76,-0.49,-0.32;
-0.08,-0.75,-0.14;
-0.53,-0.72,0.07;
-0.09,-0.31,-0.22;
0.84,0.09,-0.19;
0.72,-0.03,-0.17;
0.18,-0.36,-0.25;
0.29,-0.37,-0.16;
0.57,-0.00,-0.17;
-0.01,-0.05,0.18;
0.09,-0.22,0.47;
0.11,-0.39,0.46;
0.29,-0.28,0.23;
0.52,-0.17,-0.14;
0.83,-0.03,-0.14;
1.10,-0.54,-0.17;
1.24,-0.66,-0.14;
1.16,-0.71,-0.03;
1.80,-0.66,-0.03;
2.67,-0.54,0.21;
2.50,-0.48,0.20;
1.89,-0.55,0.26;
1.34,-0.58,0.26;
1.34,-0.42,0.27;
1.22,-0.00,-0.00;
1.41,0.27,-0.02;
1.63,-0.03,0.06;
1.30,-0.43,0.21;
0.49,-0.28,0.06;
-0.53,-0.37,0.15;
-0.84,-0.48,0.21;
-0.50,-0.31,0.10;
0.08,0.03,0.13;
0.79,0.19,0.18;
0.98,0.01,0.62;
0.90,-0.45,0.59;
1.05,-0.74,0.39;
1.28,-0.69,0.12;
1.33,-0.54,0.06;
1.57,-0.65,0.06;
1.70,-0.71,0.13;
1.56,-0.63,0.30;
1.76,-0.71,0.24;
1.94,-0.61,0.36;
1.80,-0.03,0.17;
1.22,-0.11,0.04;
0.78,-0.31,-0.00;
0.84,-0.14,0.15;
0.72,-0.16,0.24;
1.39,-0.60,0.75;
1.36,-0.86,0.58;
1.01,-0.65,0.44;
0.46,-0.48,0.35;
0.87,-0.45,0.29;
1.10,0.30,0.33;
1.13,0.59,0.53;
1.07,0.09,0.49;
1.01,-0.22,0.70;
0.84,-0.48,0.62;
1.28,-1.18,0.49;
1.57,-1.30,0.27;
1.63,-1.29,0.35;
1.91,-1.27,0.44;
2.11,-0.81,0.26;
2.35,-0.02,0.38;
2.17,0.01,0.67;
1.57,-0.20,0.42;
1.15,-0.20,0.47;
1.08,-0.02,0.46;
1.08,-0.17,0.42;
1.22,-0.31,0.52;
1.41,-0.51,0.55;
2.00,-0.58,0.73;
2.18,-0.46,0.67;
2.14,0.09,0.84;
1.56,0.04,0.36;
1.01,-0.34,0.23;
0.73,-0.17,0.39;
0.67,-0.45,0.42;
0.87,-0.43,0.33;
1.27,-0.58,0.39;
1.74,-0.23,0.41;
1.63,-0.37,0.32;
1.22,-0.36,0.35;
1.18,-0.40,0.29;
1.48,-0.20,0.29;
1.99,0.18,0.21;
1.62,0.16,0.23;
1.01,0.03,0.18;
0.08,0.01,0.04;
0.02,-0.08,0.04;
0.12,0.06,0.35;
0.32,-0.23,0.47;
0.40,-0.03,0.58;
0.12,-0.34,0.33;
