0.997522;
0.99961;
0.996119;
0.992269;
0.991102;
0.986229;
0.995397;
0.991925;
0.978684;
0.994471;
0.983422;
0.983965;
0.981434;
0.996056;
0.933069;
0.990139;
0.969232;
0.987041;
0.9776;
0.987524;
0.98228;
0.989558;
0.985201;
0.991355;
0.979929;
0.989525;
0.982497;
0.985583;
0.966578;
0.98136;
0.985028;
0.985158;
0.989531;
0.99174;
0.981669;
0.98079;
0.988857;
0.984267;
0.988902;
0.990771;
0.989675;
0.990202;
0.993215;
0.983977;
0.982376;
0.993071;
0.985553;
0.990106;
0.988885;
0.995456;
0.995267;
0.992169;
0.994042;
0.988494;
0.990144;
0.968756;
0.990827;
0.98829;
0.978436;
0.991813;
0.978868;
0.991164;
0.981606;
0.986879;
0.991483;
0.984385;
0.98516;
0.987918;
0.977538;
0.988343;
0.987996;
0.987301;
0.988038;
0.983156;
0.992659;
0.993211;
0.989569;
0.98157;
0.991544;
0.986003;
0.987479;
0.98582;
0.98223;
0.972895;
0.95994;
0.99157;
0.982635;
0.980791;
0.970721;
0.976669;
0.975461;
0.971987;
0.990767;
0.985816;
0.975459;
0.97449;
0.991872;
0.990974;
0.990815;
0.97913;
0.987186;
0.990134;
0.986447;
0.985256;
0.988654;
0.984142;
0.992445;
0.975347;
0.976521;
0.981715;
0.98582;
0.986795;
0.989301;
0.983496;
0.987874;
0.979794;
0.974994;
0.984622;
0.985943;
0.983603;
0.985607;
0.983731;
0.974922;
0.976933;
0.984188;
0.973305;
0.986344;
0.982349;
0.976186;
0.987092;
0.990209;
0.99185;
0.990065;
0.988662;
0.991153;
0.985279;
0.985396;
0.984871;
0.975486;
0.976786;
0.976544;
0.979528;
0.974241;
0.976524;
0.975502;
0.975647;
0.979576;
0.9877;
0.983239;
0.962329;
0.97464;
0.970066;
0.973223;
0.966598;
0.983951;
0.984384;
0.966246;
0.963989;
0.974375;
0.950999;
0.96802;
0.951057;
0.959861;
0.980874;
0.961398;
0.964862;
0.969558;
0.964342;
0.970617;
0.974212;
0.978082;
0.974642;
0.953004;
0.955216;
0.950429;
0.958306;
0.937087;
0.944719;
0.964319;
0.971215;
0.95111;
0.958578;
0.942789;
0.94509;
0.962399;
0.958015;
0.971377;
0.958537;
0.956185;
0.932769;
0.951034;
0.929382;
0.973517;
0.956402;
0.973908;
0.955049;
0.951386;
0.948657;
0.95519;
0.944764;
0.948309;
0.955479;
0.948963;
0.955465;
0.966547;
