0.981218;
0.991779;
0.98485;
0.988006;
0.984127;
0.989008;
0.98808;
0.990552;
0.986277;
0.986364;
0.98841;
0.987188;
0.975285;
0.983913;
0.980922;
0.988867;
0.980242;
0.988599;
0.985974;
0.991635;
0.986358;
0.991448;
0.985536;
0.992815;
0.991957;
0.98817;
0.988509;
0.985429;
0.990757;
0.992851;
0.988345;
0.992713;
0.985457;
0.988875;
0.984086;
0.983591;
0.98821;
0.989626;
0.989072;
0.990378;
0.970128;
0.989664;
0.977453;
0.988733;
0.975811;
0.986722;
0.98063;
0.984921;
0.970274;
0.979931;
0.978679;
0.986021;
0.973949;
0.974283;
0.972939;
0.972378;
0.97033;
0.971486;
0.963708;
