0.13,0.59,-0.36;
-0.25,0.42,-0.12;
-0.53,0.24,-0.24;
-0.54,0.12,-0.47;
-0.17,0.24,-0.58;
-0.11,0.19,-0.49;
0.18,0.30,-0.67;
-0.01,0.53,-0.47;
-0.46,0.35,-0.62;
-0.31,0.71,-0.47;
-0.10,0.70,-0.44;
0.31,0.64,-0.58;
0.24,0.42,-0.75;
-0.11,0.38,-0.58;
0.02,0.32,-0.53;
-0.31,0.44,-0.12;
-0.36,0.26,-0.33;
-0.33,0.42,-0.45;
-0.05,0.22,-0.27;
0.18,0.19,-0.55;
0.19,0.42,-0.38;
0.37,0.27,-0.15;
0.02,0.44,-0.42;
-0.17,0.22,-0.29;
-0.51,0.38,-0.44;
-0.59,0.21,-0.52;
0.15,0.30,-0.55;
0.31,0.21,-0.47;
0.31,0.41,-0.61;
0.12,0.56,-0.33;
0.18,0.48,-0.52;
0.02,0.18,-0.42;
-0.14,0.48,-0.36;
0.01,0.35,-0.35;
0.39,0.68,-0.41;
0.07,0.53,-0.53;
-0.11,0.59,-0.24;
-0.17,0.64,-0.49;
-0.71,0.36,-0.27;
-0.50,0.27,-0.16;
-0.48,0.22,-0.32;
-0.36,0.18,-0.38;
-0.27,0.41,-0.42;
-0.48,0.21,-0.36;
-0.71,-0.17,-0.62;
-0.76,0.03,-0.27;
-0.85,-0.11,-0.45;
-0.56,-0.33,-0.27;
-0.56,-0.25,-0.38;
-0.37,-0.11,-0.71;
-0.51,-0.28,-0.45;
-0.40,-0.29,-0.44;
-0.45,0.18,-0.49;
-0.37,0.04,-0.33;
-0.50,-0.08,-0.38;
-0.01,-0.16,-0.38;
0.39,0.12,-0.38;
1.06,0.24,-0.58;
0.66,0.26,-0.42;
0.57,0.07,-0.42;
0.01,0.19,-0.41;
-0.42,0.24,-0.38;
-0.50,0.01,-0.49;
-0.36,-0.02,-0.56;
-0.16,-0.08,-0.23;
-0.04,-0.17,-0.53;
0.36,-0.29,-0.10;
0.21,0.03,-0.42;
0.07,-0.08,-0.35;
-0.13,0.13,-0.38;
-0.04,-0.08,-0.56;
-0.08,-0.16,-0.49;
-0.05,-0.42,-0.56;
0.22,-0.17,-0.50;
0.10,-0.20,-0.38;
-0.13,-0.46,-0.41;
-0.36,0.19,-0.42;
-0.36,-0.16,-0.38;
-0.22,-0.03,-0.56;
0.08,-0.14,-0.56;
0.19,-0.25,-0.53;
-0.07,-0.37,-0.52;
-0.16,-0.14,-0.55;
-0.31,0.07,-0.45;
-0.50,-0.11,-0.24;
-0.21,-0.02,-0.27;
0.19,-0.08,-0.06;
0.34,-0.13,-0.29;
0.47,-0.10,-0.18;
0.16,-0.00,-0.27;
0.02,-0.00,-0.36;
-0.51,-0.37,-0.27;
-0.72,-0.13,-0.33;
-0.63,-0.03,-0.13;
-0.17,-0.08,-0.36;
0.13,-0.05,-0.29;
0.31,-0.16,-0.39;
0.48,-0.10,-0.47;
0.18,-0.03,-0.47;
0.10,-0.11,-0.41;
-0.02,-0.03,-0.33;
-0.27,0.01,-0.24;
-0.01,-0.00,-0.04;
-0.19,-0.10,-0.21;
0.22,-0.11,-0.15;
0.44,-0.05,-0.39;
0.04,0.21,-0.09;
-0.39,0.12,-0.10;
-0.43,-0.05,-0.47;
-0.43,-0.03,-0.12;
-0.63,0.21,0.00;
-0.07,0.21,-0.23;
0.07,-0.08,-0.30;
0.42,0.09,-0.26;
0.28,0.13,-0.20;
0.01,0.06,-0.27;
0.05,0.07,-0.33;
-0.21,-0.00,-0.23;
-0.04,0.12,-0.52;
-0.07,0.24,-0.35;
0.25,0.32,-0.41;
0.30,0.04,-0.39;
0.36,0.12,-0.59;
0.15,0.26,-0.52;
-0.21,0.27,-0.09;
-0.05,0.29,-0.29;
0.04,0.30,-0.45;
-0.19,0.26,-0.33;
0.02,0.42,-0.33;
0.36,0.19,-0.53;
0.53,0.27,-0.42;
0.19,0.42,-0.53;
-0.04,0.45,-0.42;
-0.34,0.41,-0.53;
-0.16,0.21,-0.65;
0.21,-0.07,-0.76;
0.10,-0.17,-0.42;
0.54,-0.43,-0.52;
0.10,-0.23,-0.67;
-0.53,-0.22,-0.68;
-0.62,-0.03,-0.41;
-0.48,0.16,-0.52;
-0.43,0.39,-0.24;
0.07,0.55,-0.36;
0.42,0.32,-0.36;
0.15,0.58,-0.47;
0.36,0.33,-0.52;
0.28,0.24,-0.45;
0.04,0.42,-0.55;
0.18,0.12,-0.16;
0.37,0.10,-0.58;
0.50,0.24,-0.52;
0.42,0.22,-0.38;
0.53,0.01,-0.52;
0.89,-0.39,-0.49;
1.78,-0.57,-0.65;
1.02,-1.06,-0.55;
1.52,-1.55,-0.99;
1.92,-2.10,-0.88;
1.95,-2.91,-1.16;
0.95,-2.97,-0.96;
0.30,-4.00,-1.13;
-0.88,-4.95,-1.22;
-1.88,-5.13,-1.11;
-1.24,-5.27,-1.07;
-0.01,-4.20,-1.26;
0.63,-3.73,-1.60;
0.44,-4.11,-1.49;
-0.62,-5.20,-1.29;
-1.38,-6.10,-0.84;
-1.43,-6.72,-0.56;
1.31,-6.80,-0.38;
3.28,-6.48,-0.58;
3.15,-7.21,-0.44;
4.25,-7.91,-0.41;
3.92,-9.33,-0.15;
3.63,-10.92,0.06;
3.87,-13.42,0.22;
3.03,-16.46,-0.38;
2.68,-18.57,-0.45;
2.04,-21.20,-0.75;
7.60,-24.46,-0.13;
5.17,-28.52,-1.51;
4.74,-31.23,-2.49;
6.24,-34.03,-1.69;
3.54,-38.54,-1.52;
1.52,-42.34,-1.19;
4.70,-45.12,-1.26;
8.65,-49.36,-1.55;
10.36,-54.16,-3.54;
12.39,-57.73,-4.75;
12.71,-63.35,-6.29;
13.26,-68.60,-9.04;
16.13,-73.64,-11.33;
18.08,-78.58,-12.16;
15.55,-82.14,-12.03;
15.75,-86.83,-10.52;
8.37,-95.87,-7.91;
-6.59,-98.34,-7.02;
-13.98,-98.11,-7.62;
-17.70,-92.52,-12.49;
1.87,-80.92,-16.90;
25.46,-80.51,-16.64;
48.37,-88.69,-12.78;
54.88,-96.89,-10.62;
41.81,-100.91,-12.65;
37.37,-101.76,-15.26;
19.46,-104.97,-14.13;
-1.92,-102.77,-10.32;
-19.20,-100.60,-5.39;
-23.26,-97.85,0.23;
-17.12,-97.52,5.01;
-11.32,-92.72,4.40;
-9.88,-86.08,2.05;
-3.21,-77.73,-1.26;
6.82,-66.94,-1.97;
6.54,-59.33,-1.07;
-1.93,-48.34,-1.17;
10.39,-38.28,0.80;
-17.11,-18.95,2.75;
-14.27,-2.48,-1.95;
-0.17,19.72,-6.47;
14.04,44.15,-11.87;
19.83,65.08,-15.34;
14.21,84.58,-13.22;
-1.88,99.75,-7.11;
-20.27,112.87,1.58;
-28.76,131.81,6.06;
-18.27,159.83,8.71;
29.98,214.82,-2.00;
22.08,242.82,0.22;
11.69,246.32,32.92;
30.85,243.14,42.86;
16.91,204.06,59.41;
-11.69,165.31,75.79;
-61.35,123.90,88.87;
-76.59,61.75,121.18;
-33.84,53.35,117.65;
24.89,66.47,97.01;
49.70,50.27,66.71;
45.20,9.35,39.97;
45.38,-13.32,31.47;
44.56,-19.12,29.76;
36.86,-27.56,34.37;
34.48,-37.90,38.89;
37.18,-45.21,42.75;
40.51,-49.61,45.76;
46.47,-47.94,49.07;
46.77,-43.16,48.34;
57.69,-37.52,45.65;
73.29,-34.42,41.39;
80.65,-39.94,34.58;
83.57,-43.03,25.10;
66.77,-47.67,15.67;
-29.27,-133.67,33.76;
-34.17,-223.07,68.29;
22.85,-195.82,-25.08;
-46.10,-186.69,-38.09;
-38.60,-163.23,15.94;
40.95,-172.00,35.44;
88.79,-132.81,-0.79;
85.05,-127.07,-17.17;
29.60,-127.82,-24.24;
-100.43,-123.73,-7.75;
-12.79,-128.66,-0.50;
19.49,-110.05,4.87;
-42.50,-75.35,45.50;
-67.09,-49.39,51.42;
-78.02,-26.14,43.16;
-75.30,0.96,47.39;
-38.45,48.76,22.31;
-20.97,80.51,0.75;
-15.40,98.47,1.06;
-7.95,124.39,-4.78;
-25.85,145.64,-3.39;
-40.28,164.64,-6.88;
-43.09,185.13,-9.16;
-12.33,213.89,-11.16;
15.49,233.66,-22.33;
38.76,250.87,-31.72;
46.83,222.53,-35.26;
108.44,155.37,-29.05;
95.76,146.79,-43.26;
50.04,123.61,-63.83;
44.82,50.85,-58.38;
9.34,34.04,-60.29;
-5.73,62.26,-63.42;
36.18,73.84,-85.86;
68.50,43.97,-98.53;
44.47,12.33,-91.36;
1.12,-7.07,-85.87;
-27.70,-16.60,-82.38;
-45.37,-25.74,-74.94;
-41.50,-26.92,-67.26;
-41.15,-25.99,-59.71;
-35.69,-32.71,-47.91;
-10.89,-33.87,-42.49;
17.52,-40.07,-48.84;
25.63,-40.92,-29.51;
64.57,-42.43,-14.87;
50.48,-65.53,-29.83;
106.30,-128.43,-20.93;
80.12,-126.91,-21.71;
-73.08,-196.22,-67.31;
-169.21,-152.80,-101.45;
-208.56,-149.38,15.32;
-12.86,-148.20,-8.59;
90.39,-87.94,-50.07;
43.86,-68.05,-51.28;
18.25,-77.03,-10.70;
-6.66,-73.68,8.16;
-0.10,2.47,18.83;
13.55,-12.28,17.06;
17.49,22.85,-5.98;
18.13,136.07,40.38;
6.57,149.02,-1.69;
29.96,112.77,8.26;
22.86,85.19,6.35;
4.42,79.87,19.19;
-8.51,76.35,22.23;
-10.04,68.80,28.93;
-14.95,58.74,30.26;
-30.45,57.22,30.06;
-42.82,64.27,26.17;
-32.17,67.48,22.87;
-19.84,61.29,19.53;
-17.82,50.48,17.22;
-18.54,36.88,15.29;
-28.50,29.05,16.45;
-25.03,32.26,15.22;
-18.13,46.47,12.37;
-18.13,38.42,11.73;
-14.51,28.67,11.15;
-6.68,21.81,7.65;
5.61,17.80,4.84;
20.57,23.48,2.43;
29.38,23.26,-0.84;
26.24,19.78,-1.04;
19.03,18.33,-2.56;
11.12,13.81,-1.14;
0.24,9.23,2.26;
-3.38,2.59,4.19;
-3.50,-1.64,2.60;
-8.79,-4.23,1.94;
-15.70,-4.46,1.79;
-23.64,-3.68,1.84;
-30.07,-1.47,1.19;
-38.27,0.61,2.74;
-34.21,1.92,4.92;
-22.74,4.67,4.74;
-13.41,1.34,5.35;
-7.21,-3.70,5.04;
-4.57,-4.97,4.55;
-13.63,-5.47,3.96;
-24.63,-4.62,4.28;
-28.91,-1.79,3.71;
-25.46,2.53,3.21;
-16.53,5.40,3.00;
-9.47,6.32,3.39;
0.60,8.21,3.25;
7.70,10.47,2.92;
11.87,11.19,2.28;
20.65,21.09,0.02;
32.37,40.42,-5.92;
33.08,32.96,-4.82;
29.49,25.05,-3.49;
20.16,18.06,-3.28;
7.05,11.37,-1.23;
-3.38,7.03,0.83;
-12.40,2.97,1.56;
-17.23,-0.23,2.51;
-17.44,-3.09,2.86;
-15.67,-6.03,2.96;
-11.64,-8.66,2.74;
-7.43,-9.56,2.23;
-3.85,-8.63,2.48;
-0.24,-6.83,2.93;
0.70,-4.84,1.99;
-1.41,-3.90,0.72;
-4.25,-2.26,2.11;
-2.13,-1.03,2.20;
0.66,-0.94,1.55;
3.17,-1.21,1.00;
3.96,-2.00,-0.09;
3.52,-2.48,-0.53;
1.99,-3.04,0.02;
-0.53,-3.32,0.37;
-2.86,-3.85,0.60;
-2.54,-6.45,0.09;
-3.41,-7.42,0.00;
-3.72,-5.91,-0.38;
-4.88,-4.66,0.25;
-4.07,-4.48,0.06;
-3.58,-4.51,-0.42;
-3.53,-4.10,-0.53;
-3.78,-3.15,-0.58;
-3.11,-2.33,-0.50;
-1.76,-1.52,-0.58;
-1.46,-1.03,-0.85;
-1.72,-0.72,-1.16;
-2.08,-0.23,-0.47;
1.26,-0.26,-0.13;
3.44,-0.66,-0.76;
3.08,-1.33,-1.43;
0.91,-1.81,-1.48;
-1.44,-1.71,-0.68;
-3.34,-1.58,-0.18;
-3.96,-1.90,-0.24;
-2.42,-1.74,-0.58;
-0.54,-1.96,-1.07;
0.41,-1.56,-1.22;
1.34,-1.41,-1.13;
0.76,-1.23,-1.25;
-1.11,-1.04,-1.26;
-2.46,-1.09,-1.08;
-3.00,-0.39,-0.58;
-2.25,0.35,-0.61;
-1.08,0.22,-1.07;
-1.05,0.42,-1.45;
-1.46,0.38,-1.34;
-1.63,-0.37,-1.00;
-1.75,-1.10,-0.84;
-1.84,-2.23,-0.96;
-2.36,-2.89,-1.31;
-0.94,-4.19,-0.90;
-0.37,-4.34,-0.93;
-0.21,-5.68,-1.40;
0.85,-7.97,-1.57;
2.82,-10.17,-1.78;
5.76,-14.05,-1.69;
7.09,-19.32,-2.30;
7.08,-24.84,-2.52;
6.24,-32.92,-2.59;
2.15,-42.36,-2.30;
-0.92,-49.96,-2.16;
-2.04,-60.29,-2.75;
-1.73,-69.07,-4.24;
0.31,-79.68,-6.94;
2.33,-88.40,-9.72;
3.35,-99.93,-13.71;
5.17,-109.55,-15.84;
7.12,-117.62,-15.83;
7.08,-115.06,-14.67;
5.95,-127.41,-12.64;
-10.98,-140.05,-4.29;
-17.34,-134.05,-2.18;
-1.09,-129.84,-7.98;
29.64,-133.91,-12.10;
55.47,-135.41,-13.43;
48.39,-136.19,-9.36;
34.59,-129.53,-13.26;
8.48,-110.54,-19.97;
11.86,-98.42,-9.05;
10.31,-97.82,-0.18;
-29.70,-85.07,6.75;
-23.98,-65.91,8.49;
1.72,-49.53,-1.34;
27.84,-28.63,-15.07;
33.72,-9.44,-16.94;
9.52,9.66,-8.81;
-9.34,28.15,-6.33;
4.66,47.32,-8.07;
20.62,70.21,-11.36;
14.05,90.64,-10.20;
-3.20,105.52,-10.00;
-28.65,118.87,-12.33;
5.60,146.10,-23.19;
7.38,154.71,-16.38;
-5.87,156.15,13.61;
43.70,212.03,8.49;
4.44,255.51,2.45;
2.33,232.16,38.03;
-44.98,268.47,62.34;
-2.77,158.24,88.38;
-5.29,129.20,79.09;
-114.25,74.19,125.70;
-31.72,66.41,113.59;
44.91,83.25,93.24;
84.59,72.26,77.96;
100.28,30.48,70.74;
101.55,1.08,59.53;
93.61,-7.88,50.80;
72.97,-16.92,48.32;
42.41,-28.11,51.24;
21.55,-36.46,56.16;
4.02,-41.35,59.64;
-2.63,-42.75,59.73;
1.99,-47.64,56.81;
7.21,-57.32,50.66;
18.59,-63.52,41.32;
12.60,-69.65,28.22;
-7.73,-72.02,13.03;
-34.53,-78.31,3.01;
-116.28,-164.92,12.81;
-0.48,-183.07,10.14;
49.23,-199.27,-14.52;
0.30,-164.07,-59.02;
35.09,-166.80,-14.50;
68.53,-169.29,40.08;
21.75,-140.34,13.62;
-17.56,-131.23,1.48;
-89.35,-104.94,56.77;
-24.28,-112.78,55.06;
-18.17,-37.82,17.88;
-6.39,-22.36,25.65;
-1.90,20.45,14.19;
-49.76,56.82,0.29;
-19.08,90.33,-21.89;
2.97,104.58,-28.81;
16.21,133.83,-33.65;
2.59,153.31,-21.71;
-22.57,181.00,-6.56;
-21.38,206.55,0.81;
-14.33,222.62,1.41;
-30.95,207.37,3.07;
6.89,138.59,12.90;
-27.18,146.42,-3.92;
-65.90,118.01,-15.84;
-51.61,42.76,-34.38;
-101.64,43.49,-59.97;
-163.56,107.17,-58.50;
-135.18,149.14,-67.94;
-67.72,119.38,-88.18;
-40.13,74.47,-86.36;
-33.76,67.32,-81.62;
-15.69,57.40,-74.88;
4.44,32.50,-68.87;
20.18,1.61,-63.48;
33.57,-6.55,-57.62;
36.99,-1.79,-50.82;
72.30,3.45,-54.03;
105.50,-12.43,-53.37;
91.09,-39.73,-52.26;
91.32,-59.50,-60.15;
45.81,-80.33,-66.76;
-7.01,-162.71,-34.79;
-42.54,-190.77,-19.04;
-112.59,-198.29,-18.82;
-155.75,-181.09,-40.99;
-103.84,-183.61,-3.20;
-125.21,-149.71,31.35;
71.31,-110.33,-4.91;
85.21,-83.18,-63.75;
-147.87,-142.29,47.97;
45.49,-73.76,0.67;
23.64,-8.39,-1.31;
39.14,-29.20,-23.00;
25.14,75.49,2.00;
55.90,190.87,-20.96;
57.46,130.47,-5.43;
26.36,102.77,8.43;
-6.46,116.03,19.61;
-0.66,131.45,21.59;
1.90,133.40,19.51;
-10.85,115.16,8.06;
-34.42,105.66,25.32;
-52.91,106.48,18.14;
-54.65,105.22,18.67;
-41.20,102.82,15.94;
-13.27,108.44,9.53;
35.99,123.06,-0.82;
51.72,109.46,-7.22;
36.22,98.96,-9.72;
16.73,97.16,-8.73;
-16.54,85.45,-4.61;
-47.01,78.16,-1.89;
-60.79,71.11,2.20;
-63.56,58.82,5.12;
-41.88,44.30,7.48;
-7.26,28.62,1.73;
12.85,19.14,0.14;
25.81,4.94,-3.57;
28.68,-7.24,-2.76;
19.90,-15.52,-3.08;
12.22,-23.15,-2.39;
4.16,-25.06,-0.39;
0.31,-24.05,0.83;
-3.47,-22.84,0.67;
-7.35,-20.58,-0.15;
-10.86,-18.37,-0.65;
-15.01,-14.94,-1.20;
-18.57,-11.49,-1.14;
-16.83,-4.16,-0.91;
-9.41,0.18,0.60;
-0.33,0.67,0.52;
8.59,0.24,-0.65;
12.86,-1.04,-2.03;
14.01,-3.18,-2.67;
11.95,-4.66,-2.79;
8.68,-6.62,-2.62;
5.83,-8.97,-2.07;
2.65,-12.31,-3.62;
-1.78,-15.97,-4.01;
-5.17,-18.72,-2.78;
-7.49,-22.68,-3.81;
-13.79,-25.78,-2.21;
-17.24,-28.63,-1.29;
-15.85,-30.68,-0.47;
-14.05,-33.38,-0.99;
-11.59,-34.16,-2.38;
-12.83,-34.37,-2.45;
-13.43,-33.87,-4.42;
-9.81,-31.85,-3.11;
-9.20,-29.21,-1.57;
-9.32,-26.55,-2.33;
-7.44,-21.91,-2.42;
-2.91,-18.55,-2.56;
4.39,-16.60,-4.76;
7.67,-15.41,-5.65;
5.84,-13.33,-5.94;
-0.11,-10.83,-5.39;
-5.00,-8.07,-4.42;
-8.92,-7.62,-3.81;
-10.31,-6.77,-3.66;
-11.15,-5.65,-2.91;
-9.05,-5.29,-2.45;
-3.37,-6.46,-2.65;
1.47,-4.92,-3.68;
12.76,6.26,-5.83;
17.89,9.23,-7.65;
15.57,1.32,-5.65;
15.05,-1.07,-5.37;
10.04,-7.70,-4.56;
5.09,-18.62,-2.73;
4.41,-29.06,-1.91;
2.33,-43.78,-1.97;
1.08,-59.16,-2.67;
-0.50,-70.75,-1.91;
-3.90,-82.69,-0.87;
-10.77,-91.01,-1.37;
-18.79,-100.00,-3.04;
-10.62,-103.00,-5.75;
-14.94,-113.21,-0.15;
-11.75,-114.17,-9.05;
-11.06,-112.84,-5.51;
5.20,-111.85,-3.65;
24.22,-122.58,-8.62;
31.83,-123.93,-7.57;
31.50,-124.81,-9.14;
26.76,-116.49,-7.00;
27.72,-112.40,-7.86;
24.53,-110.81,-4.52;
24.45,-113.18,0.26;
20.57,-117.64,2.57;
7.64,-116.97,-2.44;
-3.81,-105.35,-8.21;
4.45,-93.27,-10.53;
24.89,-86.33,-8.15;
24.25,-84.10,-11.91;
27.92,-73.59,-13.81;
22.50,-59.18,-14.21;
18.25,-47.33,-12.26;
17.99,-40.14,-10.91;
9.60,-32.10,-6.38;
3.95,-21.73,-1.87;
6.89,-13.24,0.66;
12.57,-4.54,1.62;
6.73,6.21,4.06;
-6.68,14.22,7.53;
-18.37,22.76,10.77;
-25.81,35.66,11.06;
-27.43,53.05,10.43;
-23.08,71.42,9.68;
-28.34,88.26,11.82;
-39.88,101.52,12.64;
-50.65,114.26,10.29;
-63.73,129.43,9.30;
-49.95,151.23,5.71;
-43.06,175.43,2.32;
-43.55,215.81,4.89;
-38.94,220.67,8.96;
-28.60,211.34,25.06;
9.09,203.13,33.93;
38.57,191.03,36.34;
20.13,196.59,72.93;
-2.01,193.77,78.86;
-8.04,154.53,82.64;
-42.88,66.21,100.80;
-72.56,-3.09,126.25;
-16.86,28.39,101.79;
36.31,75.16,78.42;
113.09,59.00,64.11;
141.24,5.51,57.39;
125.52,-26.72,53.65;
96.77,-37.74,52.74;
81.21,-41.10,54.42;
80.83,-50.26,57.27;
80.18,-53.82,57.74;
67.03,-52.26,58.32;
44.22,-52.87,56.86;
35.15,-53.97,53.65;
11.52,-57.64,57.19;
-26.13,-63.84,61.87;
-17.67,-59.12,43.99;
-66.11,-130.81,15.32;
-119.20,-220.95,29.39;
-38.39,-212.00,-38.27;
-81.58,-189.10,-45.81;
-105.82,-180.95,-46.71;
72.83,-211.07,39.12;
111.00,-171.62,22.69;
188.66,-153.27,6.45;
212.21,-138.55,1.55;
62.59,-110.22,14.86;
12.97,-105.16,56.46;
92.12,-97.74,43.65;
36.47,-77.07,21.85;
-52.22,-79.64,25.47;
-12.51,-58.91,14.64;
-13.55,-39.53,4.54;
-6.17,-13.59,10.16;
-5.70,9.06,-3.40;
-34.53,35.09,-9.26;
-22.57,63.57,-10.78;
-42.80,84.06,-12.55;
-58.14,103.31,-10.62;
-80.86,124.03,-9.63;
-111.98,134.19,-6.01;
-126.17,143.28,0.48;
-107.00,155.45,4.26;
-67.40,212.61,-8.07;
-49.15,215.35,-22.03;
-31.46,217.75,-16.90;
-0.25,245.37,-21.28;
32.73,193.43,-28.93;
73.35,176.03,-37.36;
55.00,165.05,-50.44;
15.98,123.25,-67.97;
-13.17,77.00,-77.78;
-76.05,42.26,-80.76;
-83.75,66.68,-66.87;
-23.44,77.90,-75.65;
4.21,67.52,-82.58;
-8.08,45.02,-79.86;
-58.40,38.19,-73.19;
-78.71,27.23,-63.69;
-86.04,4.82,-52.38;
-88.51,-14.29,-52.68;
-67.11,-33.87,-60.88;
-7.61,-9.27,-57.26;
75.02,-12.08,-64.65;
119.70,-54.03,-77.60;
128.48,-95.65,-73.17;
296.74,-99.15,-37.78;
128.25,-100.22,-44.29;
-38.11,-189.32,-69.17;
-20.71,-163.94,-12.62;
-246.39,-119.45,-20.03;
-248.19,-171.53,45.18;
-175.67,-166.22,10.40;
-66.01,-113.21,5.96;
-74.39,-95.41,-14.73;
-82.92,-99.10,-4.04;
24.63,-32.92,-15.42;
6.82,-98.78,79.67;
54.24,-46.83,8.28;
67.49,-37.61,15.07;
28.76,99.13,-16.50;
19.67,82.07,-16.16;
11.02,69.11,-0.61;
26.18,75.19,-10.07;
34.05,97.87,-7.25;
20.24,93.00,-2.16;
4.27,79.78,5.79;
-16.85,72.32,20.13;
-27.49,69.93,30.80;
-26.16,68.90,27.45;
-18.76,69.00,18.92;
-10.01,68.84,11.04;
5.50,69.03,7.80;
19.64,63.17,5.25;
25.75,54.65,2.28;
22.94,48.22,1.51;
8.88,41.77,1.39;
-8.95,38.80,1.30;
-22.25,39.45,3.90;
-31.06,38.04,3.45;
-25.00,37.58,3.62;
-17.24,34.84,5.07;
-7.18,32.15,4.00;
-0.77,29.05,-0.15;
-2.57,26.87,-1.28;
-3.93,23.00,-0.90;
-2.89,19.28,2.49;
6.71,10.56,4.42;
16.65,7.08,2.35;
19.58,-0.63,0.08;
16.54,-7.74,-3.37;
11.20,-6.33,-3.04;
0.37,-3.16,-1.05;
-11.09,-3.70,3.25;
-17.78,-3.96,5.35;
-18.48,-3.71,6.22;
-14.56,-3.55,5.25;
-8.88,-2.46,2.66;
-4.80,-0.68,1.73;
-1.00,1.86,0.72;
-0.89,3.98,1.18;
2.18,5.58,1.21;
2.56,7.78,0.96;
0.37,9.77,0.11;
-0.79,10.21,0.38;
-0.10,10.33,0.57;
1.05,9.55,0.37;
4.48,6.84,0.02;
8.07,4.48,-0.33;
11.61,1.31,-0.76;
10.56,-0.60,-1.75;
7.61,-1.94,-2.10;
4.83,-2.07,-1.11;
-0.45,-2.58,0.19;
-4.54,-2.71,0.13;
-6.19,-2.00,0.46;
-6.57,-1.50,0.46;
-3.20,-0.25,0.09;
1.66,0.41,-0.32;
6.59,1.11,-0.75;
8.86,2.04,-0.97;
7.60,1.83,-1.10;
5.02,1.69,-0.44;
1.43,2.09,-0.12;
-2.10,1.60,0.37;
-4.46,1.69,0.83;
-4.92,1.31,0.89;
-4.25,0.42,0.16;
-4.21,0.76,-0.04;
-4.16,0.90,-0.24;
-4.21,1.31,-0.45;
-3.79,1.40,-0.06;
-2.17,1.40,-0.21;
-0.66,1.66,-0.42;
0.44,1.71,-0.71;
0.80,1.60,-0.73;
1.54,2.10,-0.67;
2.65,2.26,-0.55;
3.06,1.84,-1.05;
3.67,2.24,-0.79;
4.34,2.18,-0.68;
4.42,1.90,-0.71;
2.97,1.46,-0.93;
1.26,1.38,-0.56;
-0.08,1.37,-0.13;
0.37,1.08,-0.03;
0.97,1.11,-0.32;
1.67,0.97,-0.45;
2.53,0.76,-0.55;
2.34,0.96,-0.70;
1.52,0.94,-0.26;
1.31,0.87,-0.49;
0.13,1.11,-0.24;
-0.19,0.99,-0.24;
0.01,1.16,-0.20;
-0.16,0.84,-0.16;
0.04,0.71,-0.58;
-0.34,0.97,-0.39;
-0.69,0.88,-0.67;
-1.27,1.05,-0.91;
-1.37,1.00,-0.36;
-1.26,0.74,-0.29;
-0.89,0.85,-0.10;
0.25,0.61,-0.42;
0.63,0.61,-0.36;
0.70,0.76,-0.39;
0.99,1.09,-0.24;
0.65,0.77,-0.21;
0.15,0.61,0.08;
-0.31,0.88,0.03;
-0.02,0.84,0.13;
0.74,0.55,0.19;
1.09,0.82,-0.13;
1.40,0.71,0.02;
0.74,0.79,0.06;
0.36,1.08,0.26;
-0.10,1.02,0.23;
-0.16,1.09,0.25;
0.08,1.28,0.22;
0.42,1.40,0.31;
0.59,1.32,0.28;
0.59,1.08,0.06;
0.95,1.09,0.38;
1.09,1.13,0.13;
0.28,0.99,0.28;
0.04,1.02,0.00;
-0.34,0.85,0.46;
-0.17,0.82,0.63;
-0.10,0.58,0.29;
-0.05,0.44,0.29;
0.08,0.19,0.23;
0.08,0.07,0.23;
-0.37,0.21,0.32;
-0.53,0.07,0.28;
-0.88,-0.10,0.25;
-1.08,0.13,0.28;
-1.43,-0.08,0.19;
-0.74,-0.14,0.19;
-0.56,-0.23,0.06;
-0.56,-0.37,0.38;
0.15,-0.22,0.25;
0.25,-0.28,0.26;
0.12,-0.69,0.16;
-0.24,-0.39,0.09;
-1.09,-0.33,-0.04;
-1.73,-0.40,-0.13;
-1.88,-0.26,0.11;
-1.84,-0.08,-0.04;
-1.84,-0.54,0.06;
-1.40,-0.54,0.09;
-1.30,-0.81,-0.20;
-1.81,-0.28,0.00;
-1.47,-0.60,0.06;
-1.53,-0.45,-0.10;
-1.44,-0.80,-0.15;
-1.26,-1.07,-0.16;
-1.61,-1.21,-0.15;
-1.56,-1.55,-0.39;
-1.46,-1.53,-0.30;
-1.98,-1.99,0.09;
-1.66,-2.11,-0.12;
-1.76,-2.40,-0.12;
-1.59,-2.86,-0.12;
-1.55,-3.04,-0.07;
-1.70,-3.65,-0.06;
-1.66,-4.13,-0.24;
-1.69,-5.16,0.05;
-1.99,-6.46,-0.04;
-2.74,-7.84,0.03;
-4.80,-9.61,-0.12;
-6.36,-11.03,-0.01;
-6.85,-12.22,0.09;
-7.14,-14.13,0.34;
-7.00,-15.35,-0.10;
-5.47,-16.23,-0.04;
-3.70,-17.82,-0.27;
-1.76,-19.79,-0.24;
0.27,-22.28,-0.78;
1.05,-25.55,-0.62;
2.44,-30.80,-0.53;
4.13,-37.10,-0.64;
5.26,-42.80,-0.55;
6.56,-49.41,-1.17;
9.93,-56.19,-2.06;
13.54,-62.89,-3.71;
14.12,-69.50,-5.29;
13.02,-76.68,-8.26;
5.41,-73.41,-6.76;
0.60,-84.75,-9.10;
0.10,-94.84,-9.94;
1.15,-91.13,-9.31;
-7.20,-94.25,-9.28;
-13.03,-96.71,-8.13;
-17.11,-98.17,-6.29;
-9.76,-98.00,-7.05;
2.59,-99.07,-7.23;
20.28,-105.49,-7.39;
32.95,-108.71,-8.97;
40.07,-108.22,-11.23;
38.80,-107.87,-12.18;
32.37,-109.88,-11.33;
15.18,-109.56,-10.81;
-3.46,-110.77,-7.16;
-4.77,-108.25,-9.25;
-10.01,-103.56,-8.71;
-11.47,-100.11,-9.40;
-2.68,-97.59,-12.84;
4.68,-92.54,-13.86;
6.89,-80.42,-19.00;
1.24,-67.53,-23.43;
-4.05,-53.49,-23.04;
11.73,-37.64,-18.23;
9.35,-26.23,-13.51;
-0.28,-18.40,-9.86;
2.60,-1.73,-9.86;
9.12,12.38,-10.56;
16.91,30.82,-7.84;
14.28,50.01,-7.84;
15.96,64.91,-12.84;
21.06,83.90,-13.60;
23.69,100.21,-15.62;
16.74,111.02,-11.58;
1.23,122.09,-5.39;
-20.21,127.93,-1.05;
-41.58,132.65,10.75;
-41.70,141.34,13.73;
-17.85,171.83,3.42;
-25.44,239.38,-1.58;
-40.25,205.64,22.98;
7.96,193.00,39.93;
-28.42,176.67,59.96;
-40.16,152.10,102.45;
-12.54,137.32,90.64;
-24.89,89.78,113.19;
2.76,63.43,122.90;
43.87,63.87,112.66;
91.31,74.00,97.77;
144.05,62.62,86.80;
159.08,57.81,72.72;
141.20,41.78,68.34;
111.64,30.32,65.85;
89.76,23.16,62.35;
76.56,10.82,61.74;
72.94,-1.16,61.30;
61.29,-18.39,61.90;
46.65,-36.19,60.72;
10.01,-61.47,57.76;
-15.53,-85.00,46.08;
-30.39,-115.50,30.89;
-90.94,-195.12,35.90;
-16.83,-172.07,-10.52;
-82.39,-209.24,-31.14;
-62.56,-188.81,-17.16;
-91.40,-160.26,-14.76;
127.06,-173.04,14.58;
120.65,-148.97,18.32;
100.19,-135.59,0.90;
51.47,-101.78,20.06;
126.53,-101.56,40.31;
-174.48,-121.78,106.74;
-51.05,-63.58,21.62;
76.88,-50.77,0.84;
-10.56,3.86,31.41;
-20.08,46.15,-5.26;
-22.85,95.46,-30.03;
18.22,122.36,-35.95;
25.14,141.72,-41.89;
-6.98,160.62,-37.43;
-21.40,170.53,-25.55;
-42.30,194.91,-5.77;
-21.53,223.14,-5.45;
0.16,240.56,-9.71;
-12.39,251.67,-7.36;
-40.10,213.02,-8.42;
-30.08,126.97,-10.01;
4.74,76.82,-38.93;
-9.84,11.31,-66.93;
-70.74,16.94,-78.15;
-74.10,49.23,-80.33;
-29.37,66.30,-98.23;
-8.43,34.00,-107.77;
-23.67,-5.64,-96.97;
-61.79,-34.81,-86.82;
-86.07,-44.43,-85.87;
-94.66,-52.72,-82.41;
-81.82,-72.11,-77.08;
-45.20,-64.58,-75.31;
2.74,-61.23,-76.99;
55.79,-63.47,-76.27;
97.05,-69.09,-84.70;
120.10,-96.51,-81.19;
126.70,-146.16,-74.90;
217.90,-126.14,-36.15;
79.41,-141.41,-40.42;
-86.11,-161.94,-40.99;
-88.05,-197.76,2.81;
-182.37,-187.21,16.71;
-185.84,-180.69,49.85;
-64.07,-170.66,14.52;
-20.33,-113.45,-18.61;
60.65,-88.87,-21.08;
114.99,-68.77,33.09;
3.05,-116.17,5.59;
46.66,-163.58,62.63;
26.57,-36.08,16.26;
21.70,45.78,-28.27;
41.64,15.78,-11.28;
10.28,4.41,-8.75;
-0.68,27.71,-3.87;
-9.90,47.92,11.25;
-1.41,101.69,-17.77;
4.94,107.60,-17.05;
0.85,107.89,-11.98;
-5.47,96.88,3.09;
-3.30,90.99,7.24;
0.88,88.21,7.84;
0.47,94.80,4.25;
-2.56,102.29,2.69;
-4.88,110.07,2.02;
-7.59,107.61,2.45;
-10.33,101.75,3.61;
-6.11,94.35,4.60;
-7.20,88.33,2.98;
-12.83,81.03,2.43;
-20.89,76.97,3.68;
-27.73,72.61,6.05;
-26.22,69.16,7.00;
-26.82,62.48,8.16;
-16.30,56.32,5.27;
-5.58,52.16,1.47;
0.62,50.01,1.68;
0.39,40.62,-1.68;
-7.17,36.94,-1.63;
-15.18,36.80,-1.45;
-22.19,32.82,2.06;
-23.29,29.66,3.73;
-12.16,45.14,-4.32;
-7.44,42.97,-7.97;
-0.30,29.81,-4.56;
2.36,31.90,-6.06;
-8.79,33.02,-2.85;
-23.27,31.08,1.58;
-24.76,28.48,2.32;
-19.72,30.50,1.67;
-12.33,32.44,1.74;
-4.45,30.82,0.49;
-7.85,29.75,-1.51;
-5.99,36.51,-2.39;
-9.21,34.71,-2.52;
-18.01,30.59,-2.65;
-21.24,25.64,-0.65;
-16.48,19.86,0.23;
-11.09,14.04,0.45;
-5.72,7.38,0.72;
-4.98,1.69,0.17;
-6.21,-3.10,0.51;
-7.66,-7.13,1.82;
-6.82,-10.55,2.54;
-5.30,-12.81,1.42;
-6.01,-13.84,1.27;
-4.68,-13.29,2.29;
-2.54,-12.16,2.22;
-2.54,-11.55,1.53;
-3.12,-10.13,1.70;
-1.52,-7.35,2.43;
0.27,-3.79,1.77;
2.36,-1.90,1.09;
1.87,0.18,1.24;
0.22,2.09,1.10;
0.05,3.35,1.06;
-0.91,5.17,1.35;
-2.56,5.03,1.79;
-2.22,5.52,1.38;
-1.05,4.82,1.45;
0.51,3.03,0.84;
0.68,1.60,0.63;
0.22,1.05,0.66;
-0.59,0.82,0.74;
-1.30,-0.10,0.69;
-1.78,-0.97,0.52;
-1.38,-1.55,0.16;
-0.56,-1.23,0.31;
0.91,-1.71,-0.18;
2.04,-2.03,-0.49;
2.62,-1.76,-0.24;
3.00,-1.55,-0.24;
2.85,-1.29,-0.71;
2.36,-1.12,-0.70;
1.61,-0.80,-0.13;
0.66,-0.75,-0.29;
-0.05,-0.25,-0.41;
-0.94,-0.13,-0.27;
-1.85,-0.03,-0.32;
-2.28,-0.22,-0.81;
-2.53,-0.13,-0.61;
-2.91,0.27,-0.75;
-2.79,-0.43,-0.52;
-1.72,-0.68,-0.44;
0.18,-0.19,-0.73;
1.41,-0.07,-0.90;
1.93,-0.08,-1.14;
2.19,-0.26,-0.97;
1.38,-0.45,-1.25;
-0.19,-0.17,-0.75;
-0.76,0.44,-0.24;
-0.72,0.45,-0.38;
0.36,0.82,-0.44;
1.63,1.49,-0.39;
2.48,1.71,-0.30;
3.06,1.86,-0.45;
3.24,2.16,-0.38;
2.97,2.15,-0.16;
2.01,2.18,0.03;
1.03,2.16,-0.12;
0.44,1.72,-0.09;
0.28,1.46,0.14;
-0.45,0.97,0.08;
-0.48,0.79,0.23;
-0.60,0.50,0.05;
-0.88,0.27,0.20;
-0.89,0.10,-0.04;
-1.32,-0.42,-0.24;
-1.27,-0.19,-0.26;
-2.45,-0.00,0.06;
-2.45,-0.23,-0.35;
-1.26,-0.17,-0.15;
-0.91,0.13,-0.67;
-0.94,0.07,-0.61;
-0.53,0.30,-0.56;
-0.27,0.87,-0.41;
-0.17,0.82,-0.71;
0.04,0.77,-0.68;
0.60,0.90,-0.96;
0.57,0.68,-1.07;
-0.17,0.44,-0.93;
-0.63,0.19,-0.75;
-0.66,0.03,-0.71;
-0.19,-0.03,-0.62;
-0.05,-0.13,-1.00;
-0.59,-0.62,-0.99;
-0.62,-1.13,-0.87;
0.16,-1.23,-0.71;
0.92,-1.42,-0.68;
1.50,-1.93,-0.97;
2.05,-1.74,-1.08;
2.60,-1.97,-1.11;
1.26,-2.25,-0.99;
0.08,-2.20,-1.25;
-1.29,-2.22,-0.94;
-0.30,-2.62,-0.36;
0.16,-2.87,-0.88;
-0.57,-2.49,-0.97;
-0.31,-2.68,-0.73;
1.99,-2.58,-0.42;
3.08,-2.81,-0.41;
3.29,-3.35,-0.71;
3.57,-3.32,-0.75;
3.89,-3.00,-0.50;
2.68,-3.09,-0.42;
0.57,-3.32,-0.58;
-0.16,-3.71,-0.52;
0.12,-4.19,-0.33;
0.60,-5.13,0.06;
1.34,-6.49,0.23;
2.31,-8.36,0.31;
3.98,-10.45,0.13;
5.52,-13.36,0.06;
6.70,-15.81,0.29;
8.68,-18.20,0.06;
10.19,-21.36,0.16;
10.36,-24.36,0.06;
12.53,-27.71,0.20;
13.99,-32.29,0.23;
13.84,-38.13,0.26;
11.93,-44.20,-0.24;
10.07,-51.47,-0.13;
9.64,-58.87,-0.75;
8.83,-65.97,-1.77;
7.70,-76.22,-3.43;
4.08,-85.82,-5.77;
2.57,-92.11,-8.36;
-3.85,-98.49,-8.32;
-10.43,-103.91,-9.83;
-17.46,-103.00,-8.71;
-26.24,-107.39,-3.65;
-19.30,-118.13,-8.61;
-0.76,-113.52,-6.01;
11.44,-108.89,-5.42;
18.91,-116.91,-8.50;
24.83,-111.10,-7.78;
37.26,-109.04,-9.60;
40.13,-113.41,-5.22;
26.25,-113.55,-3.25;
3.11,-104.78,-4.50;
0.91,-106.22,-2.35;
9.11,-105.81,-2.15;
9.31,-103.65,-4.61;
4.28,-98.71,-6.78;
0.91,-95.00,-6.01;
-7.56,-84.72,-10.85;
-0.71,-71.58,-9.22;
14.07,-59.15,-11.48;
5.99,-47.88,-11.34;
2.85,-28.77,-12.38;
7.20,-14.51,-11.36;
7.72,-0.92,-6.82;
4.16,14.00,-4.91;
-0.65,29.43,-4.03;
6.48,48.33,-3.83;
7.96,66.47,-2.88;
-4.10,82.93,-3.46;
-27.41,93.25,-0.88;
-32.71,107.66,-4.23;
-25.96,117.09,-2.15;
-41.24,124.90,-0.42;
-24.36,137.61,1.36;
10.77,181.69,-6.12;
8.80,253.14,-11.58;
-16.69,204.61,23.51;
27.63,184.55,33.87;
-10.92,181.74,46.28;
6.70,170.59,66.49;
-19.95,154.13,83.00;
-30.68,123.63,91.56;
-7.55,81.61,95.82;
41.73,39.45,105.29;
81.60,49.34,93.30;
116.86,77.16,83.80;
150.83,82.85,80.58;
145.17,52.16,73.51;
134.76,30.94,68.52;
127.99,26.80,65.91;
125.08,26.55,61.67;
115.02,20.00,59.53;
107.35,9.34,59.00;
91.67,-7.53,55.06;
50.59,-30.37,58.17;
25.95,-47.87,60.11;
10.48,-79.52,49.97;
-94.08,-136.03,56.43;
-178.27,-182.52,37.55;
-139.84,-226.71,9.76;
-145.06,-231.74,-34.99;
-218.74,-210.26,-15.11;
-86.69,-203.41,3.19;
163.08,-184.46,4.31;
250.54,-150.43,-10.97;
170.08,-135.13,-29.78;
46.34,-110.26,16.92;
3.32,-101.74,32.67;
-1.20,-109.70,73.61;
-37.61,-42.83,40.29;
-35.61,-28.13,24.29;
-34.04,10.32,17.30;
-35.69,43.40,10.63;
-46.39,82.70,-4.52;
-22.59,105.83,-21.74;
-10.37,124.58,-29.07;
-13.44,152.42,-19.92;
-44.13,171.03,-8.10;
-59.87,194.09,-5.65;
-50.65,217.22,-11.33;
-52.71,227.52,-11.63;
-92.05,172.71,-2.94;
-12.17,162.47,-1.25;
-29.63,166.99,-32.13;
-69.63,117.95,-32.49;
-66.37,71.11,-41.13;
-101.85,88.30,-60.94;
-94.80,83.28,-74.06;
-56.72,46.73,-92.78;
-44.69,26.24,-88.03;
-52.74,31.48,-78.39;
-41.98,32.10,-67.08;
-28.54,10.18,-63.69;
-8.80,-18.92,-64.24;
15.35,-17.71,-64.33;
42.68,-29.00,-68.26;
93.37,-45.06,-67.37;
129.57,-47.26,-82.73;
118.83,-66.63,-89.13;
61.92,-96.65,-65.83;
76.07,-138.75,-68.29;
7.23,-125.67,-27.86;
-90.59,-166.51,-18.49;
-144.77,-207.82,0.90;
-146.37,-194.22,23.55;
-189.17,-178.77,38.86;
-95.78,-152.92,21.74;
-12.50,-139.30,-16.91;
-7.92,-117.32,-31.68;
128.10,-103.00,-32.84;
146.71,0.06,-13.49;
101.41,-30.22,-23.34;
50.89,-62.48,8.63;
-22.57,32.22,14.96;
-13.52,40.53,5.61;
-6.13,40.06,-6.38;
-21.24,56.45,2.19;
-6.69,65.66,-7.23;
0.48,74.87,-4.13;
14.04,84.45,1.82;
6.60,83.42,7.73;
-4.53,83.98,9.45;
-11.21,88.15,6.89;
1.63,96.07,-1.28;
19.90,99.87,-4.52;
29.96,100.99,-7.31;
19.84,105.29,-6.09;
-0.79,102.30,0.37;
-11.41,97.54,5.77;
-28.60,88.97,12.34;
-35.20,86.03,16.87;
-34.02,81.67,19.70;
-19.95,78.30,17.13;
-3.23,73.89,14.46;
3.66,69.57,9.27;
8.57,64.99,4.08;
-6.05,57.83,5.91;
-7.09,50.39,6.25;
-2.68,46.71,7.18;
4.95,43.14,9.06;
10.07,41.08,3.71;
2.62,31.26,0.71;
-10.95,31.63,-8.42;
-28.22,43.25,-6.78;
-26.85,39.75,4.87;
32.44,81.16,-2.16;
58.65,83.52,-11.71;
23.83,45.08,-7.68;
-11.85,30.12,-7.46;
-23.84,19.49,-5.22;
-7.90,14.68,-1.84;
9.95,8.10,1.56;
31.75,6.42,2.03;
30.56,5.03,-0.78;
23.95,3.16,-2.99;
11.58,1.40,-1.49;
1.21,1.80,-0.68;
-8.43,2.67,-0.07;
-11.67,5.43,0.43;
-12.53,6.48,0.66;
-9.58,5.77,-1.00;
-8.82,4.65,-2.68;
-12.51,1.90,-2.62;
-6.68,1.67,-2.16;
-3.90,0.36,-2.21;
-0.07,-0.13,-1.08;
5.28,-1.39,-0.65;
8.01,-2.78,-1.72;
7.05,-4.36,-1.51;
2.28,-6.51,-1.23;
-7.23,-8.28,-0.75;
-16.22,-9.70,0.81;
-23.59,-11.20,3.10;
-28.66,-12.33,3.56;
-27.38,-14.05,3.45;
-23.03,-15.24,3.29;
-17.15,-16.86,2.03;
-9.99,-18.17,1.74;
-4.83,-18.51,1.84;
-1.59,-18.22,2.72;
-0.36,-16.86,3.10;
2.07,-14.46,2.05;
3.02,-11.20,2.25;
3.46,-8.48,1.87;
-0.04,-6.87,1.03;
-5.81,-5.50,0.45;
-11.08,-4.39,1.13;
-11.14,-3.56,1.47;
-9.06,-3.36,1.33;
-6.69,-3.33,0.80;
-3.20,-3.32,-0.01;
0.31,-3.18,-0.52;
5.02,-2.92,-1.13;
7.57,-3.18,-1.57;
8.94,-3.10,-1.36;
9.52,-2.86,-1.45;
8.77,-2.69,-1.63;
7.72,-3.04,-1.95;
4.44,-2.97,-1.62;
1.09,-3.24,-1.22;
-0.31,-2.57,-0.79;
-0.48,-2.43,-0.49;
0.88,-2.49,-0.61;
1.31,-2.23,-1.25;
1.99,-1.55,-1.13;
1.12,-1.45,-1.28;
-1.00,-0.66,-0.64;
-0.22,0.12,-0.32;
-0.69,0.15,-0.88;
-1.01,-0.65,-0.88;
-0.54,-0.72,-1.02;
-1.53,-0.91,-0.88;
-2.54,-1.20,-0.50;
-4.04,-1.70,-0.07;
-4.60,-1.87,-0.23;
-4.92,-2.16,0.00;
-3.67,-2.02,-0.01;
-4.13,-1.42,-0.32;
-5.17,-1.61,-0.59;
-3.72,-0.72,-0.20;
-2.40,0.36,-0.09;
-1.92,0.41,0.19;
-1.50,0.91,-0.33;
-0.77,1.84,0.05;
1.29,1.86,-0.38;
1.58,1.29,-0.47;
0.94,2.22,-0.10;
-0.65,2.47,0.17;
-0.83,2.51,-0.59;
-1.30,2.97,0.02;
-0.68,3.26,-0.09;
-0.07,2.99,-0.56;
1.08,2.93,-0.91;
0.63,2.48,-1.19;
0.10,1.00,-0.87;
-0.54,-0.08,-0.50;
-0.43,-1.33,-0.52;
0.76,-2.74,-0.68;
1.64,-5.16,-0.52;
1.35,-8.43,-0.33;
0.77,-11.35,-0.23;
1.00,-14.55,-0.32;
1.31,-19.36,-0.47;
1.66,-25.45,-0.53;
-0.02,-30.39,-0.50;
-3.59,-36.68,-0.12;
-1.18,-43.53,0.43;
-1.88,-51.45,0.90;
1.34,-57.70,0.08;
4.66,-61.64,-0.90;
8.44,-68.10,-2.67;
11.44,-73.58,-5.14;
14.42,-78.20,-8.45;
12.27,-72.52,-8.23;
4.53,-90.29,-4.55;
9.86,-101.74,-10.38;
18.94,-100.95,-8.16;
17.78,-104.94,-6.29;
12.62,-110.51,-5.45;
4.86,-117.78,-3.62;
9.81,-117.36,-5.92;
17.18,-117.24,-8.06;
34.27,-116.92,-10.68;
38.71,-118.87,-11.46;
37.52,-121.26,-9.65;
28.57,-115.33,-9.36;
18.79,-111.09,-9.05;
3.99,-108.16,-6.96;
-8.97,-102.08,-4.07;
-25.43,-98.84,-2.35;
-17.93,-91.15,-2.16;
-12.89,-78.74,-2.82;
-12.88,-68.25,-1.04;
-6.01,-57.74,-0.62;
-1.93,-43.29,-1.08;
-0.68,-25.47,-1.23;
-0.65,-7.45,0.69;
5.41,15.06,3.58;
3.11,29.00,9.64;
-7.52,44.41,9.70;
-16.19,60.64,6.86;
-10.28,82.04,-1.68;
-11.70,96.45,-8.97;
-21.38,105.87,-8.47;
-31.24,119.66,-6.38;
-41.20,141.74,-3.54;
-33.11,168.56,0.74;
-9.75,244.93,-2.52;
-38.94,208.80,12.69;
-0.22,186.68,29.50;
17.99,191.60,32.58;
-23.43,221.67,56.43;
-17.72,171.45,76.98;
-43.17,141.11,91.25;
-42.71,117.90,96.46;
9.35,81.08,107.79;
82.41,63.11,113.41;
132.25,78.76,100.80;
172.28,84.35,85.96;
193.35,66.07,71.65;
201.17,41.66,60.55;
188.01,24.36,54.26;
149.95,14.73,55.24;
103.95,0.53,60.69;
67.78,-19.16,65.97;
24.60,-50.28,68.57;
-7.82,-83.49,68.48;
-27.29,-110.62,63.03;
-83.40,-153.79,60.92;
-125.55,-153.38,44.49;
-141.93,-151.84,26.31;
-220.48,-188.46,31.32;
-95.76,-193.55,3.10;
-104.97,-214.49,-16.73;
-87.09,-205.20,-34.88;
-12.57,-185.38,-4.61;
173.73,-184.14,18.93;
176.25,-175.90,-1.45;
122.82,-162.42,-7.26;
-22.86,-176.68,102.51;
13.86,-116.52,46.20;
-12.28,-89.78,50.34;
-12.02,-67.20,54.29;
-0.63,-38.20,37.76;
-19.34,-9.62,34.75;
-15.99,16.09,14.67;
-11.35,43.23,-5.25;
-12.43,64.19,-13.75;
-34.14,85.93,-22.04;
-47.93,109.14,-30.71;
-54.24,126.21,-34.35;
-58.05,147.87,-33.13;
-43.37,186.50,-34.53;
-29.98,210.07,-31.75;
-7.81,230.16,-32.56;
15.72,259.34,-34.36;
39.95,274.38,-37.10;
67.40,220.71,-30.21;
110.24,201.74,-36.53;
75.54,169.74,-35.65;
66.57,102.91,-38.50;
45.38,28.41,-52.38;
-46.65,22.96,-56.07;
-61.99,50.87,-46.71;
-45.43,53.28,-60.41;
-25.40,25.55,-74.87;
-33.03,6.27,-71.52;
-53.52,-4.87,-65.02;
-74.11,-29.44,-58.03;
-95.44,-52.03,-56.30;
-93.58,-81.10,-61.69;
-58.74,-63.13,-62.55;
-15.38,-66.65,-73.31;
38.82,-83.52,-75.00;
107.84,-88.49,-95.62;
101.32,-112.68,-103.05;
121.05,-137.15,-100.65;
169.31,-100.97,-68.15;
109.17,-73.00,-18.47;
93.50,-228.80,-16.53;
-93.44,-205.13,-37.05;
-156.72,-125.85,-31.78;
-19.08,-148.52,36.17;
-102.86,-161.07,10.42;
-9.49,-111.56,-15.10;
24.27,-93.45,-38.41;
20.48,-68.57,-27.89;
59.47,-109.01,64.13;
97.92,-17.04,-44.12;
20.80,-69.61,12.89;
-19.46,-45.76,18.89;
-6.11,37.19,3.50;
-11.27,14.06,13.65;
-30.31,28.97,24.03;
-44.54,57.52,28.95;
-56.65,65.93,32.60;
-61.01,76.62,33.07;
-52.02,83.58,26.67;
-29.15,92.00,22.89;
-6.42,96.65,17.42;
13.32,98.74,12.20;
14.74,102.27,12.37;
6.68,101.40,15.10;
-1.87,101.98,18.32;
-18.40,99.08,22.81;
-28.77,93.60,23.30;
-35.56,89.40,20.90;
-47.84,79.92,18.34;
-40.39,73.37,14.20;
-31.17,67.57,13.48;
-18.05,65.90,12.13;
-7.88,64.07,8.26;
-4.72,54.26,6.60;
3.34,53.86,2.54;
7.89,50.39,-0.39;
9.96,44.50,-2.82;
9.26,41.90,-4.55;
5.12,40.65,-3.63;
2.27,41.57,-1.91;
-4.04,38.97,-2.24;
-11.15,35.67,2.81;
-5.70,32.16,1.25;
1.86,27.98,2.80;
9.03,20.61,-0.26;
11.93,12.67,-1.07;
11.31,6.61,-2.70;
9.40,1.20,-1.34;
9.11,-2.46,-0.70;
7.08,-3.24,1.56;
5.93,-4.28,2.14;
4.04,-4.10,3.18;
1.76,-4.25,3.06;
-0.83,-3.45,1.97;
-3.99,-0.45,2.31;
-5.29,2.39,2.46;
-3.78,3.40,2.09;
-0.80,4.94,1.50;
0.57,5.83,0.40;
-0.13,4.36,-0.03;
-0.91,2.70,-0.35;
1.14,1.46,-0.30;
3.05,2.24,0.29;
4.79,1.64,0.06;
5.66,0.27,0.11;
4.85,0.85,0.23;
2.99,0.04,0.46;
0.51,-0.68,-0.10;
-2.43,-0.28,-0.01;
-4.30,-0.03,-0.36;
-6.34,0.19,0.23;
-7.58,0.80,0.19;
-5.70,1.80,0.32;
-3.50,2.47,0.16;
-0.27,2.84,0.17;
1.64,3.17,0.08;
1.78,3.74,-0.07;
1.18,3.42,0.14;
-0.48,2.96,0.11;
-2.60,2.79,0.17;
-3.67,2.71,0.67;
-4.42,2.90,1.09;
-3.93,2.39,0.34;
-3.38,2.27,0.75;
-2.33,2.24,0.16;
-0.88,1.93,-0.06;
0.07,1.38,-0.13;
1.40,0.73,-0.13;
2.13,-0.36,-0.55;
0.31,-1.12,-0.36;
-1.59,-1.84,-0.78;
-1.73,-1.62,-0.41;
-1.20,-0.95,-0.04;
0.07,-1.20,-0.13;
1.29,-1.36,-0.35;
0.95,-0.69,-0.82;
0.68,-1.15,-0.42;
0.39,-1.58,-0.33;
0.22,-1.24,-0.38;
-0.31,-1.49,-0.76;
-1.17,-2.08,-0.65;
-2.28,-2.10,-0.26;
-4.13,-2.16,0.13;
-4.59,-2.33,0.00;
-3.63,-1.20,0.48;
-2.21,-0.55,0.31;
-1.20,-0.16,0.00;
-1.09,0.15,-0.23;
0.04,0.24,-0.59;
1.87,-0.62,-0.58;
2.74,-0.55,-0.70;
2.65,-0.60,-0.73;
1.12,-1.41,-0.73;
-0.04,-1.94,-0.41;
-1.05,-2.13,-0.38;
-1.34,-2.81,-0.04;
-1.26,-3.13,-0.01;
-1.85,-3.73,-0.18;
-2.62,-4.54,-0.24;
-2.28,-4.13,-0.15;
-2.07,-3.84,-0.12;
-1.47,-4.07,-0.21;
-0.77,-3.61,-0.04;
-0.72,-3.24,0.08;
-1.03,-3.36,0.00;
-1.01,-3.20,0.02;
-0.50,-3.01,0.34;
-0.66,-2.66,0.14;
-0.79,-2.55,-0.20;
-1.06,-2.65,-0.18;
-0.74,-2.57,-0.20;
-1.58,-2.23,-0.23;
-1.20,-1.67,0.09;
-0.36,-1.38,0.23;
-0.68,-0.54,-0.06;
-0.88,-0.13,0.06;
-1.08,0.55,-0.23;
-1.23,1.29,0.11;
-0.33,1.75,0.11;
0.15,2.10,-0.15;
1.09,2.73,-0.56;
2.04,3.09,-0.64;
2.25,3.09,-0.62;
2.10,3.40,-0.99;
1.67,3.64,-0.76;
1.37,3.40,-0.44;
1.11,3.43,-0.85;
1.32,3.48,-0.62;
1.57,3.67,-0.88;
1.46,3.64,-0.91;
1.52,3.37,-1.08;
1.89,3.23,-1.04;
1.29,2.80,-0.94;
1.23,2.58,-1.00;
0.68,2.39,-1.04;
0.50,2.32,-0.58;
0.47,2.29,-0.58;
0.30,1.83,-0.94;
0.62,2.29,-0.90;
0.68,2.09,-1.02;
0.70,1.98,-0.88;
0.12,2.12,-1.26;
0.02,2.18,-1.16;
0.25,2.15,-1.08;
0.05,1.61,-1.33;
-0.07,1.37,-0.99;
0.05,1.34,-0.97;
0.15,0.76,-1.36;
0.54,0.29,-0.90;
1.17,0.29,-1.14;
1.05,0.07,-1.08;
1.50,0.26,-0.94;
2.27,0.30,-0.82;
2.50,0.18,-0.85;
2.18,-0.16,-0.94;
1.52,0.01,-1.19;
0.76,0.15,-0.75;
0.19,0.21,-0.56;
0.54,0.13,-0.44;
0.82,-0.10,-0.65;
1.40,-0.14,-0.67;
0.97,-0.11,-0.88;
0.45,0.18,-0.53;
0.73,0.29,-0.18;
0.36,0.26,-0.44;
0.24,0.21,-0.27;
0.18,-0.10,-0.53;
-0.24,-0.28,-0.56;
-1.00,-0.10,-0.30;
-1.49,-0.10,0.14;
-1.63,-0.23,0.02;
-1.44,0.13,-0.07;
-1.38,0.16,-0.07;
-1.53,0.07,0.02;
-1.35,0.07,-0.04;
-1.06,0.51,0.08;
-0.65,0.29,-0.21;
-0.50,0.26,-0.04;
-0.45,0.15,-0.30;
-0.79,0.06,-0.30;
-0.83,0.22,-0.20;
-0.71,0.03,-0.01;
-0.46,0.06,-0.04;
-0.08,-0.36,-0.12;
0.36,-0.28,-0.03;
-0.19,-0.63,-0.13;
-0.50,-0.78,-0.03;
-0.33,-0.51,0.16;
-0.21,-0.62,0.26;
-0.45,-0.65,-0.03;
-1.01,-0.52,-0.07;
-1.40,-1.03,0.13;
-1.32,-1.15,0.02;
-1.12,-0.89,0.23;
-0.65,-0.63,0.05;
-0.68,-0.42,0.25;
-0.36,-0.36,-0.15;
-0.37,-0.16,-0.07;
-0.42,-0.40,-0.26;
-0.36,0.04,0.09;
-0.69,-0.03,-0.10;
-0.72,0.42,-0.16;
-0.88,0.51,-0.47;
-0.89,0.65,-0.07;
-0.08,0.55,-0.50;
-0.17,0.68,-0.30;
-0.31,0.82,-0.41;
-0.34,0.79,-0.30;
-0.40,0.82,-0.38;
-0.36,0.65,-0.24;
0.08,0.51,-0.24;
0.12,0.53,-0.42;
-0.10,0.51,-0.35;
-0.22,0.74,-0.33;
-0.53,0.50,-0.27;
-0.62,0.68,-0.27;
-0.72,0.59,-0.35;
-0.31,0.48,-0.42;
-0.65,0.67,-0.55;
-0.31,0.94,-0.59;
0.80,1.08,-0.47;
0.99,0.91,-0.70;
1.12,1.19,-0.59;
0.44,1.37,-0.58;
-0.05,1.46,-0.49;
0.04,1.58,-0.26;
0.13,1.52,-0.32;
0.42,1.72,-0.52;
0.71,1.57,-0.32;
1.15,1.11,-0.49;
1.14,0.88,-0.32;
0.48,0.91,-0.27;
-0.37,1.09,-0.23;
-1.08,0.99,-0.15;
-0.86,1.40,-0.32;
-0.98,1.08,-0.38;
-1.15,1.13,-0.20;
-1.44,0.74,-0.35;
-1.15,0.35,-0.36;
0.05,0.01,-0.13;
0.44,0.06,-0.44;
0.30,-0.39,-0.24;
0.19,-0.49,-0.38;
-0.34,-0.66,-0.12;
-1.11,-0.63,-0.30;
-1.67,-0.23,0.00;
-2.24,-0.25,-0.23;
-2.17,0.51,-0.26;
-1.09,0.97,-0.04;
-0.65,1.20,-0.26;
0.15,1.78,-0.21;
0.86,2.04,-0.26;
0.76,2.21,-0.30;
0.22,2.27,0.02;
-0.69,2.18,-0.16;
-1.26,1.95,-0.03;
-1.56,2.04,0.11;
-2.07,1.98,0.09;
-1.58,1.64,0.23;
-0.97,1.57,-0.10;
-0.76,1.78,0.00;
-0.83,2.13,-0.29;
-1.01,2.36,-0.45;
-0.65,2.36,-0.24;
0.18,2.48,-0.56;
0.36,2.51,-0.64;
0.48,2.15,-0.33;
0.39,1.61,-0.55;
0.25,1.25,-0.50;
-0.28,0.88,-0.23;
-0.19,0.24,-0.07;
-0.34,-0.17,0.17;
0.34,-0.58,0.03;
-0.02,-0.84,-0.03;
-0.02,-0.80,0.34;
-0.13,-0.54,0.43;
-0.08,-0.78,0.17;
-0.07,-0.52,0.54;
0.24,-0.49,0.37;
-0.25,-0.03,0.46;
-0.72,0.33,0.34;
-0.04,0.62,0.28;
0.73,0.70,0.22;
0.68,0.94,0.23;
0.82,0.79,0.19;
0.28,0.62,0.05;
-0.59,0.39,0.25;
-1.24,0.16,0.52;
-1.27,0.38,0.42;
-0.95,0.26,0.38;
-0.62,-0.17,0.34;
-0.02,-0.22,0.08;
-0.07,-0.03,0.40;
-0.24,0.09,0.43;
-0.13,-0.02,0.54;
-0.13,0.33,0.29;
-0.07,0.21,0.37;
0.66,0.19,0.19;
0.83,-0.11,0.32;
0.22,-0.14,0.23;
-0.36,-0.19,0.40;
-0.86,-0.17,0.61;
-0.92,-0.03,0.66;
-0.59,-0.07,0.63;
0.04,-0.05,0.31;
0.21,0.03,0.34;
0.27,-0.16,0.22;
-0.17,-0.23,0.14;
-0.37,-0.48,0.32;
-0.60,-0.23,0.46;
-0.56,-0.45,0.52;
-0.56,-0.37,0.57;
0.04,-0.54,0.19;
0.24,-0.37,0.54;
0.10,-0.28,0.34;
0.10,-0.37,0.34;
0.04,-0.26,0.08;
-0.07,-0.33,-0.04;
0.36,-0.68,0.34;
0.57,-0.40,0.08;
0.05,-0.45,-0.27;
-0.42,-0.40,0.09;
-0.89,-0.49,0.16;
-0.51,-0.29,0.02;
0.08,-0.34,0.13;
0.50,-0.34,0.00;
0.02,-0.33,0.06;
0.18,-0.48,0.16;
0.30,-0.33,0.03;
0.34,-0.03,-0.04;
0.59,0.03,-0.12;
0.82,-0.20,-0.16;
0.85,-0.22,-0.09;
0.65,-0.26,0.14;
-0.13,-0.28,-0.18;
-0.40,-0.43,0.14;
-0.10,-0.00,-0.15;
-0.10,-0.02,0.03;
0.31,-0.05,-0.07;
0.59,-0.17,-0.18;
0.34,-0.11,-0.52;
-0.51,0.01,-0.26;
-0.65,0.06,-0.26;
-0.16,0.06,-0.27;
0.02,0.22,-0.13;
0.15,-0.02,-0.52;
0.07,0.27,-0.38;
0.04,0.04,-0.32;
-0.16,0.16,-0.38;
-0.07,-0.23,-0.58;
-0.10,0.13,-0.53;
-0.31,0.13,-0.27;
-0.63,-0.13,-0.38;
-0.56,0.12,-0.23;
-0.34,0.33,-0.41;
-0.05,0.18,-0.62;
-0.14,0.36,-0.35;
-0.54,0.51,-0.70;
-0.83,0.42,-0.30;
-0.66,0.67,-0.35;
-0.79,0.64,-0.94;
-1.40,0.65,-0.55;
-1.53,0.48,-0.38;
-1.34,0.61,-0.44;
-1.40,0.73,-0.50;
-0.95,0.47,-0.67;
-1.37,0.27,-0.76;
-1.58,0.21,-0.59;
-1.79,0.35,-0.42;
-1.44,0.51,-0.81;
-1.14,0.59,-0.58;
-1.21,0.48,-0.49;
-1.84,0.99,-0.67;
-3.01,1.14,-0.29;
-3.14,1.52,-0.15;
-2.40,1.87,-0.20;
-1.73,2.09,-0.21;
-1.17,2.94,-0.42;
-0.92,3.22,-0.58;
-1.06,3.63,-0.32;
-0.43,4.13,-0.30;
-1.44,4.32,-0.09;
-1.58,4.55,0.06;
-1.34,4.70,0.06;
-1.12,4.30,0.14;
-0.88,4.64,-0.10;
-0.51,4.64,-0.10;
0.57,4.74,-0.06;
0.76,4.87,-0.33;
1.50,4.76,-0.35;
1.03,4.87,-0.62;
0.51,4.99,-0.35;
1.34,4.67,-0.21;
2.37,4.24,-0.56;
2.80,3.83,-0.59;
2.86,3.23,-0.70;
1.75,2.87,-0.67;
0.86,2.53,-0.64;
0.22,2.10,-0.23;
-0.21,1.72,-0.42;
-0.89,1.34,-0.42;
-1.08,0.77,-0.27;
-1.47,0.41,-0.35;
-1.67,0.18,-0.39;
-1.92,-0.13,-0.29;
-1.96,-0.02,-0.12;
-0.97,0.39,0.02;
-0.80,0.27,0.00;
-0.22,0.61,-0.44;
-0.76,1.00,-0.21;
-1.05,1.14,-0.55;
-0.80,1.51,-0.44;
-1.30,1.80,-0.50;
-2.28,2.15,-0.52;
-3.18,2.90,-0.58;
-3.98,3.35,-0.59;
-2.92,4.32,-0.70;
-2.51,4.87,-0.75;
-1.53,5.45,-0.84;
-0.07,6.06,-1.02;
0.56,6.42,-1.00;
0.31,6.50,-1.00;
-0.37,6.59,-1.25;
-0.82,6.87,-1.43;
-0.69,6.79,-1.13;
-1.06,6.79,-1.05;
-1.17,6.38,-0.97;
-0.91,5.97,-0.82;
-0.60,4.94,-0.87;
-0.24,3.66,-1.08;
-0.36,2.80,-0.73;
-1.18,2.07,-0.93;
-1.63,0.97,-0.64;
-0.95,0.96,-0.62;
-0.68,1.00,-0.58;
-0.24,0.71,-0.26;
0.92,0.71,-0.24;
1.34,0.70,-0.20;
1.54,0.79,-0.44;
0.60,0.91,-0.26;
-0.28,0.97,-0.09;
-0.34,1.57,0.22;
0.36,1.95,0.23;
0.65,1.80,0.28;
1.55,1.90,0.43;
1.99,1.90,0.28;
1.69,1.83,-0.10;
0.82,1.64,-0.01;
0.08,1.98,0.06;
-0.36,2.12,0.46;
-0.46,2.38,0.32;
-0.69,2.97,0.54;
-0.01,2.97,-0.07;
-0.14,2.47,-0.09;
-0.07,1.93,-0.09;
-0.36,1.13,0.02;
-0.69,1.05,0.02;
-0.92,0.70,0.17;
-0.97,0.84,0.43;
-0.85,0.96,0.61;
-0.92,0.68,0.42;
-0.43,0.48,0.31;
-0.21,0.29,0.32;
-0.57,-0.02,0.19;
-0.91,-0.22,0.46;
-1.43,-0.26,0.35;
-1.63,-0.48,0.54;
-1.12,-0.16,0.48;
-0.56,0.12,0.55;
-0.24,0.12,0.34;
-0.27,0.16,0.32;
-0.31,0.32,0.63;
-0.28,0.30,0.35;
-0.69,0.21,0.32;
-0.76,0.01,0.29;
-0.37,-0.05,0.23;
-0.21,-0.16,0.19;
-0.27,-0.05,0.03;
-0.33,-0.08,-0.18;
-0.77,0.07,-0.03;
-0.65,0.19,0.08;
-0.83,0.18,-0.20;
-0.59,0.51,-0.12;
-0.43,0.44,-0.26;
-0.45,0.27,-0.06;
-0.83,0.06,-0.10;
-0.94,0.15,-0.07;
-0.79,0.29,-0.32;
-0.94,0.59,-0.01;
-0.83,0.41,-0.20;
-0.82,0.29,-0.12;
-0.94,0.55,0.03;
-0.57,0.55,-0.33;
-0.54,0.64,-0.16;
-0.02,0.87,-0.21;
-0.01,0.85,-0.10;
0.07,0.99,0.05;
0.25,0.91,-0.07;
0.63,1.19,-0.16;
0.92,1.16,-0.13;
0.68,1.02,-0.42;
0.24,1.11,-0.04;
0.08,0.97,-0.24;
0.33,0.94,0.00;
0.31,0.73,-0.20;
0.44,0.59,-0.26;
0.60,0.45,-0.26;
0.37,0.36,-0.06;
0.42,0.07,-0.41;
0.27,-0.02,-0.39;
0.45,-0.13,-0.03;
0.39,0.10,-0.33;
0.33,-0.29,-0.49;
0.56,-0.10,-0.30;
0.59,-0.25,-0.33;
0.92,-0.14,-0.33;
0.74,-0.11,-0.45;
0.66,-0.11,-0.53;
0.48,-0.11,-0.36;
0.47,-0.25,-0.45;
0.45,-0.48,-0.35;
0.50,-0.36,-0.21;
0.18,-0.71,-0.64;
0.22,-0.71,-0.62;
0.10,-0.81,-0.36;
0.31,-0.54,-0.55;
0.45,-0.46,-0.61;
0.41,-0.28,-0.64;
0.85,-0.19,-0.64;
0.89,0.26,-0.59;
0.70,0.39,-0.82;
0.59,0.32,-0.70;
-0.07,0.76,-0.91;
-0.25,1.02,-0.75;
-0.07,1.34,-0.67;
0.39,1.35,-0.70;
0.39,1.52,-0.78;
-0.25,1.54,-0.81;
-0.22,1.48,-0.81;
-0.53,1.31,-0.49;
-0.37,1.28,-0.65;
-0.62,1.32,-0.93;
-0.56,1.35,-0.91;
-1.34,1.05,-1.14;
-1.95,0.88,-0.65;
-0.86,1.11,-0.36;
-0.59,0.73,-0.84;
-0.30,1.03,-1.10;
-0.24,0.80,-1.02;
-0.43,0.76,-0.97;
-0.39,0.50,-0.76;
-0.60,0.68,-0.99;
-0.80,0.64,-0.76;
-1.11,0.76,-0.91;
-0.74,0.71,-0.79;
-0.56,0.71,-0.79;
-0.89,0.97,-0.85;
-0.89,0.79,-1.00;
-0.83,1.05,-0.96;
-0.72,1.26,-0.96;
-0.57,1.26,-1.10;
-0.28,1.34,-0.94;
-0.21,1.25,-0.91;
-0.50,1.09,-1.10;
-0.46,0.90,-0.79;
-0.46,0.91,-0.79;
-0.36,0.76,-0.85;
-0.53,0.74,-0.68;
-0.25,0.59,-1.11;
0.16,0.71,-0.73;
0.54,0.77,-0.76;
0.85,0.67,-0.88;
1.26,0.91,-0.88;
0.85,0.58,-0.82;
1.03,0.64,-0.81;
0.54,0.33,-0.87;
0.08,0.62,-0.56;
-0.37,0.41,-0.84;
-0.53,0.39,-0.75;
-0.25,0.42,-0.53;
-0.33,0.13,-0.59;
-0.33,0.10,-0.90;
-0.50,0.03,-0.65;
-0.68,0.06,-0.49;
-0.56,-0.07,-0.56;
-0.60,-0.17,-0.30;
-0.65,-0.14,-0.47;
-0.31,-0.08,-0.15;
0.01,-0.05,-0.13;
0.25,0.01,-0.29;
0.45,0.13,-0.33;
0.47,0.21,-0.29;
0.31,0.36,-0.20;
0.33,0.44,-0.21;
-0.08,0.47,-0.12;
-0.13,0.39,-0.07;
-0.14,0.35,-0.30;
-0.66,0.04,-0.20;
-0.76,-0.14,-0.26;
-0.53,0.04,-0.04;
-0.40,-0.45,-0.36;
-0.45,-0.84,-0.27;
-0.77,-1.07,-0.12;
-1.61,-1.24,-0.47;
-1.73,-1.01,0.06;
-1.35,-0.69,0.35;
-0.60,-0.66,0.67;
0.04,0.29,0.49;
0.47,0.71,0.35;
1.00,1.64,0.61;
1.90,2.09,0.03;
2.18,2.47,0.17;
1.93,2.90,0.28;
1.15,2.84,0.09;
0.54,3.37,0.35;
-0.25,2.67,0.29;
-0.50,2.16,0.32;
-0.88,1.29,0.20;
-0.57,0.53,-0.09;
-0.92,-0.71,-0.01;
-1.05,-1.59,0.09;
-0.95,-1.91,0.11;
0.10,-2.22,0.19;
1.32,-2.31,0.20;
1.60,-2.17,0.00;
1.72,-1.78,0.42;
1.37,-1.06,0.52;
1.06,-0.05,0.49;
1.31,0.79,0.57;
1.55,1.51,0.52;
1.69,1.83,0.32;
1.37,1.86,0.03;
0.22,1.98,0.23;
-0.56,1.49,0.28;
-1.08,1.42,0.55;
-1.01,0.91,0.55;
-1.26,0.45,0.13;
-1.75,-0.31,0.29;
-1.64,-0.54,0.29;
-1.69,-0.69,0.61;
-1.40,-0.89,0.43;
-1.03,-0.65,0.46;
-0.57,-0.11,0.54;
0.10,0.22,0.35;
0.56,0.67,0.23;
0.74,1.32,0.37;
0.51,1.64,0.02;
0.53,2.00,0.32;
0.56,2.13,0.35;
-0.11,2.19,0.29;
-0.54,1.72,0.19;
-1.21,1.55,0.17;
-1.52,1.19,0.16;
-1.49,0.56,0.09;
-1.41,0.22,0.28;
-1.17,0.27,-0.12;
-1.06,0.29,0.11;
-0.60,0.21,0.26;
-0.33,0.19,0.09;
0.44,0.62,0.23;
0.82,0.71,-0.10;
1.06,0.87,-0.01;
1.03,1.02,-0.12;
0.36,0.84,-0.04;
0.30,1.02,0.09;
-0.08,0.82,-0.06;
-0.08,0.53,-0.04;
-0.45,0.39,-0.23;
-0.28,0.13,-0.27;
-0.45,-0.22,-0.18;
-0.60,0.10,-0.10;
-0.60,-0.00,-0.29;
-0.76,-0.22,-0.12;
-0.56,-0.16,-0.20;
-0.40,-0.02,-0.32;
-0.07,-0.00,-0.12;
0.66,0.04,-0.18;
0.73,0.04,-0.49;
0.63,-0.10,-0.32;
0.21,-0.07,-0.30;
-0.13,-0.29,-0.15;
-0.25,-0.31,-0.38;
-0.30,-0.26,-0.23;
-0.53,-0.49,-0.30;
-1.15,-0.54,-0.73;
-1.08,-0.28,-0.49;
-0.83,-0.60,-0.39;
-1.21,-0.23,-0.41;
-0.51,-0.19,-0.53;
-0.37,0.04,-0.50;
-0.80,0.22,-0.33;
-0.57,0.36,-0.53;
-0.53,0.84,-0.26;
-0.65,0.73,-0.73;
-0.45,0.96,-0.55;
-0.31,0.97,-0.41;
0.13,1.17,-0.76;
-0.04,0.91,-0.78;
-0.11,1.13,-0.67;
-0.68,1.17,-0.62;
-0.59,0.99,-0.56;
-0.42,1.13,-0.47;
-0.39,1.02,-0.61;
-0.04,0.79,-0.88;
-0.01,0.87,-0.96;
-0.24,1.60,-0.26;
0.41,1.38,-0.61;
0.16,1.17,-0.68;
0.56,0.88,-0.78;
0.65,0.39,-0.68;
0.50,0.56,-0.75;
0.42,0.29,-0.90;
0.27,0.56,-0.84;
-0.13,0.32,-0.87;
-0.46,-0.22,-0.71;
-0.50,0.22,-0.85;
0.15,0.03,-0.79;
0.77,0.13,-0.94;
0.54,0.12,-0.78;
0.47,-0.42,-0.67;
0.21,-0.07,-0.59;
0.21,-0.14,-0.64;
0.07,-0.19,-0.82;
-0.14,-0.33,-0.70;
0.21,-0.69,-0.33;
-0.25,-0.42,-0.59;
-0.25,-0.68,-0.68;
-0.36,-0.86,-0.68;
-0.25,-0.78,-0.18;
0.05,-0.72,-0.39;
0.27,-0.81,-0.16;
0.16,-0.75,-0.32;
0.42,-0.65,-0.27;
0.08,-0.63,-0.30;
0.01,-0.66,-0.16;
-0.51,-0.60,-0.10;
-0.59,-0.46,-0.09;
-0.86,-0.54,0.06;
-0.69,-0.63,-0.06;
-0.69,-0.52,0.02;
-0.33,-0.43,-0.04;
-0.19,-0.14,-0.13;
-0.05,-0.48,0.03;
-0.10,-0.49,-0.29;
-0.71,-0.43,-0.09;
-0.92,-0.36,0.08;
-0.46,-0.20,0.02;
-0.37,-0.16,0.03;
-0.21,0.29,-0.13;
0.08,0.12,-0.03;
-0.17,-0.00,-0.01;
-0.30,0.22,0.20;
-0.36,0.44,0.23;
0.02,0.18,0.06;
0.08,0.41,0.02;
0.27,0.38,-0.10;
0.24,0.10,-0.07;
0.12,0.19,0.13;
0.10,0.06,0.06;
-0.22,-0.05,0.08;
-0.02,0.03,0.22;
0.25,0.06,0.22;
0.33,0.06,-0.12;
0.47,-0.22,-0.07;
0.36,0.15,-0.03;
0.30,0.09,0.03;
0.85,0.09,0.05;
1.37,0.32,0.02;
1.35,0.27,0.13;
1.67,0.06,-0.13;
1.95,0.45,-0.15;
1.66,0.61,0.06;
1.79,0.73,-0.20;
1.99,1.00,-0.07;
2.07,0.99,-0.26;
1.70,1.00,-0.20;
1.43,0.65,-0.07;
1.63,0.55,-0.04;
1.37,0.70,-0.10;
1.41,0.47,-0.18;
1.57,0.30,-0.13;
1.18,0.38,-0.10;
0.80,0.19,-0.16;
0.57,-0.10,0.00;
0.27,-0.03,-0.07;
0.18,-0.00,-0.23;
0.24,-0.19,-0.32;
0.12,-0.34,-0.15;
0.16,-0.55,0.09;
0.33,-0.33,-0.10;
0.37,-0.34,-0.10;
0.33,-0.39,-0.24;
0.13,-0.26,-0.16;
-0.02,-0.39,-0.13;
-0.36,-0.40,-0.13;
-0.17,-0.49,0.02;
-0.33,-0.07,-0.06;
0.02,-0.26,-0.23;
0.02,-0.13,-0.16;
-0.76,0.09,-0.42;
-0.91,-0.10,-0.01;
-0.57,0.03,0.16;
-0.68,0.10,-0.03;
-0.39,0.30,-0.13;
-0.10,0.06,-0.12;
-0.08,0.33,-0.01;
0.01,0.33,-0.20;
-0.43,0.39,0.03;
-0.54,0.39,-0.23;
-0.45,0.33,0.20;
-0.01,0.50,-0.21;
0.36,0.41,-0.26;
-0.08,0.30,0.05;
-0.36,-0.13,0.02;
-0.63,-0.17,0.19;
-0.62,-0.43,0.22;
-0.10,-0.40,0.16;
-0.10,-0.75,0.00;
-0.14,-0.72,-0.23;
-0.27,-0.55,0.16;
-0.71,-0.46,0.22;
-0.54,-0.43,-0.04;
-0.69,-0.36,0.02;
-0.71,-0.39,-0.03;
-0.76,-0.20,-0.13;
-0.60,-0.14,0.06;
-0.72,-0.29,0.17;
-0.68,-0.16,0.13;
-0.79,-0.14,0.17;
-0.65,-0.17,-0.01;
-0.62,-0.26,0.09;
-0.82,-0.26,-0.18;
-0.80,-0.10,0.29;
-0.85,-0.48,0.17;
-0.72,-0.20,-0.04;
-0.21,-0.29,0.09;
-0.28,-0.13,0.16;
-0.27,0.01,-0.04;
-0.28,-0.10,0.02;
-0.07,-0.10,0.29;
-0.37,-0.11,0.14;
-0.39,0.24,-0.03;
-0.59,-0.05,0.11;
-0.97,-0.22,0.35;
-0.69,0.09,0.08;
-0.30,-0.03,0.03;
0.04,-0.08,0.19;
0.45,0.24,0.11;
0.27,-0.08,0.19;
0.48,0.13,0.19;
0.24,0.18,0.19;
0.15,0.01,0.09;
0.28,0.18,0.13;
0.44,0.10,0.08;
0.39,0.24,0.28;
0.24,0.24,-0.07;
0.33,0.22,0.11;
0.19,0.41,0.02;
0.27,0.19,-0.10;
0.10,0.16,0.00;
0.07,0.32,-0.06;
-0.27,-0.00,0.03;
-0.02,0.12,0.13;
-0.01,0.18,0.09;
-0.22,0.10,0.13;
0.13,0.13,0.09;
0.44,0.22,-0.18;
0.24,0.27,-0.16;
-0.13,0.44,0.17;
-0.22,0.42,0.11;
-0.34,0.38,-0.04;
0.15,0.70,0.05;
0.18,0.73,0.06;
0.39,0.77,-0.01;
0.37,0.80,0.02;
0.44,0.82,0.20;
0.02,0.67,0.05;
0.30,0.48,0.16;
-0.02,0.41,0.03;
-0.02,0.29,0.00;
-0.14,0.04,0.03;
0.01,0.16,-0.03;
0.24,0.15,0.13;
0.16,0.01,-0.04;
1.28,0.19,-0.15;
2.63,0.26,-0.38;
3.63,0.22,-0.32;
3.46,0.13,-0.53;
2.77,-0.05,-0.15;
1.78,-0.10,0.00;
0.44,-0.31,0.23;
-0.07,-0.58,0.09;
0.19,-0.75,0.14;
-0.05,-0.62,0.23;
-0.42,-0.58,0.45;
-0.45,-0.80,0.22;
-1.00,-0.89,0.45;
-0.95,-0.86,0.58;
-1.43,-0.87,0.61;
-1.55,-0.97,0.60;
-1.96,-0.97,0.45;
-1.88,-1.01,0.72;
-1.87,-1.09,0.54;
-1.84,-0.92,0.40;
-0.82,-0.78,0.54;
-0.59,-0.77,0.19;
-0.50,-0.52,0.43;
0.18,-0.63,0.35;
0.10,-0.49,0.31;
0.18,-0.46,0.20;
0.08,-0.72,0.11;
-0.34,-0.78,0.08;
-0.59,-0.87,0.08;
-0.66,-0.77,0.14;
-1.03,-0.81,0.22;
-1.09,-0.69,0.17;
-0.68,-0.58,-0.06;
-0.92,-0.83,0.37;
-0.50,-0.69,0.13;
-0.77,-0.45,0.13;
-0.65,-0.29,0.09;
-0.37,-0.19,0.26;
-0.05,-0.22,0.20;
-0.24,-0.05,0.32;
-0.42,0.29,0.11;
-0.04,0.29,0.25;
0.50,0.18,0.02;
0.94,0.45,0.25;
1.24,0.45,0.26;
1.06,0.44,0.20;
0.88,0.13,0.23;
0.65,0.22,0.38;
0.39,0.39,0.13;
0.22,0.30,-0.01;
0.24,0.16,0.16;
0.54,0.01,-0.06;
0.77,-0.11,0.09;
0.99,-0.17,0.06;
0.74,-0.40,0.03;
-0.01,-0.40,0.06;
-0.31,-0.62,0.13;
-0.71,-0.49,0.06;
-0.60,-0.58,0.03;
-0.74,-0.63,0.26;
-0.30,-0.57,-0.03;
-0.36,-0.52,-0.01;
-0.08,-0.60,-0.07;
-0.46,-0.42,0.11;
-0.59,-0.42,-0.18;
-0.68,-0.17,-0.03;
-0.25,-0.19,0.13;
-0.21,0.10,-0.21;
0.16,-0.19,-0.26;
0.31,-0.14,-0.15;
0.50,-0.03,-0.21;
0.60,0.10,0.03;
0.85,0.22,0.02;
1.05,0.19,0.08;
0.99,0.24,0.05;
0.79,0.44,0.09;
0.44,0.39,-0.03;
0.59,0.48,-0.04;
0.27,0.67,-0.06;
0.16,0.74,-0.16;
0.24,0.74,-0.07;
0.30,0.61,-0.13;
0.21,0.59,-0.38;
-0.14,0.61,-0.10;
-0.24,0.39,-0.24;
-0.57,0.07,-0.04;
-0.62,0.18,-0.13;
-0.57,0.09,0.11;
-0.97,-0.33,0.02;
-0.60,-0.39,-0.06;
-0.62,-0.20,-0.09;
-0.14,-0.16,-0.04;
0.02,-0.08,-0.09;
0.47,-0.23,-0.03;
0.44,-0.33,-0.15;
0.01,-0.57,-0.13;
-0.42,-0.22,-0.07;
-0.51,-0.20,0.03;
-0.31,-0.23,-0.12;
-0.42,-0.14,-0.24;
0.08,-0.10,0.05;
0.34,0.24,-0.21;
0.92,0.18,-0.32;
0.68,-0.02,-0.24;
0.42,0.15,-0.10;
-0.10,0.27,0.11;
-0.46,0.16,-0.04;
-0.46,0.04,0.23;
-0.51,0.10,-0.01;
-0.42,0.04,-0.09;
-0.30,-0.10,-0.03;
-0.34,-0.40,-0.23;
-0.50,-0.43,0.25;
-0.33,-0.43,0.17;
-0.69,-0.43,0.03;
-0.59,-0.42,0.02;
-0.40,-0.20,-0.12;
-0.48,-0.42,-0.23;
-0.24,-0.29,-0.04;
-0.43,-0.11,-0.03;
-0.72,-0.36,-0.30;
-1.03,-0.33,-0.32;
-0.86,-0.46,-0.30;
-0.82,-0.55,-0.33;
-0.59,-0.66,-0.24;
-0.69,-0.43,-0.09;
-0.48,-0.57,-0.10;
-0.54,-0.37,-0.32;
-0.65,-0.54,-0.13;
-0.62,-0.40,-0.39;
-0.51,-0.63,-0.36;
-0.37,-0.40,-0.18;
-0.24,-0.40,-0.33;
-0.50,-0.26,-0.18;
-0.25,-0.34,-0.36;
-0.04,-0.14,-0.33;
-0.16,-0.20,-0.47;
0.18,-0.43,-0.26;
0.19,-0.37,-0.35;
0.04,-0.22,-0.27;
-0.46,-0.55,-0.30;
-0.30,-0.33,-0.27;
-0.42,-0.29,-0.27;
-0.17,-0.33,-0.23;
-0.10,-0.08,-0.35;
0.05,-0.02,-0.10;
0.31,-0.07,-0.18;
0.12,-0.13,-0.24;
0.13,-0.02,-0.09;
0.27,0.21,-0.13;
-0.04,0.21,-0.12;
-0.34,0.16,-0.07;
-0.36,0.24,-0.09;
-0.33,0.44,-0.38;
0.05,0.38,0.03;
0.01,0.42,-0.03;
-0.16,0.30,-0.27;
-0.13,0.67,0.03;
-0.34,0.59,-0.18;
0.02,0.67,0.09;
0.19,0.80,-0.10;
0.31,0.88,-0.16;
0.25,0.97,-0.32;
0.28,1.13,-0.24;
0.42,1.45,-0.13;
0.45,1.42,-0.20;
0.16,1.92,-0.36;
-0.27,2.29,-0.55;
-0.48,2.53,-0.42;
0.13,2.64,-0.62;
0.22,2.90,-0.84;
-0.19,2.65,-0.67;
0.48,2.74,-0.87;
0.48,2.61,-1.05;
0.94,2.42,-1.08;
0.73,2.33,-1.04;
0.05,1.67,-1.33;
-0.08,1.32,-1.22;
0.30,1.26,-1.17;
0.42,1.06,-1.37;
1.00,0.80,-1.29;
1.41,0.96,-1.31;
1.87,0.88,-1.33;
1.63,0.97,-1.40;
1.70,0.88,-1.19;
1.76,0.80,-1.17;
0.76,0.96,-1.11;
0.15,0.58,-1.13;
0.07,0.53,-0.81;
-0.25,0.33,-0.70;
-0.46,0.18,-0.81;
-0.60,0.22,-0.68;
-0.62,0.27,-0.64;
-0.68,0.29,-0.53;
-0.89,0.09,-0.75;
-0.68,0.10,-0.39;
-1.09,0.42,-0.53;
-1.09,0.33,-0.52;
-0.42,0.24,-0.52;
-0.31,0.50,-0.35;
0.07,0.76,-0.38;
0.13,0.51,-0.32;
0.15,0.59,-0.30;
0.21,0.38,-0.33;
0.41,0.67,-0.41;
0.22,0.39,-0.55;
-0.07,0.68,-0.41;
0.15,0.47,-0.61;
0.05,0.44,-0.49;
0.15,0.39,-0.39;
0.16,0.39,-0.42;
0.12,0.29,-0.47;
-0.01,0.09,-0.33;
0.10,0.18,-0.35;
0.50,0.12,-0.47;
0.21,-0.22,-0.27;
0.13,-0.17,-0.42;
0.25,0.22,0.03;
-0.36,0.03,-0.06;
-0.34,0.04,0.13;
-0.95,0.18,0.00;
-1.14,0.15,0.40;
-0.63,0.13,0.09;
-0.53,0.12,0.19;
-0.36,0.16,0.31;
-0.48,0.26,0.31;
-0.60,0.12,0.38;
-0.54,0.32,0.37;
-0.74,0.12,0.32;
-0.63,0.16,0.22;
-0.76,0.30,0.13;
-0.86,-0.00,0.25;
-1.03,-0.07,0.20;
-0.89,-0.05,0.49;
-0.76,-0.07,0.54;
-0.63,-0.34,0.20;
-0.60,-0.16,0.43;
-0.63,-0.17,0.49;
-0.69,-0.28,0.57;
-1.29,-0.26,0.52;
-1.61,-0.37,0.69;
-1.70,-0.54,0.63;
-1.63,-0.25,0.34;
-1.85,-0.33,0.54;
-1.56,-0.29,0.34;
-1.79,-0.22,0.37;
-1.66,-0.25,0.60;
-1.00,-0.16,0.38;
-0.01,-0.03,0.23;
0.10,0.26,0.03;
0.48,0.21,-0.09;
0.05,0.21,0.08;
0.04,0.47,0.17;
-0.05,0.42,0.19;
-0.17,0.44,0.19;
-0.16,0.03,0.00;
0.44,0.30,0.22;
0.25,0.10,0.28;
0.48,0.09,0.00;
0.45,-0.08,0.34;
0.27,0.29,0.22;
-0.07,-0.11,0.00;
-0.42,0.22,0.40;
-0.45,0.09,0.22;
-0.25,0.24,0.52;
0.12,-0.02,0.29;
0.27,0.09,0.42;
0.31,-0.07,0.34;
0.41,-0.19,0.14;
0.42,0.06,0.35;
0.39,-0.05,0.16;
0.41,-0.16,0.06;
-0.04,-0.23,0.23;
-0.76,0.01,0.09;
-0.53,-0.00,0.16;
-0.31,0.06,-0.07;
0.07,-0.13,-0.01;
0.54,0.10,0.19;
0.18,-0.08,-0.23;
-0.39,-0.03,0.16;
-0.34,-0.03,0.11;
-0.50,0.06,0.08;
-0.08,0.16,-0.09;
-0.13,-0.02,0.17;
-0.10,0.32,-0.12;
-0.24,0.36,-0.33;
-0.33,0.55,-0.10;
-0.02,0.62,0.17;
0.41,0.53,-0.27;
0.66,0.61,-0.35;
0.82,0.42,-0.55;
1.00,0.51,-0.24;
1.40,0.41,-0.53;
1.28,0.56,-0.65;
1.18,0.55,-0.49;
1.09,0.50,-0.64;
1.02,0.55,-0.21;
1.34,0.51,-0.41;
1.38,0.30,-0.45;
1.34,0.04,-0.50;
0.50,-0.13,-0.39;
-0.04,-0.20,-0.18;
-0.68,-0.51,0.05;
-1.01,-0.28,0.03;
-1.29,-0.28,-0.10;
-1.43,-0.52,0.11;
-1.47,-0.49,-0.06;
-1.27,-0.40,0.42;
-1.63,-0.52,0.28;
-1.92,-0.42,0.11;
-1.95,-0.42,0.08;
-2.10,-0.63,0.19;
-2.16,-0.62,0.11;
-2.77,-0.89,0.19;
-2.59,-0.78,-0.07;
-2.36,-1.20,0.34;
-2.72,-0.87,-0.10;
-2.17,-0.84,0.09;
-2.07,-0.89,-0.15;
-1.81,-0.60,0.09;
-0.74,-0.58,-0.03;
-0.72,-0.29,0.00;
-0.46,-0.54,0.20;
0.12,-0.20,0.49;
0.19,-0.07,0.20;
0.04,-0.08,0.23;
0.28,0.09,0.26;
0.50,0.09,0.11;
0.71,0.04,-0.01;
0.88,-0.00,0.08;
0.99,0.03,0.09;
1.38,0.26,0.17;
1.58,0.26,-0.13;
1.70,0.32,0.19;
1.49,0.09,0.42;
1.00,0.19,0.22;
0.80,0.19,0.48;
0.56,0.27,0.45;
0.86,0.33,0.40;
0.91,0.22,0.38;
1.11,0.41,0.00;
0.79,0.42,0.32;
0.48,0.42,0.31;
0.51,0.64,0.51;
0.39,0.62,0.38;
0.27,0.35,0.77;
-0.02,0.27,0.61;
-0.22,0.24,0.51;
-0.42,-0.00,0.72;
-0.21,-0.07,0.83;
-0.16,-0.16,0.63;
-0.17,-0.22,0.51;
0.05,0.04,0.69;
-0.01,-0.11,0.78;
-0.19,0.01,0.69;
-0.17,0.38,0.80;
-0.07,0.09,0.60;
-0.02,0.10,0.86;
-0.27,0.26,0.72;
-0.36,0.16,0.87;
-0.63,-0.00,0.64;
-0.94,-0.20,0.96;
-1.15,0.15,0.71;
-1.06,0.04,1.01;
-0.39,0.09,0.74;
0.13,0.04,0.75;
-0.17,-0.14,0.61;
-0.31,0.12,0.52;
-0.30,0.35,0.95;
-0.10,0.53,0.66;
0.04,0.80,0.52;
0.82,0.93,0.29;
1.38,1.23,0.37;
1.86,1.22,0.11;
2.08,1.13,0.52;
1.90,1.37,0.37;
1.23,1.25,0.40;
0.85,1.28,0.49;
0.62,1.32,0.23;
0.59,1.37,0.40;
0.88,1.45,0.31;
0.85,1.17,0.69;
0.85,1.37,0.49;
0.50,1.16,0.34;
0.19,1.14,0.54;
-0.33,1.00,0.55;
-0.22,0.76,0.54;
-0.17,0.71,0.49;
-0.56,0.47,0.74;
-0.88,0.45,0.60;
-0.83,0.24,0.74;
-1.32,0.21,0.69;
-1.35,0.32,0.69;
-1.08,0.19,0.43;
-0.94,0.50,0.46;
-0.91,0.50,0.52;
-1.08,0.58,0.71;
-0.79,0.99,0.69;
-1.01,0.82,0.57;
-0.72,1.37,0.84;
-0.89,1.16,0.45;
-0.34,1.26,0.31;
-0.66,1.42,-0.01;
-0.54,1.38,0.35;
-0.51,1.57,0.32;
-0.63,1.31,0.31;
-0.69,1.45,0.11;
-1.12,1.42,0.06;
-1.18,1.71,0.09;
-1.14,2.06,-0.13;
-1.50,2.03,-0.18;
-1.46,2.26,-0.21;
-1.66,2.67,-0.20;
-1.49,2.84,-0.23;
-1.92,3.02,0.16;
-1.52,3.97,-0.12;
-1.20,5.06,-0.30;
-1.73,4.10,-0.61;
-2.19,4.32,-0.93;
-2.76,4.91,-1.11;
-3.09,5.25,-1.22;
-4.07,6.13,-1.36;
-5.35,6.47,-1.58;
-6.95,6.79,-1.52;
-7.47,7.29,-1.51;
-7.32,8.03,-1.60;
-6.59,8.26,-2.15;
-5.26,8.87,-2.41;
-4.51,9.29,-2.70;
-4.07,9.84,-2.55;
-4.31,10.68,-2.47;
-4.95,11.52,-2.79;
-7.18,11.57,-2.79;
-8.51,11.90,-2.50;
-9.46,12.21,-2.38;
-9.99,12.47,-2.62;
-10.16,12.82,-2.67;
-9.75,12.90,-2.93;
-9.40,12.88,-4.00;
-8.85,13.71,-4.13;
-9.38,14.26,-4.23;
-10.53,15.25,-4.49;
-11.44,15.72,-4.42;
-12.50,15.90,-4.10;
-12.34,16.33,-4.06;
-10.97,16.04,-4.50;
-10.46,16.93,-4.62;
-11.41,15.93,-4.96;
-11.88,15.20,-5.07;
-11.55,14.93,-4.56;
-10.88,14.84,-3.87;
-11.05,14.27,-4.20;
-11.05,12.03,-4.20;
-11.40,12.35,-3.75;
-9.34,10.85,-3.87;
-7.44,9.69,-4.56;
-8.82,8.94,-3.87;
-5.46,8.35,-4.10;
-5.21,5.93,-5.48;
-4.85,6.50,-4.00;
-5.64,5.34,-4.24;
-4.94,5.34,-4.70;
-5.93,5.03,-4.29;
-6.69,4.99,-3.69;
-7.44,3.81,-3.78;
-7.43,3.31,-3.40;
-7.30,2.33,-3.31;
-6.86,2.06,-3.68;
-6.07,1.97,-3.23;
-6.16,1.32,-3.80;
-5.50,0.85,-3.66;
-5.08,0.87,-3.46;
-6.40,0.55,-3.39;
-7.00,0.32,-3.31;
-6.01,0.03,-3.46;
-5.35,-0.43,-3.60;
-4.59,-1.00,-3.54;
-4.42,-1.55,-3.28;
-3.99,-1.78,-3.31;
-2.33,-1.68,-3.33;
-1.44,-1.27,-3.28;
-0.76,-1.50,-3.31;
-1.58,-1.71,-3.31;
-2.24,-1.65,-3.04;
-2.34,-1.91,-2.23;
-1.98,-2.16,-2.36;
-2.13,-2.26,-2.30;
-1.29,-2.40,-2.16;
-0.21,-2.52,-1.69;
-0.37,-2.75,-1.87;
-1.06,-2.62,-1.71;
-1.01,-2.48,-1.43;
-1.00,-2.63,-1.29;
-0.71,-2.16,-1.34;
-0.80,-1.96,-1.36;
-1.23,-1.96,-1.49;
-1.18,-2.10,-1.08;
-1.34,-1.76,-1.10;
