-5.79,0.10,0.88;
-7.21,0.44,0.60;
-3.78,0.68,1.19;
2.24,0.21,0.99;
5.38,-0.67,0.02;
3.70,-0.48,-0.27;
1.46,0.06,-0.69;
0.57,-0.46,0.60;
-1.15,0.96,1.81;
-3.79,-0.05,0.90;
-4.83,-0.19,0.99;
-3.23,0.30,1.19;
-0.66,-0.37,0.83;
0.83,-0.32,0.90;
0.51,-0.17,1.11;
1.40,0.12,1.05;
1.44,-0.05,0.57;
-1.05,0.03,0.70;
-2.68,0.35,0.70;
-3.21,-0.26,1.73;
-2.39,-0.09,2.48;
-1.09,0.15,0.71;
-1.09,0.04,0.12;
-2.37,-0.00,0.82;
-1.17,-0.40,0.96;
-2.24,-0.12,0.97;
-2.74,0.73,0.10;
-2.68,0.58,0.88;
1.47,-0.55,1.70;
3.67,-0.92,1.66;
2.25,-0.90,0.47;
-1.57,0.55,-0.17;
-5.37,0.33,0.54;
-5.95,0.42,2.09;
-4.88,-0.00,2.65;
-2.48,-0.20,1.25;
-0.48,-0.29,0.64;
1.24,-0.11,-0.45;
1.23,0.07,0.65;
2.14,0.17,1.58;
1.37,-0.31,1.34;
1.20,0.24,0.62;
-0.66,0.44,0.53;
-1.29,0.38,1.35;
-0.77,0.42,1.89;
-0.28,0.21,1.75;
-0.05,0.06,1.09;
-2.16,-0.12,0.64;
-4.13,0.81,1.67;
-2.33,1.45,0.35;
0.19,0.72,0.77;
1.30,-0.34,1.46;
-0.92,-0.96,2.18;
-3.29,-0.08,2.53;
-4.62,0.82,1.54;
-3.34,-0.87,-0.71;
-1.37,-1.65,-0.25;
-0.39,-1.21,0.56;
-2.11,0.67,1.69;
-1.64,2.32,2.07;
4.62,0.12,1.84;
9.17,-4.00,1.92;
4.16,-2.08,1.72;
-1.41,1.10,1.23;
-3.73,3.57,1.87;
2.91,0.04,1.22;
7.32,-3.58,2.10;
3.49,-2.90,3.29;
-3.75,-0.63,5.64;
-5.81,-0.49,6.83;
-3.86,-3.22,7.34;
-3.43,-4.84,9.35;
-7.31,-2.87,9.19;
-10.63,-0.61,5.77;
-9.75,-0.03,3.93;
-4.65,-2.37,5.60;
2.19,-4.22,6.41;
4.28,-2.93,6.07;
3.66,-1.65,3.23;
2.77,-0.64,1.40;
2.22,-1.58,3.35;
1.47,-2.29,7.38;
-1.96,-3.58,7.26;
-5.43,-3.15,7.32;
-10.57,-3.87,8.21;
-15.32,-4.96,11.00;
-16.51,-4.37,12.38;
-14.07,-1.24,11.58;
-7.76,-1.12,10.36;
0.08,-3.68,9.00;
1.26,-3.87,7.69;
-4.39,-1.22,9.12;
-7.95,-0.05,9.22;
-8.07,0.39,7.20;
-5.11,0.52,4.74;
0.79,0.27,3.25;
4.77,0.18,3.35;
5.76,0.42,4.59;
2.18,1.14,5.72;
-3.58,1.05,3.60;
-6.10,2.30,2.79;
-6.70,3.16,4.77;
-6.86,4.17,5.84;
-6.88,10.06,7.52;
-5.28,10.09,6.44;
-3.03,8.15,3.81;
-6.45,8.94,2.80;
-13.12,9.95,3.70;
-18.31,11.13,4.54;
-18.95,11.98,3.69;
-16.85,12.38,1.81;
-14.01,13.57,0.48;
-10.07,12.94,2.67;
-3.53,10.73,2.06;
-2.08,9.17,-1.33;
-5.29,7.02,-2.31;
-12.39,4.94,0.04;
-23.89,4.07,3.15;
-33.72,4.47,4.74;
-34.59,4.59,4.85;
-31.34,2.62,6.90;
-21.61,0.64,7.08;
-8.62,0.64,1.43;
-0.82,1.20,-3.55;
1.35,-0.96,-4.69;
3.95,-3.12,-5.55;
1.56,-2.55,-3.94;
1.96,-2.48,-0.08;
-0.66,-4.20,1.58;
-3.61,-3.79,1.31;
-7.03,-3.77,-0.07;
-9.57,-2.49,-2.60;
-11.18,-0.60,-1.96;
-5.12,-1.58,-0.28;
0.71,-2.11,0.15;
4.72,-3.48,-0.78;
1.59,-2.35,-0.69;
0.98,-0.72,0.15;
4.50,0.30,-1.62;
3.06,1.49,-2.25;
3.17,0.55,-2.20;
-0.45,-1.30,0.02;
-6.91,-0.84,2.36;
-13.41,1.59,2.31;
-13.82,4.38,-0.83;
-3.18,3.92,-3.91;
5.09,1.57,-3.17;
5.23,0.58,-1.03;
1.43,3.13,-0.27;
2.01,4.64,-2.17;
0.18,4.27,-3.46;
-1.64,3.86,-3.91;
1.17,5.02,-4.89;
1.14,7.08,-4.63;
1.56,7.22,-5.04;
8.01,4.67,-5.82;
10.56,3.04,-3.82;
6.42,3.31,0.62;
-4.18,4.23,1.00;
-13.58,4.78,-0.05;
-16.47,5.97,1.09;
-7.40,4.52,1.35;
6.40,3.89,-1.70;
12.86,5.11,-5.55;
17.50,6.27,-7.81;
19.12,6.04,-6.75;
17.05,3.97,-4.78;
12.08,3.17,-3.12;
-0.71,3.02,-1.99;
-11.86,3.14,1.00;
-13.50,3.33,3.58;
-10.51,3.57,3.26;
-6.36,3.51,2.74;
-3.05,4.76,0.85;
-0.73,3.63,-2.77;
2.72,4.04,-3.82;
6.76,4.15,-3.67;
11.90,2.75,-2.85;
11.44,1.98,-3.20;
8.01,2.24,-4.02;
2.63,1.17,-1.58;
1.32,0.04,3.44;
-7.37,1.34,6.57;
-17.00,1.65,7.46;
-19.02,0.82,5.75;
-14.76,-1.83,3.73;
-8.30,-2.83,2.79;
-4.66,-1.68,2.09;
-1.92,-1.18,1.84;
-0.30,-2.83,1.09;
-0.24,-2.51,0.68;
-3.02,-1.88,-0.28;
-4.25,-2.09,1.09;
-3.82,-2.20,1.20;
-5.06,-1.35,1.29;
-2.54,-2.03,0.90;
2.50,-4.28,0.73;
2.60,-4.11,0.65;
-2.22,-2.28,0.90;
-7.47,-0.84,4.48;
-6.37,-2.03,5.08;
-8.25,-3.16,5.43;
-10.41,-4.48,6.50;
-10.42,-4.74,6.59;
-8.97,-3.96,5.05;
-5.34,-2.51,5.12;
1.11,-5.58,5.44;
8.16,-6.87,5.02;
12.42,-7.22,4.25;
12.68,-8.72,4.90;
10.68,-11.03,5.19;
7.37,-10.48,7.23;
0.42,-7.13,9.64;
-1.75,-7.53,9.37;
-0.68,-9.64,10.48;
3.53,-14.69,14.48;
10.48,-16.37,18.88;
17.09,-13.28,18.88;
20.54,-11.16,15.98;
27.70,-13.80,16.67;
30.91,-17.39,22.57;
33.61,-18.81,33.95;
28.11,-21.01,26.59;
14.94,-17.36,17.95;
-6.39,-14.26,26.22;
0.24,-18.55,48.41;
11.82,-26.99,64.68;
21.56,-30.90,40.83;
15.46,-23.59,18.02;
-1.02,-26.29,29.92;
1.53,-28.02,57.78;
10.28,-29.93,72.47;
10.22,-27.28,52.76;
-0.24,-27.74,30.45;
-18.99,-25.68,36.44;
-26.80,-26.31,59.69;
-17.53,-27.97,74.44;
-6.01,-28.98,60.94;
12.65,-27.99,36.65;
12.39,-24.57,39.77;
18.02,-28.17,55.40;
39.53,-33.96,70.73;
40.14,-38.63,57.67;
11.73,-34.92,38.36;
5.76,-28.55,33.17;
15.95,-29.33,53.89;
30.16,-37.48,65.89;
34.45,-39.22,54.96;
14.28,-33.03,35.87;
2.77,-24.28,31.87;
0.80,-20.58,40.99;
25.72,-26.74,49.86;
37.98,-31.09,54.07;
32.76,-31.71,51.37;
11.49,-24.49,51.64;
10.65,-19.64,51.26;
3.00,-18.49,55.35;
3.32,-26.55,52.86;
-20.60,-27.82,46.94;
-18.22,-22.14,43.08;
-5.41,-11.85,47.32;
7.75,-5.19,55.90;
12.21,-11.62,58.82;
13.32,-20.86,45.95;
12.94,-26.17,31.72;
10.11,-23.48,32.36;
22.47,-24.72,36.64;
25.37,-27.77,39.28;
14.98,-23.80,33.09;
1.38,-9.53,23.95;
-7.98,-0.86,23.92;
0.83,1.31,30.19;
12.48,-11.03,35.89;
18.69,-15.22,35.20;
19.26,-10.57,29.52;
26.71,-8.12,25.54;
6.37,-9.80,26.62;
-1.55,-22.99,25.49;
-1.08,-18.93,16.74;
13.03,-9.96,11.00;
27.92,-6.61,14.67;
27.37,-8.92,22.04;
27.89,-19.79,22.24;
28.59,-22.77,17.90;
21.49,-16.57,14.02;
2.13,-3.91,16.01;
-13.52,2.30,17.25;
-16.88,0.78,19.00;
-3.35,-2.19,21.43;
23.98,-5.18,24.09;
41.37,-6.11,23.75;
41.53,-6.66,13.64;
17.92,-4.75,7.02;
3.93,-2.51,5.60;
-17.40,1.39,9.69;
-33.73,0.72,13.43;
-29.37,-3.19,12.02;
10.57,-7.32,7.75;
36.59,-8.25,3.31;
32.16,-2.60,-2.30;
21.09,1.10,-4.14;
0.34,1.86,4.45;
-7.87,0.12,8.88;
-3.02,-7.64,7.46;
1.78,-10.22,0.80;
6.57,-6.48,-9.73;
8.02,-1.44,-8.62;
-0.08,1.14,0.67;
-12.33,-0.61,4.21;
-0.70,-5.39,-5.64;
24.59,-6.99,-15.40;
24.65,-0.48,-16.28;
9.99,4.20,-12.57;
-5.02,5.89,-10.40;
-9.29,5.98,-12.23;
-15.47,7.11,-14.08;
-9.76,6.91,-14.95;
-6.56,8.33,-14.59;
-4.28,7.28,-17.93;
-1.60,4.76,-26.56;
-9.58,5.92,-36.01;
-15.12,11.34,-37.33;
-10.24,18.03,-28.72;
0.83,18.87,-18.95;
-1.76,12.78,-20.78;
-12.86,11.81,-36.66;
-12.63,13.37,-48.78;
-0.65,13.11,-51.56;
-7.18,13.84,-47.85;
-13.08,16.39,-49.98;
-12.59,19.25,-55.91;
-1.11,19.14,-52.20;
-6.33,18.70,-43.35;
-20.85,22.73,-48.25;
-27.23,29.25,-57.43;
-28.31,34.79,-57.01;
-27.89,33.68,-47.91;
-24.39,24.12,-43.58;
-22.51,20.73,-51.67;
-24.08,23.45,-59.49;
-26.01,27.23,-64.28;
-27.34,28.58,-66.01;
-19.72,28.58,-65.67;
-9.57,29.11,-66.91;
-9.89,32.65,-64.05;
-9.96,35.40,-61.41;
-12.19,35.28,-63.98;
-21.61,30.03,-71.24;
-31.17,29.80,-73.56;
-54.02,37.86,-67.38;
-53.99,44.97,-64.02;
-25.57,47.46,-68.66;
-18.89,35.80,-77.50;
-8.94,14.70,-84.48;
-5.03,15.89,-84.23;
-19.63,29.23,-81.32;
-7.57,41.45,-79.15;
9.76,41.97,-82.98;
15.56,24.00,-89.65;
4.08,15.30,-83.50;
-14.89,20.30,-71.49;
-20.50,31.60,-66.33;
1.61,31.30,-66.81;
6.76,28.49,-66.77;
-15.47,27.25,-61.33;
-25.35,25.62,-54.30;
-24.42,21.43,-39.32;
12.74,16.27,-27.46;
38.34,14.59,-34.05;
42.16,13.46,-47.53;
28.86,14.42,-34.97;
25.53,11.11,-14.94;
29.06,11.13,3.55;
34.30,4.23,0.48;
14.72,-4.87,-20.27;
-32.45,1.49,-25.70;
-61.02,16.12,-13.73;
-32.22,16.12,-1.04;
0.19,9.11,1.92;
32.97,-0.86,-1.40;
43.52,-6.43,-11.10;
9.26,-1.39,-7.35;
-26.99,6.49,1.55;
-37.63,8.99,4.42;
-17.05,3.22,3.44;
-1.15,-5.36,7.46;
0.51,-5.93,11.46;
-12.77,-0.64,3.08;
-17.84,3.84,-3.14;
-10.08,5.40,-3.78;
12.51,-1.45,0.93;
20.33,-8.09,5.92;
5.85,-8.54,11.96;
-10.88,-2.77,8.19;
-35.60,6.93,-1.01;
-24.05,8.13,-4.97;
3.30,0.90,1.63;
20.74,-8.74,13.28;
10.53,-10.52,18.83;
-19.26,-1.27,13.34;
-40.02,6.06,4.18;
-29.58,5.10,2.13;
1.73,-2.12,5.78;
18.01,-8.45,9.29;
10.28,-6.03,3.22;
-7.23,1.45,-1.29;
-13.03,3.98,-2.54;
-6.80,1.78,1.90;
6.13,-3.71,3.26;
7.29,-4.63,2.60;
-6.57,0.04,0.28;
-8.82,2.39,-2.42;
0.34,-0.17,-1.79;
-2.71,-4.34,4.41;
-15.86,-4.87,5.54;
-31.02,0.20,3.19;
-35.47,4.93,0.38;
-20.85,3.02,3.37;
-0.48,-1.67,7.55;
10.45,-5.71,6.10;
4.77,-2.48,-0.23;
-8.01,1.08,-2.42;
-9.87,2.00,-2.30;
-0.54,1.95,3.58;
9.78,-1.28,3.28;
11.47,-2.54,-0.34;
2.95,-1.24,-4.62;
-5.99,1.92,-2.08;
-10.48,3.14,3.61;
-5.49,-0.08,6.71;
-3.92,-0.99,2.10;
-9.78,0.93,-2.66;
-10.31,3.04,-5.23;
-5.26,1.78,0.18;
4.88,-0.57,6.82;
12.16,-2.35,5.46;
6.48,-0.77,0.47;
-1.64,1.54,-2.86;
-4.91,1.72,-0.14;
-7.18,1.23,6.76;
-6.07,0.67,5.55;
-10.94,0.38,0.50;
-11.00,-0.08,-1.23;
-4.92,0.84,2.15;
3.72,1.13,3.29;
6.68,1.17,1.60;
5.47,-0.26,-1.64;
4.14,-1.58,-1.20;
2.31,-0.40,0.88;
-0.28,1.65,1.93;
-2.76,1.68,1.72;
-5.61,0.75,2.97;
-7.06,-1.30,4.04;
-7.00,-0.80,2.50;
-4.83,0.96,-0.66;
-3.38,1.02,0.45;
-0.44,0.12,3.87;
3.30,0.79,2.39;
5.90,-0.25,-1.23;
0.76,-2.11,-0.89;
-4.48,-1.38,4.19;
-7.53,0.84,5.73;
-4.97,2.41,3.03;
-3.90,2.18,-0.27;
2.33,-1.77,-0.69;
4.68,-3.41,0.83;
0.82,-1.76,2.73;
-2.62,1.94,1.14;
-3.50,2.70,-0.46;
-3.55,0.84,-0.45;
-0.44,-1.77,1.20;
2.19,-3.64,2.01;
-0.04,-1.90,3.26;
-7.44,2.01,3.29;
-5.90,3.65,1.15;
0.02,1.20,-0.80;
5.20,-2.51,-0.48;
4.51,-2.99,0.36;
1.35,-0.75,0.42;
-5.46,2.42,0.76;
-5.70,3.75,2.25;
0.62,-0.16,1.34;
7.58,-3.90,-1.33;
2.59,-1.91,-1.69;
-8.15,1.65,1.95;
-8.89,2.79,5.03;
-2.91,1.60,4.35;
8.24,-2.28,-0.54;
5.93,-3.62,-2.20;
-5.79,-0.60,1.90;
-12.04,2.35,5.05;
-7.82,2.17,1.96;
1.58,0.68,-1.07;
8.39,-2.81,-1.03;
4.34,-2.29,2.15;
-1.96,-0.29,2.94;
-8.50,1.43,0.68;
-9.66,1.10,-0.10;
-1.75,0.10,0.94;
5.01,-1.53,0.28;
2.51,-1.07,1.29;
-2.94,-0.16,2.85;
-2.01,0.21,1.98;
-4.88,0.35,-1.81;
-4.04,-0.77,-2.69;
-4.57,-0.28,0.85;
-0.95,-0.49,5.19;
5.79,-0.37,3.08;
4.45,-0.64,-1.70;
-1.12,0.39,-3.18;
-5.17,1.39,1.06;
-2.30,0.88,3.32;
1.00,-0.98,1.63;
-0.65,-0.92,-0.60;
-1.96,-0.41,-0.74;
-0.97,0.46,0.18;
0.85,-0.05,1.35;
-0.15,-1.99,2.60;
-2.85,-1.62,3.72;
-7.26,-0.72,3.73;
-8.80,-0.12,1.64;
-8.73,-0.32,0.35;
-4.50,0.49,0.15;
3.21,0.03,0.47;
5.05,-0.81,2.19;
4.57,-1.41,1.15;
-0.36,-1.22,-0.92;
-5.08,0.50,-1.03;
-4.95,0.93,1.83;
0.68,0.38,4.96;
6.05,-0.41,3.57;
2.91,-1.79,0.39;
-8.24,-0.31,-0.83;
-11.31,1.31,1.06;
-7.76,1.04,2.09;
-1.26,-0.16,1.32;
1.59,-0.89,1.63;
4.31,-0.93,0.76;
5.70,-0.86,-1.56;
3.20,0.85,-1.44;
1.98,0.33,0.51;
-1.26,0.27,2.83;
-3.66,-0.46,2.16;
-8.48,-0.38,0.76;
-10.73,-0.43,2.19;
-8.19,0.04,4.57;
-2.92,0.13,2.94;
3.95,-1.21,-1.35;
5.15,-1.35,-1.75;
3.15,-0.34,-0.27;
0.63,0.67,2.54;
0.05,0.58,2.86;
-0.51,-1.03,0.36;
-4.59,-1.04,0.47;
-9.44,0.13,3.08;
-9.12,1.80,3.67;
0.71,1.20,-0.71;
6.04,-1.65,-1.87;
5.03,-1.90,0.97;
-0.37,-0.95,3.63;
-5.08,1.07,1.51;
-7.99,0.76,-1.00;
-6.85,-0.09,-0.10;
-0.70,-1.30,3.64;
5.29,-0.90,4.99;
3.84,0.21,-0.23;
-0.70,0.96,-3.99;
-4.28,1.02,-0.48;
0.88,0.21,3.78;
6.25,-0.66,2.09;
-1.69,-1.13,0.50;
-9.28,-0.66,1.44;
-8.37,0.32,3.11;
-4.18,1.22,3.00;
1.20,0.10,0.83;
3.41,-1.62,0.19;
-0.30,-2.08,1.84;
-5.78,-0.60,2.85;
-7.44,1.02,1.81;
-5.29,0.99,-0.39;
-1.26,-0.20,1.49;
4.42,-1.27,3.11;
6.34,-1.16,2.01;
3.09,-0.35,-1.56;
0.51,0.88,-2.59;
-0.48,1.23,1.93;
1.08,-0.35,5.60;
-1.12,-0.89,3.95;
-4.07,-0.70,-1.49;
-7.95,0.24,-2.08;
-6.10,-0.22,0.45;
-0.88,-0.23,2.45;
4.48,0.53,3.02;
7.08,0.26,-0.16;
7.87,-1.09,-3.04;
-0.27,-0.74,-0.60;
-6.42,-1.09,2.80;
-10.04,0.27,4.38;
-9.05,0.38,1.43;
-7.17,-0.31,0.09;
0.01,-0.43,-0.66;
4.16,-0.26,-0.31;
6.53,0.33,1.22;
5.93,-0.40,1.34;
1.56,-0.99,0.09;
-5.31,-1.16,-0.95;
-8.71,0.49,0.02;
-6.28,0.84,1.75;
1.03,-0.45,2.90;
4.48,-1.96,0.91;
3.05,-1.15,-0.97;
-1.90,0.49,0.09;
-2.36,0.59,1.70;
0.45,0.30,0.99;
2.13,-0.51,-1.40;
0.33,-1.16,-0.66;
0.88,-0.09,2.74;
1.01,-0.14,4.45;
0.13,0.47,2.25;
-0.53,-0.26,-0.75;
-0.54,-1.56,0.31;
-0.47,-0.55,2.74;
-0.95,0.17,3.28;
-0.92,0.44,0.91;
0.53,-0.26,-0.02;
3.03,-1.24,0.04;
2.48,-1.36,1.38;
2.83,-0.83,1.52;
2.42,-1.42,3.38;
2.60,-1.38,5.46;
5.64,-1.68,5.44;
4.59,-1.73,4.85;
4.50,-2.80,2.38;
3.90,-3.06,2.88;
1.67,-3.47,5.80;
0.79,-4.72,9.78;
6.69,-4.60,13.66;
13.38,-4.40,12.07;
18.88,-6.16,7.57;
19.01,-7.42,7.73;
17.29,-10.34,15.35;
23.06,-12.14,18.54;
23.90,-10.40,16.27;
24.42,-10.43,11.35;
28.92,-11.83,13.64;
31.29,-16.51,24.31;
27.58,-22.89,33.80;
20.02,-18.61,31.55;
11.43,-14.70,22.70;
6.97,-13.93,20.86;
8.19,-20.03,30.18;
19.61,-28.49,46.77;
26.16,-32.29,53.81;
21.95,-30.00,36.56;
13.26,-23.70,28.09;
12.19,-22.89,36.10;
22.24,-22.57,59.46;
28.88,-29.18,61.22;
26.42,-31.04,44.99;
4.51,-26.03,34.48;
-14.95,-24.89,48.59;
-13.28,-31.56,67.09;
7.35,-33.56,77.19;
13.67,-32.35,52.02;
21.76,-24.45,32.60;
6.82,-22.17,41.03;
16.22,-22.87,59.40;
17.69,-28.49,62.09;
12.08,-33.42,54.74;
2.28,-32.64,57.02;
7.21,-30.67,61.12;
0.74,-27.12,58.56;
-1.49,-26.81,43.83;
-4.92,-21.18,51.35;
-0.62,-18.08,72.50;
17.85,-28.16,72.71;
14.60,-43.32,52.65;
7.50,-33.82,34.15;
-19.55,-16.06,39.77;
-17.46,-3.67,55.52;
12.76,-9.24,62.86;
30.47,-25.90,62.31;
29.96,-33.88,59.25;
-1.47,-25.64,45.17;
-8.45,-18.29,35.99;
-6.08,-13.64,47.14;
-3.02,-15.54,61.63;
6.30,-25.04,58.56;
18.71,-30.26,45.40;
29.56,-25.45,39.14;
29.89,-14.29,43.80;
23.34,-9.77,49.37;
7.81,-12.74,51.05;
17.08,-16.41,46.60;
22.19,-15.35,43.46;
39.35,-21.19,38.16;
27.41,-23.28,40.36;
8.05,-17.32,41.32;
8.54,-14.66,43.52;
8.65,-9.61,46.35;
17.73,-16.32,44.36;
5.01,-17.82,43.02;
-1.12,-15.59,37.72;
26.74,-11.32,40.65;
52.10,-13.99,43.61;
45.56,-17.59,44.91;
22.47,-19.94,26.62;
12.27,-22.89,11.89;
9.89,-20.46,11.32;
13.14,-13.32,17.95;
7.76,-7.96,27.55;
12.79,-6.89,26.04;
22.48,-7.01,17.05;
36.27,-5.10,10.76;
22.08,-2.28,13.78;
4.33,-0.98,16.62;
-1.53,0.70,12.19;
4.57,0.49,6.18;
7.15,0.67,5.61;
15.11,-1.91,7.60;
3.87,1.78,10.86;
0.14,0.70,7.40;
-0.91,-3.07,-0.51;
4.86,-4.64,-4.40;
5.32,-4.09,-4.43;
-1.99,0.32,-1.99;
-3.46,2.17,-2.98;
-9.78,4.41,-3.99;
-3.47,4.59,-4.05;
6.69,2.23,-2.05;
5.23,1.57,-1.75;
-1.08,2.21,-6.56;
-8.59,1.66,-13.30;
-11.31,1.33,-16.45;
-10.85,2.55,-14.89;
-5.79,4.55,-12.86;
-4.34,7.08,-11.00;
-7.02,9.75,-10.51;
-8.89,11.05,-14.07;
-9.21,10.09,-20.04;
-13.47,9.54,-23.53;
-12.74,10.65,-25.03;
-11.35,12.81,-23.70;
-16.18,15.75,-19.69;
-24.65,18.84,-20.94;
-23.95,18.53,-29.24;
-12.25,16.24,-34.78;
-1.03,14.81,-35.69;
1.44,13.55,-35.84;
-3.79,13.10,-39.53;
-20.59,16.53,-42.92;
-31.20,19.40,-42.77;
-30.89,20.84,-38.45;
-29.41,20.96,-33.61;
-23.50,19.54,-37.62;
-17.79,18.61,-43.32;
-13.32,16.06,-44.86;
-20.01,15.86,-46.48;
-22.31,14.96,-50.28;
-19.26,16.78,-52.22;
2.31,13.54,-51.85;
10.59,7.88,-49.43;
-0.77,7.22,-55.69;
-14.33,16.53,-67.40;
-23.24,24.15,-68.54;
-24.47,30.17,-55.23;
-11.75,20.53,-39.12;
-5.75,7.17,-44.13;
-13.31,14.41,-66.46;
-23.96,30.41,-84.36;
-26.30,36.44,-77.52;
-15.52,31.39,-53.10;
-7.58,21.66,-43.29;
-8.41,20.96,-61.03;
-18.15,28.03,-80.48;
-31.20,37.42,-88.60;
-38.83,40.20,-76.92;
-29.89,32.42,-63.61;
-9.63,24.82,-65.00;
-16.71,32.65,-82.07;
-34.44,42.78,-88.72;
-30.74,42.81,-76.48;
-24.44,36.04,-54.78;
-27.50,26.47,-45.15;
-34.36,23.10,-61.62;
-38.80,25.69,-84.83;
-31.73,26.99,-87.06;
-22.16,26.93,-71.65;
-8.85,29.28,-53.96;
18.88,33.62,-51.91;
16.43,34.79,-57.52;
-2.63,25.71,-60.43;
-20.36,16.39,-55.70;
-41.20,21.94,-47.96;
-39.23,31.94,-49.56;
2.40,31.95,-49.17;
53.63,22.97,-38.43;
60.10,14.20,-30.11;
25.73,5.20,-32.97;
-15.47,9.43,-36.52;
-35.57,20.67,-31.06;
-9.38,22.59,-25.15;
56.18,9.66,-21.18;
49.06,3.92,-4.69;
-14.65,3.31,11.43;
-75.98,9.59,7.52;
-81.53,12.73,-6.81;
-34.24,8.47,-16.42;
14.57,3.69,-14.92;
27.35,3.28,-4.95;
21.93,2.65,2.82;
17.18,4.17,2.13;
12.18,3.25,-4.27;
10.13,3.46,-5.84;
-8.36,0.29,-0.36;
-29.09,-0.45,2.25;
-36.36,6.52,4.64;
-14.42,5.60,5.34;
27.12,-0.16,3.64;
30.77,-6.14,0.28;
3.72,-3.47,0.45;
-21.84,2.46,3.96;
-19.34,2.58,13.96;
-4.73,-1.54,19.77;
6.14,-6.69,9.08;
-15.43,-3.27,-1.81;
-32.36,0.93,-2.94;
-35.90,4.88,7.12;
-12.21,3.57,13.00;
10.95,0.36,6.30;
22.43,-5.61,-0.83;
17.27,-7.47,0.07;
3.23,-3.13,0.09;
-19.08,3.52,0.59;
-28.63,6.78,4.62;
-13.00,0.65,8.44;
7.59,-5.53,8.01;
14.47,-6.48,5.00;
-1.37,-1.82,6.16;
-15.81,1.95,7.96;
-12.27,1.89,3.08;
-13.28,2.27,1.48;
-7.66,1.02,3.00;
0.14,0.23,0.65;
4.60,3.34,-4.04;
9.37,3.26,-4.25;
12.80,-0.43,0.30;
8.24,-3.30,5.28;
-1.41,0.12,4.18;
-16.83,3.14,-0.23;
-18.04,2.17,3.44;
-10.54,-2.60,12.24;
-4.15,-6.19,15.28;
-11.03,-2.51,7.20;
-16.10,3.81,-3.58;
-12.41,4.96,-6.28;
-2.07,2.70,-1.40;
14.65,-1.77,4.35;
14.82,-3.97,5.67;
6.82,-3.47,3.51;
-1.24,-0.90,-1.10;
-11.99,1.98,-0.60;
-15.98,2.30,3.46;
-11.96,-0.31,8.38;
-4.65,-2.34,9.58;
-4.99,-0.96,7.44;
-4.65,1.84,1.54;
0.98,-0.02,-2.86;
1.58,-1.35,-0.60;
2.60,-0.35,1.32;
4.25,0.82,2.44;
3.05,2.30,1.93;
9.27,1.52,-0.77;
8.31,-0.78,-0.48;
0.01,-3.42,3.61;
-10.73,-1.68,5.55;
-19.61,2.13,5.25;
-14.47,4.23,1.32;
-0.54,1.91,-1.59;
9.89,-1.59,-0.89;
16.82,-2.80,0.94;
10.74,1.02,-0.88;
-0.76,4.06,-2.57;
-7.64,2.17,-1.78;
-5.46,-2.31,1.75;
-5.32,-1.71,3.05;
-6.77,2.00,0.47;
-3.75,3.28,-2.01;
0.54,-0.25,1.26;
2.54,-2.80,4.15;
-0.53,-1.61,2.54;
-4.56,0.84,-2.60;
-4.99,1.78,-3.47;
-2.86,0.55,0.25;
1.06,-0.49,4.24;
2.16,-0.03,0.99;
0.45,-0.45,-3.56;
-1.35,0.27,-0.71;
1.52,1.07,3.70;
4.72,-0.02,2.76;
0.63,0.07,0.16;
-7.69,1.77,-2.30;
-5.82,2.50,1.49;
3.49,-0.19,5.38;
11.06,-1.85,0.25;
2.07,-0.38,-2.68;
-6.76,1.78,-1.91;
-8.45,1.97,1.87;
0.01,-0.83,4.42;
3.82,-4.12,3.60;
0.63,-3.19,2.73;
-8.86,1.92,-0.60;
-8.47,2.78,-2.88;
-0.65,0.18,1.98;
6.76,-3.24,3.89;
4.11,-3.51,3.37;
-5.79,-1.54,0.59;
-10.68,1.08,-1.78;
-3.46,0.52,1.80;
4.36,-2.06,4.33;
7.35,-3.42,4.18;
-0.94,-2.14,0.31;
-7.47,-0.32,-1.76;
-8.54,1.26,-0.46;
-3.69,0.46,2.44;
5.84,-1.35,2.41;
11.61,-1.76,-1.64;
6.65,-0.48,-4.66;
-1.35,0.53,-2.81;
-4.89,0.30,1.38;
-1.76,-0.78,3.48;
0.34,-2.19,1.86;
-1.15,-2.00,0.21;
-6.80,-0.32,0.28;
-5.09,1.02,0.12;
0.95,0.65,-0.49;
9.85,-1.85,-1.50;
10.02,-3.96,0.16;
0.34,-2.46,3.11;
-7.46,0.55,3.46;
-11.23,0.56,-0.02;
-7.50,-1.45,0.45;
0.07,-2.20,2.47;
3.76,-1.71,3.98;
2.77,-1.09,2.77;
0.02,-0.54,0.12;
2.50,-1.30,-2.16;
1.61,-1.80,-1.15;
-0.92,-0.06,0.16;
-1.81,0.70,2.67;
0.34,-1.44,4.45;
2.69,-2.57,2.64;
1.79,-1.38,-0.51;
1.84,0.61,-2.42;
-0.10,1.48,-1.96;
2.42,-0.34,2.64;
4.51,-2.67,5.32;
0.69,-3.53,2.90;
-8.22,0.38,-0.34;
-9.98,2.58,-0.28;
-2.31,-0.25,2.02;
4.18,-4.20,2.70;
2.77,-3.62,3.51;
-4.77,-0.52,2.80;
-6.44,2.15,-0.98;
-1.49,0.03,-2.07;
3.37,-2.92,0.71;
3.87,-3.35,3.03;
0.36,-0.03,2.71;
-1.84,2.39,1.26;
1.12,0.52,-0.60;
1.76,-1.28,-0.72;
-1.99,-0.11,-0.57;
-2.88,0.04,0.60;
-0.85,-0.69,0.94;
-4.41,0.09,2.18;
-3.24,1.04,2.33;
0.42,1.48,1.75;
7.29,-2.08,-0.04;
6.68,-2.57,-1.38;
-2.25,-0.25,-0.83;
-11.34,2.18,2.83;
-7.70,0.94,3.41;
0.71,-0.75,4.09;
7.75,-2.58,2.31;
7.82,-2.92,0.86;
-3.46,-2.38,-0.30;
-11.75,0.33,0.35;
-12.10,3.05,3.22;
-4.08,1.83,4.77;
4.05,-1.01,3.41;
6.79,-2.48,0.85;
2.18,-0.55,-0.71;
0.25,2.24,-0.20;
2.71,0.26,1.22;
4.08,-1.85,3.31;
-0.95,-1.30,3.11;
-6.71,1.42,0.96;
-6.50,2.53,-1.62;
-3.09,-0.51,0.10;
0.37,-2.77,2.97;
1.00,-1.04,2.90;
-2.41,2.68,0.04;
3.37,1.45,-1.38;
9.93,-3.12,1.64;
2.62,-3.36,3.44;
-7.23,-0.00,1.31;
-12.37,1.30,1.11;
-9.75,0.44,2.42;
0.76,-1.91,3.70;
8.28,-1.24,3.75;
10.02,-0.69,-0.10;
3.17,-0.84,-1.75;
-6.33,-0.17,-0.13;
-11.81,0.46,2.07;
-9.58,1.26,2.90;
-4.56,0.15,1.31;
0.50,-0.45,-0.43;
4.54,0.17,-0.94;
6.69,-0.63,-0.31;
7.52,-1.33,-1.09;
2.25,-0.09,-0.27;
-2.39,0.90,0.67;
-5.63,0.30,2.16;
-5.92,-0.87,3.63;
-4.31,0.38,0.91;
-1.24,1.04,-4.94;
0.08,1.16,-3.88;
7.52,0.24,1.08;
12.48,-1.79,3.57;
9.37,-0.78,2.12;
1.01,-0.45,-3.15;
-4.63,0.59,-3.46;
-6.24,1.86,1.09;
0.56,0.73,4.09;
5.69,-1.90,3.69;
-2.68,-2.05,2.70;
-7.47,-0.90,0.71;
-12.99,0.70,-0.02;
-6.76,0.82,1.19;
3.64,-1.22,1.37;
7.49,-2.03,0.38;
3.03,-1.13,0.57;
-0.66,0.47,1.00;
-3.57,-0.69,-0.08;
-9.37,-0.78,1.29;
-8.66,1.10,2.79;
-1.63,1.42,1.31;
7.93,-0.00,-1.06;
12.74,-1.07,-1.06;
9.58,-1.97,-0.46;
-2.16,-0.14,0.15;
-9.02,1.92,0.12;
-4.94,0.93,1.29;
1.55,-1.61,3.55;
2.42,-2.02,3.12;
-1.43,-0.28,-0.39;
-5.63,0.76,-1.18;
-7.63,-0.23,0.56;
-3.73,0.47,1.02;
1.09,0.33,0.21;
3.66,-0.28,0.96;
0.89,-1.13,0.74;
-1.28,0.56,0.64;
-0.76,1.07,-1.06;
-0.31,-0.48,-1.78;
-4.11,-1.51,2.42;
-5.67,-0.31,4.83;
-5.14,0.82,2.44;
-2.56,0.29,-1.36;
0.39,-1.19,-0.97;
4.16,-1.16,0.80;
5.56,-0.22,0.83;
0.88,-0.32,1.22;
-3.90,-0.20,2.97;
-6.86,0.04,3.66;
-5.40,-0.70,1.54;
-2.86,-0.64,0.30;
1.06,-1.68,1.11;
1.64,-1.19,4.31;
1.64,-0.51,3.95;
0.27,0.07,2.41;
1.46,-1.10,0.56;
2.69,-2.31,0.70;
1.72,-2.40,2.93;
-3.38,-0.95,6.27;
-7.72,-0.12,5.34;
-7.29,0.70,2.21;
-2.07,-0.26,0.71;
5.05,-2.64,2.90;
8.36,-4.29,4.01;
5.84,-3.35,4.38;
4.57,-1.10,4.88;
7.17,-2.46,4.22;
4.57,-4.54,5.60;
2.25,-6.19,7.32;
1.87,-5.44,9.90;
4.36,-6.64,13.17;
10.10,-6.48,15.32;
16.85,-7.90,11.44;
16.19,-8.87,8.13;
12.92,-9.48,9.09;
17.73,-9.67,15.83;
23.11,-12.09,21.46;
25.35,-15.18,25.11;
23.81,-17.79,23.23;
15.35,-13.73,18.50;
13.82,-13.87,18.93;
14.62,-16.14,32.04;
19.26,-20.32,42.06;
19.56,-21.82,34.96;
11.17,-22.45,27.73;
10.04,-22.66,35.25;
21.59,-22.72,52.41;
29.20,-25.38,52.70;
25.18,-26.74,33.40;
13.09,-20.98,23.77;
2.66,-20.86,40.01;
16.05,-25.38,69.95;
34.80,-36.08,80.59;
24.43,-42.23,58.73;
-9.78,-36.14,38.13;
-21.05,-27.70,48.36;
0.76,-31.30,73.70;
28.82,-35.35,76.28;
26.88,-40.31,53.54;
22.36,-34.38,31.14;
20.57,-23.71,39.87;
31.82,-19.16,72.09;
48.56,-22.46,95.96;
40.85,-32.12,90.13;
22.21,-47.45,60.80;
-16.18,-38.25,33.95;
-23.66,-20.19,27.73;
-24.16,-14.90,51.58;
19.23,-25.16,84.96;
58.88,-39.68,88.22;
77.93,-46.51,64.02;
44.34,-42.77,37.00;
16.01,-35.10,32.27;
-3.49,-28.54,47.70;
5.50,-17.85,69.37;
28.95,-17.58,75.48;
32.72,-23.06,65.61;
31.72,-28.22,46.59;
18.33,-27.99,42.10;
26.18,-25.07,51.32;
22.56,-16.34,60.59;
19.66,-11.76,55.54;
25.92,-10.05,46.16;
26.16,-11.16,47.69;
20.50,-14.00,55.19;
18.30,-13.19,62.27;
10.95,-8.48,62.51;
2.88,-2.35,60.60;
15.09,-4.02,53.17;
12.59,-10.83,52.73;
8.39,-10.90,47.72;
4.80,-2.63,38.12;
16.37,0.68,31.55;
20.72,3.04,36.01;
20.30,1.86,41.48;
22.59,-3.07,35.11;
27.46,-1.87,24.60;
21.82,0.47,25.11;
4.14,6.70,33.66;
-0.08,9.07,39.26;
6.50,4.91,38.86;
14.86,-4.70,32.25;
25.18,-11.32,17.14;
22.82,-10.61,5.41;
4.14,-4.52,0.62;
-6.97,-3.09,9.66;
-1.28,-2.80,22.10;
13.75,-2.16,23.41;
7.34,-2.16,13.49;
6.27,-3.48,-3.01;
14.71,-1.90,-12.71;
14.88,3.54,-6.85;
2.85,7.84,1.38;
-7.17,8.41,2.68;
-6.27,3.95,-2.27;
-2.74,2.79,-8.28;
-0.79,2.76,-11.35;
-7.70,4.50,-12.95;
-11.60,7.25,-11.59;
-16.44,7.71,-8.14;
-18.10,11.74,-3.87;
-15.31,12.32,-2.71;
-6.82,8.73,-8.72;
-6.83,5.66,-20.11;
-6.71,4.78,-26.27;
-15.21,7.22,-21.78;
-27.17,10.53,-14.01;
-35.24,12.10,-9.82;
-22.83,11.10,-14.54;
0.05,8.35,-23.30;
10.80,5.17,-29.29;
5.08,5.11,-33.59;
-8.28,7.36,-39.64;
-30.04,12.53,-35.59;
-40.51,17.46,-26.22;
-35.09,19.07,-19.46;
-28.71,15.97,-21.04;
-12.21,13.46,-31.43;
-2.41,13.72,-41.52;
-2.48,13.69,-46.49;
-11.55,12.33,-46.75;
-23.05,10.36,-47.21;
-29.14,11.69,-47.03;
-24.34,14.76,-46.52;
-22.97,19.19,-44.69;
-25.24,19.80,-46.80;
-19.05,17.62,-49.47;
-19.43,17.43,-49.56;
-19.23,23.19,-49.91;
-4.36,23.92,-52.71;
0.62,15.17,-56.91;
-13.29,10.06,-66.25;
-33.46,15.69,-73.90;
-49.55,25.68,-69.38;
-44.73,36.01,-57.38;
-32.30,32.81,-53.67;
-19.69,21.45,-62.54;
-9.15,18.55,-76.31;
-15.57,28.90,-83.26;
-17.24,37.19,-83.85;
-23.12,44.84,-76.02;
-17.18,33.66,-71.90;
-12.02,20.79,-73.23;
-24.28,18.27,-85.23;
-48.44,32.56,-97.69;
-50.36,43.59,-96.46;
-44.08,45.80,-84.05;
-36.02,35.77,-67.62;
-33.92,22.52,-70.54;
-36.65,19.89,-83.62;
-40.44,24.58,-87.81;
-40.21,30.49,-75.09;
-12.36,35.57,-58.20;
8.65,31.54,-54.02;
3.34,13.04,-72.60;
-14.73,13.81,-89.38;
-21.57,24.64,-88.23;
2.86,30.20,-69.79;
46.31,30.07,-45.81;
61.84,25.91,-52.16;
37.59,17.16,-70.17;
-15.52,16.46,-65.14;
-40.37,19.60,-50.46;
-23.70,21.04,-26.07;
36.83,14.44,-15.73;
82.92,4.52,-26.10;
61.89,-3.24,-30.04;
-18.48,2.12,-14.77;
-71.46,13.88,5.19;
-67.34,16.55,3.89;
-16.83,13.59,-17.17;
26.80,2.75,-29.00;
24.01,-3.12,-17.20;
0.69,2.36,3.70;
-15.53,14.10,10.39;
-9.32,13.17,-1.62;
8.39,4.27,-15.38;
5.70,-2.11,-17.67;
-15.52,1.62,-7.30;
-17.66,7.88,1.92;
-11.02,11.39,5.60;
6.62,7.59,1.52;
32.43,-5.19,0.64;
24.72,-8.23,1.72;
-9.15,0.61,1.44;
-38.68,7.13,-1.84;
-45.44,5.74,1.57;
-29.00,2.35,10.36;
10.91,-4.98,10.02;
10.94,-4.58,6.86;
-1.72,-1.76,-0.48;
-20.95,1.80,-0.68;
-21.21,2.87,5.14;
-2.85,2.67,7.19;
16.39,-4.52,3.26;
7.67,-6.77,2.56;
-7.57,-2.96,4.10;
-22.92,3.71,8.53;
-15.95,3.80,7.69;
0.63,0.85,4.94;
13.05,-4.52,-0.46;
11.27,-5.99,0.02;
-3.89,-3.76,7.03;
-14.70,0.59,10.83;
-15.96,1.14,7.57;
-6.34,1.92,5.44;
4.69,-0.83,0.94;
6.11,-1.28,-0.10;
4.05,-0.48,-1.01;
-1.35,-0.89,2.83;
-2.31,-0.70,8.31;
-1.00,-1.24,8.97;
-1.31,0.64,-0.46;
-11.72,0.58,-7.04;
-19.73,1.97,-3.33;
-14.39,2.67,7.72;
1.61,0.44,14.44;
9.41,-4.48,10.38;
3.79,-5.41,2.07;
-15.58,-0.99,-1.09;
-23.23,4.10,2.44;
-7.89,4.12,7.44;
12.94,-2.09,9.19;
12.69,-6.48,7.06;
-8.53,-0.54,0.91;
-20.79,6.18,-6.68;
-16.10,7.23,-2.10;
5.32,1.65,3.86;
22.05,-4.98,5.96;
14.80,-3.77,0.44;
0.53,0.27,-3.82;
-13.89,4.39,-2.94;
-13.37,4.29,3.35;
-4.47,0.17,7.61;
1.15,-3.93,9.43;
-2.76,-1.94,5.54;
-5.98,0.62,0.45;
-8.76,2.84,0.38;
-4.25,2.23,3.02;
7.11,-1.88,6.77;
10.74,-3.22,6.27;
4.50,-0.31,1.52;
-8.04,2.75,-1.09;
-10.66,3.37,-0.14;
-5.60,0.65,4.47;
3.85,-1.06,4.16;
4.10,-1.06,2.16;
-2.56,-0.16,2.93;
-5.60,0.32,2.02;
-5.34,-0.31,-0.16;
-5.92,-0.12,0.47;
-3.15,-0.58,3.35;
-0.07,1.55,5.03;
2.18,2.46,1.96;
2.66,0.97,-2.69;
3.44,-2.57,-2.19;
2.57,-2.03,-0.54;
-4.50,0.62,2.06;
-9.84,2.94,4.21;
-8.22,2.72,3.58;
0.79,0.18,1.78;
9.78,-0.89,-2.45;
2.24,-0.48,-2.85;
-2.27,0.24,-0.23;
-6.91,1.36,4.48;
-3.43,0.46,3.77;
2.86,-0.45,-1.50;
4.16,-0.72,-1.27;
0.07,0.44,2.10;
-1.50,3.25,2.86;
-0.08,2.27,0.42;
2.82,-1.32,-0.08;
4.91,-4.03,0.51;
-0.08,-1.47,0.73;
-5.38,3.77,0.24;
0.02,4.47,2.42;
10.77,-1.01,2.80;
10.65,-5.30,0.31;
-6.66,-1.19,-1.61;
-22.28,4.03,0.64;
-19.69,4.65,4.65;
-7.02,1.19,7.19;
5.69,-1.54,2.21;
12.65,-1.36,-3.56;
11.00,-0.25,-5.58;
2.39,0.62,-2.23;
-0.16,2.26,1.96;
-0.97,2.62,5.17;
2.82,-0.86,4.48;
-3.09,-2.41,2.04;
-13.24,-2.06,-0.71;
-22.47,2.10,0.65;
-16.37,2.88,6.13;
3.03,-0.37,7.02;
13.63,-1.42,2.31;
11.32,-0.93,-3.64;
3.21,-1.04,-4.10;
-0.34,0.59,-0.95;
-0.39,1.14,1.86;
-1.63,0.97,4.93;
-2.37,-0.74,4.67;
-3.50,-1.15,1.75;
-5.49,-1.06,-1.32;
-9.12,0.58,0.01;
-11.49,1.59,4.45;
-0.51,1.04,5.70;
6.60,-1.25,2.99;
6.36,-2.69,-0.04;
1.06,-0.46,-2.68;
-5.96,2.81,-2.40;
-7.29,2.73,2.38;
0.19,0.55,6.35;
3.15,-0.69,4.91;
1.52,-0.12,0.04;
-7.90,-0.29,-1.70;
-10.99,0.03,2.02;
-6.39,1.26,5.66;
-1.89,1.48,5.06;
6.89,-0.46,0.18;
9.35,-1.65,-1.98;
2.57,-1.62,0.15;
-6.89,0.91,3.57;
-14.13,2.09,3.09;
-8.56,2.12,0.44;
1.03,-0.77,-2.08;
5.06,-1.93,-1.10;
5.69,0.64,-0.86;
4.65,2.81,-0.14;
7.26,0.52,-1.46;
5.85,-2.52,-1.73;
-3.24,-1.64,-0.20;
-13.53,1.74,1.86;
-13.00,2.99,2.51;
-2.37,-0.54,3.20;
7.37,-2.69,1.20;
2.80,0.42,-1.44;
-4.57,2.67,-1.24;
-3.06,2.10,1.09;
1.53,-1.50,3.58;
-0.86,-2.02,4.62;
-6.39,0.12,3.05;
-6.82,2.46,-0.30;
-3.53,-0.34,-1.44;
-1.29,-3.41,-1.53;
-7.18,-2.90,4.30;
-8.47,1.60,5.80;
-2.08,2.94,1.20;
5.85,0.15,-0.62;
9.32,-2.29,-0.75;
5.00,-2.40,-0.81;
-2.51,-0.49,-0.59;
-8.76,3.08,-0.75;
-0.22,2.50,0.41;
5.58,0.10,3.54;
10.40,-3.64,3.61;
3.23,-3.79,2.79;
-8.83,-0.32,1.61;
-12.86,2.75,2.12;
-4.76,1.55,2.09;
6.65,0.13,0.36;
6.97,0.10,-0.78;
5.41,-1.44,0.13;
0.40,-0.84,2.99;
-3.49,0.55,1.90;
-2.91,0.85,0.59;
-0.24,-0.37,0.04;
3.12,-2.20,1.83;
0.31,-1.27,3.05;
-5.44,0.47,3.08;
-7.40,2.46,2.80;
-2.54,0.81,1.84;
-0.74,-2.80,2.86;
-1.81,-2.66,3.03;
-1.46,-0.25,-0.75;
1.44,1.86,-2.16;
7.95,-0.20,-0.16;
12.14,-0.87,0.94;
8.71,-0.48,-1.59;
-2.99,0.56,-2.37;
-9.76,0.84,-0.13;
-9.52,0.06,3.49;
-5.75,-0.22,5.05;
-1.12,0.10,1.51;
2.16,0.64,-2.97;
3.06,0.72,-3.46;
6.68,0.64,-2.33;
6.76,1.42,-0.80;
6.21,0.64,0.28;
3.64,-1.22,2.71;
0.43,-3.03,4.09;
-10.15,-0.03,0.65;
-14.82,3.20,-2.63;
-7.05,2.23,1.64;
6.68,-1.32,5.83;
14.10,-2.20,4.53;
10.21,-3.01,-0.25;
-5.66,-1.73,-2.80;
-14.88,1.33,-2.22;
-11.89,4.36,-0.02;
-1.11,1.84,2.38;
11.78,-2.63,4.35;
11.20,-2.28,2.83;
-3.32,2.33,-3.12;
-15.06,5.33,-5.30;
-10.68,3.26,-0.43;
3.37,-2.75,5.17;
8.57,-2.69,2.76;
6.86,1.89,-1.44;
-0.39,3.62,-1.18;
-0.57,0.06,1.93;
-0.39,-1.76,3.49;
-4.56,-1.50,3.23;
-7.95,0.44,2.45;
-9.18,2.50,1.61;
-7.37,2.12,1.84;
1.23,-1.12,2.91;
2.62,-3.27,3.05;
0.57,-1.13,0.79;
-5.37,3.10,-3.90;
-3.28,4.76,-2.56;
7.34,-0.75,2.64;
10.40,-6.63,6.42;
-2.18,-2.00,3.90;
-11.67,4.12,-1.85;
-10.51,3.91,-1.35;
2.72,-0.90,2.12;
11.20,-3.51,2.86;
6.47,-2.22,-0.46;
-9.76,1.84,-0.56;
-13.69,3.34,0.39;
-10.70,2.18,1.67;
3.26,0.64,-0.62;
11.92,0.52,-4.88;
11.21,0.62,-3.85;
1.98,0.20,0.36;
-4.05,1.75,0.22;
-8.15,2.87,-0.28;
-6.79,1.22,0.44;
-4.65,-2.02,1.93;
-4.30,1.55,3.20;
-1.75,2.97,0.56;
1.93,0.42,0.67;
3.38,-2.67,3.49;
-1.24,-2.58,5.25;
-5.34,1.86,3.98;
-4.47,3.13,-1.26;
-2.10,-1.97,-2.33;
-0.94,-4.52,1.49;
-1.73,-2.19,4.24;
-4.21,2.36,5.14;
-2.80,3.78,2.83;
8.50,0.15,-1.99;
10.01,-4.35,-2.94;
-1.20,-1.35,-0.14;
-12.41,3.69,3.11;
-12.47,4.85,2.82;
1.96,0.04,-0.11;
5.03,-2.90,0.07;
2.53,-1.67,0.82;
-2.39,1.02,0.59;
-7.67,1.43,-1.53;
-7.60,2.26,-2.42;
0.40,1.30,-0.10;
7.69,-1.27,1.23;
7.75,-2.93,0.90;
-4.94,-2.22,0.12;
-14.79,-0.90,2.16;
-14.60,0.79,2.30;
-7.58,0.70,2.01;
2.63,-0.41,4.62;
9.35,-2.54,5.06;
6.74,-3.58,3.66;
-3.47,-1.21,0.31;
-12.63,2.36,1.11;
-14.28,3.01,2.51;
-6.63,1.34,2.67;
4.24,-0.99,1.15;
10.28,-1.97,-0.10;
11.38,-1.73,-0.78;
2.50,-0.52,0.07;
-5.41,1.77,2.09;
-6.18,0.75,3.92;
-0.82,-1.62,2.54;
-0.13,-1.62,0.54;
-4.70,0.10,3.17;
-2.05,0.46,8.56;
1.12,-1.50,9.52;
4.19,-2.20,4.22;
3.92,-2.20,-1.36;
0.68,-1.36,-1.75;
-0.13,-1.10,3.55;
-0.28,-2.38,7.84;
-0.63,-2.92,7.70;
0.94,-2.49,4.70;
4.92,-3.71,2.64;
4.94,-4.52,5.25;
5.08,-5.22,5.93;
-0.25,-3.41,6.39;
-0.83,-2.98,7.22;
4.27,-4.11,10.02;
7.95,-6.32,11.49;
7.90,-8.12,11.15;
5.46,-8.75,11.70;
6.11,-8.02,13.40;
8.21,-7.85,14.73;
12.14,-8.43,15.70;
14.18,-12.58,17.29;
16.28,-17.65,23.23;
17.24,-21.19,31.73;
21.53,-19.27,25.81;
19.34,-16.63,16.57;
19.75,-16.08,20.38;
28.57,-20.61,41.05;
41.72,-26.55,53.38;
43.47,-31.41,44.62;
25.08,-27.28,18.27;
6.63,-19.10,16.86;
0.77,-22.43,44.53;
20.68,-23.88,63.99;
26.85,-30.06,43.67;
9.34,-25.27,20.88;
-6.22,-20.63,27.29;
-5.87,-12.70,50.47;
15.59,-21.93,50.68;
26.86,-32.08,37.72;
14.42,-33.94,33.77;
13.59,-24.96,42.30;
19.14,-21.12,51.44;
36.62,-26.38,54.15;
33.52,-35.58,50.30;
22.39,-39.50,48.42;
4.57,-29.54,57.00;
-2.65,-19.82,61.14;
14.04,-22.81,53.81;
13.64,-30.38,50.39;
19.66,-38.45,50.21;
13.95,-28.09,56.22;
9.40,-17.36,49.80;
7.26,-12.19,36.99;
20.76,-13.74,40.56;
16.89,-14.67,59.84;
9.99,-17.21,62.90;
3.27,-10.67,52.16;
-7.57,-0.00,50.82;
-17.26,7.63,60.91;
-13.40,-0.41,66.67;
22.65,-22.89,58.70;
13.89,-24.96,50.76;
-2.63,-10.29,43.40;
7.37,5.23,53.26;
13.50,6.53,62.68;
14.25,-9.41,73.87;
20.18,-22.61,62.44;
26.40,-21.51,45.12;
21.23,-12.19,47.29;
10.95,-2.74,60.39;
4.05,-5.71,60.60;
19.53,-15.51,50.01;
9.76,-19.38,39.87;
10.31,-13.22,33.66;
17.11,-4.80,35.19;
31.12,-2.60,41.69;
22.77,-2.74,49.19;
21.38,-4.63,46.67;
11.38,-2.05,41.08;
19.11,-3.53,37.03;
22.57,-5.27,36.59;
22.42,-9.80,35.05;
23.95,-11.48,25.90;
16.59,-9.74,21.38;
10.27,-5.62,23.46;
2.95,-3.10,28.42;
7.44,-4.74,27.43;
22.45,-9.39,18.76;
38.95,-10.45,10.67;
43.12,-8.84,7.26;
30.31,-3.61,9.08;
13.70,0.21,10.59;
-9.18,1.39,12.91;
-11.69,-1.48,15.09;
5.55,-3.27,11.92;
14.24,-3.35,7.99;
15.96,-0.95,3.55;
14.36,0.21,-0.78;
10.66,0.56,-0.80;
-9.02,3.78,6.30;
-8.66,0.18,7.55;
2.25,-1.61,3.70;
10.89,-1.59,-3.43;
-2.24,1.75,-6.45;
-0.73,0.24,-7.20;
5.67,-0.96,-10.05;
-3.40,0.23,-11.07;
-10.99,3.07,-10.88;
-9.53,3.25,-10.28;
-7.29,4.42,-8.20;
0.60,5.42,-9.73;
4.62,2.87,-15.59;
4.05,3.10,-21.87;
-5.49,4.04,-22.17;
-13.00,4.24,-17.99;
-12.91,6.04,-14.11;
-9.31,2.13,-15.85;
-9.90,0.79,-21.84;
-1.49,-0.34,-30.52;
-9.37,4.41,-33.52;
-8.62,8.39,-32.45;
-8.94,9.22,-28.63;
-8.27,9.66,-28.16;
-8.60,10.67,-30.05;
-15.14,11.26,-28.92;
-21.86,12.04,-27.07;
-22.66,11.33,-27.98;
-15.02,7.46,-33.46;
-15.96,7.75,-37.40;
-21.40,9.22,-37.81;
-25.96,11.34,-35.15;
-18.41,11.07,-29.96;
-18.44,7.78,-29.90;
-26.95,9.78,-37.12;
-20.39,12.36,-43.65;
-15.89,12.44,-44.11;
-22.41,13.19,-37.20;
-24.89,13.65,-36.46;
-5.40,11.23,-43.81;
3.95,8.15,-52.88;
-7.15,12.35,-58.01;
-17.75,19.75,-59.26;
-28.19,27.45,-54.54;
-29.90,32.10,-48.68;
-26.88,25.31,-44.98;
-30.97,17.74,-48.01;
-35.47,17.49,-59.10;
-33.02,20.79,-66.65;
-33.12,25.63,-71.40;
-39.57,28.73,-67.88;
-42.77,29.26,-62.65;
-37.58,30.76,-61.10;
-29.89,35.65,-64.68;
-26.05,34.84,-67.94;
-24.79,28.41,-65.90;
-38.71,22.15,-62.72;
-45.69,21.40,-65.59;
-46.45,29.07,-74.78;
-38.79,32.39,-77.58;
-31.08,31.94,-69.93;
-29.34,28.67,-60.39;
-22.66,25.83,-61.61;
-7.61,25.36,-77.72;
-10.89,26.73,-87.85;
-9.76,25.08,-83.29;
-14.45,22.94,-60.91;
-25.69,22.13,-45.36;
-45.84,24.01,-53.93;
-69.98,24.03,-69.93;
-63.14,22.94,-71.73;
-40.48,24.36,-57.30;
13.98,20.78,-37.07;
36.69,20.55,-35.75;
23.08,21.14,-49.38;
3.35,17.16,-63.18;
-9.11,15.98,-50.16;
6.76,17.10,-33.32;
36.24,14.91,-24.98;
33.66,10.82,-38.30;
-6.37,13.88,-44.28;
-24.66,12.79,-30.27;
-2.62,15.77,-7.49;
44.79,7.72,-0.89;
85.75,0.04,-23.17;
60.92,-0.77,-49.30;
11.34,12.15,-31.10;
10.34,15.11,-11.91;
35.17,10.10,-0.08;
60.39,3.80,-7.75;
53.37,-0.72,-19.76;
-0.18,-1.58,-14.86;
-49.40,3.97,7.43;
-58.24,5.71,25.25;
-48.25,5.43,28.33;
-24.42,1.92,10.59;
-3.43,-2.69,-5.96;
11.63,-2.32,-6.57;
18.92,-0.55,3.38;
17.59,4.65,14.13;
19.05,0.64,10.12;
24.31,-4.89,-6.95;
19.82,-3.13,-11.69;
3.49,3.37,3.38;
-1.81,2.36,11.41;
5.15,-0.83,6.06;
3.23,-1.24,-4.46;
-0.13,-0.40,-4.33;
3.35,0.64,4.56;
14.14,1.28,13.28;
30.60,0.75,5.81;
40.79,-0.95,-5.29;
43.37,-3.58,-11.14;
18.05,-3.30,1.22;
-1.34,-2.89,11.87;
-20.31,0.10,17.58;
-22.62,3.02,7.06;
-19.50,3.13,-5.14;
-16.54,3.02,-5.46;
-2.10,1.17,5.25;
12.19,-3.44,10.15;
16.89,-4.70,9.00;
11.00,-3.91,2.33;
-8.31,0.03,-2.81;
-19.61,3.98,-0.95;
-18.08,2.84,7.78;
-8.15,-3.82,13.31;
-10.21,-4.96,13.55;
-13.73,-2.70,7.90;
-21.28,0.94,1.41;
-16.73,1.92,2.16;
-3.26,1.92,5.05;
11.49,0.17,5.84;
13.23,-0.90,3.78;
8.62,-2.05,1.19;
-3.20,-0.75,-0.46;
-20.82,-0.12,-0.78;
-28.60,3.04,1.17;
-22.07,5.33,3.93;
-1.78,3.13,5.66;
17.52,-1.80,3.15;
24.94,-3.28,-1.26;
10.54,-2.67,-1.33;
-10.31,-0.14,3.66;
-17.52,1.42,8.67;
-10.41,1.40,8.86;
1.64,-1.71,2.53;
3.89,-3.30,0.33;
-3.38,-1.45,3.54;
-11.28,2.39,5.81;
-9.76,2.44,5.11;
-7.03,-1.53,4.41;
-7.64,-5.50,3.86;
-10.71,-2.57,2.96;
-10.91,2.61,2.50;
-1.96,4.36,-0.23;
8.88,0.49,-0.34;
14.16,-2.96,1.26;
9.18,-5.87,1.96;
-6.80,-2.17,1.77;
-18.51,4.41,-0.95;
-17.70,5.60,2.04;
-0.92,1.97,6.15;
15.49,-3.47,3.19;
14.42,-4.08,-0.72;
-1.20,-0.84,-2.71;
-11.06,2.62,-0.77;
-12.48,3.34,5.35;
-6.48,0.15,10.27;
1.63,-3.03,6.97;
-1.26,-1.83,-0.37;
-7.37,0.06,-3.29;
-10.54,1.20,-0.51;
-6.24,2.00,4.86;
-0.33,0.87,7.22;
9.14,-1.19,3.58;
6.04,-2.32,0.76;
-2.86,-2.63,-0.07;
-14.76,0.53,1.84;
-15.63,4.18,3.73;
-3.55,3.23,4.24;
10.92,-0.58,2.02;
18.13,-5.82,0.07;
5.59,-4.38,0.30;
-7.55,0.58,0.70;
-14.79,3.88,1.92;
-6.68,0.93,3.98;
2.97,-2.55,5.57;
1.29,-2.40,2.56;
-7.95,-0.86,-0.10;
-9.50,0.15,1.29;
-5.44,0.15,4.93;
-0.33,0.32,6.38;
2.86,0.94,1.54;
4.63,0.68,-3.72;
1.43,-1.22,-2.85;
-1.73,-0.90,0.96;
-5.75,0.18,3.19;
-9.32,0.87,3.12;
-8.22,-0.77,3.92;
-4.27,-1.87,4.38;
-2.54,-3.06,1.25;
-8.08,-1.12,-0.10;
-6.16,1.10,0.24;
-0.77,0.73,3.29;
5.20,-0.38,4.91;
4.18,-0.86,-0.05;
-4.68,-0.09,-3.18;
-7.17,1.71,-2.25;
-0.37,1.86,1.22;
4.65,-0.28,1.83;
1.95,-0.08,0.62;
-5.99,2.23,-1.58;
-5.60,1.66,-3.46;
-3.89,0.58,-1.49;
-0.30,-0.58,2.25;
0.69,0.73,3.38;
0.54,2.65,1.34;
0.42,1.13,-1.67;
0.30,-1.27,-1.21;
-3.03,-2.61,1.58;
-6.24,-1.33,3.70;
-8.91,1.72,4.36;
-3.95,2.33,1.43;
3.76,-0.34,0.21;
8.57,-2.98,2.06;
1.93,-3.50,2.85;
-9.90,0.41,0.21;
-15.75,3.30,0.45;
-5.35,1.63,3.67;
10.92,-2.22,4.30;
13.43,-3.27,1.17;
4.14,-0.98,-1.72;
-5.99,0.52,-1.23;
-10.74,2.15,2.42;
-8.71,0.64,6.60;
-2.41,-1.42,5.40;
-1.18,-1.48,1.66;
-2.56,1.16,-1.40;
-2.22,2.53,-1.50;
0.60,1.55,0.85;
3.08,-0.35,3.06;
2.69,-1.68,2.41;
-3.46,-1.16,-1.61;
-9.02,1.39,-1.17;
-7.23,3.05,3.66;
1.81,-0.58,6.76;
4.25,-3.36,5.80;
-3.03,-2.92,1.17;
-12.77,-0.49,-1.64;
-16.11,2.29,1.40;
-8.28,2.15,4.18;
3.98,-0.23,5.49;
9.78,-2.08,-0.14;
5.26,-2.09,-2.71;
-1.15,-1.48,-0.04;
-5.34,-1.76,3.58;
-8.41,-1.13,4.28;
-7.05,1.52,1.63;
-0.74,-0.19,2.21;
4.24,-2.98,3.78;
1.00,-2.60,2.53;
-9.35,0.21,1.03;
-7.00,3.52,-0.14;
3.99,0.94,-2.05;
10.59,-2.48,-1.20;
7.58,-3.15,1.14;
0.31,-1.87,2.30;
-4.13,1.04,-0.59;
-11.55,1.07,-1.73;
-13.31,-0.83,1.09;
-10.74,-1.56,4.30;
0.16,-0.45,3.81;
6.53,-0.32,0.31;
3.35,-0.83,-0.22;
-0.42,-0.77,1.78;
-2.59,-2.29,3.84;
-6.16,-1.32,3.31;
-6.86,1.05,-0.71;
-4.65,2.78,-0.62;
2.33,1.57,2.59;
8.88,-0.84,4.45;
15.09,-1.15,-0.63;
7.46,-1.24,-2.71;
-3.67,-2.03,0.36;
-10.50,-0.63,5.38;
-12.77,1.51,5.52;
-7.95,2.50,1.35;
-0.79,-0.37,0.73;
5.20,-2.54,2.47;
0.51,-0.66,2.54;
-6.01,2.32,-0.56;
-9.99,3.26,-1.98;
-4.18,2.41,2.57;
4.85,-0.77,4.64;
9.95,-0.16,-0.08;
3.18,1.54,-5.88;
-1.76,1.60,-3.79;
1.29,0.53,2.15;
6.60,-2.41,6.09;
2.45,-2.08,3.41;
-6.48,-1.19,-1.29;
-15.49,0.41,-0.77;
-13.55,0.65,6.60;
-3.44,-0.02,9.43;
2.65,-1.09,5.19;
3.79,-1.59,-0.08;
1.73,-1.83,-2.20;
-2.36,-0.19,-2.30;
-3.98,1.51,0.80;
-3.73,1.63,2.68;
0.82,0.56,2.94;
5.49,-0.06,1.89;
8.72,0.49,-2.89;
4.97,0.47,-5.24;
-0.83,0.18,-3.67;
-0.74,-1.67,-0.46;
0.43,-1.56,1.22;
0.48,-0.08,2.65;
-0.10,0.76,2.12;
3.26,-0.98,-1.03;
-3.02,-1.70,-0.39;
-10.91,-0.70,2.99;
-14.25,0.64,6.18;
-10.02,1.48,4.54;
-2.83,1.52,-0.98;
6.48,-0.75,-1.01;
11.73,-1.30,0.30;
8.98,-0.93,-0.80;
0.54,0.62,-2.08;
-8.15,1.01,0.74;
-8.16,0.73,4.18;
-4.36,0.53,4.80;
-2.18,-0.93,1.17;
-7.72,-0.72,-0.34;
-13.96,0.70,1.75;
-8.76,1.17,4.86;
-2.54,0.30,4.64;
4.10,-0.90,0.50;
3.43,-0.99,-1.90;
-2.37,0.04,-0.46;
-5.61,0.38,1.34;
-4.71,1.11,1.46;
-0.68,0.79,2.86;
4.33,-0.58,4.04;
9.00,-1.65,1.90;
7.41,-1.77,0.99;
-3.60,-0.05,-1.24;
-7.61,0.50,-3.00;
-9.95,1.40,0.97;
-4.47,1.10,6.19;
4.01,0.84,6.21;
6.13,-1.61,1.35;
1.56,-1.04,-3.15;
-4.39,-0.61,-2.27;
-6.79,0.64,4.79;
-3.66,1.17,6.91;
0.01,0.20,1.46;
1.08,-0.51,-3.90;
-0.05,-0.99,-1.65;
-1.82,-0.22,3.51;
-2.86,0.17,4.06;
-5.23,1.40,3.41;
-5.23,-0.96,2.54;
-0.48,-0.95,1.89;
0.14,-0.86,1.06;
-2.01,-0.89,1.66;
-4.51,0.13,2.62;
-3.06,1.69,3.20;
0.43,1.34,1.69;
2.30,0.41,-1.01;
2.10,0.04,-1.23;
3.40,-0.69,0.45;
2.16,-1.28,3.98;
-0.25,-0.35,5.02;
-2.85,-0.66,2.64;
-2.08,-1.47,2.62;
-4.48,-2.20,4.04;
-6.83,-2.57,7.06;
-8.86,-1.12,8.77;
-9.86,0.46,6.53;
-8.15,-0.05,5.98;
-1.66,-3.30,8.01;
3.53,-5.71,8.62;
3.14,-6.49,7.25;
1.99,-3.93,5.38;
1.37,-2.86,4.09;
4.95,-5.59,8.35;
8.07,-8.52,13.61;
13.15,-12.11,18.15;
10.88,-12.48,21.29;
9.27,-10.89,18.38;
3.06,-9.25,14.74;
-0.41,-11.58,18.25;
1.81,-13.88,28.33;
7.70,-16.08,33.20;
9.66,-17.13,25.90;
7.96,-15.04,14.16;
-4.76,-11.90,9.43;
-11.78,-10.77,20.41;
2.94,-10.58,36.99;
22.16,-18.14,38.31;
25.98,-22.55,32.82;
19.14,-25.28,28.99;
7.20,-19.30,33.83;
4.92,-16.38,37.06;
-2.70,-16.72,38.48;
0.79,-22.75,38.64;
-1.89,-27.15,47.09;
7.85,-25.19,50.35;
10.80,-21.01,43.73;
14.16,-16.83,35.40;
6.13,-15.12,36.70;
2.28,-18.32,52.09;
3.27,-27.44,64.10;
-1.29,-30.98,59.81;
-6.68,-24.25,38.68;
-6.25,-15.50,30.06;
-3.28,-14.06,43.63;
6.42,-15.97,63.64;
34.92,-27.42,66.93;
44.05,-38.09,50.83;
41.55,-36.51,37.15;
14.36,-21.36,37.31;
-2.70,-15.56,47.17;
2.51,-16.05,60.13;
3.30,-17.88,58.25;
5.49,-23.54,52.57;
-4.19,-20.43,54.70;
-8.41,-16.06,57.44;
13.81,-17.47,57.73;
46.86,-31.65,47.03;
38.54,-35.90,42.86;
16.43,-27.87,43.54;
15.20,-13.30,47.84;
19.47,-7.33,55.00;
24.88,-14.35,59.46;
38.62,-30.72,58.19;
24.54,-31.93,50.59;
6.89,-26.22,41.14;
-1.61,-12.31,44.79;
10.37,-4.26,56.25;
25.49,-15.79,60.67;
39.67,-36.25,56.22;
35.84,-31.07,37.46;
19.72,-15.09,33.46;
9.30,-4.77,43.98;
14.88,-0.66,54.65;
17.23,-17.76,51.03;
10.85,-23.96,40.91;
12.31,-20.96,33.03;
34.56,-10.67,36.42;
28.86,-4.78,43.41;
21.78,-8.37,34.88;
18.91,-13.44,22.25;
30.62,-14.84,17.60;
26.82,-11.15,22.93;
15.29,-7.09,28.21;
-2.27,-3.47,24.90;
0.28,-2.19,18.97;
10.43,-1.93,20.68;
26.56,-2.81,26.65;
26.42,-2.66,26.06;
13.14,-1.58,18.62;
2.59,-2.19,7.96;
-0.54,-1.13,4.38;
-1.26,0.72,8.25;
-0.33,3.26,13.96;
10.92,3.01,12.65;
14.71,3.07,9.03;
2.07,2.87,6.28;
-8.91,2.76,1.43;
-14.68,2.38,-3.94;
-10.59,3.48,-2.05;
-6.10,6.29,2.59;
-8.54,10.33,6.42;
-4.04,10.32,2.25;
5.00,5.86,-6.72;
11.81,-0.35,-10.36;
4.02,0.21,-13.03;
-18.68,5.74,-13.75;
-28.16,7.81,-9.96;
-21.81,8.79,-7.04;
-5.24,4.44,-4.25;
5.20,1.83,-9.46;
8.39,3.20,-23.14;
-5.73,7.08,-31.09;
-15.41,11.26,-28.04;
-17.79,12.20,-15.88;
-11.63,11.01,-11.29;
-7.11,9.88,-18.04;
-15.60,13.22,-27.64;
-19.81,14.85,-29.43;
-22.65,18.35,-22.98;
-19.81,15.10,-20.25;
-15.98,12.18,-27.14;
-16.36,11.95,-33.85;
-19.55,11.68,-33.49;
-23.28,13.02,-29.87;
-21.63,10.06,-29.76;
-21.78,10.20,-33.32;
-21.72,13.34,-38.72;
-18.94,15.05,-39.50;
-20.30,16.21,-33.76;
-19.43,15.77,-29.44;
-18.85,16.58,-32.71;
-7.75,16.68,-41.29;
-12.54,16.96,-43.38;
-27.70,17.25,-41.90;
-34.04,16.49,-44.54;
-30.01,17.63,-47.55;
-24.24,18.94,-49.91;
-24.21,22.01,-50.48;
-20.34,26.32,-52.74;
-14.91,24.56,-56.25;
-11.70,23.49,-55.93;
-11.99,25.08,-59.50;
-8.97,24.55,-62.22;
-23.64,24.82,-62.25;
-35.37,27.45,-62.36;
-51.98,26.97,-64.43;
-53.32,26.39,-61.98;
-47.98,29.13,-60.25;
-32.48,29.22,-57.36;
-21.21,26.85,-63.62;
-25.76,29.20,-76.83;
-27.60,32.90,-89.55;
-31.00,34.06,-87.38;
-25.70,33.20,-72.48;
-16.85,29.98,-59.27;
-23.23,24.33,-58.63;
-48.34,21.49,-69.07;
-65.00,22.04,-79.18;
-73.50,27.88,-78.17;
-69.17,29.07,-64.71;
-50.76,29.54,-53.76;
-18.74,29.48,-54.22;
-1.92,22.49,-76.16;
-3.18,16.73,-91.09;
-14.91,19.20,-82.10;
-16.76,25.68,-66.05;
18.48,30.70,-55.27;
46.30,31.48,-61.43;
40.16,22.81,-74.11;
23.55,20.12,-75.94;
22.45,21.68,-69.67;
35.84,25.20,-57.67;
78.25,24.35,-49.47;
106.74,13.60,-48.92;
84.11,7.48,-37.26;
32.39,10.76,-18.49;
-3.98,14.62,-8.02;
6.14,15.86,-5.41;
17.87,7.10,-9.90;
11.14,2.81,-7.50;
-11.75,4.76,-1.14;
-25.17,13.77,6.42;
-5.15,13.26,8.50;
47.99,-1.33,-5.27;
56.50,-7.42,-21.07;
8.01,0.46,-18.75;
-33.03,9.20,-2.45;
-42.63,9.54,9.28;
-17.02,5.89,12.97;
3.81,-0.64,6.67;
-14.04,1.04,0.57;
-33.55,7.40,-3.84;
-25.90,10.15,2.44;
14.07,4.94,5.48;
41.84,-3.59,2.39;
30.36,-4.54,-3.41;
-12.22,0.91,-6.37;
-40.68,7.75,-0.17;
-42.39,8.65,11.78;
-18.34,2.50,19.22;
-0.77,-1.85,13.35;
-2.65,-0.08,-2.08;
-17.40,7.72,-11.29;
-13.69,10.75,-9.55;
9.70,10.65,1.75;
39.00,3.42,5.37;
43.09,-3.19,-0.13;
18.11,-3.10,-3.93;
-27.17,5.13,-0.20;
-53.11,11.88,6.22;
-41.84,10.36,8.96;
-7.96,1.69,5.86;
13.98,-1.06,0.97;
13.12,0.53,-2.57;
-0.82,5.95,0.21;
-7.28,8.07,7.80;
4.05,2.18,6.35;
10.83,-0.57,-0.56;
4.60,0.17,-4.39;
-8.85,3.71,0.94;
-14.25,4.24,7.38;
-17.50,2.73,12.53;
-18.08,1.37,9.40;
-21.79,1.72,5.28;
-18.08,2.50,0.67;
-6.53,2.56,-0.39;
8.08,-0.86,1.73;
12.91,-1.73,3.05;
11.82,0.59,3.12;
8.42,3.13,0.41;
0.45,2.85,0.28;
-13.23,0.38,4.02;
-21.81,0.38,5.25;
-16.62,1.75,3.55;
1.18,2.59,2.64;
19.08,-0.02,0.93;
22.83,-1.59,-2.08;
10.39,-1.90,-0.42;
-7.55,1.28,6.06;
-14.39,2.93,10.56;
-4.70,0.64,7.66;
1.30,-2.98,2.93;
-3.81,-2.52,-0.13;
-9.86,0.32,-0.92;
-7.86,-1.85,-3.96;
0.85,-1.76,-2.33;
9.44,-2.72,2.44;
13.73,-4.09,5.41;
3.87,-3.16,5.23;
-6.11,-1.79,3.52;
-11.81,-2.08,5.49;
-13.64,-1.65,7.43;
-9.76,-1.58,6.54;
-4.48,-1.74,3.22;
0.33,-2.06,-2.65;
10.43,0.18,-6.08;
17.79,-0.16,-5.32;
23.76,-1.09,-1.85;
19.46,-0.90,1.17;
3.58,-0.03,4.54;
-12.22,1.14,6.30;
-20.82,3.23,5.51;
-18.59,3.97,3.15;
-8.51,4.09,2.16;
5.50,2.13,2.07;
15.30,0.73,-1.33;
15.84,1.28,-3.62;
8.77,4.29,-2.62;
5.40,5.95,-0.36;
4.54,5.36,0.62;
3.47,2.65,-1.44;
-1.05,2.30,-3.44;
-2.05,3.83,-4.16;
2.30,4.90,-1.41;
8.34,4.21,0.94;
10.92,3.55,1.92;
6.27,3.02,0.90;
-1.47,2.50,-1.33;
-10.25,3.65,-3.10;
-13.41,5.25,-2.75;
-5.18,5.20,-1.96;
10.85,3.89,-1.38;
20.86,2.09,-2.97;
22.36,0.55,-4.48;
13.30,0.23,-2.97;
2.60,0.68,-0.31;
-4.50,1.34,2.64;
-12.24,1.22,6.16;
-12.92,-0.66,6.96;
-11.93,-1.35,4.71;
-9.50,-1.28,1.80;
-4.99,-1.13,0.22;
1.24,-1.04,0.91;
4.47,-2.23,2.97;
3.69,-2.40,4.39;
2.82,-1.67,3.67;
-1.66,-1.54,2.36;
-6.62,-1.45,2.51;
-9.90,-0.70,2.73;
-9.95,-0.78,2.82;
-6.36,0.01,3.00;
-2.59,1.07,3.35;
1.75,-0.06,2.99;
3.89,-1.39,2.65;
1.79,-0.66,2.30;
-0.59,-0.29,1.12;
-0.70,-0.48,0.22;
0.33,-0.80,0.77;
4.21,-0.69,1.48;
6.36,-0.22,2.30;
1.26,-0.46,1.98;
-2.34,-0.64,0.67;
-4.22,-1.10,0.64;
-2.34,-1.51,1.96;
0.36,-0.66,3.06;
4.45,-1.19,2.36;
6.27,-1.71,1.92;
4.24,-3.25,2.27;
-0.92,-2.41,2.71;
-2.89,-0.99,2.25;
-2.68,-0.43,2.44;
0.05,-0.86,3.20;
2.18,-2.37,3.32;
0.36,-1.90,4.24;
-3.17,-1.10,3.06;
-7.21,-0.69,1.48;
-6.79,-0.12,1.63;
-2.99,-0.72,1.02;
3.49,-1.48,-0.20;
6.92,-1.15,0.04;
5.89,-2.14,-0.13;
1.21,-1.59,1.31;
-6.95,-0.41,2.13;
-8.97,-0.92,1.23;
-8.37,-1.04,1.57;
-2.24,-2.14,1.49;
1.69,-2.64,0.65;
2.42,-2.72,-3.50;
0.71,-1.62,-8.16;
5.20,-1.33,-10.52;
11.93,-1.50,-9.52;
16.92,-0.80,-7.12;
17.53,-0.58,-5.90;
15.50,-1.76,-6.43;
7.00,-1.03,-6.07;
-3.52,0.38,-2.72;
-7.98,1.11,1.31;
-8.44,2.10,5.03;
-7.15,1.31,4.28;
-5.69,0.49,2.71;
-6.42,0.82,1.92;
-7.02,2.01,2.59;
-1.89,3.31,2.99;
3.78,2.85,2.74;
8.07,1.95,1.86;
5.79,1.14,1.46;
0.25,1.25,2.50;
-5.28,2.20,4.33;
-5.82,2.17,3.84;
-3.17,1.25,2.82;
-3.34,0.93,2.54;
-3.70,0.32,1.70;
-1.72,0.20,0.39;
3.24,-0.60,-0.54;
5.47,0.32,0.88;
3.40,0.13,2.53;
-3.34,-1.32,1.28;
-8.76,-1.50,-1.00;
-12.60,0.27,-0.83;
-9.35,1.08,0.21;
-0.11,1.13,1.32;
7.37,0.01,-0.54;
8.31,-0.99,-2.10;
5.64,-1.97,-1.81;
-0.19,-1.85,-0.20;
-5.46,-0.40,1.90;
-8.65,1.19,3.03;
-9.03,0.88,4.12;
-5.92,-1.45,4.04;
-4.10,-3.19,2.83;
-2.91,-2.03,2.45;
-4.01,-0.61,2.74;
-3.41,-0.66,2.79;
-3.24,-1.67,3.09;
-5.66,-2.70,3.03;
-5.70,-2.28,1.81;
-3.96,-0.54,0.96;
0.47,-0.11,0.21;
6.53,-0.72,0.88;
7.81,-1.22,0.65;
5.05,-1.41,-0.07;
1.44,-0.77,-0.45;
-1.23,-0.14,0.67;
-2.82,0.27,2.44;
-2.33,0.07,2.97;
-1.31,0.32,1.54;
0.30,0.32,0.13;
3.15,-0.40,-0.62;
7.34,0.21,-0.19;
9.47,-0.14,-0.30;
8.22,-1.01,-0.68;
4.45,-0.90,-0.01;
0.50,-0.49,1.12;
-4.71,-0.20,2.41;
-6.82,0.79,2.22;
-4.22,0.33,1.90;
0.53,-0.46,1.40;
5.30,-0.67,0.24;
5.63,-0.60,-1.18;
4.14,0.07,-1.10;
2.31,1.19,-0.69;
0.25,1.59,-0.30;
1.84,1.04,-0.42;
4.16,0.50,-1.15;
4.83,0.67,-2.31;
3.34,0.68,-3.75;
1.66,1.26,-3.29;
0.19,1.22,-1.27;
0.16,0.13,-0.80;
1.75,-0.69,-1.79;
1.85,-0.09,-0.52;
-1.64,0.26,0.31;
-6.65,0.03,0.88;
-13.26,1.22,2.59;
-16.48,1.83,3.08;
-11.64,0.76,3.11;
-2.31,1.02,1.93;
5.53,0.23,-0.43;
8.42,0.55,-2.30;
7.55,1.01,-1.62;
6.10,0.67,-0.86;
2.56,0.38,0.31;
-2.51,1.59,0.62;
-6.39,1.33,-1.41;
-7.26,0.85,-1.12;
-3.86,1.80,-0.13;
-1.67,1.72,0.73;
-0.57,0.70,1.03;
-5.57,0.81,0.01;
-5.86,1.20,-1.73;
-5.14,0.97,-2.22;
-6.63,1.01,-0.63;
-7.52,0.90,0.33;
-9.24,0.82,1.22;
-6.74,0.04,1.83;
-6.21,1.36,3.15;
-8.08,0.75,2.79;
-13.60,-0.46,1.73;
-20.73,0.32,0.90;
-24.62,1.57,1.15;
-20.66,1.92,1.48;
-13.46,1.16,1.63;
-9.89,-0.45,1.57;
-10.56,-1.27,0.09;
-15.55,-1.12,-1.99;
-23.00,-0.09,-2.51;
-31.78,0.91,1.22;
-33.98,-0.54,4.65;
-31.95,-1.77,4.48;
-29.38,-3.07,2.21;
-29.92,-2.45,0.33;
-27.82,-0.81,2.86;
-23.21,-0.20,5.77;
-13.15,-1.10,5.46;
-3.75,-2.78,2.39;
-4.83,-3.10,-1.46;
-8.56,-2.08,-2.14;
-15.21,0.78,1.48;
-16.92,1.80,4.28;
-13.90,1.05,4.93;
-10.39,-0.49,2.82;
-8.89,-1.06,0.65;
-9.02,-0.72,-0.27;
-11.18,1.11,2.07;
-7.70,-0.05,3.77;
-5.08,-1.99,3.58;
-3.14,-2.48,1.70;
-3.89,-1.67,-0.86;
-1.34,-0.26,-0.75;
-1.72,0.55,0.97;
-0.92,-0.54,1.35;
-2.77,-1.09,0.31;
-4.16,-0.57,-1.07;
-3.55,-0.75,-1.23;
-4.34,-0.80,0.62;
-7.53,-1.27,3.28;
-10.73,-1.19,3.81;
-12.48,-0.06,2.22;
-14.83,0.26,1.66;
-11.66,1.17,1.20;
-6.62,1.13,1.25;
1.50,-1.09,0.77;
6.05,-2.38,0.60;
4.59,-2.19,-0.16;
0.39,-1.22,-1.29;
-4.22,0.70,-0.28;
-5.69,1.19,0.64;
-6.18,0.26,1.37;
-3.86,-0.87,1.37;
-4.83,0.03,1.37;
-5.47,-0.34,0.96;
-4.65,0.15,1.84;
-5.34,0.12,3.20;
-4.89,-0.80,2.67;
-2.31,-1.24,1.49;
-2.21,-1.13,-0.52;
-1.32,-0.89,-1.81;
-0.47,-0.70,-1.50;
1.70,-1.50,-1.43;
1.40,-1.61,-1.94;
-0.86,-0.90,-2.97;
-3.11,-0.46,-3.65;
-5.37,-1.16,-3.67;
-8.66,-1.80,-3.32;
-10.27,-1.79,-1.07;
-12.59,-0.92,0.13;
-13.40,-0.80,0.04;
-15.28,0.18,-1.76;
-17.03,-0.63,-2.43;
-17.32,-0.06,0.06;
-13.87,0.53,3.58;
-6.97,-0.20,2.02;
-0.07,-0.38,-1.47;
2.19,0.65,-4.08;
2.24,0.26,-5.27;
1.38,0.68,-3.52;
1.06,0.87,-1.61;
1.38,0.39,-0.25;
0.13,0.07,-0.51;
-4.44,0.53,-0.80;
-9.63,0.75,-0.59;
-12.15,1.54,1.05;
-9.52,1.81,3.43;
-6.02,0.65,2.39;
-1.02,-0.25,0.01;
-0.85,1.10,-0.92;
-2.54,1.36,-0.59;
-2.89,0.49,1.78;
-2.56,0.21,3.54;
-5.06,0.59,2.68;
-7.35,0.01,0.94;
-9.66,0.53,0.45;
-7.34,0.56,-0.31;
-3.15,-0.03,-0.36;
-0.16,0.49,-1.18;
-0.48,1.16,-1.59;
-1.63,1.33,-1.27;
-1.53,2.35,-0.25;
0.54,1.08,0.04;
0.83,1.26,0.94;
1.24,1.36,0.96;
1.78,1.36,0.02;
1.41,1.43,0.59;
1.21,1.80,0.97;
2.51,1.68,0.62;
1.99,1.16,-0.74;
2.27,0.30,-1.35;
1.05,0.35,-1.84;
-1.00,0.09,0.01;
-4.74,0.36,1.92;
-5.99,0.75,1.23;
-3.24,-0.69,-1.03;
-0.34,-1.41,-1.23;
-0.39,-1.12,-0.33;
-5.93,-0.52,1.06;
-7.63,-0.77,0.76;
-3.72,-0.57,0.22;
-0.37,-0.34,-0.65;
2.04,-2.80,-1.40;
2.62,-2.37,0.25;
0.28,-0.60,1.14;
-1.93,1.16,0.74;
-1.31,-0.43,-1.69;
-1.32,-2.78,-2.62;
1.59,-2.64,-1.59;
1.70,-0.77,1.17;
1.75,0.58,2.65;
2.25,0.12,2.13;
-1.06,-0.95,-0.49;
-0.51,-1.96,-2.45;
-1.70,-0.72,-1.03;
-3.70,1.10,1.73;
-0.65,0.68,2.59;
3.63,-0.55,1.11;
4.37,-0.58,-1.23;
4.05,-0.40,-2.43;
4.34,-0.12,-1.81;
3.24,0.21,-0.11;
2.77,-0.12,1.20;
1.87,0.33,0.83;
0.43,-1.13,-0.66;
-3.92,-0.84,-0.27;
-7.52,0.32,1.35;
-6.92,0.12,2.07;
-1.18,0.09,1.95;
3.27,0.29,-1.26;
6.07,-0.84,-3.98;
3.55,0.09,-2.63;
-0.51,0.67,0.13;
-3.05,-0.02,2.15;
-1.03,-0.41,2.70;
1.81,-0.12,1.49;
-0.04,-0.64,0.33;
-1.00,-0.92,-0.11;
-2.30,-0.05,0.01;
-4.34,-0.31,0.19;
-5.26,0.49,1.92;
-3.82,-0.35,2.25;
0.47,-0.86,0.28;
-0.94,0.88,-0.65;
-2.25,0.29,-1.46;
-1.46,-0.19,-0.51;
0.02,0.41,2.31;
0.60,0.75,2.18;
0.40,0.18,0.93;
0.48,-0.86,-1.15;
-1.32,-0.19,-0.27;
-2.08,0.44,1.06;
-2.57,0.49,2.30;
-2.94,-0.17,1.43;
-0.77,-0.87,-0.27;
-0.60,-0.74,-0.97;
-3.93,-0.14,-0.14;
-4.62,0.36,1.23;
-3.75,0.59,1.89;
-1.79,0.39,1.55;
0.33,0.38,0.09;
0.66,0.27,-0.89;
2.25,0.38,-1.20;
2.89,1.39,-0.05;
3.20,1.04,0.33;
3.38,0.29,0.88;
1.67,0.36,1.31;
-2.25,0.18,0.65;
-7.02,0.94,0.45;
-7.26,1.40,0.71;
-1.84,0.36,1.02;
1.85,-0.14,0.39;
3.30,-0.28,-1.82;
2.68,0.78,-3.47;
2.98,1.02,-2.75;
3.64,1.40,-0.49;
5.21,0.87,0.82;
5.96,0.04,-1.04;
4.48,0.41,-2.78;
2.22,-0.19,-3.72;
-3.11,0.68,-0.56;
-4.65,0.72,2.24;
-2.83,0.87,2.50;
1.05,-0.51,-0.02;
2.18,-1.42,-2.07;
-0.62,0.35,-1.38;
-1.17,1.94,0.04;
2.43,1.63,0.90;
5.64,0.52,0.85;
5.93,0.24,-0.83;
4.40,-0.95,-2.77;
1.47,-0.67,-1.50;
-3.00,0.52,2.02;
-5.46,0.73,3.17;
-4.13,-0.16,1.46;
-1.95,0.17,-0.02;
-2.63,0.39,-1.40;
-2.08,-0.66,-0.63;
-1.53,-0.46,0.94;
-0.83,-0.12,0.96;
-1.55,-0.63,0.36;
-2.88,0.52,-0.36;
-5.32,0.38,-0.27;
-5.89,-0.14,0.67;
-6.86,-0.89,0.73;
-6.99,-0.64,1.22;
-5.37,0.27,2.16;
-2.68,0.94,1.69;
-1.60,0.42,-0.39;
-0.86,-0.38,-2.43;
-0.70,-0.43,-2.20;
0.36,0.47,-0.46;
1.58,1.20,1.25;
1.37,1.59,1.46;
-0.25,-0.57,-0.56;
-3.28,-0.84,-2.37;
-6.02,-0.06,-1.76;
-5.75,0.53,1.46;
-5.32,0.61,3.38;
-4.66,-0.26,1.84;
-1.60,-1.76,-0.59;
-2.33,-2.26,-0.34;
-7.95,-1.61,2.71;
-14.83,0.15,4.19;
-17.67,-0.06,1.98;
-16.41,-1.21,-1.32;
-12.45,-0.51,-1.93;
-5.67,-0.70,-0.69;
1.30,0.06,2.22;
3.49,-0.52,1.49;
1.17,-0.48,-1.62;
-3.40,0.10,-2.52;
-5.40,0.49,-0.43;
-3.46,0.41,2.19;
-1.75,0.79,3.09;
1.24,0.18,0.90;
1.49,0.30,-1.29;
-0.04,0.50,-2.10;
-0.31,1.10,-1.23;
-0.05,1.11,0.07;
1.00,1.14,1.44;
2.01,0.59,0.35;
1.82,-0.19,-1.15;
-1.76,0.76,-1.62;
-2.89,1.05,-0.75;
-1.92,0.39,1.20;
-1.43,0.36,2.10;
-2.21,0.36,1.78;
-4.07,0.21,0.76;
-6.07,0.78,0.57;
-7.26,1.60,0.64;
-5.92,1.39,0.47;
-1.58,1.04,0.90;
3.52,1.08,0.36;
5.73,0.59,-0.86;
4.83,0.58,-1.64;
1.47,0.53,-1.59;
-0.57,0.09,-0.02;
-1.92,0.93,1.32;
-2.48,0.97,0.54;
-2.68,1.28,-0.25;
-1.26,1.39,-0.13;
0.14,1.63,-0.65;
1.15,0.55,-1.50;
3.27,0.41,-0.98;
4.27,0.41,0.48;
2.71,0.56,1.31;
-0.34,0.58,1.15;
-3.31,0.50,0.93;
-5.89,0.94,0.76;
-4.80,0.59,-0.83;
-3.61,0.75,-0.34;
-2.15,0.78,1.17;
1.47,0.81,2.35;
3.53,0.67,1.12;
5.06,0.47,-0.45;
2.94,0.21,-1.14;
-0.95,0.09,-0.59;
-3.95,0.35,0.70;
-2.85,0.76,2.38;
-1.20,1.62,2.18;
-0.16,0.46,0.54;
-0.76,-0.48,-1.01;
-3.21,0.61,-0.52;
-3.98,1.23,-0.45;
-3.66,0.62,0.64;
-0.97,0.53,2.16;
1.69,-0.16,1.96;
2.30,0.50,1.61;
0.04,0.18,0.07;
-5.34,0.32,-0.08;
-7.70,0.55,0.62;
-3.92,1.04,2.16;
0.68,0.21,1.55;
3.63,-0.63,0.35;
2.98,-0.45,0.06;
-0.63,0.42,1.05;
-4.80,0.41,2.09;
-5.21,-0.09,2.12;
-4.04,-0.69,1.70;
-1.61,-0.38,1.69;
-0.95,0.23,1.49;
-0.05,1.01,1.87;
0.79,0.97,1.66;
2.28,-0.09,-0.11;
2.01,-1.36,-0.40;
-1.23,-0.54,0.38;
-4.18,0.20,1.54;
-5.44,0.13,2.41;
-4.73,-0.37,2.33;
-2.45,-0.83,1.25;
-1.78,-0.67,0.25;
-1.24,0.94,-0.46;
1.38,0.67,-1.32;
5.11,-0.69,-0.25;
5.79,-0.74,0.48;
2.76,-0.49,1.49;
-1.02,-0.05,1.66;
-4.48,0.38,0.99;
-7.53,0.24,0.99;
-3.98,-0.84,0.36;
-0.28,-0.51,0.62;
1.34,-0.32,0.94;
2.56,0.59,1.29;
3.75,-0.00,0.50;
3.85,-0.69,-0.36;
1.30,0.04,0.07;
-1.63,0.21,0.25;
-1.40,0.24,0.33;
0.30,0.01,0.27;
0.56,0.03,0.88;
-0.08,-0.63,1.00;
-1.21,-0.58,1.72;
-3.70,0.09,0.48;
-2.82,0.68,-0.72;
-0.34,0.20,-0.75;
1.82,-0.52,0.09;
0.91,0.06,0.33;
0.95,0.18,0.35;
1.21,0.23,0.42;
1.08,-0.23,0.65;
0.74,-0.46,0.56;
-0.34,-0.72,0.41;
-2.47,0.44,0.27;
-3.23,0.85,0.51;
-1.34,0.20,0.68;
0.42,-0.12,1.09;
0.36,-0.05,0.65;
-1.76,0.15,0.25;
-2.94,-0.17,0.38;
-2.94,-0.16,0.53;
-2.95,-0.11,0.88;
-1.66,-0.08,1.29;
0.66,0.33,0.83;
2.13,-0.51,1.00;
1.96,-0.48,0.88;
1.06,-0.70,0.44;
-0.83,0.32,-0.08;
-1.98,0.49,0.07;
-1.72,0.47,0.28;
-1.00,-0.06,0.45;
0.30,-0.25,0.56;
0.36,-0.41,0.83;
0.10,0.18,0.93;
-1.46,-0.31,0.25;
-1.70,-0.51,-0.28;
-2.47,0.35,0.21;
-1.73,-0.20,0.65;
-0.88,-0.16,1.48;
0.27,-0.34,1.29;
-0.02,-0.05,0.76;
-2.22,1.08,0.13;
-1.32,0.59,-0.71;
0.95,-0.00,-0.59;
2.80,-0.41,0.10;
3.09,-0.29,0.85;
1.00,0.10,0.57;
-2.62,0.44,0.35;
-3.32,-0.03,0.01;
-2.42,-0.67,-0.11;
-2.53,-0.23,0.64;
-1.92,0.62,0.97;
-0.25,0.56,0.96;
1.46,0.46,0.16;
0.95,0.17,-0.72;
0.92,-0.34,-0.68;
0.22,0.12,-0.19;
0.31,0.42,0.35;
0.05,0.50,0.88;
-0.88,0.70,0.59;
-1.66,0.65,-0.63;
-2.42,-0.05,-0.65;
-2.18,0.13,1.34;
-2.77,-0.28,2.79;
-3.84,0.10,1.95;
-1.96,0.01,0.31;
-1.53,-0.12,0.09;
-1.14,-0.12,0.35;
-1.53,0.29,0.51;
-0.82,1.20,-0.05;
1.76,2.20,-0.95;
3.93,0.75,-1.20;
4.71,-0.08,0.27;
1.96,0.24,0.50;
-1.24,-0.16,-0.17;
-4.24,0.82,-0.28;
-4.19,1.26,-0.16;
-1.26,0.18,0.74;
0.50,0.44,1.02;
-0.15,-0.08,0.30;
-2.59,0.90,0.47;
-3.06,1.59,0.24;
-1.05,0.82,0.35;
1.35,0.32,-0.05;
2.76,-0.74,-0.27;
1.29,-0.41,-0.22;
-1.89,0.18,0.59;
-3.49,0.38,1.75;
-5.79,0.12,1.63;
-4.82,0.72,0.67;
-1.57,-0.19,-0.77;
-0.70,0.64,0.27;
1.05,0.85,0.57;
2.83,0.23,0.44;
3.21,-0.31,0.86;
1.15,-0.38,0.60;
-1.11,-0.49,-0.11;
-4.57,0.10,-0.31;
-4.36,0.78,0.83;
-1.73,0.49,1.49;
-0.57,0.29,1.26;
1.08,-0.37,-0.08;
-1.21,-0.75,-0.60;
-1.41,-1.06,-0.31;
-1.73,0.03,1.09;
-1.49,0.87,1.14;
-0.42,0.67,0.68;
1.30,0.47,0.44;
1.76,0.21,-0.16;
0.01,-0.09,-0.39;
-1.81,-0.34,0.21;
-2.34,-0.51,1.49;
-2.86,-0.09,2.42;
-2.41,-0.45,1.44;
-2.31,0.39,0.62;
-2.54,0.87,-0.20;
-1.78,0.15,-0.04;
0.13,-0.45,0.99;
1.63,-0.70,0.83;
-0.62,-1.50,-0.25;
-3.50,-0.11,0.41;
-4.37,0.78,1.12;
-4.88,0.36,1.70;
-1.92,-1.32,1.25;
0.34,-0.92,-0.51;
0.28,-0.37,-0.68;
0.33,0.03,0.04;
1.32,0.78,1.22;
-1.20,0.23,0.83;
-1.18,-0.99,-0.59;
-1.31,-0.60,-0.34;
-1.60,0.24,0.77;
-0.88,0.18,1.44;
-0.07,0.06,1.44;
-0.21,0.52,0.56;
0.42,0.06,-0.39;
0.16,-0.46,-0.74;
0.25,-0.86,-0.04;
-1.15,-0.02,1.09;
-1.53,0.73,1.48;
-1.69,0.94,0.71;
-1.03,-0.45,-0.07;
-1.24,-1.01,-0.22;
-2.24,-0.45,0.77;
-1.69,-0.08,1.25;
-1.53,-0.23,1.58;
0.14,-0.26,1.54;
-0.22,-0.02,1.41;
-2.11,-0.35,0.42;
-3.50,0.23,0.10;
-4.45,0.29,-0.23;
-1.72,-0.19,0.70;
0.89,-0.29,2.07;
1.66,-0.17,1.96;
0.14,-1.04,-0.04;
-3.63,-0.38,-0.74;
-5.70,0.42,0.06;
