0.99,0.41,-4.00;
1.07,0.59,-3.92;
0.79,0.41,-3.87;
0.94,0.05,-3.37;
0.71,-0.10,-2.53;
1.80,-0.34,-2.16;
2.15,-0.65,-2.23;
1.83,-1.03,-2.56;
0.81,-1.56,-3.16;
0.19,-2.01,-3.71;
-0.35,-2.27,-4.32;
-0.97,-2.39,-4.67;
-0.93,-2.37,-4.82;
-1.00,-2.37,-4.71;
-0.26,-2.53,-4.27;
0.47,-1.61,-3.78;
1.39,-1.29,-3.25;
1.14,-0.48,-2.81;
0.24,-0.11,-2.24;
-0.74,-0.50,-1.58;
-0.92,-0.17,-1.05;
0.59,0.04,-0.41;
1.17,0.22,-0.06;
1.60,0.82,0.32;
2.09,1.14,-0.29;
1.42,1.41,-0.41;
0.21,1.69,-0.58;
-0.39,1.58,-0.73;
-0.64,1.26,-0.93;
-0.52,1.37,-0.82;
0.26,1.02,-0.48;
0.32,1.03,-0.44;
0.41,0.92,0.17;
-0.05,1.14,0.32;
-0.11,0.77,0.66;
-0.03,0.99,0.98;
-0.72,0.74,1.12;
-1.09,0.96,1.30;
-1.16,0.99,1.06;
-0.87,0.86,0.69;
-1.03,0.62,0.61;
-1.30,0.62,0.58;
-1.62,0.38,0.46;
-0.90,0.31,0.61;
-0.37,-0.02,0.64;
-0.49,-0.31,0.57;
-0.05,-0.40,-0.10;
0.16,-0.45,-0.52;
0.07,-0.37,-0.84;
-0.42,-0.83,-1.16;
-0.89,-0.74,-0.91;
-1.18,-0.89,-0.58;
-1.30,-0.95,0.11;
-1.39,-1.72,1.47;
-1.12,-1.29,2.29;
0.27,-1.06,4.10;
0.79,-1.37,4.95;
0.30,-1.53,6.08;
-0.08,-1.41,6.81;
-0.35,-0.88,7.44;
-0.40,-1.04,8.17;
-0.89,-1.55,8.66;
-0.46,-1.41,9.38;
0.09,-1.61,9.79;
0.55,-2.02,10.29;
1.14,-1.69,11.04;
0.93,-1.61,10.75;
0.62,-1.32,10.95;
-0.25,-1.17,11.12;
-2.69,-1.40,11.27;
-4.19,-1.14,11.06;
-4.83,-0.98,10.52;
-4.08,-0.98,9.97;
-3.29,-0.68,9.10;
-3.16,-0.36,8.10;
-2.35,-0.59,6.58;
-1.67,-0.24,4.90;
-1.13,-0.19,3.65;
-1.35,-0.16,2.20;
-2.42,-0.14,0.32;
-3.62,-0.28,-1.40;
-4.34,-0.60,-3.20;
-4.63,-0.85,-4.78;
-3.68,-0.86,-6.39;
-3.36,-1.46,-7.37;
-3.94,-1.93,-9.00;
-4.26,-2.19,-9.66;
-3.87,-2.53,-10.35;
-3.84,-3.27,-10.87;
-3.47,-4.39,-11.20;
-4.35,-4.91,-11.13;
-4.17,-5.40,-10.78;
-4.69,-6.17,-10.74;
-4.54,-6.48,-10.48;
-4.42,-7.00,-9.97;
-3.93,-7.66,-9.26;
-2.74,-8.08,-8.70;
-2.02,-8.20,-7.92;
-0.98,-8.57,-7.75;
-0.68,-8.43,-7.08;
-0.80,-8.11,-6.50;
-1.50,-7.64,-6.10;
-1.91,-6.97,-5.42;
-0.77,-5.70,-4.59;
0.74,-5.08,-4.52;
2.76,-4.05,-4.33;
3.58,-3.44,-4.07;
4.00,-2.56,-3.75;
5.37,-0.83,-3.45;
5.57,0.15,-3.43;
5.36,1.02,-3.57;
4.87,1.99,-3.77;
5.20,2.76,-3.63;
5.65,3.35,-3.58;
6.23,3.78,-3.49;
6.12,3.73,-3.23;
6.26,4.09,-2.73;
6.13,3.58,-1.98;
6.19,3.78,-1.49;
5.14,3.44,-0.88;
4.24,2.79,-0.29;
3.11,2.89,0.35;
2.03,2.85,0.68;
2.01,2.31,1.10;
1.86,2.05,1.27;
2.53,1.50,1.73;
3.25,0.99,2.22;
2.59,0.54,2.31;
1.40,0.01,2.58;
0.33,-0.39,2.57;
-0.84,-0.74,1.93;
-1.56,-0.45,1.52;
-0.69,-0.65,0.95;
-0.03,-0.91,-0.24;
-0.05,-1.20,-0.88;
0.13,-1.09,-2.32;
1.23,-0.36,-4.03;
2.50,-0.01,-5.92;
4.04,1.09,-9.17;
4.21,1.50,-13.66;
1.71,1.28,-17.07;
0.07,1.02,-19.26;
3.37,2.88,-23.66;
4.61,4.21,-31.36;
-2.20,7.72,-39.46;
-9.50,6.71,-45.36;
-14.31,5.83,-50.26;
-16.10,6.82,-52.73;
-14.49,8.34,-54.65;
-8.23,9.32,-55.63;
-1.39,9.70,-55.37;
3.08,8.85,-54.56;
8.74,8.07,-53.13;
15.20,7.81,-51.54;
19.92,7.17,-50.47;
23.19,6.41,-49.31;
23.90,5.08,-48.26;
22.39,3.11,-47.68;
19.32,0.86,-47.10;
14.62,-1.52,-46.07;
9.89,-3.53,-44.32;
5.39,-5.20,-42.15;
4.15,-6.80,-40.36;
3.65,-8.42,-37.94;
2.99,-9.56,-36.36;
4.55,-10.37,-34.18;
9.34,-11.17,-33.11;
12.85,-11.26,-32.36;
20.01,-11.03,-32.65;
33.22,-9.67,-33.32;
41.40,-9.41,-32.84;
44.67,-9.00,-29.51;
42.21,-7.46,-23.98;
31.92,-6.17,-18.29;
15.54,-5.15,-13.78;
-0.29,-3.95,-11.49;
-13.99,-3.30,-9.39;
-19.09,-2.75,-8.76;
-18.55,-1.43,-8.47;
-14.37,-0.31,-8.68;
-10.93,0.97,-9.13;
-5.68,2.51,-9.39;
-0.87,3.66,-9.55;
1.36,4.92,-9.42;
2.42,6.82,-8.44;
2.38,8.28,-7.90;
2.85,8.76,-7.00;
3.46,9.03,-7.14;
5.34,9.23,-6.58;
6.59,8.97,-6.10;
7.48,8.53,-5.94;
8.03,7.66,-5.36;
8.26,6.92,-4.62;
7.80,6.22,-4.09;
6.27,5.38,-2.87;
4.48,4.88,-0.90;
4.29,4.22,-0.36;
3.71,3.60,0.22;
3.29,2.73,0.84;
4.01,1.98,2.45;
4.88,1.69,3.48;
5.40,1.08,5.68;
4.23,0.74,7.13;
3.95,0.70,8.08;
4.45,0.57,8.98;
4.30,-0.08,9.64;
4.67,0.31,10.75;
8.45,0.71,11.42;
12.41,0.28,11.50;
17.75,0.19,10.32;
20.45,0.59,8.60;
20.29,1.00,6.05;
21.26,1.54,4.58;
24.21,2.83,3.29;
24.41,3.23,1.29;
24.00,4.30,0.35;
22.56,3.28,0.57;
17.69,2.33,0.93;
13.63,0.47,0.42;
13.25,0.28,-1.81;
13.28,0.60,-4.38;
14.73,1.18,-6.35;
14.81,-0.53,-6.27;
14.68,2.24,-4.55;
12.47,-0.04,-3.69;
17.25,0.10,-3.43;
22.13,-1.64,-5.42;
25.45,-2.53,-7.03;
23.65,-2.83,-8.62;
20.88,-1.90,-9.29;
17.87,-0.97,-9.20;
14.03,-0.56,-8.71;
7.87,-1.44,-8.27;
5.00,-3.00,-7.83;
5.92,-3.79,-8.96;
11.31,-3.64,-9.90;
12.18,-2.42,-10.56;
7.98,-1.14,-9.80;
4.30,-1.24,-7.94;
2.96,-0.04,-6.41;
0.99,0.79,-4.78;
-6.10,1.43,-2.71;
-12.16,0.86,0.28;
-14.77,1.11,-0.18;
-14.13,1.11,-2.26;
-10.49,1.09,-4.61;
-5.87,0.25,-6.30;
0.88,-0.62,-6.13;
8.03,1.17,-4.45;
12.09,3.25,-2.74;
8.58,4.22,-0.74;
0.12,5.40,1.13;
-13.53,5.54,2.63;
-20.06,3.72,4.10;
-20.13,3.72,4.16;
-17.62,3.61,3.29;
-15.29,3.32,3.50;
-14.42,2.80,4.34;
-14.66,2.27,6.37;
-14.55,1.02,10.14;
-9.81,-1.88,14.34;
-4.63,-1.53,18.19;
4.01,-2.40,21.27;
13.87,-3.81,20.75;
25.02,-1.49,18.13;
28.91,-0.22,17.13;
33.40,0.02,18.69;
34.73,1.11,20.19;
30.26,2.51,22.97;
17.48,4.39,24.08;
3.89,5.43,23.97;
-12.14,5.83,23.04;
-22.97,5.57,20.93;
-28.57,5.05,18.84;
-31.77,4.86,16.23;
-36.20,5.18,14.86;
-40.89,5.57,13.76;
-45.58,4.79,12.93;
-46.13,3.60,11.04;
-45.45,2.85,7.36;
-40.63,1.86,4.37;
-32.26,1.38,1.48;
-24.06,0.30,-3.89;
-20.63,-2.42,-3.49;
-25.94,0.88,-7.55;
-29.87,3.95,-8.90;
-38.39,0.13,-8.32;
-45.36,-0.75,-7.16;
-55.73,-0.92,-3.98;
-60.61,-3.84,0.13;
-63.23,-5.70,3.82;
-64.10,-8.51,8.72;
-55.53,-10.31,12.86;
-42.43,-12.42,15.52;
-22.95,-13.61,16.98;
-3.81,-13.33,17.12;
19.40,-11.99,17.38;
34.91,-12.28,17.55;
50.26,-11.70,16.83;
56.97,-11.67,15.01;
56.77,-11.62,12.43;
48.24,-11.12,9.84;
35.22,-10.65,7.71;
17.17,-9.96,6.46;
-1.68,-9.09,6.32;
-17.44,-9.04,6.48;
-28.51,-8.89,5.94;
-33.33,-8.79,5.56;
-33.32,-8.31,4.75;
-30.77,-7.61,4.08;
-26.17,-7.55,3.01;
-17.48,-7.01,1.65;
-10.46,-5.96,-0.81;
-4.28,-5.27,-2.70;
0.76,-3.56,-4.10;
2.33,-2.75,-4.88;
2.38,-2.27,-5.92;
2.04,-0.91,-7.02;
0.87,-0.60,-6.90;
-0.98,-0.19,-6.23;
-0.31,-1.26,-6.74;
13.02,-3.43,-11.32;
37.65,-3.66,-19.19;
64.45,-2.95,-26.42;
80.90,-2.28,-30.91;
82.77,-1.11,-30.79;
78.15,0.31,-26.94;
67.84,1.73,-22.36;
49.17,1.72,-14.82;
24.99,1.05,-10.09;
3.75,0.12,-8.96;
-11.03,-0.57,-8.18;
-18.64,-1.27,-9.45;
-16.05,-1.26,-12.03;
-9.24,-0.60,-14.01;
-2.20,1.47,-14.79;
1.75,3.47,-14.06;
3.34,5.17,-12.79;
2.38,6.79,-11.84;
0.64,7.20,-13.34;
0.09,7.26,-14.21;
1.45,6.85,-15.48;
5.65,5.41,-15.16;
8.30,4.96,-14.87;
9.39,4.88,-14.01;
7.36,4.60,-13.23;
3.80,4.96,-12.50;
-0.00,5.03,-12.12;
-4.03,5.00,-12.27;
-5.27,3.87,-12.32;
-4.43,3.44,-12.53;
-2.22,2.54,-13.20;
-2.43,2.12,-12.68;
-4.19,1.93,-11.89;
-8.17,2.73,-11.51;
-11.53,2.30,-12.18;
-13.68,2.15,-11.92;
-14.16,1.95,-11.14;
-13.97,2.54,-10.01;
-17.61,3.31,-7.63;
-19.88,3.58,-6.09;
-21.24,4.47,-4.29;
-19.96,6.42,-3.75;
-18.98,7.32,-2.97;
-20.02,6.73,-0.48;
-21.33,5.63,1.19;
-21.03,5.72,1.41;
-16.72,5.26,0.92;
-12.78,5.95,0.69;
-12.46,5.21,1.65;
-11.76,4.86,2.00;
-8.80,5.08,2.08;
-4.97,5.02,2.90;
-3.44,4.39,3.97;
-0.95,3.26,4.54;
1.05,3.41,5.53;
3.26,3.14,6.32;
5.49,2.62,7.38;
6.77,2.45,7.97;
4.13,3.02,9.33;
2.03,2.88,10.74;
1.55,2.94,13.47;
0.52,4.38,15.88;
0.27,5.40,16.84;
-1.36,6.88,17.18;
-3.87,8.74,17.65;
-5.76,10.19,18.46;
-9.23,11.67,19.52;
-12.11,10.48,21.24;
-13.94,10.68,21.24;
-12.98,10.21,20.19;
-10.25,8.79,19.81;
-5.26,7.06,18.31;
-0.78,7.21,16.22;
1.52,7.89,14.20;
2.64,7.08,12.29;
3.23,7.00,11.74;
3.17,7.17,10.72;
1.71,7.12,9.22;
1.07,6.56,7.48;
1.94,6.28,5.15;
2.48,6.44,3.35;
1.60,5.64,2.11;
0.73,5.75,1.52;
-0.93,5.90,0.89;
-3.65,6.45,0.90;
-3.88,6.27,0.72;
-4.61,6.70,1.19;
-5.16,6.48,1.32;
-5.15,6.30,1.82;
-5.42,5.69,2.29;
-5.45,5.72,2.63;
-4.68,5.55,2.63;
-3.91,5.38,2.74;
-3.96,4.68,3.22;
-5.38,3.57,2.98;
-6.97,2.76,1.93;
-7.56,1.93,1.19;
-6.43,0.91,0.58;
-5.09,0.41,-0.04;
-4.66,-0.17,-1.19;
-5.70,-0.68,-2.18;
-6.49,-0.79,-2.00;
-5.65,-0.82,-2.58;
-5.00,-1.44,-3.58;
-4.80,-1.76,-5.02;
-3.13,-1.98,-5.75;
-1.09,-2.86,-5.74;
-0.03,-3.50,-5.66;
0.07,-3.67,-5.48;
-0.54,-3.49,-5.07;
-1.94,-3.23,-4.55;
-4.16,-2.65,-3.57;
-6.84,-2.05,-2.82;
-9.00,-1.85,-2.59;
-10.49,-2.22,-2.30;
-10.00,-1.72,-2.16;
-8.17,-1.70,-1.90;
-5.41,-1.70,-1.11;
-4.43,-1.62,-0.58;
-5.09,-1.66,0.17;
-5.45,-1.59,0.46;
-5.10,-2.14,0.52;
-5.61,-2.04,0.80;
-6.19,-2.45,1.56;
-6.43,-2.97,1.87;
-7.12,-4.07,2.46;
-7.29,-5.17,3.79;
-6.63,-6.22,4.72;
-6.60,-7.00,5.55;
-6.46,-7.55,6.71;
-7.18,-8.85,7.90;
-6.77,-10.14,9.10;
-5.79,-10.79,10.32;
-5.68,-12.08,10.86;
-6.61,-13.29,11.48;
-6.78,-14.20,11.96;
-7.97,-15.67,12.46;
-8.86,-16.02,13.73;
-8.11,-16.05,14.42;
-8.29,-16.39,15.18;
-8.69,-16.27,15.97;
-8.55,-16.02,16.25;
-9.00,-16.66,16.22;
-11.15,-16.60,16.54;
-11.73,-16.74,16.39;
-10.72,-16.42,16.22;
-10.00,-16.36,16.66;
-8.00,-16.07,16.63;
-7.10,-15.17,16.69;
-5.61,-14.33,16.02;
-5.12,-13.30,14.60;
-5.67,-13.24,13.50;
-5.19,-12.14,12.37;
-2.87,-10.53,11.10;
-0.68,-9.23,10.08;
0.61,-9.00,9.24;
0.68,-7.06,8.87;
1.36,-6.37,6.80;
1.26,-4.54,5.99;
2.18,-2.80,5.07;
2.47,-1.85,3.61;
3.19,-0.07,2.71;
4.48,0.59,2.25;
6.67,0.83,1.27;
7.81,1.72,0.78;
7.71,2.18,0.37;
8.16,3.38,-0.56;
8.58,3.90,-0.76;
8.50,4.86,-0.93;
8.12,4.54,-0.99;
7.58,5.43,-1.22;
7.03,5.60,-0.87;
6.71,5.72,-0.90;
6.33,5.66,-0.65;
5.65,5.64,-0.18;
6.23,5.49,0.25;
8.47,5.47,0.66;
9.98,5.17,1.27;
8.56,5.05,1.81;
7.25,5.35,2.17;
4.97,5.57,2.71;
2.21,5.34,2.90;
1.90,5.17,3.61;
2.88,5.02,4.29;
4.01,4.91,5.09;
3.89,4.39,6.16;
1.72,4.31,6.75;
0.55,4.56,6.86;
-1.23,3.54,6.64;
-0.45,3.44,6.60;
0.53,2.97,6.06;
1.36,2.05,5.38;
2.52,1.23,5.09;
2.65,0.76,4.35;
1.45,-0.24,3.56;
-0.32,-1.20,3.04;
-1.59,-2.02,3.09;
-0.68,-2.45,2.64;
1.86,-2.54,1.56;
1.54,-2.89,0.51;
-0.51,-2.92,-0.65;
-2.48,-2.72,-1.95;
-2.32,-2.59,-2.55;
-2.49,-2.24,-3.42;
-1.82,-2.10,-4.01;
-1.77,-2.34,-3.97;
-1.81,-2.82,-3.81;
-0.54,-2.50,-3.78;
1.13,-1.95,-4.26;
1.29,-1.58,-4.38;
0.12,-1.61,-4.67;
-1.03,-1.21,-5.13;
-0.90,-1.37,-5.14;
-0.17,-1.03,-4.79;
-0.23,-0.53,-4.55;
-0.46,-0.68,-4.07;
-0.54,-0.54,-3.08;
-0.31,-0.37,-2.12;
0.32,0.21,-0.42;
1.84,0.92,-0.09;
1.78,1.12,0.61;
2.03,1.26,1.06;
1.92,1.35,1.36;
2.15,1.43,1.58;
0.93,1.20,1.74;
-0.06,1.18,1.67;
-0.22,1.54,1.50;
0.29,1.40,1.38;
0.94,1.14,0.93;
1.10,1.35,0.57;
1.71,1.38,0.02;
1.11,1.05,0.05;
0.42,0.74,-0.07;
-0.37,0.45,-0.26;
-1.16,0.48,-0.19;
-0.64,0.48,-0.44;
-0.16,0.33,-0.56;
-0.34,-0.01,-0.01;
-0.08,0.34,-0.15;
1.74,0.34,-0.21;
2.18,0.31,-0.12;
1.26,0.09,-0.79;
0.24,0.45,-0.85;
-0.52,0.39,-0.52;
-0.17,0.67,-0.19;
0.42,1.06,0.22;
0.50,1.08,0.13;
0.15,1.14,0.00;
0.30,1.41,0.03;
1.00,1.46,-0.04;
1.80,1.63,0.13;
1.90,1.80,0.37;
1.71,1.67,0.60;
1.40,1.50,1.16;
1.19,1.26,1.62;
1.03,1.34,2.11;
1.34,1.29,2.63;
1.80,1.26,2.93;
2.09,1.09,3.15;
2.50,1.66,3.61;
3.02,1.87,3.71;
2.77,2.28,3.41;
2.27,2.62,3.33;
2.59,3.02,3.29;
4.33,2.88,3.53;
5.74,3.17,3.36;
6.64,3.55,3.41;
5.94,3.81,3.16;
4.15,3.99,3.07;
2.45,4.19,3.15;
1.75,4.47,2.68;
2.03,4.76,2.13;
3.19,5.23,0.92;
4.10,4.28,0.87;
4.73,4.13,-0.21;
4.04,3.72,-0.16;
5.36,4.19,-0.30;
6.27,3.69,-0.85;
5.78,3.35,-0.59;
4.04,3.11,-0.87;
2.76,2.56,-0.96;
1.31,1.92,-0.99;
1.08,1.34,-0.74;
1.22,1.37,-0.53;
2.21,0.96,-0.06;
3.19,0.39,0.03;
2.18,0.24,0.69;
0.84,-0.37,1.04;
0.24,-0.28,1.47;
-0.23,-0.27,2.03;
0.82,-0.27,2.17;
1.03,-0.46,2.11;
0.94,-0.40,2.29;
0.73,-0.40,2.34;
0.85,-0.53,2.40;
1.03,-0.14,2.32;
0.96,0.07,2.16;
1.26,0.34,1.91;
0.96,0.42,1.55;
1.00,0.51,1.04;
1.61,0.63,0.77;
1.57,0.56,0.61;
2.04,0.62,0.69;
2.44,0.60,0.46;
3.29,0.70,0.64;
3.45,1.09,0.93;
4.97,1.38,1.09;
5.80,1.80,1.82;
3.92,1.73,2.78;
3.84,2.12,4.06;
3.25,2.41,3.93;
3.58,2.27,4.57;
4.52,2.68,4.32;
5.80,2.67,3.87;
5.94,2.62,2.80;
5.16,2.42,2.40;
4.71,2.41,1.71;
5.42,2.18,0.93;
5.02,1.92,0.17;
3.97,1.78,-0.65;
3.00,1.40,-1.25;
3.05,0.99,-1.66;
3.32,0.62,-2.01;
3.78,0.62,-2.04;
4.07,0.33,-2.10;
4.09,0.15,-2.19;
3.39,-0.22,-2.04;
2.16,-0.54,-1.84;
1.94,-0.66,-1.23;
2.10,-0.77,-0.74;
1.83,-1.14,-0.99;
0.55,-1.52,-1.28;
-0.13,-1.61,-1.17;
0.13,-1.66,-0.93;
0.52,-1.78,-0.91;
0.88,-1.46,-0.79;
0.32,-1.75,-0.84;
-0.10,-1.53,-0.94;
-1.04,-1.38,-1.29;
-1.18,-1.17,-1.57;
-0.87,-1.04,-1.45;
0.33,-0.83,-1.43;
0.30,-0.40,-1.58;
-0.02,-0.25,-1.61;
-0.80,-0.04,-1.66;
-1.48,0.30,-1.32;
-2.29,0.50,-1.26;
-2.25,0.53,-1.10;
-1.44,0.85,-1.20;
-1.04,0.77,-0.82;
-0.86,1.14,-0.71;
-0.86,1.21,-0.70;
-1.21,1.66,-0.42;
-1.42,1.60,-0.15;
-1.33,1.67,-0.18;
-1.39,1.58,-0.01;
-1.35,1.69,0.02;
-2.63,1.49,-0.03;
-3.90,0.86,-0.27;
-3.71,0.25,-0.29;
-2.39,0.31,-0.01;
-0.20,0.30,-0.27;
1.65,0.50,-0.59;
1.45,0.34,-1.05;
-0.51,0.60,-1.65;
-2.60,0.53,-1.84;
-3.84,0.21,-2.32;
-3.74,0.28,-2.45;
-2.66,0.10,-2.70;
-1.67,-0.14,-2.41;
-0.72,-0.60,-2.19;
-0.78,-0.86,-1.94;
-1.58,-1.12,-1.66;
-1.04,-0.95,-1.11;
-0.17,-0.94,-0.90;
0.21,-0.92,-0.97;
0.04,-0.83,-0.73;
-0.08,-1.06,-0.73;
0.23,-0.94,-0.55;
-0.00,-0.74,-0.84;
0.06,-0.27,-0.71;
-0.26,-0.27,-0.55;
0.24,0.13,-0.81;
0.79,-0.04,-0.93;
2.07,0.19,-1.11;
2.04,0.12,-1.32;
1.54,0.41,-1.25;
0.91,0.21,-1.08;
0.53,0.56,-1.31;
0.50,0.88,-1.13;
0.53,1.00,-0.70;
0.56,0.96,-0.38;
0.13,1.08,-0.42;
0.07,0.67,-0.42;
-2.66,0.39,-0.70;
-5.64,-0.43,-0.97;
-7.61,-1.18,-1.19;
-8.10,-1.79,-1.08;
-7.56,-2.40,-0.79;
-8.25,-2.56,-0.58;
-9.50,-2.36,-1.25;
-8.93,-2.02,-2.47;
-6.05,-1.04,-4.01;
-0.08,0.76,-5.89;
3.74,2.01,-8.09;
4.77,2.91,-10.96;
6.82,4.02,-14.71;
7.94,5.29,-17.80;
9.16,5.92,-21.05;
7.40,7.12,-24.90;
5.48,7.31,-28.36;
4.77,7.50,-31.58;
3.34,7.46,-33.71;
5.39,6.88,-36.10;
6.59,6.65,-37.83;
6.73,5.86,-38.23;
6.94,4.82,-37.48;
7.17,4.02,-36.09;
8.00,3.00,-34.74;
9.28,2.80,-32.12;
9.80,2.16,-30.21;
9.58,1.37,-28.36;
7.80,0.53,-25.61;
7.74,-0.07,-22.78;
10.62,-0.75,-19.61;
12.38,-0.88,-16.81;
13.16,-1.59,-13.51;
12.74,-1.99,-10.06;
12.64,-2.51,-8.18;
12.38,-3.06,-6.04;
10.59,-3.58,-3.89;
9.29,-3.84,-2.68;
7.89,-4.56,-1.65;
7.25,-4.72,-0.82;
7.10,-5.27,-0.30;
7.10,-5.56,-0.18;
6.24,-5.96,-0.81;
5.23,-6.68,-1.60;
4.38,-6.62,-2.01;
3.14,-7.09,-2.79;
2.52,-7.18,-3.00;
2.32,-7.11,-3.54;
2.93,-7.09,-4.30;
2.64,-7.08,-4.26;
2.61,-6.68,-4.38;
3.66,-6.14,-3.87;
3.34,-5.87,-3.65;
1.94,-5.98,-3.52;
0.81,-5.91,-3.71;
0.93,-5.55,-3.22;
2.76,-5.29,-3.31;
4.36,-5.35,-3.10;
5.92,-4.98,-2.48;
6.26,-5.09,-2.04;
5.69,-5.12,-1.39;
5.66,-4.95,-1.22;
6.42,-4.39,-1.02;
7.90,-3.64,-0.96;
9.65,-2.98,-0.55;
11.36,-3.00,-0.27;
12.94,-2.50,0.13;
13.20,-2.62,0.08;
12.76,-2.14,0.20;
14.68,-1.69,0.52;
16.74,-1.53,0.40;
21.77,-0.88,-0.38;
30.10,-0.46,-1.81;
42.15,1.21,-3.87;
52.56,3.18,-6.24;
55.48,5.90,-8.58;
48.97,6.24,-10.23;
35.07,6.89,-11.58;
15.61,8.27,-13.60;
3.51,8.39,-16.58;
-6.00,8.25,-18.67;
-10.74,6.09,-23.02;
-2.77,3.31,-28.38;
3.60,0.96,-33.28;
5.05,-0.98,-36.24;
6.03,-0.89,-39.00;
1.75,1.32,-41.55;
-3.96,2.15,-42.64;
-5.65,1.90,-42.19;
-4.60,2.36,-40.97;
0.58,0.33,-39.22;
12.35,1.05,-39.87;
27.22,2.96,-39.83;
37.63,4.19,-38.73;
44.99,6.25,-35.20;
39.29,7.60,-28.93;
19.34,5.80,-22.33;
0.04,3.47,-18.53;
-20.86,-0.46,-15.45;
-28.14,-4.65,-13.13;
-26.14,-6.65,-10.76;
-25.39,-6.19,-8.44;
-27.24,-6.28,-3.69;
-29.56,-6.34,0.54;
-32.32,-7.33,1.88;
-28.72,-9.09,1.71;
-13.24,-8.92,0.86;
1.55,-6.72,0.45;
13.00,-4.62,1.41;
17.49,-4.11,2.08;
18.48,-2.94,3.41;
19.20,-1.99,5.13;
18.15,0.34,6.11;
11.72,1.61,6.84;
2.19,0.92,7.61;
-7.35,1.18,8.00;
-16.86,1.05,7.53;
-22.61,0.31,7.53;
-26.37,0.94,6.97;
-28.90,0.88,5.97;
-28.80,1.11,5.04;
-29.16,1.66,4.16;
-27.62,1.78,4.32;
-25.41,2.02,4.42;
-22.71,1.38,4.35;
-16.34,0.10,2.92;
-10.26,0.50,-0.07;
-6.11,-0.34,-3.13;
-3.12,-1.35,-5.37;
-5.87,-1.73,-6.96;
-9.97,-4.46,-6.62;
-11.90,-5.52,-7.39;
-10.55,-7.70,-10.33;
0.68,-7.40,-15.57;
9.97,-5.70,-21.69;
26.29,-5.49,-25.39;
40.56,-2.48,-25.00;
54.36,-1.03,-20.61;
64.71,3.55,-14.06;
61.45,2.39,-7.94;
42.85,0.50,1.13;
15.17,2.39,6.97;
-5.81,5.90,12.13;
-23.12,3.90,16.69;
-41.94,2.15,20.31;
-53.10,0.67,22.22;
-57.09,-0.37,20.57;
-55.97,-2.79,17.29;
-45.39,-4.82,12.20;
-33.93,-4.56,6.22;
-18.48,-4.13,-2.99;
-5.30,-4.91,-12.59;
4.03,-5.73,-18.71;
13.46,-5.91,-21.32;
23.42,-5.37,-21.45;
29.19,-4.83,-18.09;
27.97,-3.67,-13.42;
18.56,-2.59,-7.71;
3.54,-1.41,-2.74;
-10.28,-1.52,0.22;
-22.43,-1.27,3.56;
-24.31,-1.76,5.36;
-19.58,-1.46,6.29;
-13.50,-1.11,6.60;
-9.38,-1.44,6.49;
-3.59,-1.46,5.70;
0.47,-0.74,4.75;
3.98,0.59,2.71;
6.68,2.16,-0.32;
3.87,3.61,-4.62;
-1.82,4.68,-8.93;
-6.63,6.16,-12.74;
-17.65,8.44,-15.69;
-28.89,9.34,-15.22;
-35.76,9.17,-12.70;
-35.12,8.19,-10.61;
-27.06,5.63,-9.05;
-7.38,4.27,-7.00;
5.32,4.41,-3.97;
15.00,5.06,0.57;
14.39,5.31,4.84;
12.99,4.73,9.56;
10.93,3.81,11.64;
15.22,1.70,12.48;
23.55,-1.15,12.93;
37.58,-4.43,13.82;
45.77,-7.85,16.11;
50.44,-11.29,19.09;
51.84,-14.43,22.20;
52.16,-15.69,26.43;
47.74,-15.20,30.22;
37.57,-16.17,35.97;
23.95,-17.79,39.94;
10.84,-18.28,41.62;
-0.68,-19.50,42.80;
-5.16,-20.74,42.32;
-6.20,-20.66,42.22;
-4.81,-20.72,42.32;
-3.09,-19.64,41.12;
-0.71,-17.21,40.05;
1.11,-14.95,39.55;
5.13,-12.42,39.90;
6.36,-9.49,40.49;
2.70,-6.71,40.39;
-1.88,-3.01,40.05;
-6.86,-0.28,39.76;
-12.28,1.15,39.84;
-17.01,2.42,38.25;
-17.97,4.56,36.42;
-16.13,6.13,34.84;
-16.02,7.29,34.13;
-16.43,9.67,33.84;
-15.33,13.64,32.40;
-18.92,15.81,31.35;
-26.11,16.89,30.23;
-26.51,18.41,27.26;
-27.13,20.02,24.87;
-27.01,19.60,22.87;
-23.52,18.42,19.50;
-19.23,17.78,15.59;
-16.00,16.70,12.69;
-12.46,15.96,10.25;
-8.61,15.54,6.95;
-4.49,15.63,4.60;
-0.98,16.44,2.13;
-1.81,15.98,0.74;
-2.51,14.47,-0.18;
-1.26,13.06,-1.16;
-0.10,11.29,-2.29;
1.25,9.12,-3.61;
-1.03,7.60,-4.87;
-5.03,6.41,-6.41;
-8.25,5.83,-6.38;
-12.48,5.17,-6.96;
-16.83,4.44,-7.69;
-18.52,4.10,-7.55;
-16.69,3.28,-8.53;
-15.48,2.76,-9.22;
-14.89,1.60,-11.37;
-15.19,0.68,-13.10;
-15.50,0.56,-14.38;
-16.90,1.26,-15.49;
-19.23,1.72,-15.69;
-23.85,2.89,-16.45;
-26.97,3.67,-17.90;
-31.30,4.45,-18.96;
-30.51,5.06,-20.16;
-25.36,5.28,-21.86;
-19.94,6.18,-22.91;
-14.64,6.79,-23.42;
-11.50,7.47,-24.01;
-11.71,7.55,-24.30;
-13.68,7.57,-24.41;
-15.23,7.52,-24.23;
-16.20,7.37,-23.72;
-16.69,7.06,-23.39;
-17.61,6.25,-22.18;
-19.82,4.41,-21.36;
-19.03,2.83,-19.84;
-17.67,1.75,-18.39;
-16.69,0.09,-16.50;
-14.63,-1.62,-14.82;
-11.30,-3.38,-12.94;
-9.16,-3.85,-11.68;
-10.00,-4.40,-10.18;
-10.97,-6.04,-8.55;
-10.55,-7.33,-7.51;
-9.44,-8.10,-5.84;
-6.51,-8.71,-4.87;
-4.49,-9.40,-3.32;
-4.16,-9.43,-1.74;
-3.82,-8.82,-0.13;
-4.72,-8.17,1.79;
-4.26,-7.58,3.18;
-4.05,-6.91,5.09;
-4.43,-6.60,6.87;
-3.36,-6.11,9.26;
0.50,-5.72,11.27;
5.69,-5.24,13.22;
8.15,-4.95,13.97;
8.06,-5.01,15.09;
7.39,-4.63,15.64;
6.74,-4.63,16.13;
5.69,-3.70,16.26;
4.03,-3.56,16.42;
2.73,-3.41,15.93;
1.78,-3.66,14.71;
1.43,-3.67,12.58;
1.32,-3.66,10.61;
2.52,-2.89,8.95;
4.71,-3.95,6.83;
7.89,-3.23,5.00;
8.56,-1.93,3.36;
6.81,-2.62,2.13;
5.40,-2.01,0.64;
3.40,-2.05,-0.56;
3.03,-1.15,-1.37;
2.94,-1.43,-2.13;
2.04,-0.98,-2.78;
1.80,-0.85,-3.11;
1.68,-0.66,-3.22;
1.55,-1.14,-3.39;
2.76,0.41,-2.85;
2.79,0.02,-2.00;
2.53,1.87,-1.72;
3.00,1.29,-0.87;
3.42,2.10,-0.39;
2.87,2.05,0.05;
2.59,3.15,0.29;
2.41,3.34,0.45;
2.09,3.00,0.77;
1.05,3.28,0.66;
0.67,3.32,1.13;
0.16,3.03,0.49;
-0.39,2.88,0.64;
-1.73,2.70,0.10;
-1.70,2.57,0.34;
-1.50,2.41,-0.18;
-1.35,1.98,-0.18;
-1.33,1.26,-0.12;
-2.17,0.76,-0.13;
-2.58,0.16,-0.03;
-2.00,-0.05,-0.36;
-2.61,-0.57,-0.93;
-3.10,-0.71,-0.53;
-3.58,-0.80,-0.27;
-3.42,-1.58,0.17;
-3.50,-2.07,0.78;
-2.46,-2.13,1.32;
0.21,-2.10,1.39;
1.65,-1.62,1.09;
0.88,-1.52,0.68;
0.56,-1.01,0.17;
-0.16,-0.68,-0.23;
-1.64,-0.37,-0.50;
-1.73,-0.02,-0.36;
-1.58,0.02,-0.44;
-0.75,0.27,-0.44;
0.93,0.68,-0.59;
2.01,0.53,-0.79;
2.01,0.44,-0.55;
1.80,0.45,-0.12;
2.74,1.14,0.40;
3.51,1.25,0.32;
4.53,1.63,0.19;
4.53,1.78,0.48;
3.48,1.58,0.17;
2.96,1.73,0.43;
2.26,2.02,-0.35;
0.91,2.09,-0.10;
-0.19,2.53,-0.68;
-1.45,3.03,-0.99;
-1.59,3.20,-1.31;
-0.74,2.82,-1.72;
1.52,2.99,-2.13;
2.91,3.28,-1.84;
2.96,3.00,-2.01;
2.44,2.74,-2.01;
0.39,2.63,-2.01;
-0.87,2.41,-1.87;
-2.48,1.99,-2.41;
-3.67,1.63,-2.52;
-3.18,1.23,-2.58;
-2.19,0.99,-2.76;
-0.13,0.42,-2.33;
2.00,0.22,-2.03;
2.76,-0.37,-1.87;
2.39,-0.17,-1.60;
0.94,-0.16,-2.09;
-1.39,-0.50,-2.15;
-2.93,-0.51,-2.50;
-3.33,-1.20,-2.41;
-2.98,-0.82,-2.04;
-1.07,-0.63,-1.89;
0.70,-0.83,-1.58;
0.94,-1.01,-1.34;
-0.06,-0.91,-0.91;
-0.48,-0.60,-0.50;
-0.31,-0.74,-0.41;
-0.61,-0.66,-0.39;
-0.57,-0.48,-0.15;
-0.58,-0.83,-0.04;
-0.46,-0.56,0.14;
-0.06,-0.63,0.10;
-0.13,-0.31,0.39;
-0.19,-0.40,0.74;
-0.05,-0.04,1.16;
1.19,-0.43,1.26;
1.57,-0.42,0.77;
1.13,-0.59,1.09;
0.26,-0.46,1.10;
-0.48,-0.57,0.83;
0.19,-0.22,0.23;
0.48,-0.11,-0.09;
0.33,0.27,-0.62;
0.91,0.27,-0.38;
1.81,0.50,-0.70;
1.58,0.50,-1.11;
1.54,0.92,-1.00;
1.51,1.25,-0.62;
1.83,0.89,-0.55;
2.01,0.92,-0.24;
1.05,1.18,0.03;
1.36,1.18,0.11;
1.19,1.17,0.42;
1.69,1.37,0.14;
2.55,1.89,0.14;
2.52,1.93,-0.10;
2.58,1.64,-0.55;
1.75,2.04,-0.62;
0.53,2.02,-0.56;
-0.74,2.16,-1.00;
-0.55,1.93,-1.23;
0.48,2.12,-1.11;
0.93,1.70,-1.32;
0.41,1.54,-0.99;
-0.31,0.91,-0.56;
0.16,1.29,-0.62;
1.25,0.82,-0.15;
1.52,0.73,0.14;
0.93,0.27,0.51;
0.04,0.16,0.64;
-0.95,-0.10,0.63;
-1.01,-0.24,1.19;
0.33,-0.16,1.06;
1.19,-0.27,0.97;
1.34,-0.10,1.22;
1.65,-0.01,1.12;
1.61,0.42,1.01;
1.28,-0.16,1.35;
1.32,0.73,1.16;
1.43,0.71,1.01;
1.71,0.77,0.95;
2.19,0.71,0.75;
2.58,1.34,0.64;
2.94,0.79,0.26;
2.94,1.21,-0.27;
1.83,1.23,-0.59;
1.25,0.97,-0.97;
1.80,1.05,-1.22;
2.32,0.94,-1.25;
2.27,1.43,-1.25;
2.39,1.58,-1.25;
1.26,2.15,-1.17;
-0.80,2.59,-1.63;
-1.15,2.68,-1.51;
-0.48,2.74,-1.39;
0.24,2.21,-1.39;
1.46,1.83,-1.08;
1.29,1.29,-0.76;
0.39,0.77,-0.61;
-0.98,0.67,-0.38;
-3.13,0.50,-0.10;
-3.18,0.83,0.13;
-2.03,0.62,0.23;
-2.00,-0.17,0.71;
-1.67,-0.53,1.21;
-1.27,-0.65,1.15;
-0.75,-1.24,0.80;
-1.71,-1.43,1.16;
-2.61,-1.87,1.47;
-2.68,-2.13,1.35;
-2.48,-2.36,1.12;
-2.51,-2.54,0.71;
-2.77,-2.71,0.48;
-3.13,-2.28,-0.09;
-3.18,-2.91,-0.38;
-2.03,-2.62,-0.79;
-1.04,-2.24,-1.25;
-0.46,-2.36,-1.72;
-0.48,-2.10,-1.74;
-0.11,-1.73,-1.95;
-0.74,-0.88,-2.23;
-1.47,-0.77,-2.19;
-1.93,-0.66,-1.74;
-0.80,-0.08,-1.87;
-0.19,0.48,-1.72;
0.36,0.63,-1.69;
0.99,1.00,-1.54;
0.76,1.52,-1.36;
0.71,1.80,-1.05;
0.73,2.28,-0.85;
0.56,2.24,-0.65;
0.07,2.34,-0.58;
1.58,2.38,-0.41;
2.77,2.12,-0.81;
2.47,2.02,-0.94;
2.47,1.76,-0.85;
1.65,1.38,-1.42;
0.61,0.88,-1.78;
0.03,0.68,-2.07;
0.33,0.45,-2.29;
1.07,0.07,-2.73;
2.10,-0.08,-2.62;
1.40,-0.42,-3.03;
0.76,-0.60,-3.43;
0.01,-0.24,-3.58;
-0.13,-0.27,-3.71;
0.68,-0.57,-3.65;
1.46,-0.16,-3.26;
2.07,-0.01,-2.94;
2.27,0.02,-2.88;
3.00,0.45,-2.39;
3.34,0.54,-2.21;
3.46,1.02,-1.89;
2.97,1.73,-1.54;
1.95,2.50,-0.90;
1.94,3.26,-0.62;
1.42,3.89,-0.38;
2.07,5.37,-0.03;
3.11,5.46,-0.09;
5.52,6.71,0.37;
6.18,8.21,1.24;
6.03,10.30,2.64;
5.49,12.76,3.73;
2.21,14.44,3.45;
-0.43,15.69,2.95;
-0.20,16.54,1.82;
6.16,17.00,-0.30;
11.63,17.80,-2.96;
13.61,17.87,-5.28;
13.72,17.41,-7.55;
13.17,16.92,-9.61;
12.41,16.57,-11.34;
11.48,15.52,-13.37;
10.93,14.94,-15.51;
11.13,13.69,-17.54;
10.84,12.51,-19.25;
11.48,10.62,-20.19;
12.88,8.70,-21.45;
14.68,6.45,-23.07;
14.73,4.24,-24.26;
14.77,2.74,-24.01;
15.77,1.64,-23.19;
16.94,-0.07,-21.87;
15.14,-2.10,-21.11;
11.14,-1.40,-20.96;
4.21,-3.21,-20.03;
0.97,-4.11,-18.55;
-1.06,-4.30,-17.25;
-2.86,-4.63,-16.06;
-4.66,-5.43,-13.26;
-5.07,-5.35,-10.68;
-5.01,-6.16,-8.74;
-4.52,-6.65,-6.36;
-3.23,-7.26,-3.68;
-0.71,-7.90,-1.83;
2.74,-7.98,0.43;
5.58,-9.11,1.91;
6.76,-10.25,3.00;
8.32,-11.15,4.45;
10.29,-11.81,6.20;
13.13,-13.09,7.33;
14.32,-14.02,7.12;
13.81,-15.21,6.42;
13.66,-16.16,5.22;
14.12,-16.89,4.37;
14.77,-17.59,2.86;
14.62,-18.40,0.34;
13.39,-18.75,-3.03;
13.19,-19.03,-5.28;
14.13,-19.24,-8.00;
19.57,-19.96,-13.03;
22.44,-19.50,-17.36;
23.69,-19.59,-20.96;
23.16,-19.55,-22.91;
20.16,-20.98,-23.00;
18.32,-22.48,-24.21;
20.09,-22.82,-26.81;
19.20,-22.97,-29.49;
20.81,-22.50,-32.65;
23.90,-19.88,-35.13;
30.85,-16.86,-36.26;
36.32,-13.24,-38.06;
31.66,-8.51,-37.31;
22.03,-5.14,-35.22;
15.34,-1.64,-36.09;
11.32,3.20,-37.94;
5.65,4.67,-39.43;
4.30,6.34,-39.17;
0.29,8.60,-38.32;
-1.32,8.48,-36.48;
-1.26,5.83,-33.34;
-1.56,4.97,-31.60;
-5.91,3.09,-31.81;
-0.22,-0.57,-32.99;
6.41,-1.82,-33.20;
12.44,-2.77,-31.45;
16.18,-3.93,-27.49;
15.71,-4.19,-22.04;
11.51,-5.66,-15.13;
10.41,-6.89,-8.19;
2.84,-6.82,-0.42;
1.00,-6.51,6.02;
1.61,-5.81,12.25;
-1.09,-3.93,15.00;
-6.34,-3.01,15.85;
-11.07,-2.89,17.32;
-12.13,-2.05,16.81;
-10.20,-1.33,14.61;
-6.92,0.41,11.41;
-8.26,3.67,8.06;
-10.80,3.99,6.05;
-10.98,4.10,4.49;
-12.42,4.07,2.40;
-16.06,3.15,-0.01;
-17.13,1.96,-0.93;
-17.93,0.94,-1.69;
-16.63,0.10,-2.94;
-16.66,-0.10,-3.90;
-20.69,0.19,-5.03;
-23.77,-0.83,-6.32;
-22.31,-1.35,-8.39;
-16.57,-2.04,-10.71;
-9.10,-1.58,-11.07;
-1.59,-1.08,-8.52;
4.87,0.28,-4.45;
7.46,2.92,-1.68;
6.10,4.16,1.30;
2.03,4.59,4.22;
-4.84,3.12,7.91;
-11.27,1.15,10.03;
-14.03,0.21,9.84;
-15.93,-0.65,9.42;
-12.63,1.35,10.98;
-11.70,1.02,15.30;
-16.45,2.56,17.68;
-21.85,5.11,19.21;
-25.44,2.45,19.45;
-28.95,2.25,17.30;
-29.79,1.61,13.26;
-26.20,0.45,10.19;
-21.27,-0.63,8.63;
-12.87,-1.23,8.75;
-2.23,-0.42,9.39;
4.24,-0.20,9.64;
11.26,0.41,10.34;
10.77,-0.08,10.78;
12.85,-0.89,10.92;
7.71,-0.56,11.06;
5.23,-0.98,12.02;
7.90,0.09,12.98;
10.71,1.50,13.68;
11.14,2.74,14.48;
8.79,3.90,14.45;
6.42,3.32,14.31;
7.28,3.32,13.96;
7.26,4.33,13.03;
7.11,4.21,11.26;
5.05,4.44,9.00;
-0.80,4.51,6.93;
-1.16,3.92,6.39;
0.13,4.45,5.61;
-0.97,5.49,4.06;
-2.17,4.92,3.24;
-0.37,4.67,2.00;
0.18,4.91,1.58;
5.84,4.38,2.72;
15.22,4.21,3.55;
20.48,4.02,4.14;
21.13,3.86,3.06;
19.54,3.93,2.19;
20.96,4.22,1.96;
25.00,4.99,2.23;
28.91,5.76,1.41;
27.75,6.76,0.28;
20.00,7.02,0.68;
11.23,6.60,1.27;
1.83,5.32,1.47;
-2.42,4.18,1.22;
-1.94,3.52,0.74;
-3.56,3.21,0.40;
-5.15,3.18,0.45;
-9.97,4.25,0.97;
-20.37,5.87,0.81;
-27.16,5.98,1.73;
-29.93,6.42,2.17;
-30.20,6.38,1.70;
-26.77,6.02,0.83;
-20.81,5.63,-0.73;
-16.75,5.47,-2.50;
-11.64,4.83,-3.26;
-5.10,5.06,-4.76;
0.73,5.05,-5.78;
3.20,5.35,-5.83;
6.12,5.40,-5.36;
8.67,5.25,-4.19;
10.45,5.43,-2.96;
9.08,5.66,-1.90;
4.55,5.12,0.14;
1.66,4.73,1.70;
-2.26,4.21,2.19;
-6.35,3.73,2.43;
-11.52,2.80,2.95;
-12.86,2.51,3.00;
-13.65,2.53,3.56;
-13.73,1.89,4.34;
-13.13,1.03,5.26;
-11.81,-0.10,5.81;
-9.19,-1.21,5.24;
-6.72,-2.85,5.01;
-3.74,-4.92,4.26;
-1.45,-6.31,4.02;
0.62,-8.27,3.44;
3.77,-8.95,3.18;
6.50,-8.75,2.26;
6.73,-6.85,1.81;
4.74,-5.20,4.42;
2.50,-4.16,6.42;
-1.85,-3.70,7.30;
-5.52,-3.01,9.47;
-4.32,-2.86,11.30;
-2.74,-2.79,12.37;
-3.56,-2.10,13.82;
-5.27,-1.03,14.29;
-6.03,0.07,15.15;
-8.10,2.01,15.04;
-9.44,3.00,14.11;
-11.23,3.61,11.94;
-13.56,3.64,9.85;
-15.50,3.43,6.68;
-14.43,3.61,1.96;
-13.12,4.05,-1.60;
-14.34,4.85,-6.38;
-15.24,6.39,-10.74;
-17.16,7.93,-14.19;
-18.81,8.86,-17.29;
-20.37,9.12,-21.07;
-20.57,9.78,-25.45;
-17.96,10.07,-29.00;
-13.58,10.33,-31.08;
-8.64,10.42,-32.33;
-4.31,10.74,-32.74;
-1.58,10.82,-31.89;
-2.25,9.80,-30.06;
-3.06,9.03,-28.47;
-5.88,7.92,-26.01;
-8.60,6.79,-23.36;
-11.35,4.42,-20.30;
-12.08,1.63,-16.94;
-10.55,-1.47,-13.60;
-9.52,-4.77,-9.48;
-5.38,-8.11,-6.36;
-1.91,-10.59,-2.45;
0.61,-13.20,0.77;
1.81,-13.69,2.83;
1.48,-15.01,5.70;
1.19,-13.88,7.96;
0.18,-13.84,10.64;
-3.45,-12.07,11.65;
-6.08,-12.28,12.43;
-7.35,-11.37,12.34;
-6.46,-10.74,12.60;
-1.41,-9.91,13.04;
5.23,-9.40,13.59;
8.84,-8.13,13.85;
8.73,-7.55,13.79;
5.84,-7.76,14.05;
2.76,-6.95,14.43;
2.00,-6.20,14.39;
2.16,-5.90,13.91;
1.80,-6.17,13.35;
1.72,-6.39,12.75;
1.83,-6.46,11.93;
2.76,-7.24,10.97;
3.02,-6.86,10.17;
1.20,-6.74,8.90;
-2.43,-6.85,6.78;
-5.64,-6.95,5.48;
-6.29,-6.79,4.28;
-5.42,-6.80,2.97;
-2.35,-6.30,1.59;
0.82,-5.76,0.80;
1.72,-5.06,-0.48;
1.10,-4.10,-0.53;
0.36,-2.95,-0.79;
-0.29,-2.08,-1.43;
-0.16,-0.30,-1.65;
-1.23,1.26,-1.83;
-1.33,2.34,-1.72;
-1.19,3.90,-1.43;
-1.47,5.18,-1.97;
-0.51,5.98,-2.01;
0.70,7.11,-2.33;
2.93,7.44,-2.33;
3.54,7.99,-1.57;
4.42,8.42,-1.51;
4.52,8.18,-1.54;
2.88,7.35,-1.71;
1.16,7.15,-1.48;
0.35,6.34,-1.60;
0.61,5.15,-1.72;
1.10,4.04,-1.68;
1.48,3.11,-1.32;
2.12,1.52,-0.85;
1.26,0.15,0.20;
-0.89,-1.50,1.30;
-2.43,-3.46,2.81;
-2.68,-5.37,4.64;
-1.84,-7.73,6.10;
-1.71,-10.16,8.11;
-3.85,-11.44,11.07;
-4.66,-11.90,12.57;
-5.47,-12.66,13.68;
-6.49,-12.91,13.70;
-6.83,-12.86,13.87;
-5.58,-12.65,13.29;
-3.53,-12.34,12.60;
-2.78,-11.40,11.76;
-2.54,-11.32,10.89;
-3.16,-10.27,10.61;
-3.55,-9.72,10.02;
-2.49,-8.65,9.32;
-2.02,-7.75,7.64;
-1.74,-7.43,6.48;
-1.13,-6.80,5.22;
0.16,-6.10,4.10;
2.93,-4.83,2.90;
4.32,-3.50,1.99;
3.37,-2.88,1.18;
2.29,-1.41,0.20;
1.57,-0.20,-0.26;
0.87,0.50,-1.13;
1.83,1.50,-1.71;
3.16,2.22,-2.64;
4.71,2.36,-3.13;
4.21,2.76,-2.87;
3.98,3.31,-2.44;
3.87,4.01,-2.55;
2.88,4.47,-1.95;
1.57,5.08,-1.58;
1.16,4.15,-1.58;
1.94,4.28,-0.81;
4.15,4.41,-0.32;
4.91,3.96,0.26;
4.10,3.84,0.45;
2.62,3.40,0.63;
1.40,3.43,1.45;
1.84,3.43,1.64;
2.15,3.26,1.84;
2.13,3.00,1.74;
1.87,2.62,1.70;
1.86,2.65,1.55;
2.26,2.83,1.52;
1.98,3.14,1.38;
1.49,3.46,1.13;
0.84,3.49,0.92;
0.84,3.57,1.35;
1.45,3.41,1.22;
0.91,4.48,1.33;
1.10,4.39,1.44;
0.77,4.94,1.06;
0.09,4.63,0.89;
0.33,5.35,0.61;
0.93,5.37,0.23;
2.06,5.57,0.35;
2.12,5.87,0.10;
2.10,5.31,0.57;
1.90,5.38,0.83;
1.78,5.08,1.33;
2.35,5.25,1.15;
2.74,4.92,1.36;
1.95,4.45,1.12;
1.13,4.18,1.07;
1.05,3.57,1.22;
2.19,3.08,0.86;
1.84,2.25,0.46;
1.14,1.83,0.51;
0.68,0.97,0.13;
0.13,0.62,0.17;
-0.08,-0.11,-0.13;
-0.02,-0.34,-0.45;
-0.08,-0.57,-0.64;
0.13,-1.00,-0.73;
0.58,-1.30,-0.87;
0.41,-1.46,-0.32;
0.87,-1.64,0.02;
0.30,-1.55,0.28;
-0.95,-1.33,0.42;
-1.21,-1.29,0.89;
-0.29,-1.26,1.07;
0.29,-0.91,1.41;
0.24,-0.79,1.52;
-0.40,-0.82,1.87;
-1.19,-0.88,2.29;
-0.25,-0.36,2.49;
1.78,0.60,2.20;
1.65,0.51,1.47;
0.61,0.88,1.06;
-0.11,1.05,0.54;
-0.74,1.47,0.00;
0.09,1.92,-0.27;
0.64,1.73,-0.58;
0.79,1.80,-1.13;
0.67,1.44,-1.42;
0.79,1.15,-1.72;
1.20,0.70,-1.74;
1.92,0.60,-1.68;
1.29,0.12,-1.48;
0.29,0.15,-1.63;
-1.04,-0.13,-1.81;
-1.93,-0.10,-2.15;
-2.81,-0.24,-2.33;
-2.71,-0.56,-2.16;
-0.64,-0.63,-2.10;
0.30,-0.75,-1.48;
0.84,-1.26,-0.84;
1.83,-0.59,-0.30;
0.45,-0.48,-0.12;
-0.05,-0.45,0.02;
-0.63,-0.27,-0.26;
-0.87,-0.24,-0.91;
-1.26,-0.51,-1.00;
-0.71,-0.39,-0.96;
-0.72,-0.27,-0.70;
-0.42,-0.30,-0.10;
-0.60,-0.17,0.11;
-1.19,-0.39,0.03;
-1.06,0.22,0.22;
-0.69,-0.07,0.17;
-0.16,-0.04,0.17;
0.33,-0.22,0.19;
0.48,-0.39,0.10;
-0.60,-0.91,0.06;
-2.05,-0.82,0.37;
-2.46,-0.92,0.69;
-0.71,-0.79,0.71;
-0.16,-0.60,-0.06;
-0.00,-0.65,-0.35;
-0.54,-0.50,-0.71;
-1.15,-0.39,-1.20;
-1.67,-0.01,-1.83;
-2.51,0.09,-1.97;
-3.27,0.73,-2.26;
-3.06,1.00,-1.95;
-1.82,1.40,-1.89;
-0.66,1.75,-2.16;
-0.92,2.09,-2.70;
-0.97,2.53,-2.84;
-0.45,2.63,-3.22;
0.01,2.85,-3.10;
0.97,3.58,-2.78;
1.17,3.83,-2.64;
0.73,3.72,-2.70;
-0.60,3.54,-2.41;
-0.52,3.41,-1.69;
0.79,3.15,-1.14;
1.51,2.68,-0.78;
1.23,2.45,-0.39;
0.55,1.80,-0.09;
0.15,1.41,-0.07;
-0.37,0.86,0.05;
-0.46,0.62,-0.01;
-0.54,0.30,-0.15;
-1.10,-0.40,-0.62;
-1.74,-0.63,-1.13;
-1.13,-0.91,-1.66;
-0.90,-0.85,-2.23;
-0.35,-1.01,-2.70;
-0.75,-0.89,-3.05;
-1.59,-0.46,-3.02;
-1.96,-0.28,-3.25;
-2.28,0.18,-2.82;
-2.81,0.92,-2.36;
-1.93,1.44,-1.60;
-0.66,2.31,-0.93;
0.07,2.86,-0.09;
0.56,3.38,0.29;
0.55,3.83,1.07;
0.59,4.21,1.88;
0.99,4.44,2.34;
1.02,4.38,2.95;
0.85,4.04,3.24;
0.55,4.07,3.39;
0.59,3.81,3.29;
-0.31,3.43,3.38;
-1.21,3.29,3.21;
-0.93,2.77,3.18;
0.12,2.41,3.32;
0.18,1.75,3.07;
-0.28,1.37,2.17;
-1.15,1.02,1.48;
-1.09,0.59,1.18;
-0.45,0.01,0.75;
-0.49,-0.02,0.60;
-0.68,-0.43,0.34;
-1.74,-0.71,0.06;
-2.89,-0.80,-0.13;
-3.32,-0.97,-0.44;
-1.71,-1.29,-0.59;
-0.89,-1.11,-1.02;
-0.55,-1.41,-1.49;
-0.58,-1.14,-1.48;
-1.32,-1.18,-1.58;
-1.45,-0.95,-1.40;
-0.72,-0.65,-1.05;
0.01,-0.54,-0.90;
-0.46,-0.51,-0.91;
-0.80,-0.10,-0.67;
-0.55,-0.19,-0.93;
-0.02,0.09,-1.00;
1.23,0.59,-1.29;
1.57,0.57,-1.16;
1.80,0.88,-0.96;
1.40,1.17,-1.29;
0.01,1.34,-1.75;
-1.03,1.95,-1.86;
-0.11,2.68,-2.50;
1.07,2.74,-3.39;
1.42,2.94,-3.61;
1.08,3.17,-4.82;
1.60,3.37,-5.55;
1.81,3.78,-6.30;
1.05,4.31,-7.02;
0.58,4.38,-7.37;
0.26,4.27,-7.81;
-0.42,4.18,-8.30;
0.50,3.78,-9.43;
0.65,2.76,-10.82;
1.52,2.57,-11.83;
3.68,2.63,-13.49;
5.34,1.41,-15.69;
4.96,0.68,-17.34;
2.87,-1.01,-19.05;
1.80,-2.34,-20.74;
1.25,-4.10,-22.36;
0.84,-4.45,-24.50;
0.84,-4.98,-26.42;
0.73,-5.50,-27.87;
1.39,-5.78,-29.39;
2.48,-5.53,-31.13;
5.11,-5.03,-32.78;
7.84,-4.86,-33.94;
10.42,-3.96,-35.39;
10.82,-3.55,-36.21;
11.97,-2.95,-37.08;
14.09,-2.42,-38.39;
13.95,-2.25,-39.16;
15.42,-1.96,-39.32;
17.11,-1.59,-38.84;
17.34,-1.03,-38.81;
16.10,-0.57,-37.77;
14.39,-0.16,-36.67;
11.39,-0.17,-34.12;
8.42,-0.01,-31.66;
6.47,0.62,-28.73;
4.52,0.92,-25.81;
2.77,0.41,-22.24;
1.32,1.12,-18.04;
-0.03,1.31,-14.01;
-1.29,2.02,-10.07;
-2.39,2.88,-6.88;
-4.28,3.02,-4.48;
-3.93,3.38,-1.81;
-1.45,3.92,0.81;
2.23,4.38,2.58;
6.29,4.94,4.35;
8.90,5.28,5.93;
11.42,5.75,7.32;
13.37,6.16,9.22;
14.82,6.13,10.78;
14.67,6.34,12.37;
13.43,6.25,13.90;
12.10,5.81,16.37;
10.91,5.29,17.33;
9.58,5.05,17.62;
7.08,3.21,17.03;
4.97,2.39,15.82;
4.64,2.33,14.46;
7.46,1.70,12.89;
10.19,1.96,12.98;
11.69,2.22,13.94;
11.87,2.73,14.60;
9.05,3.32,15.39;
5.87,2.45,15.41;
4.26,1.87,13.65;
4.96,0.19,10.32;
3.72,-3.30,6.86;
2.87,-6.25,1.73;
8.58,-8.36,-4.07;
14.67,-8.27,-8.06;
22.21,-8.45,-12.41;
25.66,-7.90,-14.96;
26.61,-7.46,-16.55;
28.33,-7.23,-21.14;
22.87,-6.91,-23.00;
16.77,-8.74,-24.19;
14.27,-8.17,-25.95;
13.16,-7.72,-24.76;
14.04,-7.01,-23.87;
10.18,-5.03,-21.71;
3.00,-3.37,-19.25;
-5.56,-2.98,-17.57;
-6.35,-3.38,-14.91;
-0.35,-0.83,-13.22;
2.88,-1.37,-9.97;
5.34,-2.69,-7.39;
13.31,-1.37,-5.45;
18.81,-2.62,-4.09;
26.21,-3.76,-3.65;
33.80,-2.88,-4.88;
42.04,0.50,-4.53;
44.16,3.58,-1.02;
31.40,6.16,4.31;
11.03,2.92,11.64;
-1.21,0.44,17.21;
-8.49,-1.53,19.61;
-13.85,-3.84,19.59;
-11.44,-5.55,14.72;
-7.70,-5.81,11.39;
-7.79,-5.76,9.44;
-14.54,-3.99,9.24;
-19.24,-2.19,10.49;
-25.71,0.74,11.87;
-28.80,2.16,12.72;
-32.63,2.42,11.76;
-27.50,1.00,10.75;
-19.82,-0.17,9.29;
-12.60,-1.81,7.96;
-9.56,-2.56,7.07;
-9.38,-2.91,6.14;
-13.76,-2.56,3.90;
-20.83,-2.43,1.01;
-26.84,-1.99,-2.29;
-31.62,-2.63,-4.94;
-26.93,-3.96,-6.44;
-14.95,-4.88,-6.82;
0.06,-3.78,-5.25;
6.91,-1.21,-4.84;
8.62,-4.08,-3.43;
-6.63,0.74,-2.62;
-23.99,4.31,0.51;
-38.61,0.41,4.60;
-44.78,-5.78,7.90;
-37.36,-5.96,7.24;
-21.39,-6.43,2.95;
-2.84,-6.92,-1.28;
6.01,-4.75,-4.64;
7.80,-2.69,-6.16;
8.32,-0.25,-6.10;
9.07,-0.28,-7.52;
8.18,-1.44,-10.90;
7.26,-2.22,-12.91;
4.01,-4.28,-14.30;
-1.53,-5.49,-14.10;
-5.41,-4.82,-12.13;
-12.66,-2.53,-9.48;
-14.45,-0.92,-6.74;
-14.68,-0.59,-4.64;
-10.77,-0.14,-3.08;
-3.88,-0.72,-2.12;
5.43,-1.23,-2.15;
14.87,-1.12,-2.42;
30.71,-1.41,-0.47;
46.61,-0.66,2.23;
55.13,-0.05,7.74;
54.06,0.33,14.39;
43.92,-0.42,19.58;
36.67,-1.30,22.49;
27.31,-0.89,22.39;
26.91,-1.37,21.30;
29.65,-0.68,19.88;
29.08,0.38,18.92;
24.30,0.86,15.58;
25.83,-0.56,11.93;
25.83,-0.31,8.26;
27.86,0.18,3.65;
28.64,1.09,0.31;
24.04,3.66,-1.03;
18.93,4.83,-1.20;
9.03,6.10,-1.02;
-1.00,7.72,-1.23;
-10.29,8.92,-1.54;
-19.96,9.64,-2.36;
-26.35,9.25,-3.13;
-27.04,8.62,-3.72;
-26.08,7.73,-3.46;
-21.96,7.55,-3.02;
-14.77,6.60,-1.66;
-9.33,6.62,-1.81;
-6.68,6.45,-3.49;
-11.59,6.19,-6.35;
-14.90,5.87,-8.06;
-15.50,4.42,-10.18;
-11.53,3.41,-12.19;
-5.88,2.19,-12.41;
1.17,0.63,-10.01;
6.82,-0.91,-5.20;
10.06,-2.27,-0.94;
7.71,-3.18,1.29;
2.23,-3.24,2.42;
-1.61,-2.51,3.15;
-2.49,-1.87,3.03;
-4.14,-1.79,2.52;
-6.23,-0.33,3.32;
-8.66,0.19,5.62;
-14.39,0.76,9.32;
-18.35,0.36,14.40;
-18.98,0.79,16.84;
-17.47,1.60,16.58;
-17.82,1.73,17.27;
-18.25,0.96,18.28;
-14.05,0.80,19.76;
-5.44,0.89,22.13;
3.37,-0.91,23.81;
9.02,-3.24,23.35;
10.96,-4.37,20.92;
8.24,-4.16,18.75;
3.60,-5.46,16.37;
-1.48,-5.30,13.76;
-9.00,-3.27,10.42;
-14.26,-1.03,7.00;
-14.80,0.74,4.16;
-18.22,3.31,1.33;
-19.44,5.08,0.45;
-15.71,6.86,-0.74;
-14.26,9.55,-2.73;
-13.94,11.11,-3.71;
-12.32,11.90,-4.01;
-9.81,12.57,-5.03;
-6.00,11.80,-5.08;
-2.90,11.58,-4.56;
-1.64,12.38,-4.42;
-1.73,13.31,-4.53;
-2.32,13.87,-3.37;
-3.16,13.64,-1.84;
-3.07,13.26,0.22;
-0.93,12.50,2.81;
2.07,11.40,5.13;
5.45,10.83,7.27;
5.05,8.91,9.18;
2.33,8.25,10.26;
0.21,7.41,11.29;
-1.70,6.31,11.93;
-5.77,5.67,12.19;
-8.48,5.11,11.88;
-12.19,4.59,12.42;
-14.69,3.92,12.28;
-15.21,3.72,12.29;
-14.77,3.32,11.29;
-14.35,3.20,9.03;
-15.15,2.94,5.26;
-16.89,3.32,2.29;
-18.66,3.86,-1.55;
-20.49,3.99,-4.74;
-22.11,3.83,-7.89;
-25.68,2.22,-12.96;
-27.30,1.63,-16.39;
-26.25,1.93,-19.84;
-19.32,1.21,-23.48;
-10.92,1.47,-26.68;
-6.17,1.47,-29.46;
-5.85,1.80,-30.88;
-8.05,2.77,-31.61;
-10.05,3.12,-32.36;
-10.71,3.44,-32.53;
-11.48,2.88,-32.91;
-11.94,2.42,-31.97;
-12.14,2.05,-30.44;
-11.93,0.53,-27.60;
-11.18,-0.22,-24.15;
-10.57,-0.77,-20.04;
-11.68,-2.16,-17.36;
-11.87,-3.37,-14.19;
-11.18,-4.10,-10.59;
-9.41,-4.48,-7.45;
-7.50,-5.61,-3.42;
-6.40,-6.50,1.62;
-6.48,-7.24,4.87;
-7.09,-8.39,8.64;
-5.55,-8.98,11.71;
-3.71,-9.20,14.10;
-2.46,-10.10,15.50;
-2.26,-10.51,17.93;
-2.84,-10.57,19.73;
-3.07,-11.87,20.68;
-2.20,-12.04,21.15;
-1.84,-12.86,22.13;
-3.09,-14.42,23.81;
-3.55,-14.69,25.26;
-1.07,-14.36,25.74;
1.43,-14.37,25.50;
2.16,-14.28,24.87;
3.77,-14.43,24.83;
6.01,-13.79,23.77;
6.90,-13.24,22.97;
4.74,-12.33,21.97;
2.93,-11.01,20.86;
1.89,-9.98,19.36;
0.41,-8.53,17.36;
-0.13,-6.83,15.24;
0.06,-5.87,13.79;
0.07,-4.33,13.27;
0.47,-3.50,12.00;
1.29,-1.72,10.92;
1.98,-0.24,9.38;
3.52,1.06,7.18;
4.58,2.05,5.44;
5.77,3.67,3.56;
6.55,4.92,2.13;
5.25,6.30,1.04;
4.24,7.46,0.08;
3.48,8.21,-0.85;
2.64,8.85,-1.65;
2.62,9.20,-2.26;
3.08,9.40,-2.56;
3.20,9.38,-2.58;
3.45,9.25,-2.47;
3.29,9.14,-1.97;
2.01,8.88,-2.24;
0.19,8.16,-2.38;
0.10,7.99,-2.96;
0.59,7.43,-3.29;
1.72,6.51,-3.66;
1.95,5.63,-3.29;
1.17,4.89,-3.11;
-1.16,3.61,-3.14;
-5.00,2.70,-2.62;
-7.81,1.98,-1.86;
-9.12,1.57,-1.05;
-8.89,0.21,-0.18;
-7.18,-0.22,0.78;
-6.10,-1.29,1.07;
-5.61,-3.04,2.08;
-5.77,-3.35,2.57;
-5.76,-4.01,2.92;
-6.61,-5.30,3.19;
-7.81,-6.53,3.50;
-8.74,-7.67,4.13;
-8.58,-8.75,4.42;
-6.95,-9.70,4.83;
-5.79,-10.17,4.54;
-6.34,-10.65,3.84;
-6.64,-10.25,3.42;
-7.26,-9.98,1.84;
-7.45,-9.43,1.32;
-7.36,-8.69,0.13;
-6.00,-7.76,-0.71;
-4.25,-6.50,-1.77;
-3.68,-5.52,-2.81;
-4.32,-3.69,-3.60;
-3.74,-2.20,-4.76;
-3.59,-0.42,-5.78;
-2.93,-0.43,-6.09;
-1.26,0.73,-6.74;
3.61,2.04,-7.51;
6.41,3.67,-7.74;
5.86,4.67,-7.94;
3.40,6.48,-7.94;
2.27,7.86,-8.07;
1.97,9.31,-8.29;
3.95,11.26,-9.13;
6.35,12.56,-8.71;
9.48,13.96,-8.84;
10.59,15.29,-8.30;
11.49,16.38,-7.74;
10.97,17.37,-7.22;
9.05,17.73,-6.30;
6.87,17.99,-5.39;
6.26,18.07,-4.91;
4.53,16.86,-4.35;
2.58,15.25,-4.06;
1.61,13.57,-3.60;
2.15,11.83,-2.65;
2.21,9.17,-1.65;
3.36,7.20,-1.16;
3.34,5.08,-0.18;
1.71,2.28,0.10;
0.74,0.02,0.64;
0.35,-1.66,0.45;
-0.48,-3.61,0.80;
-1.27,-5.43,0.51;
-3.07,-7.11,0.54;
-4.74,-8.82,0.32;
-5.04,-9.66,0.97;
-3.94,-10.20,1.48;
-2.45,-10.62,1.71;
-1.24,-10.24,1.99;
1.52,-9.85,1.96;
3.08,-8.83,2.00;
4.18,-6.89,2.06;
3.19,-4.80,1.97;
1.29,-3.61,1.84;
0.62,-1.41,1.44;
2.64,0.77,1.35;
4.53,2.63,1.09;
7.39,4.31,0.97;
7.89,5.55,0.60;
7.36,6.71,0.32;
6.58,7.75,-0.04;
5.07,7.81,-0.45;
3.71,7.90,-0.82;
3.25,7.47,-1.42;
2.82,7.11,-1.65;
2.24,6.10,-1.95;
2.01,5.52,-2.15;
2.76,4.39,-2.44;
3.66,3.11,-2.68;
3.77,2.01,-2.16;
3.28,0.99,-2.07;
1.51,-0.31,-2.18;
-0.72,-0.89,-1.49;
-1.42,-1.14,-1.29;
-1.13,-1.06,-0.90;
-1.18,-1.41,-0.36;
-1.13,-1.29,0.57;
-1.27,-0.63,1.77;
-0.86,0.25,2.49;
-1.45,1.11,3.33;
-1.36,2.28,4.63;
-1.30,2.67,5.15;
-0.54,2.82,5.81;
-0.29,3.18,5.47;
-0.45,3.11,5.22;
-0.40,3.26,4.93;
-0.05,3.00,4.52;
0.12,3.05,3.53;
-1.07,2.79,2.45;
-1.04,2.38,1.56;
-0.61,2.42,0.98;
-0.69,1.93,0.28;
-1.30,1.35,-0.27;
-2.51,0.88,-0.82;
-2.54,0.25,-0.91;
-1.91,-0.04,-1.37;
-0.40,-0.56,-1.61;
-0.52,-0.57,-1.83;
-1.19,-0.95,-1.74;
-1.81,-1.15,-2.06;
-2.28,-1.20,-1.84;
-1.41,-1.24,-1.54;
-0.16,-0.63,-1.42;
0.35,-0.69,-1.16;
0.53,-0.28,-0.58;
0.45,-0.02,-0.07;
1.11,0.28,0.63;
1.66,0.94,1.00;
1.86,1.64,1.52;
0.71,1.80,1.76;
0.18,1.90,1.97;
0.77,2.13,1.52;
2.32,2.53,1.41;
2.70,2.76,1.30;
3.13,2.73,0.66;
1.98,2.38,0.42;
1.98,2.18,-0.06;
2.79,2.01,-0.09;
3.40,1.49,-0.45;
2.27,1.15,-0.64;
0.33,0.34,-0.94;
-0.77,-0.42,-1.20;
-1.16,-0.98,-1.25;
-0.52,-1.29,-1.55;
0.74,-1.30,-1.71;
1.36,-2.16,-1.84;
1.03,-2.45,-1.43;
1.19,-2.01,-1.40;
1.10,-2.22,-0.96;
0.91,-2.01,-0.73;
0.64,-1.87,-0.53;
1.34,-1.44,-0.30;
1.42,-1.23,-0.16;
1.39,-0.50,0.34;
1.00,0.27,0.37;
0.45,0.34,0.57;
0.41,0.83,0.64;
1.03,0.77,0.42;
1.60,0.86,0.19;
1.13,1.18,0.40;
1.13,0.77,0.29;
0.65,0.88,0.11;
-0.43,0.19,-0.09;
-0.72,0.53,-0.32;
-0.22,0.28,-0.41;
-0.10,0.68,-0.64;
-0.19,-0.04,-0.58;
-0.20,0.41,-0.71;
-0.48,0.45,-0.84;
-0.72,0.18,-0.73;
-0.31,0.39,-0.62;
0.12,0.02,-0.27;
0.39,0.10,-0.52;
-0.23,-0.05,-0.26;
-1.73,0.15,0.14;
-3.24,0.56,0.40;
-4.05,0.94,0.61;
-4.61,1.06,0.74;
-4.75,1.21,0.52;
-4.29,1.49,0.48;
-3.52,1.52,0.52;
-2.89,1.58,0.25;
-3.44,1.26,-0.30;
-2.87,1.00,-0.61;
-2.20,0.51,-0.96;
-2.35,0.25,-1.42;
-3.04,-0.40,-2.12;
-3.73,-0.65,-2.55;
-3.81,-0.92,-2.48;
-4.28,-0.74,-2.42;
-3.44,-1.01,-2.19;
-3.23,-1.26,-1.95;
-3.42,-1.29,-1.48;
-3.47,-1.49,-1.05;
-2.83,-1.37,-0.68;
-2.64,-1.40,-0.12;
-2.90,-1.27,0.46;
-2.84,-1.82,0.75;
-2.48,-1.41,0.60;
-1.68,-1.15,0.55;
-1.16,-1.06,0.45;
-0.60,-0.62,0.10;
-1.35,-0.45,-0.26;
-2.19,-0.16,-0.67;
-2.69,-0.13,-1.14;
-1.53,-0.30,-1.00;
0.96,-0.33,-1.31;
3.32,0.05,-1.78;
2.99,-0.08,-2.55;
1.07,0.36,-4.30;
-0.60,1.15,-5.43;
-1.87,1.69,-6.88;
-1.01,2.57,-8.76;
-0.64,3.00,-10.29;
-0.11,3.12,-12.19;
0.19,3.66,-13.77;
0.84,4.12,-14.97;
3.68,4.34,-16.65;
5.95,4.47,-18.32;
7.19,5.00,-19.48;
8.41,5.05,-20.41;
8.07,5.23,-20.61;
7.17,5.29,-20.39;
6.62,4.86,-18.93;
6.38,4.86,-16.18;
5.63,4.88,-13.46;
3.90,5.61,-10.61;
2.62,6.27,-7.77;
1.00,7.21,-5.05;
-0.06,8.13,-2.19;
0.30,8.80,0.35;
2.01,9.03,2.98;
4.48,9.09,4.49;
7.13,8.88,5.13;
10.84,7.92,4.75;
14.47,7.72,3.48;
16.77,6.79,1.33;
18.26,6.01,-1.07;
16.90,4.67,-3.63;
18.47,3.58,-6.81;
21.80,3.03,-10.10;
21.94,1.29,-12.59;
19.65,-0.56,-14.36;
17.71,-1.29,-15.49;
16.18,-2.59,-16.59;
13.31,-3.69,-17.07;
10.85,-4.46,-16.78;
8.18,-5.12,-16.39;
6.01,-6.07,-15.75;
4.27,-6.74,-14.12;
2.79,-7.38,-12.76;
1.48,-7.96,-11.40;
0.30,-8.53,-9.92;
0.44,-8.85,-8.61;
0.77,-9.84,-7.28;
-0.71,-9.84,-6.81;
-1.52,-11.04,-5.75;
0.64,-11.81,-4.39;
4.64,-12.30,-3.54;
7.17,-12.83,-3.43;
8.01,-13.38,-3.84;
9.72,-12.89,-4.42;
11.52,-13.09,-4.68;
11.92,-12.17,-4.96;
12.74,-12.01,-5.26;
13.69,-12.40,-6.16;
16.21,-11.78,-7.39;
19.07,-11.06,-9.37;
18.48,-10.30,-10.82;
12.71,-9.26,-11.26;
-0.13,-9.11,-11.46;
-11.53,-8.14,-13.80;
-16.28,-8.20,-17.94;
-19.38,-7.88,-22.01;
-18.13,-8.16,-26.10;
-13.23,-6.65,-28.48;
-8.42,-6.07,-30.24;
-4.51,-5.26,-33.57;
-5.41,-3.85,-36.67;
-6.55,-2.10,-39.83;
-8.13,0.38,-43.63;
-8.00,1.69,-44.91;
-1.41,3.18,-44.94;
3.94,4.91,-44.71;
4.00,6.02,-43.03;
-1.82,5.49,-40.84;
-6.63,6.62,-39.23;
-6.98,5.23,-36.68;
-1.71,3.86,-33.86;
3.81,3.78,-32.35;
5.58,3.58,-30.64;
7.45,2.51,-26.32;
3.87,2.65,-21.25;
-3.10,2.92,-16.41;
-11.32,2.27,-11.43;
-17.48,2.02,-8.18;
-24.26,1.55,-7.52;
-24.13,0.07,-5.61;
-23.09,1.14,-5.17;
-22.43,2.42,-4.91;
-28.13,3.28,-2.61;
-28.86,5.12,-1.80;
-32.17,7.28,-2.78;
-35.23,6.89,-3.07;
-34.80,5.90,-3.83;
-32.06,2.83,-4.15;
-28.16,-0.22,-4.67;
-23.32,-2.13,-4.88;
-15.50,-4.79,-4.87;
-9.59,-6.95,-4.53;
-3.76,-8.30,-3.81;
1.42,-8.92,-2.39;
4.65,-8.37,-1.29;
5.94,-7.37,0.19;
2.84,-5.78,1.09;
-1.55,-5.53,1.62;
-8.22,-5.14,2.54;
-8.72,-6.14,4.05;
-8.63,-7.47,4.80;
-6.75,-8.60,5.29;
1.90,-8.46,5.39;
6.16,-6.83,4.95;
5.22,-4.94,5.16;
2.15,-2.97,6.75;
-6.54,-1.58,6.98;
-18.57,-2.36,8.06;
-26.05,-3.72,9.15;
-22.26,-4.07,9.12;
-17.56,-5.00,6.77;
-3.13,-6.43,4.39;
10.99,-4.77,0.87;
19.40,-4.02,-1.49;
21.75,-3.09,-2.38;
17.86,-1.69,-1.87;
15.97,-1.53,-1.61;
15.55,-0.91,-2.82;
17.46,-1.09,-4.56;
18.41,-1.21,-7.20;
16.21,-1.88,-9.14;
9.83,-1.73,-9.28;
-2.35,-1.88,-6.33;
-12.32,-1.43,-2.39;
-20.37,-0.56,1.67;
-23.77,0.53,3.93;
-21.65,1.26,6.10;
-16.69,2.31,8.10;
-11.30,3.66,9.50;
-10.64,4.44,9.55;
-10.97,4.39,9.74;
-11.24,4.24,9.84;
-7.24,4.02,9.53;
-4.69,4.19,8.64;
-2.06,4.47,7.58;
6.13,3.90,7.64;
20.56,3.75,9.70;
45.78,4.27,15.04;
75.37,6.19,24.17;
97.65,7.08,37.21;
108.74,6.16,49.55;
112.59,6.09,54.13;
106.68,6.99,56.08;
82.73,7.26,55.42;
57.26,5.14,51.93;
24.26,2.15,44.83;
-2.11,-0.54,37.87;
-2.25,-1.43,31.82;
12.71,-5.00,23.55;
40.45,-9.03,17.65;
61.87,-11.37,13.15;
67.97,-10.50,11.82;
57.89,-9.81,11.79;
39.90,-7.26,11.01;
30.84,-5.30,10.05;
24.41,-1.06,8.74;
14.94,-0.25,10.11;
11.89,-2.22,14.02;
15.83,-2.69,18.31;
16.64,-2.27,22.06;
14.15,-2.85,25.15;
8.88,-2.16,27.50;
-2.84,0.86,30.10;
-21.67,5.61,33.00;
-40.49,9.34,36.13;
-58.87,11.83,38.68;
-68.68,13.72,40.35;
-67.50,14.62,40.89;
-61.96,14.56,40.75;
-56.42,13.84,42.03;
-48.74,12.89,42.74;
-37.23,12.22,42.75;
-20.97,11.93,40.83;
-7.88,12.27,38.13;
4.27,13.29,33.61;
14.99,14.86,27.96;
23.94,14.79,22.51;
38.24,15.31,17.26;
48.55,16.92,13.93;
48.73,17.23,12.46;
43.51,16.94,11.41;
29.17,17.34,10.39;
7.14,16.94,8.16;
-12.34,15.54,5.35;
-25.64,13.35,1.77;
-31.65,11.31,-5.26;
-33.81,8.28,-13.08;
-34.19,5.11,-18.50;
-31.90,1.57,-22.88;
-26.80,-1.64,-25.08;
-21.70,-4.69,-26.26;
-17.45,-7.01,-27.46;
-13.29,-9.62,-28.58;
-9.76,-12.19,-29.14;
-7.42,-14.28,-28.21;
-3.85,-14.68,-25.68;
2.29,-12.85,-23.49;
3.78,-12.04,-22.27;
2.42,-10.11,-20.41;
3.84,-9.49,-18.13;
6.12,-9.15,-15.42;
8.04,-8.60,-14.03;
9.89,-9.00,-13.68;
11.57,-9.09,-13.54;
13.68,-8.89,-13.55;
12.97,-8.51,-13.11;
5.31,-8.40,-12.06;
-7.41,-7.29,-11.43;
-19.55,-5.99,-10.42;
-30.20,-4.19,-10.93;
-36.13,-3.66,-12.59;
-37.13,-3.14,-14.93;
-34.92,-2.86,-17.28;
-28.32,-1.55,-20.09;
-20.40,-0.13,-21.65;
-13.12,1.18,-22.58;
-9.38,3.08,-22.30;
-7.62,4.36,-21.87;
-5.70,5.43,-21.31;
-3.84,6.59,-21.36;
-3.07,6.68,-22.47;
-2.77,6.89,-23.08;
-3.45,7.11,-23.39;
-4.95,7.03,-22.73;
-6.58,8.09,-21.20;
-10.34,8.83,-18.30;
-12.66,8.45,-15.65;
-13.45,8.42,-13.29;
-9.84,8.79,-10.87;
-4.29,8.73,-8.85;
-1.32,7.73,-6.88;
-0.64,7.58,-5.17;
-0.52,6.92,-2.71;
0.03,6.22,-0.48;
-0.22,5.87,1.09;
-1.48,5.87,2.81;
-2.06,5.02,4.05;
-2.39,4.36,5.36;
-1.64,3.52,6.72;
-1.24,3.02,7.64;
-0.66,1.96,8.46;
-0.93,1.20,9.41;
-0.14,0.48,10.08;
1.55,-0.25,10.28;
2.27,-0.45,10.64;
2.82,-0.94,11.00;
1.68,-1.29,11.24;
0.45,-1.52,11.32;
-0.45,-1.85,10.90;
-0.72,-2.20,10.37;
-1.18,-2.98,9.48;
-0.64,-3.52,9.01;
0.61,-4.16,8.69;
0.76,-4.48,8.90;
-0.22,-4.94,8.95;
-4.11,-5.08,8.43;
-6.46,-5.58,8.05;
-7.36,-5.00,7.12;
-8.16,-4.63,6.86;
-8.46,-4.31,6.89;
-7.50,-3.41,6.87;
-7.33,-3.21,7.12;
-6.03,-3.06,7.74;
-4.31,-2.95,7.85;
-3.23,-2.51,8.49;
-3.19,-2.22,8.46;
-4.97,-1.78,8.11;
-6.90,-1.49,7.56;
-8.55,-1.95,7.35;
-8.02,-1.41,6.55;
-8.34,-2.25,5.45;
-8.05,-1.78,5.06;
-7.33,-1.58,4.34;
-6.58,-2.54,3.53;
-6.58,-1.98,3.21;
-5.53,-2.13,2.87;
-2.80,-1.93,1.55;
-1.26,-1.67,0.49;
-0.28,-1.91,-0.41;
-0.75,-1.35,-1.81;
-2.58,-0.83,-2.35;
-4.10,-0.51,-2.94;
-6.69,0.89,-3.51;
-8.52,2.12,-3.68;
-9.55,3.86,-2.79;
-9.10,5.99,-1.87;
-5.15,8.25,-0.50;
-5.00,9.17,0.34;
-5.99,10.15,1.55;
-4.68,11.55,2.13;
-2.75,12.30,2.20;
-1.71,12.41,2.43;
-1.26,11.73,2.25;
-2.23,11.18,2.31;
-2.95,10.71,2.08;
-3.58,9.41,0.93;
-5.61,8.19,-0.16;
-7.07,6.68,-0.81;
-6.83,5.12,-1.94;
-5.48,3.76,-2.82;
-3.93,2.30,-3.77;
-3.39,0.45,-4.47;
-3.38,-0.97,-4.58;
-2.78,-2.54,-5.03;
-3.41,-2.86,-5.37;
-4.81,-3.91,-5.69;
-6.54,-4.40,-5.94;
-6.81,-4.98,-5.81;
-4.92,-5.29,-5.72;
-2.74,-5.18,-5.54;
-1.52,-5.20,-4.44;
-1.52,-5.20,-3.84;
-1.76,-4.89,-1.89;
-2.08,-4.04,-0.81;
-1.19,-3.23,-0.03;
0.16,-2.27,0.69;
-0.05,-1.82,0.95;
-0.43,-1.35,1.18;
-0.86,-0.54,0.61;
-0.83,-0.01,1.07;
-0.71,0.63,0.72;
-1.55,0.82,1.03;
-1.77,1.15,1.12;
-1.64,0.79,0.64;
-1.12,0.53,0.49;
-1.38,0.21,0.03;
-1.59,0.12,-0.07;
-1.59,-0.13,-0.19;
-1.15,-0.42,-0.33;
-0.20,-0.56,-0.93;
-0.16,-1.12,-1.31;
-0.54,-1.40,-1.74;
-1.62,-1.47,-1.65;
-2.22,-1.70,-1.69;
-0.92,-1.32,-1.43;
-0.17,-1.15,-1.54;
-0.16,-1.08,-1.36;
-0.48,-0.94,-0.55;
-0.55,-0.65,-0.19;
0.52,-0.42,-0.10;
1.34,-0.30,-0.29;
2.03,-0.04,-0.21;
1.61,0.30,0.20;
1.20,0.54,0.11;
0.59,0.63,-0.32;
0.06,0.70,-0.26;
0.85,0.51,-0.65;
1.00,0.73,-0.71;
0.41,0.42,-0.33;
0.16,0.18,-0.87;
0.24,0.28,-1.60;
-0.05,-0.40,-2.50;
-0.25,0.24,-3.25;
0.04,0.04,-4.36;
-0.23,-0.33,-5.17;
-0.72,-0.63,-5.98;
-0.61,-0.22,-6.64;
0.18,-1.14,-7.19;
1.25,-0.77,-7.69;
1.80,-0.85,-8.30;
0.61,-0.89,-8.44;
-0.77,-1.23,-8.65;
-1.88,-1.00,-8.55;
-1.81,-1.85,-8.18;
-0.57,-1.67,-7.89;
-0.35,-1.79,-7.45;
-1.06,-1.76,-6.96;
-2.22,-1.59,-5.83;
-1.39,-1.69,-4.84;
-0.08,-1.00,-4.24;
-0.29,-0.92,-3.26;
-0.58,-0.65,-2.38;
-0.61,-0.30,-1.65;
-0.48,0.05,-1.19;
-0.06,0.48,-0.76;
0.64,0.54,-0.97;
-1.48,0.50,-0.39;
-1.36,0.92,-0.26;
-0.72,0.65,-0.24;
-0.90,0.96,-0.35;
-0.90,0.99,-0.24;
-0.11,1.05,-0.33;
0.73,1.09,-0.38;
0.44,1.47,-0.82;
0.62,1.32,-1.39;
0.65,1.08,-1.55;
0.55,0.89,-2.23;
0.42,0.65,-2.61;
0.53,0.56,-2.73;
0.35,-0.45,-2.87;
-0.68,-0.71,-2.85;
-1.18,-0.97,-2.39;
-0.42,-1.35,-2.16;
0.10,-1.56,-1.78;
0.53,-1.33,-1.61;
1.69,-1.78,-1.05;
3.03,-1.23,-0.99;
2.64,-1.44,-0.68;
1.49,-1.70,-0.45;
1.13,-1.32,-0.06;
0.93,-1.59,-0.24;
1.29,-1.03,0.00;
1.71,-1.14,-0.26;
2.32,-0.83,0.16;
2.39,-0.86,0.14;
1.51,-0.68,0.00;
0.03,-0.45,-0.09;
-0.54,-0.43,-0.23;
-0.92,-0.05,-0.27;
-0.19,0.09,-0.13;
1.72,0.18,-0.10;
1.66,-0.11,0.10;
1.72,-0.43,0.84;
1.22,-0.31,1.42;
0.03,-0.69,1.36;
-1.27,-0.46,1.59;
-1.88,-0.77,1.45;
-1.03,-1.43,1.12;
0.73,-1.73,1.30;
1.84,-1.82,1.42;
1.39,-2.39,1.70;
0.01,-2.13,1.87;
-1.09,-1.96,1.42;
-2.14,-1.49,1.13;
-1.45,-1.18,1.68;
0.39,-0.19,0.98;
2.15,0.38,0.90;
2.26,0.89,0.55;
1.78,1.35,0.26;
1.57,1.44,0.00;
1.34,1.70,0.10;
0.42,1.81,-0.04;
-0.06,1.55,-0.01;
0.13,1.40,-0.07;
-0.03,1.20,-0.38;
-1.38,0.42,-0.68;
-1.13,0.30,-0.79;
-0.54,-0.24,-1.14;
0.23,-0.82,-1.22;
1.61,-1.40,-1.89;
1.07,-1.85,-1.94;
0.96,-2.71,-2.15;
0.09,-3.32,-2.93;
-0.54,-4.01,-2.99;
-0.08,-4.46,-3.00;
-0.02,-5.17,-2.85;
0.29,-5.38,-2.56;
0.33,-5.49,-2.24;
0.32,-5.17,-1.54;
-0.13,-4.37,-1.17;
-0.87,-4.08,-0.74;
-2.14,-3.08,-0.19;
-1.91,-1.81,0.55;
-0.60,-0.98,0.78;
0.29,0.16,1.19;
1.14,1.11,1.35;
1.68,1.98,1.27;
1.54,2.70,1.07;
2.12,3.09,0.98;
2.33,3.67,0.51;
2.07,3.89,-0.35;
1.19,3.70,-0.85;
0.65,4.10,-1.78;
0.55,4.19,-2.33;
0.48,4.15,-3.00;
0.71,4.10,-3.89;
0.97,3.96,-4.23;
1.60,3.57,-4.73;
1.17,3.34,-4.91;
1.22,2.99,-5.02;
0.32,2.42,-4.76;
-0.26,2.47,-4.85;
-1.61,1.87,-4.38;
-1.81,1.50,-3.81;
-0.72,1.32,-3.55;
0.53,1.17,-2.76;
2.47,0.65,-1.90;
3.13,0.71,-1.40;
2.38,0.54,-0.84;
1.00,0.24,-0.26;
0.24,0.07,-0.19;
0.42,-0.59,0.14;
0.62,-0.46,0.43;
0.58,-0.69,0.57;
0.85,-0.62,1.12;
1.74,-0.51,1.10;
1.69,-0.40,0.77;
1.46,-0.57,0.89;
1.60,-0.10,0.58;
1.28,-0.36,0.14;
0.84,-0.22,0.13;
0.52,-0.13,0.08;
1.07,0.10,-0.42;
0.91,0.53,-0.18;
0.23,0.70,-0.82;
0.41,0.89,-0.61;
1.22,1.31,-0.81;
1.52,1.40,-0.39;
1.48,1.83,-0.50;
1.23,1.80,-0.42;
1.10,1.84,-0.10;
0.64,2.01,0.26;
1.17,2.33,0.34;
0.85,2.02,0.57;
0.21,1.92,0.31;
0.07,1.89,0.13;
0.35,1.57,-0.26;
-0.25,1.25,-0.36;
0.47,1.20,-0.21;
0.44,1.17,-0.24;
-0.45,0.54,-0.68;
-1.06,0.56,-0.90;
-1.10,0.36,-1.31;
0.21,0.02,-1.71;
0.48,0.30,-1.90;
0.48,0.05,-2.01;
0.61,-0.04,-1.94;
0.24,-0.17,-1.97;
-0.39,-0.24,-1.71;
-0.98,-0.36,-2.03;
-1.27,-0.45,-2.16;
-1.18,-0.45,-2.03;
-1.29,-0.59,-1.81;
-0.28,-0.54,-1.69;
-0.06,-0.42,-1.42;
0.18,-0.25,-1.02;
0.21,0.04,-1.16;
0.13,0.15,-0.99;
-0.11,-0.17,-0.71;
0.41,-0.05,-0.23;
1.02,-0.33,-0.30;
1.00,0.07,-0.33;
-0.17,0.41,-0.33;
-0.17,0.65,-1.07;
0.12,0.92,-1.45;
0.26,1.06,-1.66;
0.76,1.61,-2.24;
1.19,1.96,-2.42;
0.61,1.73,-2.97;
-0.45,2.09,-3.48;
-0.32,2.12,-3.37;
-0.32,2.16,-3.58;
0.47,2.16,-3.52;
0.64,2.01,-3.26;
0.96,1.55,-3.14;
1.25,0.99,-2.30;
1.10,0.79,-1.86;
0.16,0.33,-1.37;
-1.09,0.10,-0.93;
-0.89,-0.37,-0.90;
-0.52,-0.95,-0.71;
0.18,-1.00,-0.42;
1.20,-0.80,-0.33;
1.07,-1.14,-0.52;
0.27,-1.37,-0.55;
-0.43,-1.30,-0.41;
0.01,-1.24,-0.67;
0.27,-1.18,-0.99;
-0.11,-1.20,-1.32;
-0.43,-1.15,-1.57;
-0.23,-1.14,-1.69;
0.24,-1.11,-1.66;
0.16,-0.39,-1.37;
-0.93,-0.14,-1.19;
-1.48,-0.04,-1.03;
-1.55,-0.17,-1.20;
-0.72,-0.31,-0.71;
-0.39,-0.07,-0.68;
0.56,-0.16,-0.70;
1.05,-0.07,-0.41;
0.15,0.13,-0.24;
-0.98,0.51,-0.03;
-1.24,0.48,0.14;
-0.78,0.57,0.17;
-0.13,0.31,0.02;
0.01,0.48,0.20;
0.64,0.76,0.26;
-0.06,0.48,0.37;
-1.07,0.88,0.83;
-0.43,0.83,0.57;
-0.00,0.79,0.71;
0.16,0.74,0.40;
0.18,0.74,-0.13;
0.23,0.07,-0.01;
0.21,0.10,-0.15;
0.32,-0.20,-0.53;
0.18,-0.31,-0.71;
-0.16,-0.36,-1.23;
-0.57,-0.42,-1.32;
-0.69,-0.39,-1.26;
-0.80,-0.39,-1.51;
-0.66,-0.22,-1.52;
0.13,-0.13,-1.92;
-0.37,-0.14,-2.65;
-0.87,-0.16,-3.25;
-1.59,0.30,-4.33;
-1.94,0.36,-5.16;
-2.31,0.18,-6.61;
-2.06,-0.02,-7.31;
-0.68,-0.54,-7.97;
0.33,-0.71,-8.64;
0.21,-1.01,-8.65;
-0.84,-0.79,-8.00;
-1.03,-0.68,-7.03;
-1.27,-0.31,-5.87;
-0.98,-0.46,-4.76;
-0.19,-0.42,-3.23;
0.01,-0.51,-2.45;
-0.25,-0.91,-1.10;
-0.31,-0.72,0.16;
-0.37,-0.69,1.18;
-0.61,-0.31,1.85;
-0.58,-0.11,2.32;
-1.16,0.01,2.63;
-1.93,0.15,2.93;
-2.16,0.07,3.03;
-1.94,0.25,3.00;
-1.84,0.31,2.75;
-1.21,0.39,2.64;
-0.16,0.63,2.06;
-0.26,0.63,1.07;
-0.58,0.86,0.84;
-1.16,0.51,-0.21;
-1.21,0.38,-1.03;
-1.71,-0.25,-1.65;
-0.84,-0.39,-1.98;
-0.66,-1.04,-2.76;
-0.32,-1.85,-2.41;
0.13,-2.08,-2.41;
1.10,-2.59,-2.10;
1.68,-2.82,-1.87;
1.61,-2.94,-2.07;
1.37,-2.66,-1.61;
1.69,-2.65,-1.45;
2.85,-2.66,-1.36;
3.61,-1.91,-0.55;
2.87,-1.72,-0.03;
1.63,-1.30,0.74;
0.79,-0.66,1.04;
1.14,-0.50,1.79;
1.58,-0.16,2.05;
1.49,0.09,2.29;
1.11,0.18,2.40;
0.61,0.31,2.51;
0.61,0.50,2.55;
0.27,0.85,2.43;
-0.05,1.31,1.96;
-0.69,1.43,1.21;
-1.19,1.46,0.45;
-0.64,1.31,-0.36;
0.65,1.08,-1.14;
1.19,0.79,-1.54;
1.20,0.79,-2.30;
-0.10,0.60,-3.20;
-1.52,0.15,-3.72;
-2.23,0.10,-3.89;
-0.89,0.04,-4.32;
0.15,-0.31,-4.16;
0.53,0.10,-4.03;
0.30,-0.14,-3.28;
-0.29,-0.42,-2.65;
-1.10,-0.33,-2.04;
-1.19,-0.42,-1.07;
-0.57,-0.48,-0.26;
-0.43,-0.28,0.43;
-0.52,-0.30,1.45;
-1.19,-0.33,2.35;
-0.43,0.02,2.98;
1.36,0.05,3.41;
1.48,0.15,3.64;
1.00,0.60,3.79;
0.85,0.44,3.67;
0.26,0.21,3.15;
-0.22,0.02,2.74;
-0.29,-0.17,2.35;
-0.52,-0.31,1.59;
-0.46,-0.51,1.18;
-0.23,-0.39,0.92;
-0.40,-0.34,0.49;
-0.35,-0.50,0.20;
-0.13,-0.45,-0.04;
-0.26,-0.42,-0.56;
0.29,-0.16,-0.67;
0.15,-0.22,-1.03;
-0.20,0.13,-1.13;
-1.03,0.10,-1.32;
-0.63,0.21,-1.19;
0.33,0.59,-1.13;
0.97,0.48,-1.17;
1.45,0.59,-0.88;
1.54,0.31,-0.39;
1.20,0.44,-0.29;
0.13,0.15,-0.07;
-0.40,0.59,0.03;
0.03,0.19,-0.42;
0.21,0.01,-0.61;
1.08,0.12,-0.73;
1.63,0.19,-0.79;
1.37,0.25,-0.99;
0.96,0.07,-0.94;
1.28,-0.04,-1.61;
1.69,0.22,-1.48;
1.48,-0.10,-1.65;
1.17,-0.20,-1.90;
0.03,-0.16,-2.32;
-0.26,-0.25,-2.62;
-0.19,-0.11,-2.74;
-0.11,-0.05,-2.70;
-0.55,-0.08,-2.47;
-0.87,-0.02,-2.30;
-0.97,-0.17,-2.18;
-0.34,0.25,-1.89;
0.85,0.27,-1.42;
1.42,0.16,-1.10;
1.20,0.42,-0.61;
1.05,0.59,0.06;
1.60,0.44,0.37;
1.00,0.62,0.89;
1.81,0.89,0.98;
2.48,0.82,0.60;
2.93,0.89,0.77;
3.11,0.94,1.35;
3.86,1.26,1.90;
5.39,1.50,1.90;
6.27,1.95,2.16;
5.66,2.47,2.77;
5.10,2.76,3.42;
4.27,2.41,3.70;
2.91,2.63,3.77;
2.38,2.94,3.90;
2.07,3.17,2.77;
2.32,2.70,2.31;
3.02,3.34,1.81;
3.97,3.38,1.84;
3.75,3.47,1.67;
4.91,3.78,2.13;
6.27,3.47,1.99;
6.48,3.15,2.39;
6.26,2.85,2.35;
5.31,2.74,2.13;
4.41,2.27,1.65;
3.46,1.75,1.52;
3.22,1.75,1.03;
3.10,1.44,0.75;
2.68,0.99,0.48;
1.95,0.57,0.26;
1.22,0.28,0.86;
0.32,0.12,1.06;
-0.63,-0.14,1.68;
-0.14,-0.05,1.07;
0.79,-0.69,1.24;
1.52,-1.12,1.67;
2.18,-1.55,1.81;
3.31,-2.30,2.29;
2.91,-2.69,2.83;
1.45,-2.83,3.56;
-0.57,-2.89,3.99;
-1.12,-3.08,3.90;
