0.42,0.12,0.48;
0.62,0.04,0.31;
0.24,0.18,0.44;
-0.19,-0.15,0.38;
-0.33,-0.21,0.31;
-0.52,-0.54,0.21;
-0.26,-0.63,0.07;
0.32,-0.67,-0.02;
0.01,-0.50,-0.20;
0.45,-0.34,-0.25;
-0.17,-0.61,-0.28;
-0.81,-0.87,0.01;
-0.94,-0.54,-0.43;
-0.51,-0.80,-0.22;
-0.08,-0.43,-0.23;
0.90,-0.54,-0.08;
0.73,0.01,-0.19;
0.76,0.23,-0.22;
0.15,0.64,0.27;
0.24,0.62,0.19;
0.19,0.62,0.25;
0.59,1.10,-0.01;
0.64,0.96,0.18;
1.28,0.98,0.19;
1.23,1.30,0.22;
0.57,0.85,0.10;
-0.02,0.93,0.13;
-0.08,0.72,0.19;
0.12,0.44,-0.17;
-0.51,-0.09,0.01;
-0.55,-0.18,-0.17;
0.32,-0.37,-0.27;
0.39,0.03,-0.07;
-0.57,-0.41,-0.17;
-0.54,-0.40,-0.28;
-0.20,-0.90,-0.30;
-0.40,-0.89,-0.19;
-0.45,-0.72,-0.19;
-0.02,-0.83,-0.23;
-0.46,-0.81,-0.36;
-0.52,-0.52,-0.31;
-0.16,-0.43,-0.22;
0.36,-0.21,-0.10;
0.24,0.24,0.10;
0.28,0.41,0.22;
0.54,0.67,0.41;
0.25,0.72,0.44;
0.30,0.59,0.62;
0.57,0.79,0.73;
-0.07,0.23,0.85;
0.12,0.52,0.85;
0.57,0.41,0.80;
1.08,0.09,0.51;
1.40,0.24,0.47;
1.17,0.17,0.41;
0.45,-0.05,0.53;
-0.55,-0.06,0.62;
-0.72,-0.14,0.53;
-0.74,-0.06,0.41;
0.09,-0.26,0.31;
0.16,-0.08,0.36;
0.19,-0.18,0.38;
0.16,-0.43,0.36;
-0.17,-0.03,0.44;
-0.74,-0.28,0.13;
-0.66,0.04,0.24;
-0.33,0.23,0.53;
0.03,0.27,0.25;
0.38,0.53,0.38;
0.12,0.52,0.42;
0.35,0.70,0.48;
0.13,0.73,0.73;
0.70,1.07,0.71;
-0.05,0.91,0.02;
0.82,0.98,0.13;
0.97,0.95,0.06;
0.93,0.96,-0.27;
0.41,1.05,-0.28;
0.09,-0.40,0.16;
1.49,0.06,-0.37;
1.81,0.90,-0.69;
2.59,0.15,-0.07;
0.07,-0.17,0.36;
-1.87,0.04,0.24;
-1.91,0.15,0.19;
-0.26,-0.44,0.65;
0.85,-0.25,0.50;
1.64,-0.28,0.77;
0.94,-0.37,0.99;
-0.20,-0.29,0.94;
-1.44,-0.14,0.77;
-1.36,-0.14,0.30;
-0.80,0.38,0.09;
0.56,0.27,0.09;
0.70,0.03,0.10;
0.62,0.15,-0.08;
0.07,0.17,-0.01;
-0.31,0.04,-0.40;
0.21,0.17,-0.54;
-0.07,0.01,-0.69;
0.44,-0.12,-0.42;
1.14,-0.09,-0.23;
1.35,-0.15,-0.02;
0.15,-0.09,-0.30;
-0.33,-0.08,-0.27;
-0.37,0.08,-0.31;
0.15,-0.06,-0.27;
0.42,-0.20,-0.33;
1.19,0.14,-0.31;
1.03,0.18,0.27;
0.56,0.37,0.04;
0.10,0.11,-0.05;
-0.08,0.01,0.16;
0.22,-0.08,0.33;
0.61,0.11,0.68;
0.33,0.01,0.38;
0.04,-0.29,0.04;
-0.49,-0.20,-0.10;
-0.51,-0.54,-0.36;
0.03,-0.17,-0.33;
0.74,-0.38,-0.63;
0.64,-0.18,-0.60;
0.73,-0.18,-0.42;
-0.08,-0.23,-0.74;
-0.43,-0.03,-0.83;
-0.62,-0.03,-0.89;
-0.57,0.09,-0.52;
-0.22,-0.31,-0.14;
0.51,-0.00,-0.14;
1.26,0.17,0.57;
0.76,0.12,0.48;
0.30,-0.03,0.68;
0.47,0.29,0.80;
0.90,0.47,0.96;
1.08,0.37,1.00;
0.94,0.09,0.94;
0.83,0.18,0.82;
0.74,0.40,0.79;
0.27,0.18,0.79;
-0.01,0.37,0.33;
0.42,0.35,0.27;
0.19,-0.08,0.01;
0.62,0.06,-0.25;
0.27,0.14,-0.39;
-0.54,-0.20,-0.36;
-0.92,-0.03,-0.75;
-1.15,-0.26,-0.89;
-0.30,-0.05,-0.52;
0.25,-0.15,-0.80;
-0.25,-0.18,-0.63;
-0.30,-0.03,-0.69;
-0.88,-0.23,-0.60;
-0.80,-0.12,-0.48;
-0.71,-0.08,-0.42;
-0.60,0.14,-0.37;
-0.81,0.21,-0.33;
0.04,0.29,-0.11;
-0.16,0.40,0.02;
-0.43,0.24,0.04;
-0.26,0.20,0.10;
-0.46,0.01,-0.23;
0.16,-0.03,-0.07;
0.04,-0.06,0.06;
0.30,-0.02,0.21;
0.21,0.15,0.35;
0.28,-0.25,-0.02;
-0.07,-0.03,0.21;
0.27,-0.02,0.09;
-0.13,-0.09,0.19;
-0.37,0.03,0.09;
-0.59,0.17,-0.08;
-0.16,0.43,0.02;
0.61,0.62,0.15;
0.54,0.67,-0.08;
0.51,0.61,0.01;
-0.25,0.50,0.25;
-0.66,-0.11,0.12;
-0.66,0.55,-0.02;
-0.40,0.55,0.09;
-0.23,-0.02,0.02;
0.01,0.27,-0.28;
0.06,-0.31,-0.46;
0.28,-0.26,-0.46;
0.44,-0.54,-0.82;
1.12,-0.34,-0.66;
0.93,-0.46,-0.60;
0.12,-0.08,-0.42;
-1.01,-0.21,-0.36;
-0.46,-0.23,-0.52;
0.39,-0.32,-0.59;
0.57,-0.57,-0.63;
0.28,-0.50,-0.23;
-0.34,-0.35,-0.08;
-0.46,-0.32,-0.14;
-0.69,-0.03,0.04;
-0.60,0.01,-0.22;
0.50,0.09,0.27;
0.68,0.43,-0.16;
1.14,0.33,0.15;
0.99,0.46,0.16;
0.47,0.61,0.31;
0.09,0.61,0.21;
0.30,0.66,0.24;
0.18,0.32,0.24;
0.35,0.30,0.33;
0.19,0.20,0.06;
0.39,0.15,0.07;
0.16,0.08,0.13;
-0.10,0.04,-0.20;
0.48,0.06,-0.10;
0.42,-0.08,-0.19;
0.48,-0.25,0.06;
-0.59,-0.64,-0.01;
-1.03,-0.54,-0.13;
-1.27,-0.46,-0.08;
-1.32,-0.43,-0.27;
-0.81,-0.17,-0.25;
-0.17,-0.09,-0.39;
0.10,-0.11,-0.36;
-0.05,-0.15,-0.43;
-0.43,-0.38,-0.57;
-1.18,-0.12,-0.75;
-2.11,0.23,-1.09;
-3.39,0.32,-0.97;
-2.75,0.06,-1.79;
-2.11,-0.06,-2.22;
-1.50,-0.17,-2.92;
-2.14,-0.15,-3.78;
-2.57,0.24,-4.46;
-1.27,0.32,-5.75;
-1.72,0.23,-6.78;
-0.19,1.65,-9.01;
-1.10,1.53,-11.06;
-0.65,1.75,-12.85;
-0.07,1.77,-14.89;
-0.25,1.79,-16.36;
-1.06,1.68,-17.73;
-4.10,1.33,-18.05;
-5.90,0.53,-17.46;
-7.47,-1.07,-16.62;
-8.88,-1.18,-16.59;
-5.36,-1.57,-16.42;
-3.26,-2.14,-16.11;
-1.94,-3.07,-15.17;
-2.78,-3.41,-14.02;
-2.28,-3.92,-13.30;
-1.55,-4.73,-13.36;
-1.44,-5.13,-14.39;
-1.87,-5.57,-16.46;
-4.17,-6.14,-18.78;
-5.55,-6.46,-20.65;
-5.75,-6.52,-22.66;
-4.97,-6.14,-24.45;
-3.30,-5.89,-25.26;
-1.62,-6.17,-25.88;
0.90,-5.42,-27.00;
2.24,-4.63,-27.81;
3.51,-4.18,-27.82;
4.96,-2.64,-26.52;
4.82,-1.94,-24.39;
5.05,-0.76,-21.90;
5.63,0.67,-19.04;
7.31,0.96,-15.91;
9.17,2.43,-13.62;
11.95,3.30,-10.11;
14.35,4.15,-6.62;
17.06,5.37,-3.17;
17.35,5.97,-0.57;
16.91,6.52,2.28;
15.06,6.66,5.03;
13.67,7.27,7.83;
13.67,7.97,9.08;
13.54,8.53,9.28;
15.09,8.79,9.03;
16.01,8.93,8.33;
16.85,9.08,7.51;
15.74,8.61,7.57;
13.03,8.56,8.85;
10.48,8.32,9.28;
7.69,8.35,9.66;
6.47,7.72,10.39;
5.75,7.24,11.78;
7.08,6.47,11.95;
10.09,6.24,11.55;
13.75,6.85,10.51;
18.71,8.58,9.69;
8.64,6.88,6.85;
6.54,5.30,6.04;
4.64,4.46,6.30;
7.90,3.92,5.38;
10.16,4.26,5.40;
11.11,5.24,5.18;
10.27,4.95,5.66;
8.39,4.44,6.07;
4.51,3.11,7.18;
0.77,0.53,7.80;
-1.97,0.50,8.12;
-2.49,-0.84,8.42;
0.28,-2.03,8.67;
3.09,-1.76,8.60;
3.15,-2.84,8.47;
2.33,-2.76,8.59;
2.16,-3.01,8.28;
1.29,-3.31,8.04;
-0.92,-3.01,8.80;
-3.33,-2.28,10.33;
-1.24,-1.79,9.73;
2.07,-1.01,9.92;
6.04,-0.25,9.12;
9.96,0.23,8.33;
10.42,0.15,7.73;
6.88,-0.05,7.55;
2.96,-0.47,8.09;
2.57,0.21,7.66;
3.90,1.33,7.12;
3.54,1.48,6.27;
1.00,1.71,6.91;
-1.20,1.27,7.77;
-2.14,0.96,7.69;
-1.10,1.54,6.83;
2.68,2.20,4.91;
9.83,3.17,2.10;
16.73,4.01,1.34;
20.39,4.53,1.63;
20.93,3.74,1.26;
17.90,2.69,1.15;
15.31,1.68,0.44;
11.66,0.44,-1.09;
7.15,-1.80,-3.23;
5.11,-1.76,-4.23;
3.78,-1.13,-4.71;
5.93,-1.34,-7.14;
6.03,-0.96,-7.85;
3.19,-2.08,-8.31;
-1.68,-2.64,-9.01;
-4.08,-2.89,-10.89;
-5.88,-3.44,-12.62;
-9.27,-3.60,-13.72;
-11.94,-4.49,-12.98;
-7.21,-5.59,-12.45;
0.38,-6.69,-12.65;
9.89,-6.63,-13.67;
12.96,-5.33,-12.59;
13.19,-5.38,-10.85;
14.91,-5.60,-8.57;
16.45,-5.33,-7.62;
14.27,-5.48,-6.91;
11.02,-5.92,-6.60;
10.59,-6.43,-6.34;
10.13,-7.33,-6.22;
8.64,-8.57,-5.27;
5.90,-9.21,-4.42;
1.87,-10.02,-3.27;
-3.61,-11.09,-2.01;
-7.96,-11.38,-3.65;
-12.40,-11.19,-4.42;
-17.85,-12.86,-4.20;
-20.95,-14.23,-3.52;
-20.85,-15.65,-1.99;
-17.06,-16.54,-1.38;
-9.88,-16.26,-1.93;
0.35,-14.09,-3.52;
7.26,-11.53,-4.19;
11.54,-9.09,-3.11;
10.07,-7.80,-0.51;
7.26,-7.01,2.33;
3.70,-5.38,3.48;
-0.30,-3.83,4.88;
-0.49,-2.66,5.92;
5.22,-1.82,5.32;
9.31,-1.38,3.99;
13.52,-0.54,2.59;
16.77,-0.92,1.00;
17.02,-1.62,0.10;
14.22,-1.63,-2.25;
16.25,-2.18,-5.84;
15.67,-4.21,-10.17;
21.80,-6.00,-15.52;
41.31,-5.96,-22.59;
60.07,-5.18,-28.69;
63.19,-4.11,-31.15;
53.67,-5.60,-28.31;
41.43,-4.17,-24.16;
28.53,-4.55,-19.47;
6.25,-3.82,-17.11;
-4.86,-5.10,-18.62;
-7.94,-5.24,-20.11;
-8.39,-4.38,-20.13;
-7.73,-3.74,-17.27;
-14.97,-3.39,-13.96;
-18.23,-3.60,-11.99;
-17.85,-3.71,-10.83;
-15.30,-2.90,-11.09;
-9.93,-1.59,-10.83;
-8.78,-1.39,-8.65;
-2.77,-1.28,-5.20;
7.60,-0.35,-3.40;
10.62,0.67,-2.56;
12.62,0.38,-1.36;
13.09,-1.15,-0.65;
9.69,-2.41,-0.39;
9.78,-4.57,-1.33;
14.33,-5.94,-3.38;
21.05,-7.33,-5.72;
19.87,-6.98,-7.38;
18.03,-5.59,-7.78;
14.21,-4.20,-7.90;
8.21,-2.29,-7.65;
7.63,0.41,-6.94;
6.10,1.60,-6.05;
6.50,3.24,-5.03;
1.43,2.75,-4.11;
-3.55,2.46,-3.55;
-6.92,3.40,-2.69;
-9.58,3.94,-1.90;
-12.60,3.28,-2.82;
-13.14,2.11,-2.77;
-10.77,1.51,-3.29;
-10.26,1.24,-5.75;
-8.39,1.59,-9.26;
-9.94,2.37,-12.69;
-14.01,2.14,-15.49;
-18.83,1.33,-17.75;
-25.70,0.50,-18.49;
-30.01,-0.34,-17.75;
-31.72,-0.23,-15.99;
-28.97,2.14,-15.67;
-29.68,5.51,-15.65;
-40.71,8.58,-14.74;
-62.62,10.04,-12.13;
-83.88,10.21,-6.98;
-112.72,8.01,-1.06;
-135.00,4.88,3.90;
-141.24,1.83,6.35;
-133.67,-1.68,7.09;
-109.20,-5.21,5.83;
-71.01,-5.77,3.52;
-39.15,-5.39,2.82;
0.83,-4.83,2.60;
24.88,-3.07,0.59;
38.88,-3.38,-2.16;
52.82,-3.31,-6.40;
63.66,-2.58,-9.53;
64.16,-1.71,-10.85;
50.15,-0.84,-9.81;
26.80,-0.70,-6.80;
-1.78,-0.35,-3.27;
-22.62,0.93,-0.48;
-39.76,2.91,2.10;
-50.48,5.68,4.16;
-53.82,4.93,5.55;
-44.52,2.27,9.00;
-13.09,-0.99,11.64;
31.84,0.14,11.52;
61.64,3.51,9.78;
87.15,7.57,8.96;
91.66,9.02,8.44;
80.57,9.51,7.14;
59.43,8.56,4.38;
44.64,7.66,1.69;
33.20,7.74,-1.41;
21.19,7.59,-3.73;
13.19,7.62,-5.17;
2.76,8.87,-5.15;
-7.78,9.60,-3.23;
-19.52,10.76,0.09;
-26.48,11.33,3.25;
-25.75,10.58,5.12;
-17.82,9.60,6.76;
-2.94,8.41,6.50;
14.21,8.58,6.47;
33.17,9.63,6.60;
44.61,10.59,8.68;
48.48,12.03,12.01;
46.41,11.07,16.13;
39.40,8.91,18.27;
30.53,7.27,19.25;
20.93,6.20,18.94;
10.48,4.87,19.22;
5.22,5.16,19.83;
0.90,4.95,20.44;
-5.81,4.73,21.89;
-13.70,4.37,23.81;
-18.66,4.55,25.17;
-21.20,4.81,26.33;
-21.01,5.17,27.86;
-20.75,5.59,29.11;
-21.10,5.63,29.28;
-19.76,5.37,27.87;
-15.62,5.27,25.77;
-11.01,5.57,24.21;
-5.21,6.27,22.18;
1.75,6.79,19.78;
9.55,7.20,18.02;
14.38,8.00,16.51;
16.07,8.03,15.25;
14.39,6.21,13.67;
10.16,4.49,11.63;
4.33,3.04,8.01;
-3.00,1.72,4.27;
-7.59,0.50,2.22;
-15.72,-1.56,0.18;
-18.55,-2.17,-1.90;
-17.07,-2.29,-3.27;
-11.32,-2.96,-4.80;
-9.76,-2.44,-5.79;
-9.21,-1.76,-6.42;
-7.76,-0.99,-7.52;
-7.18,-0.89,-9.90;
-9.84,-0.78,-11.96;
-9.44,-1.30,-13.84;
-7.38,-1.63,-15.79;
-5.10,-2.11,-17.21;
-3.30,-2.66,-17.78;
-0.08,-3.60,-17.72;
3.40,-4.44,-19.21;
9.09,-4.99,-20.25;
11.93,-5.65,-20.72;
10.96,-6.76,-20.23;
7.72,-6.78,-18.98;
4.27,-6.90,-18.20;
-1.44,-6.87,-16.86;
-7.79,-6.43,-14.42;
-11.26,-6.80,-12.56;
-13.26,-6.18,-10.83;
-14.54,-5.86,-8.63;
-15.52,-4.87,-6.04;
-14.91,-3.79,-3.21;
-14.30,-2.37,-0.51;
-13.26,-0.34,1.98;
-13.55,0.09,5.29;
-16.26,0.26,8.57;
-18.39,0.20,12.93;
-17.76,-0.21,14.73;
-15.72,-1.45,15.84;
-16.16,-1.92,16.41;
-15.78,-3.36,15.31;
-16.75,-5.45,12.56;
-15.62,-6.49,8.86;
-14.23,-7.42,4.97;
-13.94,-7.57,1.43;
-15.35,-6.78,-1.93;
-17.67,-8.12,-5.12;
-17.64,-7.76,-6.48;
-17.70,-6.35,-11.00;
-18.66,-8.87,-13.50;
-15.97,-9.15,-15.56;
-13.26,-7.56,-16.88;
-12.81,-8.20,-19.00;
-12.25,-7.34,-19.75;
-13.61,-7.83,-20.10;
-14.43,-7.24,-19.82;
-13.99,-6.98,-18.80;
-13.29,-6.32,-17.32;
-12.08,-5.94,-15.90;
-11.73,-5.01,-14.59;
-11.68,-4.44,-12.91;
-13.87,-3.88,-10.33;
-14.55,-3.92,-8.01;
-15.62,-3.73,-5.53;
-18.88,-3.38,-3.00;
-18.69,-3.48,-0.65;
-17.35,-3.48,1.22;
-15.03,-3.62,3.08;
-11.91,-3.57,5.64;
-9.99,-4.12,7.87;
-8.54,-4.73,10.16;
-7.62,-4.69,12.15;
-8.43,-8.21,15.20;
-9.46,-3.70,16.27;
-10.74,-6.66,18.39;
-9.15,-8.20,18.91;
-6.46,-9.15,20.76;
-2.80,-9.79,20.88;
1.96,-8.76,21.08;
2.90,-8.14,22.10;
3.20,-7.09,22.04;
2.35,-5.33,21.67;
3.64,-4.20,20.01;
5.77,-3.01,17.84;
8.09,-1.57,16.01;
10.88,-0.43,13.83;
12.76,0.69,12.06;
15.54,2.17,9.86;
19.90,4.12,6.86;
22.30,5.56,2.79;
22.47,6.21,-1.59;
22.33,6.76,-5.30;
21.83,6.67,-10.23;
21.78,6.24,-14.65;
21.64,6.15,-18.16;
21.81,5.85,-22.57;
22.42,5.36,-26.65;
23.70,4.73,-29.41;
23.23,4.17,-32.22;
21.60,3.19,-34.11;
18.45,2.64,-35.85;
14.80,2.29,-36.86;
11.63,1.24,-37.00;
9.09,0.73,-36.86;
8.64,0.37,-36.80;
9.45,0.24,-36.05;
9.63,-0.55,-34.68;
9.41,-0.96,-33.14;
10.73,-1.44,-31.24;
13.52,-1.39,-28.89;
15.38,-0.84,-26.62;
15.87,-0.55,-24.45;
15.74,-0.55,-21.69;
14.70,-0.58,-18.07;
13.99,-1.39,-15.12;
13.00,-0.78,-10.88;
12.88,-0.69,-7.32;
12.01,-1.04,-4.14;
11.80,-0.60,-0.27;
10.30,-0.18,3.00;
9.40,-0.37,7.18;
6.97,0.17,10.09;
4.93,1.27,13.77;
3.95,1.83,16.73;
3.37,2.29,17.86;
2.35,2.24,19.32;
2.39,2.01,20.07;
2.47,2.43,20.41;
3.52,2.56,20.99;
3.28,2.59,20.35;
3.03,3.50,20.42;
2.41,3.94,19.22;
1.35,4.44,17.96;
1.29,5.24,16.65;
1.96,5.75,15.25;
2.25,5.19,13.14;
2.41,4.44,11.17;
1.29,3.50,8.89;
1.67,2.72,7.31;
3.31,1.89,5.80;
5.51,1.24,4.09;
5.81,0.95,2.33;
5.86,0.70,0.04;
4.88,0.81,-0.66;
3.25,0.85,-0.98;
2.67,1.16,-0.51;
3.80,2.32,0.09;
3.48,2.53,1.31;
4.51,2.67,1.80;
5.83,3.04,2.47;
4.28,2.52,3.12;
2.06,1.75,3.83;
1.26,0.44,4.91;
1.08,-0.00,6.53;
2.06,0.14,7.58;
1.15,0.41,8.38;
-1.50,-0.08,9.23;
-3.87,-0.83,10.60;
-2.60,-2.75,14.70;
-10.11,-6.50,18.54;
-18.37,-9.28,20.56;
-13.88,-11.63,21.23;
1.43,-13.48,18.77;
16.71,-13.31,14.82;
23.23,-11.77,13.22;
28.10,-9.34,12.59;
27.03,-7.39,14.22;
22.01,-6.46,15.12;
12.24,-4.72,14.07;
9.43,-3.65,10.70;
6.83,-2.63,5.99;
8.25,-0.81,0.70;
10.82,2.01,-3.76;
14.18,3.48,-5.61;
14.57,4.46,-6.45;
12.56,6.23,-8.05;
9.75,5.63,-9.78;
9.63,5.20,-11.98;
12.03,4.72,-14.89;
14.35,3.07,-16.57;
14.54,1.10,-16.94;
14.74,-0.38,-17.20;
19.54,-1.94,-17.47;
26.38,-2.50,-16.48;
26.71,-4.81,-14.89;
26.80,-5.97,-13.33;
28.12,-7.16,-13.23;
27.55,-7.28,-14.52;
22.86,-7.22,-14.28;
18.10,-7.34,-12.04;
13.54,-8.80,-9.99;
10.44,-9.65,-7.75;
7.52,-9.89,-7.58;
2.15,-9.38,-6.45;
-2.43,-8.23,-2.66;
-2.26,-8.11,0.77;
-4.17,-6.40,3.37;
-5.84,-5.96,3.63;
-2.46,-4.58,3.57;
-4.77,-2.75,2.42;
-8.91,-0.93,1.89;
-12.59,0.46,3.08;
-14.42,0.82,3.73;
-14.78,1.97,2.04;
-14.62,2.70,0.06;
-14.94,1.97,-2.34;
-15.97,1.46,-4.88;
-17.41,1.72,-7.98;
-17.81,0.84,-11.40;
-17.30,1.46,-14.59;
-18.65,1.92,-15.88;
-18.59,1.39,-16.42;
-20.68,-0.47,-16.48;
-18.57,-0.72,-15.26;
-15.84,-0.18,-13.91;
-14.74,1.33,-12.72;
-15.59,3.20,-10.05;
-19.39,4.27,-7.32;
-22.68,3.56,-5.01;
-25.04,2.01,-4.77;
-24.04,0.76,-6.48;
-16.01,0.06,-9.46;
-4.55,0.52,-12.42;
2.51,-0.02,-14.05;
7.60,0.49,-12.11;
9.61,1.43,-6.31;
8.44,1.69,-0.91;
8.25,2.12,1.25;
8.61,2.79,1.46;
3.60,4.50,0.07;
-2.39,-0.75,0.12;
-5.17,-2.03,2.70;
-5.41,-1.88,3.66;
0.48,-3.99,4.39;
9.81,-2.20,4.10;
17.80,-1.31,2.21;
22.03,0.81,-0.94;
21.99,2.40,-3.27;
18.13,3.10,-6.34;
8.24,3.28,-7.27;
-5.00,2.46,-6.97;
-24.51,1.66,-5.36;
-43.55,0.96,-3.23;
-50.40,0.47,-2.56;
-45.46,-0.83,-3.75;
-32.23,-0.83,-7.09;
-14.89,-0.90,-10.62;
-3.39,-0.38,-12.37;
2.70,0.27,-12.59;
3.96,0.44,-13.03;
0.82,0.56,-13.67;
-6.94,-0.18,-15.81;
-13.88,-1.13,-17.20;
-17.44,-2.54,-18.60;
-12.42,-1.80,-18.85;
-2.65,-0.40,-19.17;
5.96,1.63,-19.03;
8.62,3.10,-17.62;
5.43,4.11,-16.22;
-6.01,2.90,-14.91;
-13.30,2.33,-14.14;
-17.73,-0.31,-15.21;
-13.01,0.95,-14.77;
-9.33,-0.25,-15.46;
-5.14,1.79,-15.29;
-0.74,2.87,-13.27;
2.10,4.81,-12.08;
-2.91,5.91,-13.29;
-9.94,3.57,-14.65;
-11.68,2.33,-16.14;
-6.78,1.22,-18.08;
1.22,0.69,-19.90;
8.32,2.09,-20.04;
8.82,2.85,-18.25;
5.74,3.86,-14.75;
-1.55,4.93,-10.63;
-5.78,5.34,-8.54;
-9.09,6.09,-7.36;
-12.94,6.55,-8.02;
-13.62,6.09,-6.68;
-9.00,5.74,-4.62;
-5.50,5.72,-2.40;
-0.54,6.50,1.63;
2.38,7.08,5.18;
7.61,7.08,9.90;
8.18,7.20,13.15;
9.08,7.39,15.44;
7.46,7.42,17.35;
7.74,7.08,20.36;
10.73,6.08,23.31;
15.83,4.70,26.31;
21.57,4.33,27.40;
26.74,4.58,28.22;
28.77,4.70,29.78;
27.72,5.16,32.31;
23.43,4.82,34.67;
18.65,4.44,35.38;
14.07,4.14,35.81;
9.69,3.27,36.68;
5.57,2.06,38.04;
3.40,0.85,39.57;
4.09,-0.03,39.83;
7.14,-1.09,39.17;
8.57,-0.99,38.47;
6.27,-0.38,37.60;
0.10,0.37,36.59;
-5.35,1.43,35.90;
-9.35,2.09,35.46;
-13.56,2.79,34.67;
-13.99,4.04,33.54;
-14.52,5.56,32.74;
-14.89,7.13,32.35;
-14.52,8.35,32.44;
-15.93,8.27,32.44;
-14.94,7.07,31.44;
-9.56,7.08,29.15;
-4.11,7.04,27.34;
1.11,7.17,25.72;
5.41,7.60,24.51;
7.52,8.46,23.58;
6.70,8.96,23.22;
6.27,10.18,22.56;
4.41,11.25,22.50;
-0.63,10.75,22.35;
-7.14,9.48,21.49;
-7.90,8.64,19.92;
-7.81,7.97,17.22;
-9.38,7.25,13.73;
-6.78,7.22,10.51;
-6.23,7.62,8.62;
-6.65,6.98,6.25;
-5.90,6.46,6.01;
-4.30,6.52,5.96;
-0.19,6.23,4.57;
1.19,5.74,2.67;
0.79,3.98,1.81;
-0.71,4.38,0.27;
-1.84,1.74,-0.75;
-1.65,1.25,-2.46;
-3.36,-0.23,-3.82;
-2.39,-1.88,-4.49;
-1.30,-3.36,-5.30;
1.51,-4.60,-6.77;
2.96,-5.10,-6.88;
3.87,-6.46,-6.94;
4.67,-6.58,-7.73;
3.32,-6.44,-8.48;
0.24,-6.78,-8.66;
-3.76,-6.63,-8.72;
-6.34,-6.61,-8.36;
-6.86,-6.03,-8.80;
-6.23,-6.21,-9.20;
-3.47,-5.54,-9.43;
-2.13,-4.86,-10.14;
-0.95,-4.52,-10.48;
1.70,-3.41,-11.85;
0.94,-1.48,-13.32;
-1.15,-0.60,-13.20;
-3.76,0.55,-13.47;
-5.09,1.65,-14.68;
-7.23,2.32,-16.27;
-9.12,2.75,-16.91;
-9.32,3.01,-16.88;
-9.10,2.87,-17.76;
-8.92,2.53,-18.97;
-9.88,1.69,-19.67;
-11.03,0.46,-20.71;
-12.54,-0.86,-20.34;
-11.67,-1.42,-19.55;
-11.36,-2.40,-17.67;
-10.37,-2.40,-15.91;
-11.01,-2.54,-14.51;
-11.46,-4.28,-13.70;
-12.65,-5.65,-13.46;
-12.22,-7.41,-14.16;
-10.89,-8.76,-15.20;
-11.47,-9.16,-15.67;
-10.72,-9.74,-15.85;
-10.51,-10.63,-15.65;
-9.64,-10.98,-15.62;
-9.33,-10.98,-15.78;
-7.91,-10.96,-16.01;
-6.66,-10.31,-16.77;
-6.69,-9.85,-17.38;
-7.49,-9.63,-17.62;
-7.38,-9.15,-17.40;
-6.16,-8.50,-16.30;
-5.47,-8.21,-15.24;
-4.57,-7.60,-13.69;
-4.46,-6.76,-11.67;
-4.13,-5.51,-8.20;
-2.26,-4.03,-4.23;
-2.14,-3.56,-2.23;
-3.56,-3.12,0.15;
-4.39,-3.45,2.25;
-4.59,-3.80,3.81;
-4.46,-3.94,5.72;
-4.02,-3.86,7.22;
-4.59,-4.21,8.94;
-4.97,-4.29,10.42;
-8.02,-4.61,11.70;
-10.39,-4.70,12.74;
-13.27,-5.12,13.31;
-15.36,-5.88,12.97;
-15.84,-6.99,11.98;
-15.84,-7.25,10.53;
-14.77,-7.71,9.61;
-13.03,-9.85,8.88;
-9.47,-6.60,7.84;
-7.46,-8.72,7.41;
-5.78,-8.47,5.55;
-6.42,-8.61,3.90;
-6.45,-9.44,2.97;
-7.24,-9.73,1.89;
-7.44,-10.58,0.31;
-8.33,-9.94,-0.69;
-7.29,-9.77,-1.55;
-6.23,-10.15,-2.86;
-4.37,-9.85,-3.58;
-3.85,-9.05,-4.05;
-3.70,-8.73,-4.36;
-3.04,-8.73,-3.93;
-1.82,-7.62,-3.91;
-2.42,-7.19,-3.87;
-3.59,-5.85,-3.44;
-3.36,-4.70,-2.63;
-2.36,-3.39,-2.05;
-0.86,-2.35,-1.15;
0.80,-1.57,0.19;
3.40,-0.58,1.93;
5.00,0.82,3.38;
6.77,1.77,4.97;
7.08,2.96,5.86;
5.28,3.34,6.76;
4.12,4.06,8.22;
3.90,4.59,8.79;
3.54,4.88,9.14;
4.15,5.20,9.54;
4.80,5.27,10.18;
5.72,5.14,10.57;
6.04,4.99,10.73;
6.32,3.98,10.48;
6.36,3.95,10.09;
5.40,3.48,9.75;
4.93,2.29,9.57;
4.03,2.06,8.70;
3.55,1.62,8.36;
3.58,1.04,7.84;
3.70,0.98,7.60;
3.49,1.02,7.58;
5.03,1.88,8.60;
5.05,0.41,10.47;
4.83,0.49,11.75;
5.06,1.68,13.31;
7.31,2.85,14.71;
4.94,3.11,15.12;
2.77,2.87,15.40;
-0.31,2.75,15.17;
-1.39,2.59,15.11;
0.76,2.37,14.67;
3.54,2.64,13.81;
5.66,2.20,13.15;
5.67,2.29,12.42;
5.64,2.00,11.28;
5.06,1.72,9.77;
3.99,2.03,8.18;
1.26,1.54,6.33;
0.07,1.07,4.44;
-0.01,0.62,3.35;
0.39,0.61,2.15;
0.65,0.32,1.32;
1.57,-0.02,0.09;
2.51,-0.12,-0.66;
2.77,-0.09,-1.64;
3.11,0.18,-2.46;
1.81,0.09,-2.98;
0.16,-0.35,-3.96;
-0.94,-0.23,-4.17;
-0.72,-0.46,-4.31;
-0.26,-0.21,-4.25;
0.24,-0.14,-3.91;
0.22,0.47,-3.62;
0.41,0.64,-3.47;
-0.07,0.82,-2.91;
-0.39,0.61,-1.90;
-0.78,1.40,-1.33;
-0.16,1.01,-0.77;
0.38,1.27,-0.19;
-0.02,1.20,0.28;
-0.17,1.08,0.50;
-0.39,1.16,0.79;
-0.49,1.65,0.74;
-0.69,1.85,1.29;
-0.49,1.68,1.35;
-0.45,1.98,1.86;
0.19,1.95,1.95;
0.28,1.94,1.58;
0.41,2.11,1.32;
0.03,2.30,0.86;
0.22,1.72,0.76;
-0.01,1.59,0.70;
-0.59,1.54,0.86;
-1.47,1.54,0.50;
-1.82,1.07,0.33;
-1.91,1.02,0.54;
-0.63,1.07,0.70;
0.09,1.10,0.56;
0.41,0.98,0.82;
0.09,1.02,0.96;
-0.07,0.96,0.76;
-0.51,0.95,0.96;
-0.88,1.02,0.79;
-0.33,1.28,0.64;
-0.17,0.96,0.76;
0.25,0.72,0.21;
0.04,0.49,0.09;
-0.34,0.38,-0.02;
-0.75,0.73,-0.20;
-0.23,0.70,-0.46;
-0.22,0.95,-0.49;
0.45,0.67,-0.45;
0.24,0.55,-0.49;
0.01,0.47,-0.46;
0.24,0.37,-0.25;
0.39,0.29,-0.37;
0.35,0.26,-0.62;
-0.02,0.15,-0.43;
-0.37,0.01,-0.17;
-0.10,-0.28,0.06;
0.27,0.50,0.13;
-0.63,1.04,0.21;
-0.72,1.30,0.70;
-0.25,1.43,1.00;
0.18,1.10,1.08;
0.22,0.88,1.09;
0.30,0.11,1.46;
0.65,0.03,1.83;
1.26,0.14,1.20;
0.71,0.15,1.06;
0.38,0.40,0.96;
-0.42,0.56,0.09;
0.13,1.01,0.10;
0.38,1.08,-0.14;
0.45,1.10,-0.05;
1.05,1.54,-0.23;
1.22,2.01,-0.30;
1.09,2.47,-0.39;
0.57,2.70,-0.75;
0.44,2.72,-1.33;
0.36,2.76,-1.15;
1.66,2.72,-1.07;
1.20,2.88,-0.69;
1.34,2.61,-0.56;
0.86,2.91,-0.27;
1.57,2.85,-0.59;
0.99,2.33,-0.49;
0.33,1.66,-0.48;
0.88,1.80,-0.30;
0.74,1.62,-0.20;
-0.40,0.96,0.02;
-0.63,0.46,0.39;
-1.23,0.18,0.45;
-0.46,-0.43,0.54;
-0.34,-0.69,0.44;
-0.34,-0.76,0.82;
-0.72,-1.05,0.82;
-0.65,-0.54,1.29;
-0.59,-0.46,1.09;
-0.78,-0.54,1.26;
-0.88,-0.49,1.69;
-0.85,-0.15,2.31;
-0.45,-0.03,2.68;
0.13,0.41,2.59;
0.30,0.69,2.76;
-0.37,0.81,2.62;
-0.11,0.62,2.64;
0.53,1.13,2.44;
2.59,1.27,2.10;
3.96,1.37,1.77;
2.67,1.37,1.02;
1.51,1.05,0.99;
1.74,1.45,0.15;
3.22,2.23,-0.72;
3.20,2.15,-2.10;
2.04,1.65,-3.93;
1.93,1.54,-5.79;
2.73,1.97,-8.59;
4.27,1.77,-12.19;
4.41,2.21,-15.18;
3.03,1.62,-18.65;
1.14,1.74,-21.38;
-0.85,1.63,-24.22;
-3.73,1.54,-26.86;
-4.37,1.11,-29.38;
-1.78,0.67,-31.43;
3.81,0.49,-33.18;
9.92,0.76,-33.20;
13.29,0.55,-32.28;
15.40,0.49,-31.03;
15.69,0.70,-28.86;
15.55,1.11,-26.20;
14.13,1.95,-24.62;
11.99,2.49,-22.65;
10.50,3.19,-20.27;
10.33,3.53,-18.04;
11.74,4.21,-15.62;
12.85,4.52,-13.33;
14.22,5.16,-11.67;
15.08,5.22,-10.02;
16.32,5.40,-8.98;
16.62,5.68,-7.56;
17.17,5.85,-6.17;
17.57,5.40,-5.03;
16.51,5.43,-4.11;
14.27,5.04,-3.70;
10.54,4.11,-3.43;
7.52,3.54,-3.38;
4.38,2.66,-2.97;
3.45,2.03,-2.16;
2.21,1.68,-0.62;
3.15,1.25,0.24;
2.86,1.02,1.63;
2.27,-0.15,3.32;
1.58,-0.84,5.54;
2.12,-1.48,7.95;
3.49,-3.27,11.25;
2.62,-7.09,15.18;
4.35,-10.49,19.46;
7.26,-12.81,22.56;
13.06,-15.10,26.70;
19.05,-16.83,32.12;
22.42,-17.71,35.55;
23.41,-18.80,39.20;
21.35,-21.05,42.22;
20.07,-22.46,43.75;
20.28,-25.01,45.66;
21.19,-23.89,45.52;
22.62,-23.97,44.89;
25.37,-25.13,43.52;
27.90,-25.47,41.51;
31.02,-23.63,36.89;
33.35,-21.94,32.93;
34.42,-18.75,29.48;
32.13,-16.18,25.92;
27.45,-13.48,23.03;
17.19,-10.17,18.64;
10.38,-8.95,14.19;
6.10,-8.80,10.99;
1.25,-8.00,7.28;
-2.72,-6.25,4.09;
-3.55,-5.07,-0.39;
-1.21,-3.71,-5.03;
0.93,-2.40,-9.03;
0.97,-1.48,-11.85;
3.20,-1.85,-13.50;
12.47,-1.99,-17.12;
17.03,-0.73,-20.80;
14.19,0.44,-22.60;
8.09,-0.61,-22.60;
6.62,-3.44,-22.16;
8.73,-5.16,-24.08;
11.08,-4.72,-26.62;
12.12,-3.13,-28.69;
11.83,-2.40,-28.59;
11.41,-1.59,-28.25;
7.55,-0.61,-29.01;
3.63,-0.46,-29.43;
9.58,-1.70,-27.76;
17.29,-0.02,-24.82;
17.90,2.18,-20.45;
11.67,2.64,-15.11;
7.48,2.43,-12.98;
4.61,1.05,-13.24;
5.78,0.24,-15.09;
14.19,-0.41,-16.45;
27.95,-0.66,-18.60;
37.25,0.41,-20.59;
41.89,-0.05,-23.50;
51.20,-0.41,-26.30;
57.00,0.62,-27.09;
50.62,2.24,-24.20;
41.20,2.24,-19.41;
31.78,-0.14,-15.17;
20.76,-0.29,-11.84;
8.48,0.33,-11.67;
-7.49,-1.53,-11.21;
-21.70,-3.07,-9.59;
-32.68,-3.94,-8.23;
-37.41,-4.26,-5.41;
-35.97,-3.45,-2.01;
-39.18,-2.83,-0.97;
-39.17,-1.02,-0.94;
-41.76,0.70,-1.70;
-37.41,0.85,-2.86;
-31.56,2.09,-3.58;
-27.39,3.07,-5.23;
-22.85,2.06,-6.97;
-16.69,0.47,-8.48;
-13.91,-0.29,-11.46;
-15.35,-1.39,-13.98;
-13.32,-1.96,-13.94;
-12.40,-0.58,-12.19;
-16.45,1.68,-9.11;
-18.80,1.71,-6.17;
-22.26,1.39,-4.28;
-25.96,1.14,-4.59;
-25.58,1.07,-5.81;
-21.46,-0.34,-8.78;
-14.40,-1.18,-10.14;
-7.55,0.17,-8.45;
-4.63,1.42,-3.12;
-2.39,1.89,2.89;
-0.94,2.79,7.51;
-1.38,1.05,7.32;
4.10,-0.67,7.06;
18.36,0.18,5.51;
27.51,-0.12,4.30;
26.90,1.16,3.23;
19.57,1.34,1.58;
8.32,0.93,-1.36;
5.70,1.24,-5.43;
10.85,2.27,-10.04;
19.26,5.74,-13.73;
18.09,7.54,-13.85;
8.61,10.21,-13.09;
-10.14,9.72,-11.35;
-38.68,7.91,-9.65;
-54.85,6.03,-7.90;
-60.51,3.80,-6.40;
-51.10,1.19,-6.02;
-37.36,-0.05,-5.65;
-22.55,0.37,-5.98;
-9.99,3.05,-5.20;
-5.00,4.44,-2.92;
-6.68,4.99,-1.50;
-8.13,3.91,-0.57;
-8.59,2.23,0.28;
-4.59,0.33,1.48;
-0.86,-1.47,4.30;
7.49,-3.33,9.72;
12.21,-3.54,15.32;
14.04,-3.92,19.55;
23.49,-4.47,25.23;
34.64,-3.83,29.25;
44.94,-3.92,31.63;
56.76,-4.06,33.46;
59.32,-3.92,32.39;
50.76,-4.64,29.77;
38.62,-4.69,26.57;
22.54,-4.14,22.64;
13.00,-3.44,17.70;
7.92,-3.12,13.66;
-1.39,-1.96,8.10;
-9.09,-1.62,3.23;
-16.71,-1.68,0.13;
-21.79,-1.71,-2.75;
-20.48,-2.89,-4.45;
-12.81,-2.72,-6.13;
-5.75,-2.31,-7.06;
3.08,-0.18,-7.52;
6.76,1.59,-7.43;
6.86,3.51,-6.86;
5.32,6.21,-4.86;
5.43,3.22,-1.44;
5.06,4.69,0.59;
3.51,4.32,2.99;
3.28,6.38,6.30;
2.18,9.20,11.18;
-2.23,12.24,16.10;
-14.20,17.11,21.70;
-29.75,17.63,28.99;
-33.73,16.37,35.25;
-30.83,15.48,38.80;
-25.75,14.21,39.25;
-15.50,14.06,39.58;
-9.78,15.72,39.77;
-10.37,15.72,40.86;
-18.25,12.78,42.47;
-22.31,9.56,42.28;
-22.07,7.62,39.20;
-16.52,8.30,35.25;
-12.14,10.47,33.78;
-15.35,12.23,32.30;
-21.41,12.96,32.85;
-23.56,12.59,32.65;
-21.15,11.94,29.86;
-14.43,13.13,25.17;
-10.72,10.75,21.78;
-7.18,15.92,16.85;
-3.90,14.85,14.47;
-1.23,18.27,10.62;
-1.59,18.95,8.35;
-2.36,20.81,5.49;
-5.79,20.90,5.46;
-7.59,20.38,5.55;
-7.04,18.62,3.99;
-6.22,17.42,2.85;
-5.17,15.56,1.03;
-4.14,15.40,-2.51;
-6.52,16.90,-8.01;
-11.46,18.50,-10.40;
-17.67,18.66,-10.31;
-24.30,19.40,-8.49;
-23.84,17.71,-7.79;
-18.63,17.72,-7.81;
-11.18,14.15,-8.27;
-1.15,13.57,-10.16;
5.78,9.75,-11.47;
10.24,8.59,-12.95;
10.13,6.75,-14.23;
9.72,5.34,-15.76;
7.67,4.91,-16.85;
3.29,4.04,-17.36;
0.19,2.24,-16.86;
-2.51,0.69,-16.63;
-4.51,-1.76,-16.86;
-5.32,-3.88,-16.68;
-4.04,-6.95,-16.48;
-1.87,-9.41,-16.59;
2.22,-11.44,-17.09;
3.67,-12.63,-17.67;
2.24,-13.28,-17.96;
-1.72,-13.22,-16.98;
-8.33,-12.98,-16.22;
-13.30,-12.96,-15.82;
-15.26,-13.28,-16.27;
-12.77,-13.45,-17.26;
-8.92,-13.82,-16.78;
-5.44,-13.89,-16.23;
-0.57,-13.65,-15.09;
0.99,-12.50,-15.03;
0.99,-11.12,-14.20;
-1.78,-8.75,-13.14;
-6.02,-7.80,-12.36;
-9.87,-6.41,-11.99;
-14.46,-5.30,-12.43;
-16.97,-4.55,-12.77;
-17.14,-3.54,-13.04;
-16.60,-3.33,-12.74;
-14.11,-2.93,-13.11;
-12.07,-2.26,-13.50;
-11.04,-1.45,-13.72;
-9.64,-1.04,-13.38;
-10.78,-0.17,-13.35;
-10.74,0.24,-13.09;
-12.31,0.30,-13.03;
-11.62,0.43,-13.47;
-10.30,0.09,-13.85;
-8.54,-0.35,-14.04;
-7.59,-1.05,-14.02;
-7.03,-1.57,-13.53;
-8.55,-1.57,-12.56;
-10.94,-1.73,-11.00;
-13.15,-1.97,-9.29;
-14.48,-2.38,-8.19;
-14.54,-3.02,-6.10;
-12.92,-3.45,-4.13;
-8.66,-4.32,-1.41;
-4.45,-4.89,1.32;
-0.46,-5.48,5.18;
1.70,-6.35,8.82;
1.54,-6.14,12.27;
1.48,-7.12,16.60;
-1.07,-7.67,19.95;
-5.62,-7.68,22.71;
-10.83,-7.13,24.93;
-15.58,-11.07,26.24;
-14.30,-8.28,28.70;
-14.49,-10.46,28.88;
-11.35,-8.96,29.18;
-9.03,-10.32,28.88;
-6.78,-9.67,28.02;
-3.00,-9.12,26.27;
-0.52,-8.83,24.47;
0.09,-8.49,22.76;
-1.43,-7.80,21.34;
-3.79,-7.57,20.09;
-4.54,-6.35,18.47;
-5.50,-5.80,16.04;
-5.90,-5.57,13.41;
-5.29,-5.19,11.77;
-1.67,-5.28,9.83;
0.61,-4.80,7.84;
0.19,-4.89,6.04;
-1.70,-4.87,4.25;
-4.13,-5.25,2.47;
-5.82,-5.38,1.17;
-5.46,-4.81,0.10;
-4.59,-4.61,-1.35;
-3.73,-4.14,-1.46;
-1.85,-2.99,-2.13;
-0.59,-2.50,-2.25;
-1.10,-1.99,-1.87;
-1.59,-1.70,-1.15;
-1.43,-0.69,-0.39;
-0.62,-0.57,0.64;
0.27,0.01,1.52;
0.15,0.93,2.44;
-0.28,1.10,3.02;
-0.62,1.97,3.54;
-0.28,2.27,4.09;
0.50,2.95,4.59;
1.67,3.46,5.23;
2.12,4.11,5.57;
1.17,4.01,5.69;
0.27,3.89,5.44;
-0.65,4.04,5.70;
-0.07,4.06,5.64;
0.61,4.49,5.22;
1.23,4.20,4.74;
1.48,4.12,3.98;
1.41,3.65,3.22;
1.19,3.54,2.18;
0.36,3.24,1.38;
-0.39,2.52,0.57;
-0.89,2.14,0.16;
-0.34,1.40,-0.43;
0.39,0.66,-1.04;
0.45,0.72,-1.44;
-0.68,-0.00,-1.69;
-1.53,-0.15,-2.10;
-1.97,-0.38,-2.34;
-1.32,-0.86,-2.11;
-0.62,-1.24,-2.10;
-0.52,-0.99,-1.98;
-0.97,-1.36,-1.91;
-0.75,-1.65,-1.32;
-0.92,-1.60,-0.66;
-0.72,-1.67,-0.42;
-0.89,-1.27,0.10;
-1.24,-1.27,0.99;
-0.40,-1.07,1.49;
0.88,-0.58,1.93;
1.55,-0.02,1.99;
2.06,0.47,2.39;
1.41,0.64,2.33;
1.25,1.19,2.24;
1.67,1.37,2.42;
1.87,1.88,2.50;
1.90,1.80,2.50;
2.01,1.86,2.68;
2.16,1.53,2.89;
2.64,2.06,2.64;
2.39,1.94,2.65;
1.93,2.15,2.19;
1.29,2.14,2.01;
1.22,1.50,1.57;
1.52,1.24,1.15;
1.80,1.34,1.08;
1.75,1.08,0.60;
1.49,0.88,0.42;
1.09,0.64,0.16;
1.89,0.23,-0.22;
1.70,-0.09,0.13;
1.96,-0.34,-0.22;
1.77,-0.37,-0.45;
0.96,-0.64,-0.40;
0.21,-0.76,-0.46;
-1.23,-0.95,-0.01;
-0.75,-1.05,0.02;
0.27,-0.73,-0.01;
1.06,-0.63,-0.27;
0.30,-0.66,-0.08;
-0.46,-0.40,-0.02;
-0.80,-0.26,-0.14;
-0.34,-0.09,-0.23;
-0.91,-0.18,-0.31;
-0.97,0.11,-0.37;
-0.77,0.06,-0.30;
0.04,0.70,-0.63;
-0.30,0.76,-0.54;
-0.63,0.66,-0.65;
-0.25,0.99,-0.71;
0.10,0.93,-0.77;
0.64,1.20,-0.83;
0.48,0.67,-0.59;
0.65,0.67,-0.28;
0.21,0.78,-0.11;
-0.31,0.49,0.06;
0.13,0.46,0.04;
-0.63,-0.02,0.04;
-0.77,-0.03,0.16;
0.45,-0.06,0.28;
0.64,-0.00,0.10;
0.65,0.03,0.51;
0.70,-0.02,0.31;
0.44,-0.35,-0.19;
-0.05,-0.28,0.02;
-0.75,-0.05,-0.40;
-1.12,-0.40,-0.62;
-1.17,-0.20,-0.57;
-1.10,-0.06,-0.59;
-0.33,-0.09,-0.62;
0.19,-0.02,-0.31;
1.19,0.09,0.06;
1.41,0.69,0.01;
1.12,0.40,0.35;
0.68,0.50,0.51;
0.42,0.73,0.57;
-0.20,0.85,0.51;
-0.92,0.88,0.60;
-1.27,0.87,0.45;
-1.78,0.85,0.71;
-0.88,0.75,0.33;
0.33,0.69,0.71;
2.10,0.69,1.00;
2.94,0.58,0.85;
2.53,0.69,0.70;
1.23,0.73,0.99;
0.03,0.88,0.82;
0.16,0.56,1.08;
0.30,1.10,0.41;
0.99,1.01,0.21;
0.93,0.98,-0.05;
1.49,0.90,-0.13;
1.08,1.02,-0.43;
0.71,0.88,-0.62;
0.65,0.78,-0.51;
0.57,0.44,-0.65;
0.64,-0.03,-0.59;
-0.07,-0.08,-0.23;
1.17,0.12,-0.08;
1.06,0.18,-0.28;
0.47,-0.02,-0.10;
-0.83,-0.32,0.10;
-1.53,-0.61,0.16;
-1.50,-0.66,0.62;
-1.03,-0.46,0.53;
0.24,-0.63,0.88;
1.40,-0.61,0.68;
2.24,-0.23,0.73;
1.43,-0.75,0.59;
-0.36,-0.60,0.59;
-0.81,-0.58,0.27;
-0.05,-0.02,0.13;
0.91,-0.11,-0.33;
0.36,-0.18,-0.05;
-0.26,0.29,0.04;
-0.28,0.27,-0.07;
-0.17,0.11,-0.07;
-0.33,-0.12,-0.30;
-0.85,0.11,0.02;
-0.10,0.62,0.04;
0.18,0.35,-0.01;
0.83,0.17,-0.05;
1.34,0.46,-0.05;
1.08,0.52,0.02;
0.48,0.38,0.42;
0.32,0.29,0.60;
0.79,0.64,0.96;
1.08,1.16,1.08;
0.77,0.95,1.05;
0.88,0.75,1.69;
1.58,0.82,1.46;
2.33,0.90,0.79;
1.35,0.87,0.39;
0.97,0.69,-0.25;
3.31,0.93,-1.78;
5.43,0.76,-4.25;
6.13,0.61,-7.58;
5.60,1.05,-11.98;
3.25,0.62,-18.20;
0.53,0.84,-25.49;
-1.52,0.17,-32.11;
-5.38,-0.00,-39.81;
-2.22,0.78,-47.18;
3.40,1.40,-53.35;
9.48,1.37,-59.14;
13.63,1.45,-64.77;
12.41,1.69,-68.56;
10.67,1.36,-69.73;
6.22,0.56,-70.43;
2.93,0.88,-69.82;
1.41,0.76,-69.49;
3.00,1.34,-67.84;
3.87,1.10,-64.92;
5.67,0.81,-62.14;
7.86,1.13,-58.48;
7.11,1.25,-54.17;
10.38,1.82,-49.01;
10.74,1.65,-45.06;
11.74,2.61,-39.85;
11.41,2.76,-36.49;
9.66,3.39,-33.15;
8.32,4.09,-28.60;
7.06,3.88,-23.88;
5.55,3.89,-19.55;
6.39,4.23,-15.56;
7.40,4.21,-11.01;
8.42,4.50,-6.77;
7.28,4.33,-3.55;
5.86,4.61,-0.16;
5.05,4.55,2.68;
4.83,4.35,5.58;
5.15,4.23,8.59;
5.95,4.03,11.52;
8.07,3.75,13.69;
9.52,4.04,15.75;
10.73,4.08,16.35;
11.17,3.82,17.18;
11.17,3.43,17.89;
11.28,3.34,18.94;
11.80,2.47,19.23;
10.99,1.68,19.31;
9.90,0.56,19.46;
9.58,-0.28,19.35;
8.27,-1.16,19.38;
5.60,-2.25,18.70;
3.02,-3.28,17.51;
2.06,-4.47,16.12;
2.68,-5.71,15.23;
3.89,-7.07,14.76;
5.80,-7.30,14.31;
7.87,-8.21,13.70;
10.42,-9.05,12.80;
12.33,-9.02,11.93;
13.72,-9.30,11.23;
13.60,-9.12,10.80;
13.80,-9.02,11.95;
11.74,-9.38,14.19;
8.61,-10.31,15.35;
5.60,-10.50,14.30;
3.09,-9.80,12.44;
1.89,-8.86,11.34;
5.69,-8.08,10.83;
10.77,-7.07,12.74;
15.51,-7.13,14.35;
18.59,-6.54,14.38;
17.34,-5.91,13.05;
14.59,-5.77,11.81;
12.42,-4.47,10.89;
9.58,-2.55,9.49;
8.54,-0.67,7.11;
8.94,0.95,5.52;
9.61,3.02,2.53;
8.96,4.87,1.63;
6.54,5.60,1.12;
0.71,5.14,0.15;
-4.78,2.85,-0.85;
-5.15,0.99,-2.86;
-1.38,1.27,-5.43;
-1.21,1.89,-6.27;
-12.11,1.95,-2.54;
-23.99,2.98,0.57;
-41.67,3.10,2.94;
-50.75,4.85,3.52;
-49.62,6.46,1.17;
-47.70,9.53,-1.61;
-40.25,12.03,-0.60;
-34.28,14.69,2.25;
-32.85,14.69,3.90;
-28.16,13.57,3.84;
-19.64,12.67,1.15;
-13.59,12.49,-1.94;
-5.87,12.53,-3.79;
-0.66,10.78,-2.82;
1.77,8.67,-1.90;
-1.14,6.81,-2.16;
-3.90,4.90,-4.08;
-2.52,2.90,-5.20;
-1.46,1.04,-6.63;
-1.70,0.21,-6.69;
-6.49,-2.02,-6.91;
-8.80,-3.70,-8.20;
-9.84,-3.70,-10.48;
-9.07,-3.45,-12.34;
-5.52,-2.86,-13.38;
-1.03,-1.51,-14.11;
0.91,-0.29,-13.78;
1.86,0.18,-13.43;
1.95,0.84,-13.70;
1.98,0.70,-13.06;
5.52,1.20,-12.98;
10.67,0.72,-13.15;
7.90,2.23,-13.00;
5.17,2.58,-9.87;
1.77,3.46,-6.54;
-4.94,2.93,-3.58;
-9.46,2.46,-2.08;
-7.91,1.45,-2.39;
-4.02,0.66,-3.38;
-0.68,0.59,-4.54;
4.16,-0.05,-4.68;
6.50,0.40,-4.74;
8.97,0.84,-4.80;
8.48,0.90,-4.59;
8.94,1.46,-5.27;
8.51,1.56,-8.20;
5.05,-0.55,-13.76;
-2.39,-2.80,-21.49;
-8.69,-7.28,-28.86;
-3.10,-13.02,-35.59;
19.98,-14.54,-39.01;
34.03,-12.58,-39.32;
48.15,-9.48,-34.83;
48.64,-7.05,-27.72;
37.70,-6.44,-21.04;
27.37,-7.36,-12.85;
22.48,-9.05,-8.52;
32.25,-7.74,-8.59;
35.23,-5.18,-8.75;
32.44,-4.17,-8.04;
25.38,-4.63,-5.84;
17.78,-5.62,-2.94;
7.55,-8.06,-0.86;
6.21,-8.41,-0.56;
7.93,-7.09,-3.01;
12.96,-5.57,-4.85;
18.65,-4.46,-6.08;
21.57,-4.93,-7.11;
19.17,-4.89,-7.26;
14.53,-4.87,-6.72;
11.98,-5.68,-6.25;
12.38,-3.05,-5.59;
10.39,-5.68,-4.85;
-2.23,-3.99,-1.61;
-21.78,-2.96,5.02;
-36.72,-2.80,12.15;
-55.36,-0.61,22.89;
-81.07,-1.88,34.39;
-99.59,-0.75,41.25;
-119.47,-0.81,42.83;
-121.84,-1.50,38.04;
-98.26,-1.76,26.71;
-65.46,-2.20,13.38;
-36.69,-0.76,2.38;
-16.08,1.51,-3.61;
-6.95,2.93,-6.92;
-14.31,2.73,-11.04;
-21.46,1.31,-14.88;
-18.65,-0.73,-18.05;
-7.26,-1.57,-21.91;
2.90,-2.61,-23.50;
7.98,-2.34,-23.40;
5.23,-0.69,-19.78;
-4.48,0.37,-12.80;
-15.04,1.27,-6.13;
-21.03,3.07,-2.19;
-15.68,4.12,-0.37;
-8.48,5.07,0.22;
0.44,5.27,0.77;
12.71,5.97,2.57;
17.74,6.62,4.16;
19.11,7.42,5.11;
13.61,7.50,6.57;
11.84,7.36,9.00;
14.99,6.09,13.89;
19.69,4.24,22.01;
23.96,5.83,32.28;
26.91,8.56,43.05;
32.13,10.11,52.01;
29.99,11.72,58.53;
29.98,11.42,58.99;
27.26,10.17,58.25;
24.56,8.66,58.62;
22.50,8.84,59.95;
26.28,10.30,60.54;
29.45,10.99,58.64;
29.41,10.79,56.01;
27.40,10.35,53.18;
28.93,11.02,51.34;
28.86,11.75,48.97;
24.54,12.90,47.25;
21.52,12.88,45.43;
16.32,11.68,42.53;
9.55,10.75,38.94;
7.66,9.25,36.71;
3.99,8.88,33.61;
-2.66,5.01,29.49;
-5.41,6.55,24.77;
-3.39,3.75,21.15;
-1.44,3.19,15.23;
0.18,0.26,11.28;
2.62,-0.03,8.51;
5.32,-1.41,7.31;
7.64,-3.83,7.66;
8.57,-4.23,7.66;
8.32,-5.76,7.03;
7.80,-7.10,5.46;
7.43,-7.27,3.64;
6.85,-7.67,2.80;
6.28,-7.73,2.22;
2.48,-7.51,2.33;
1.51,-6.43,2.21;
-0.14,-6.02,2.48;
-1.78,-5.51,2.50;
-3.93,-4.80,3.48;
-2.07,-4.43,3.77;
1.29,-3.73,4.25;
1.11,-3.18,4.47;
-1.04,-2.64,4.02;
-2.92,-2.08,3.43;
-2.68,-0.67,2.50;
-2.05,-0.03,1.28;
-4.02,0.70,0.86;
-3.14,1.08,0.85;
-0.11,0.90,0.42;
3.93,1.13,-0.36;
5.22,2.08,-1.21;
4.24,2.67,-1.79;
2.03,3.82,-1.64;
-1.84,4.96,-1.35;
-4.39,5.53,-1.24;
-5.61,5.68,-1.12;
-4.31,5.17,-1.03;
-1.65,5.05,-0.33;
1.81,5.13,-0.86;
1.67,4.53,-0.52;
1.86,3.98,-0.60;
3.74,3.79,-0.66;
2.88,3.86,-0.68;
4.97,3.97,-0.14;
3.60,5.24,-1.15;
1.03,6.00,-1.36;
-2.37,5.50,-1.18;
-3.20,5.34,-1.29;
-3.99,4.99,-1.43;
-3.90,3.77,-1.17;
-2.52,2.76,0.04;
-1.65,1.86,0.89;
-2.11,1.08,2.57;
-3.87,1.20,4.74;
-5.14,1.42,7.09;
-5.15,0.69,8.53;
-3.07,0.21,9.70;
-1.46,-0.67,9.73;
0.41,-2.40,9.80;
1.75,-4.72,8.54;
2.39,-5.89,7.98;
1.81,-6.93,7.32;
1.48,-7.77,5.95;
0.82,-8.37,5.12;
-2.22,-8.43,3.83;
-4.26,-9.28,2.24;
-5.90,-10.54,0.13;
-8.66,-10.43,-2.14;
-9.27,-11.04,-4.23;
-8.75,-12.00,-6.49;
-7.50,-11.83,-8.43;
-9.27,-11.12,-9.78;
-12.75,-10.47,-10.95;
-14.45,-9.48,-10.46;
-15.21,-7.96,-10.20;
-13.35,-6.60,-9.81;
-11.29,-5.92,-9.67;
-11.18,-4.38,-10.07;
-9.15,-3.39,-9.93;
-6.25,-1.83,-9.18;
-4.05,-0.29,-7.36;
-3.91,0.81,-6.08;
-5.61,2.32,-4.05;
-9.20,3.19,-2.43;
-12.77,4.09,-0.85;
-13.90,4.40,0.51;
-14.25,5.42,1.61;
-12.74,5.24,3.00;
-10.01,5.77,4.18;
-7.17,5.88,4.88;
-5.82,6.12,6.01;
-5.39,6.44,7.60;
-5.18,7.30,9.48;
-5.56,7.25,11.23;
-7.18,8.14,12.79;
-7.99,7.94,13.06;
-10.40,7.79,12.54;
-10.80,7.45,12.53;
-10.49,6.67,12.19;
-8.65,5.98,11.17;
-5.75,4.99,10.42;
-3.61,4.20,9.26;
-3.06,2.85,7.25;
-3.97,1.57,5.29;
-4.86,0.44,3.32;
-6.20,-0.47,1.52;
-7.55,-1.48,-0.07;
-8.20,-2.75,-1.55;
-9.12,-3.74,-3.12;
-8.26,-5.38,-5.17;
-6.80,-6.34,-6.89;
-6.02,-7.30,-7.91;
-5.49,-8.25,-8.66;
-5.79,-8.60,-8.54;
-6.39,-9.21,-7.93;
-6.68,-9.42,-6.59;
-7.12,-9.16,-4.42;
-5.07,-8.78,-2.30;
-3.68,-8.06,-0.01;
-1.44,-6.98,2.02;
-0.14,-5.54,4.79;
-0.08,-4.70,6.60;
0.48,-3.56,8.71;
1.38,-2.23,11.18;
0.61,-1.30,12.86;
0.06,-0.03,15.22;
0.28,0.70,16.57;
3.05,2.14,17.49;
4.70,2.88,18.35;
6.01,3.98,18.42;
6.48,4.81,18.51;
6.45,5.43,18.12;
5.03,6.35,17.46;
4.70,7.11,17.00;
4.48,7.33,16.48;
5.74,8.17,15.58;
6.91,8.58,14.50;
8.48,8.47,12.99;
8.38,8.23,12.09;
8.27,8.93,10.21;
8.03,8.49,8.50;
7.40,8.14,7.00;
6.76,7.51,5.34;
7.32,7.53,4.35;
7.25,6.24,3.51;
6.99,5.19,2.99;
5.58,4.90,2.12;
3.29,3.95,1.32;
2.57,2.69,0.77;
1.52,2.09,0.53;
1.28,1.50,0.57;
2.15,0.62,0.36;
0.99,-0.11,0.93;
-0.40,-0.75,1.26;
0.01,-1.38,1.98;
-0.02,-2.20,2.12;
-0.25,-2.46,2.67;
-0.83,-2.99,2.57;
-0.88,-3.16,2.64;
-0.80,-3.16,2.59;
-0.86,-3.02,2.60;
-0.78,-2.80,2.45;
-0.75,-2.08,2.42;
-0.37,-2.08,2.12;
0.21,-1.60,2.02;
0.42,-1.47,1.38;
-0.20,-1.24,0.86;
0.27,-0.92,0.50;
1.00,-0.64,0.33;
2.09,0.21,-0.22;
1.84,0.17,-0.59;
1.32,-0.09,-1.00;
0.79,-0.06,-0.82;
1.00,0.30,-1.06;
1.72,0.41,-1.09;
2.12,0.08,-1.43;
2.97,0.61,-1.23;
2.93,0.37,-1.62;
2.71,0.03,-1.59;
1.95,0.38,-1.21;
1.49,-0.05,-1.04;
1.45,0.18,-0.86;
1.90,-0.14,-0.34;
1.64,-0.54,0.36;
1.46,-0.63,0.60;
1.31,-0.63,0.70;
0.12,-1.09,0.79;
-0.39,-1.19,1.06;
-0.25,-0.84,1.18;
0.41,-1.31,1.49;
0.39,-1.27,1.43;
0.19,-1.18,1.29;
0.38,-1.15,1.28;
-0.14,-0.95,1.23;
-0.33,-0.58,1.28;
-1.32,-0.70,0.93;
-1.79,-0.75,1.31;
-3.07,0.01,1.58;
-2.02,-0.28,2.12;
-0.55,-0.12,2.19;
1.19,-0.47,1.73;
1.05,-0.67,0.94;
0.90,-0.78,0.38;
-0.13,-0.98,-0.30;
-1.64,-1.36,-0.80;
-2.22,-1.41,-1.20;
-2.17,-1.73,-0.98;
-1.41,-1.88,-0.78;
-0.63,-2.38,-0.62;
-0.95,-2.58,-0.34;
-1.99,-2.54,-0.34;
-1.53,-2.26,-0.42;
-0.74,-2.41,0.12;
-1.18,-2.12,0.36;
-0.86,-1.91,0.68;
-0.51,-1.89,1.03;
-0.45,-1.67,1.32;
-0.20,-1.33,1.11;
0.01,-1.10,0.94;
0.27,-0.26,1.37;
-0.07,0.37,0.91;
0.04,0.81,0.67;
0.80,0.96,0.74;
0.79,1.51,0.41;
0.82,1.68,0.38;
0.54,2.04,0.53;
0.90,2.38,0.21;
1.49,2.33,-0.10;
2.19,2.27,-0.23;
2.56,2.49,-0.62;
1.77,2.01,-0.66;
1.67,1.83,-0.74;
1.26,2.00,-0.95;
1.80,1.77,-0.91;
1.72,1.63,-1.11;
1.95,0.99,-1.03;
1.02,0.64,-0.74;
0.01,0.14,-0.36;
-0.33,-0.09,-0.16;
-0.25,-0.52,0.19;
0.10,-0.84,0.24;
0.64,-1.16,0.35;
0.76,-1.09,0.67;
1.60,-0.72,0.65;
0.91,-0.81,0.82;
0.12,-0.73,1.12;
0.51,-0.66,0.94;
0.61,-0.40,0.76;
0.27,0.21,0.94;
0.47,0.59,0.80;
1.43,0.96,0.73;
1.95,1.27,0.47;
2.48,1.89,0.45;
2.83,2.30,0.18;
3.02,2.12,0.27;
2.16,1.50,0.16;
2.86,2.35,0.15;
3.69,2.96,-0.23;
2.76,2.27,-0.11;
1.51,2.72,-0.05;
0.04,2.72,-0.49;
-0.19,2.38,-0.49;
0.68,1.77,-0.48;
1.93,1.31,-0.27;
2.32,0.93,-0.08;
1.23,0.21,0.33;
0.24,-0.06,0.53;
-0.28,-0.26,0.10;
-0.69,-0.32,0.27;
-1.00,-0.72,0.21;
-1.27,-0.81,0.24;
-0.78,-1.28,0.30;
-0.85,-1.18,0.21;
-0.86,-1.60,0.44;
-1.20,-1.68,0.60;
-1.04,-1.47,0.47;
-0.89,-1.05,0.47;
-0.54,-0.93,0.22;
0.06,-0.93,0.41;
-0.25,-0.26,0.51;
-0.71,-0.14,0.65;
-0.59,0.14,0.64;
-0.55,0.15,1.03;
0.35,0.67,1.03;
1.12,0.66,1.25;
1.34,0.55,1.49;
1.40,0.90,1.23;
1.64,0.98,1.37;
1.15,0.95,1.23;
1.11,0.85,0.80;
1.12,0.82,0.80;
2.59,0.95,0.24;
3.57,1.16,0.02;
4.21,0.98,-0.30;
3.26,1.27,-1.14;
1.37,1.16,-1.20;
-0.88,1.37,-1.38;
-1.85,1.13,-1.93;
-1.58,1.20,-1.84;
-0.17,0.98,-1.65;
1.58,0.21,-1.62;
3.19,-0.08,-1.04;
4.56,0.06,-1.07;
3.72,0.11,-0.91;
3.08,-0.15,-1.12;
1.80,0.09,-1.49;
1.31,0.26,-1.52;
0.19,0.41,-1.76;
-1.03,0.30,-2.49;
-1.64,-0.43,-3.76;
-1.36,-0.72,-5.88;
0.13,-0.58,-7.55;
2.47,-0.41,-9.94;
3.74,-0.87,-11.61;
3.31,-1.01,-11.93;
1.98,-1.36,-12.39;
2.32,-1.51,-12.80;
2.53,-1.82,-13.36;
1.23,-1.88,-12.85;
1.03,-2.63,-11.82;
1.02,-2.63,-10.88;
0.99,-3.76,-9.61;
1.28,-4.37,-8.30;
1.45,-4.61,-7.04;
3.37,-4.52,-6.13;
5.15,-4.54,-4.92;
7.15,-4.87,-3.98;
8.16,-4.90,-2.95;
8.39,-5.24,-1.67;
7.09,-5.28,-0.92;
5.35,-5.76,-0.66;
5.12,-5.82,-0.78;
5.28,-5.76,-1.30;
6.97,-6.25,-1.98;
8.44,-6.06,-2.78;
10.71,-6.15,-3.53;
11.81,-6.15,-5.11;
11.40,-5.76,-6.74;
11.12,-5.62,-8.27;
9.19,-5.34,-10.75;
8.50,-5.25,-12.77;
8.97,-5.10,-15.64;
9.99,-5.01,-17.99;
12.18,-4.75,-20.72;
12.85,-4.54,-22.80;
12.22,-5.15,-25.43;
13.29,-5.80,-27.59;
14.61,-6.58,-29.35;
14.59,-7.10,-30.28;
14.54,-7.70,-30.72;
13.48,-7.86,-30.16;
10.36,-7.67,-28.60;
4.97,-7.79,-26.46;
0.80,-7.38,-23.84;
-1.91,-6.84,-21.20;
-2.25,-6.34,-19.00;
-1.52,-6.00,-16.89;
0.24,-5.79,-14.77;
3.51,-5.45,-12.28;
6.53,-4.80,-9.64;
8.71,-3.85,-7.17;
8.94,-2.76,-4.63;
7.69,-2.03,-3.00;
7.05,-1.74,-1.55;
6.96,-1.57,-1.00;
7.57,-1.59,-0.45;
8.39,-2.23,-0.33;
8.73,-2.84,-0.20;
6.35,-4.09,-0.19;
1.69,-5.51,-0.60;
-1.88,-6.44,-1.09;
-5.15,-8.49,-2.77;
-3.50,-10.21,-5.12;
0.77,-10.76,-7.65;
5.90,-10.37,-9.96;
11.60,-9.53,-11.62;
13.11,-8.98,-13.07;
12.99,-8.14,-14.07;
11.61,-6.67,-14.94;
9.77,-5.71,-15.81;
7.86,-5.07,-16.13;
5.99,-3.94,-16.68;
4.01,-3.28,-17.32;
4.85,-2.20,-17.36;
5.15,-0.66,-17.52;
4.71,0.88,-16.85;
3.11,2.30,-16.75;
1.26,3.01,-16.69;
-1.15,4.08,-16.34;
-2.77,4.12,-15.84;
-4.92,4.14,-14.65;
-14.10,4.79,-11.84;
-26.17,5.04,-9.40;
-45.32,5.83,-5.79;
-60.05,6.23,-3.58;
-59.50,5.24,-3.12;
-52.85,3.01,-5.50;
-46.01,2.67,-6.82;
-37.36,2.67,-5.30;
-25.09,5.30,-4.10;
-18.30,7.59,-1.93;
-20.39,7.75,-1.27;
-21.14,8.38,-0.46;
-15.65,8.91,-1.26;
-10.81,8.84,-1.94;
-4.63,8.30,-2.11;
7.77,7.07,-3.67;
14.91,7.59,-6.77;
17.64,8.72,-10.22;
15.09,8.12,-12.45;
7.84,6.53,-12.11;
-3.38,3.02,-11.64;
-14.30,-1.34,-12.10;
-22.23,-2.73,-14.34;
-19.81,-3.01,-16.92;
-16.31,-2.73,-20.37;
-10.13,-1.51,-22.91;
-5.53,-0.37,-23.87;
-4.48,-1.31,-23.47;
-4.55,-1.94,-19.61;
1.55,-1.85,-16.60;
6.42,-1.30,-15.00;
10.96,-1.48,-15.32;
18.74,-0.05,-15.26;
22.91,0.56,-15.58;
23.80,-0.03,-15.14;
23.09,-0.46,-12.42;
21.06,-1.31,-11.58;
20.68,-2.73,-11.88;
24.01,-4.90,-13.91;
34.73,-6.52,-17.64;
47.23,-7.76,-20.71;
64.07,-7.27,-21.12;
67.83,-5.45,-19.87;
61.25,-3.73,-17.06;
47.05,-2.81,-14.13;
31.05,-2.73,-13.65;
13.60,-1.96,-13.12;
4.47,-1.36,-12.82;
-4.89,-0.98,-11.47;
-14.65,-0.32,-9.36;
-25.53,0.82,-7.44;
-40.19,0.40,-4.08;
-48.39,-0.55,-0.19;
-51.79,0.41,2.57;
-53.10,0.09,3.78;
-48.42,-0.11,4.51;
-39.43,0.75,4.04;
-30.42,0.47,3.92;
-16.94,2.09,4.10;
-6.10,4.06,7.35;
-11.67,4.24,10.53;
-26.05,-0.49,12.79;
-24.23,-4.35,11.43;
-7.96,-7.22,5.80;
19.54,-6.03,1.02;
41.67,-2.66,-0.51;
48.13,2.67,3.81;
43.89,4.93,9.86;
21.72,4.84,15.67;
-1.41,6.52,16.01;
-20.71,7.95,14.54;
-39.35,4.95,10.97;
-47.64,4.61,5.98;
-50.88,2.76,2.60;
-50.69,-0.15,1.61;
-36.46,-1.02,-0.66;
-24.04,0.17,-3.26;
-13.21,-1.16,-4.51;
-1.50,0.17,-3.44;
7.19,2.81,-0.46;
8.51,4.08,2.04;
7.49,3.74,4.53;
0.79,2.46,5.80;
-0.63,-0.05,6.07;
-4.65,-0.41,4.39;
-6.92,-1.50,2.76;
-8.68,-1.18,3.12;
-10.22,-0.25,4.73;
-13.70,0.03,6.65;
-12.14,1.05,7.73;
-7.10,1.66,6.19;
3.25,1.77,3.20;
13.31,0.61,-0.07;
21.00,-0.40,-1.82;
26.09,-0.89,-2.36;
32.73,-1.34,-0.91;
40.24,-1.34,2.82;
50.90,-2.41,8.19;
69.63,-3.70,16.15;
88.28,-1.83,27.61;
90.65,1.74,36.42;
74.90,9.01,43.18;
49.17,9.98,43.37;
19.99,9.10,41.69;
-4.42,8.20,38.51;
-13.73,7.79,32.73;
-10.97,8.04,29.44;
1.38,8.46,27.80;
18.33,9.31,27.73;
24.85,11.19,28.38;
23.03,12.23,28.19;
14.79,12.32,27.49;
12.80,12.17,26.31;
14.93,12.64,25.54;
22.24,13.97,24.88;
25.37,15.11,24.30;
27.14,15.95,24.19;
23.22,16.38,24.50;
15.31,16.44,25.02;
4.96,16.78,26.12;
-6.14,15.33,25.72;
-15.12,13.72,25.70;
-17.93,12.72,23.96;
-19.47,9.85,22.67;
-18.49,6.85,21.06;
-20.02,4.70,19.66;
-17.70,3.17,18.04;
-13.88,1.98,16.79;
-5.15,0.70,15.46;
5.03,0.59,15.73;
8.39,0.50,15.98;
8.30,1.79,17.05;
4.27,0.47,17.77;
2.32,1.37,18.04;
2.77,-0.11,19.81;
-0.40,0.53,20.99;
-2.71,-0.46,24.89;
-8.30,-0.72,28.25;
-16.34,-0.55,31.20;
-24.83,-3.91,32.76;
-22.59,-1.73,31.66;
-8.36,-3.88,30.13;
7.37,-5.31,30.28;
16.71,-7.36,32.18;
27.51,-7.41,34.12;
32.48,-9.12,35.09;
27.37,-9.82,33.00;
19.67,-11.82,30.19;
10.22,-13.19,25.05;
4.96,-14.18,19.51;
-0.74,-14.64,15.75;
-6.46,-13.89,11.87;
-11.78,-12.92,10.09;
-16.71,-12.32,8.97;
-21.41,-11.89,7.75;
-23.68,-11.99,5.41;
-21.55,-12.28,1.15;
-18.16,-12.55,-2.48;
-12.59,-12.26,-7.40;
-11.41,-12.25,-11.15;
-10.60,-11.59,-13.38;
-9.04,-8.89,-15.38;
-9.87,-7.45,-16.51;
-13.56,-6.60,-17.49;
-15.99,-6.14,-18.60;
-14.37,-6.29,-19.98;
-4.17,-6.11,-22.14;
4.28,-5.45,-23.01;
4.36,-5.97,-22.59;
0.67,-5.04,-21.46;
-5.03,-4.28,-20.30;
-12.54,-3.34,-18.59;
-18.68,-3.62,-17.41;
-20.97,-1.67,-16.23;
-17.85,-1.80,-15.09;
-13.38,-1.44,-15.29;
-7.04,-1.18,-14.92;
-5.53,-0.11,-15.35;
-6.14,1.25,-15.06;
-9.68,3.30,-14.13;
-12.88,5.48,-11.65;
-15.70,8.04,-10.13;
-16.10,9.75,-8.88;
-15.68,9.98,-8.82;
-12.65,9.74,-9.04;
-8.71,10.09,-9.52;
-5.38,10.06,-9.81;
-1.96,11.92,-10.11;
-4.37,10.56,-10.01;
-7.78,14.35,-9.49;
-12.13,11.36,-8.63;
-13.41,15.65,-9.14;
-14.39,14.08,-10.05;
-14.20,13.14,-12.46;
-10.23,12.29,-13.90;
-8.26,10.50,-15.84;
-7.68,12.79,-15.52;
-6.86,11.74,-14.23;
-5.97,14.32,-13.15;
-8.42,14.17,-11.88;
-12.54,14.32,-11.49;
-14.39,14.23,-11.55;
-13.72,12.70,-11.82;
-11.17,12.49,-11.79;
-6.92,11.80,-10.74;
-5.23,11.27,-9.69;
-4.39,10.24,-7.67;
-4.62,9.86,-6.23;
-6.34,9.25,-3.96;
-8.46,8.49,-2.77;
-10.39,7.88,-2.01;
-12.97,5.71,-1.88;
-15.00,3.05,-0.66;
-14.48,2.15,1.18;
-11.41,0.47,3.51;
-10.83,-1.34,6.51;
-11.97,-3.10,9.84;
-12.14,-3.82,12.91;
-13.70,-5.71,14.12;
-15.39,-6.86,14.93;
-16.54,-7.71,14.91;
-15.91,-9.85,15.46;
-13.56,-11.68,17.43;
-10.08,-12.29,19.61;
-6.37,-13.60,21.90;
-4.26,-14.34,24.15;
-3.18,-14.41,25.93;
-3.49,-13.92,26.88;
-5.23,-12.41,26.85;
-7.52,-12.08,26.59;
-8.43,-11.24,25.99;
-6.37,-9.60,25.90;
-4.39,-8.21,25.92;
-1.39,-7.56,25.66;
2.67,-5.50,25.34;
3.98,-4.43,24.89;
5.49,-2.49,24.16;
4.48,-0.98,23.37;
3.61,0.85,22.16;
3.43,2.64,21.00;
4.68,3.68,19.83;
7.93,4.52,17.72;
11.72,5.43,15.92;
14.21,5.54,14.51;
15.22,6.12,12.96;
14.53,6.26,11.41;
11.87,6.37,9.96;
9.32,6.15,8.94;
6.91,5.91,7.87;
6.71,4.87,6.86;
8.33,4.47,5.84;
10.06,3.63,4.54;
10.45,2.49,3.81;
8.56,1.19,3.31;
5.00,0.08,2.94;
2.24,-0.81,3.44;
0.82,-1.44,3.20;
0.32,-2.14,3.08;
-0.25,-3.28,3.06;
-1.04,-4.08,2.93;
-0.92,-3.91,2.65;
-2.52,-4.15,2.27;
-3.99,-3.86,1.61;
-4.63,-3.45,1.03;
-4.81,-2.98,0.79;
-3.91,-2.84,0.45;
-3.10,-2.38,-0.28;
-2.91,-2.12,-0.59;
-2.65,-1.88,-1.23;
-2.77,-1.48,-1.46;
-2.88,-0.87,-2.01;
-3.36,-0.41,-2.31;
-3.61,0.40,-2.39;
-2.88,0.41,-2.20;
-1.81,0.87,-2.02;
-0.91,1.28,-1.20;
0.04,1.50,-0.78;
0.57,1.53,-0.95;
-0.07,1.63,-0.77;
-0.48,1.95,-0.89;
-0.08,2.01,-0.92;
0.45,2.43,-1.17;
1.00,2.52,-1.26;
0.65,2.40,-1.24;
0.25,2.24,-1.06;
0.53,1.91,-1.21;
0.13,1.79,-0.63;
-0.22,1.77,-0.68;
-1.30,1.57,-0.42;
-1.96,1.25,0.01;
-1.85,1.54,0.13;
-0.65,1.10,0.06;
1.26,0.95,0.36;
1.61,0.41,0.39;
0.96,0.38,0.38;
-0.01,0.43,0.53;
-0.74,-0.47,0.68;
-0.97,-0.12,0.89;
-0.69,-0.14,0.59;
0.18,-0.31,0.71;
0.53,-0.09,0.76;
0.38,-0.20,0.67;
0.28,-0.38,0.67;
0.35,-0.50,0.60;
-0.26,-0.40,0.54;
-0.31,-0.18,0.50;
-0.34,-0.43,0.73;
0.09,-0.54,0.73;
0.70,-0.14,0.62;
0.97,-0.26,0.93;
0.76,0.08,1.17;
0.33,0.08,1.14;
1.00,0.44,1.00;
1.03,0.41,0.88;
0.45,0.43,1.06;
0.30,0.43,0.67;
-0.22,0.55,0.57;
-0.57,0.47,1.02;
-0.16,0.62,0.91;
0.32,0.72,0.71;
1.14,0.87,0.44;
1.84,0.84,0.36;
1.74,0.26,0.18;
1.29,0.59,0.25;
-0.26,0.72,-0.17;
-0.55,0.29,-0.27;
-0.37,0.49,-0.68;
-0.11,0.32,-0.92;
0.36,0.69,-0.85;
1.17,0.43,-0.80;
1.23,0.09,-0.83;
1.11,0.43,-0.63;
1.12,0.55,-0.65;
0.38,0.32,-0.62;
-0.54,0.27,-0.66;
-1.20,-0.05,0.18;
-0.40,0.40,0.30;
0.88,0.35,0.15;
1.02,0.06,0.35;
0.71,0.35,0.54;
0.16,0.23,0.48;
0.09,0.01,0.68;
-0.86,0.09,0.86;
-0.26,0.11,0.96;
1.22,0.14,0.82;
1.14,0.14,1.22;
0.42,0.40,1.55;
-0.22,0.38,1.38;
-0.49,0.32,0.88;
0.36,0.44,0.82;
0.94,0.66,1.05;
1.46,0.56,0.96;
1.58,0.59,1.02;
1.09,0.56,1.44;
0.56,0.23,1.18;
0.39,0.04,0.91;
0.47,0.04,0.67;
0.42,0.04,0.94;
0.57,0.26,0.82;
0.93,0.37,0.79;
0.76,0.44,1.05;
1.54,0.43,0.65;
1.28,0.43,0.71;
1.32,0.21,0.64;
0.88,0.52,0.54;
0.50,0.43,0.48;
0.61,-0.03,0.39;
0.32,0.01,0.27;
0.44,-0.20,0.51;
0.59,0.37,0.31;
0.73,0.43,0.31;
1.00,0.15,0.10;
0.99,-0.05,-0.11;
0.22,-0.06,0.01;
-0.26,-0.09,0.39;
-0.33,0.15,0.09;
0.06,-0.14,0.09;
0.22,0.14,-0.04;
0.45,0.33,0.01;
0.27,0.27,0.25;
0.30,0.15,0.18;
-0.17,0.21,0.42;
-0.14,0.24,0.47;
0.13,0.14,0.15;
0.45,0.17,-0.08;
0.48,0.17,-0.27;
0.51,-0.08,-0.34;
-0.08,0.09,-0.31;
-0.49,0.08,-0.49;
-0.63,0.21,-0.60;
-0.54,0.11,-0.69;
-0.17,-0.06,-0.71;
-0.19,-0.12,-0.51;
-0.02,-0.00,-0.59;
0.24,0.17,-0.51;
0.01,0.21,-0.13;
0.35,0.73,0.04;
1.03,0.95,-0.08;
1.29,1.24,-0.16;
1.25,1.27,-0.07;
1.26,1.45,-0.22;
1.11,1.80,-0.20;
1.86,1.98,0.16;
2.09,2.09,0.02;
2.33,1.92,0.18;
1.83,2.30,0.30;
1.51,1.80,0.35;
0.74,1.80,0.50;
0.50,1.16,0.44;
0.41,0.64,0.48;
0.13,0.43,0.56;
0.39,0.09,0.50;
-0.17,-0.35,0.74;
-0.33,-0.84,0.53;
-0.66,-1.09,0.48;
-0.68,-1.31,0.30;
-1.18,-1.63,0.53;
-0.77,-2.03,0.48;
-0.83,-1.80,0.73;
-1.01,-1.91,0.59;
-0.98,-1.67,0.59;
-1.56,-1.80,0.53;
-1.39,-1.57,0.16;
-0.97,-1.22,-0.37;
-0.14,-0.73,-0.92;
0.90,-0.41,-1.58;
0.56,0.18,-2.45;
0.33,0.08,-3.33;
-0.77,0.11,-4.39;
-1.50,0.66,-5.47;
-1.41,0.55,-6.08;
-0.43,0.46,-6.82;
0.65,0.33,-7.59;
1.41,0.15,-8.19;
1.69,-0.02,-8.85;
2.32,-0.17,-9.18;
3.08,-0.31,-9.75;
2.13,-0.64,-10.30;
0.82,-0.89,-10.68;
0.01,-1.62,-11.81;
-0.37,-1.36,-12.92;
-1.88,-2.00,-14.39;
-3.75,-2.38,-16.27;
-4.81,-3.24,-17.96;
-5.38,-3.85,-19.55;
-4.66,-3.96,-21.73;
-3.44,-4.61,-23.15;
-1.97,-5.15,-24.85;
-0.43,-5.41,-26.01;
1.00,-5.63,-27.33;
2.19,-5.39,-28.07;
3.26,-5.05,-28.45;
4.25,-5.10,-28.82;
4.86,-5.56,-28.88;
4.25,-5.48,-28.59;
3.28,-5.51,-27.84;
2.67,-5.70,-27.12;
3.14,-5.36,-25.79;
2.39,-5.09,-24.74;
2.28,-4.87,-23.17;
3.23,-4.64,-21.70;
4.39,-4.29,-19.69;
5.61,-4.21,-17.69;
6.76,-3.88,-16.14;
8.94,-3.56,-14.25;
10.12,-3.12,-12.66;
11.09,-2.86,-11.18;
12.48,-2.46,-10.33;
12.50,-2.34,-8.88;
13.02,-2.21,-7.87;
12.57,-1.96,-6.83;
11.92,-1.83,-6.16;
11.32,-1.48,-4.69;
10.45,-1.42,-3.82;
9.45,-1.56,-2.66;
8.35,-1.34,-1.87;
9.28,-1.13,-1.07;
10.83,-0.80,-0.51;
11.35,-0.40,-0.07;
11.67,-0.15,0.18;
11.32,-0.14,0.79;
11.25,0.06,1.52;
11.90,0.11,2.39;
12.36,0.14,3.29;
10.79,-0.43,3.83;
9.80,-0.98,4.15;
9.09,-1.05,4.44;
7.29,-1.74,4.76;
6.28,-2.29,5.55;
5.58,-2.58,5.70;
5.38,-3.18,5.69;
6.50,-3.60,5.31;
7.35,-3.79,5.26;
8.36,-4.32,5.41;
11.45,-5.33,5.23;
13.15,-5.27,3.89;
13.77,-5.18,2.24;
14.19,-5.48,0.79;
12.77,-6.14,0.33;
12.03,-6.14,0.57;
11.72,-5.77,0.65;
10.82,-5.51,0.33;
10.96,-5.25,-0.20;
11.43,-5.01,-1.35;
11.08,-4.35,-1.44;
10.36,-4.02,-1.07;
8.13,-3.62,-0.98;
6.21,-4.09,-0.91;
4.41,-3.48,-1.65;
3.52,-2.98,-2.80;
5.67,-2.52,-3.62;
11.54,-0.81,-4.16;
11.26,-1.02,-4.14;
10.82,-1.34,-4.40;
11.84,-1.01,-5.53;
11.98,0.11,-7.04;
13.45,0.15,-8.46;
14.97,1.43,-8.85;
15.29,1.50,-8.89;
14.41,1.53,-10.17;
12.91,2.06,-12.22;
10.01,2.56,-13.29;
6.50,2.21,-13.88;
2.39,2.11,-13.46;
-0.49,1.24,-13.49;
-3.82,-0.05,-14.17;
-1.00,-1.24,-15.70;
3.43,-1.07,-17.65;
5.95,0.43,-18.25;
5.06,0.93,-16.43;
2.86,0.53,-11.94;
9.03,0.98,-9.98;
14.99,2.79,-8.78;
20.39,4.61,-9.09;
19.58,5.95,-10.62;
13.70,7.60,-11.35;
7.09,6.12,-10.92;
-3.15,5.30,-11.12;
-10.07,4.11,-11.55;
-14.20,2.82,-12.75;
-12.28,1.36,-16.62;
-9.46,1.92,-18.95;
-7.18,1.66,-20.54;
-4.62,2.11,-21.82;
-5.70,2.96,-21.87;
-8.40,3.48,-22.59;
-12.71,4.37,-23.46;
-17.47,3.72,-24.37;
-17.00,2.38,-25.91;
-13.65,2.64,-26.20;
-7.50,2.50,-25.72;
-4.52,2.73,-24.88;
-2.28,3.01,-24.43;
0.85,2.23,-24.92;
2.77,2.58,-25.29;
5.35,2.23,-24.19;
3.22,2.08,-21.98;
-5.84,1.16,-20.19;
-13.14,0.03,-18.71;
-12.52,-1.15,-17.76;
-12.02,-1.04,-16.80;
-12.28,0.47,-14.36;
-14.46,1.60,-12.77;
-20.66,1.17,-11.64;
-24.86,0.87,-11.81;
-23.17,0.99,-11.75;
-17.64,1.36,-10.56;
-10.83,1.71,-8.62;
-10.49,3.07,-8.19;
-12.08,4.50,-9.62;
-16.80,7.19,-12.37;
-27.04,12.04,-15.62;
-50.25,15.74,-16.48;
-76.11,16.29,-13.35;
-90.02,15.89,-10.54;
-90.22,15.08,-9.55;
-81.47,14.55,-9.30;
-70.28,13.56,-7.06;
-68.25,12.18,-3.11;
-73.10,7.51,4.70;
-80.02,4.03,10.22;
-89.46,-0.38,14.45;
-79.26,-3.45,15.41;
-65.81,-4.54,13.61;
-40.43,-6.26,12.93;
-27.59,-7.05,11.55;
-13.84,-9.34,10.80;
-1.81,-10.02,9.26;
4.91,-9.42,6.83;
11.67,-8.93,3.44;
13.72,-8.11,-0.60;
12.25,-7.53,-3.01;
8.07,-7.86,-4.86;
5.51,-7.86,-5.75;
-0.57,-8.09,-6.46;
-4.08,-7.28,-5.81;
-7.97,-6.52,-4.65;
-13.91,-6.67,-1.49;
-15.65,-4.46,2.19;
-18.25,-4.34,5.34;
-20.36,-1.73,7.41;
-22.54,-1.96,9.41;
-26.43,-0.57,12.10;
-41.04,-1.33,15.95;
-56.81,-2.12,18.71;
-68.81,-4.14,19.35;
-71.44,-3.28,17.83;
-67.32,-6.37,14.35;
-57.38,-6.57,10.10;
-43.32,-6.08,6.35;
-30.51,-6.55,2.38;
-14.22,-6.44,-1.56;
3.49,-5.88,-6.57;
22.51,-6.02,-12.23;
38.76,-6.73,-16.17;
45.93,-6.66,-18.60;
45.77,-6.63,-19.33;
38.48,-5.79,-18.48;
27.99,-4.69,-16.98;
13.98,-3.36,-13.99;
2.32,-2.40,-11.73;
-4.36,-1.71,-10.27;
-7.87,-0.84,-8.88;
-8.39,0.12,-7.43;
-7.76,1.63,-5.69;
-4.52,3.08,-2.80;
3.60,6.11,0.85;
22.67,8.38,4.10;
34.07,10.84,7.02;
41.05,13.94,11.38;
43.06,15.28,15.32;
30.65,14.55,17.15;
11.31,12.81,15.93;
0.71,10.53,11.90;
3.03,8.12,8.48;
14.07,6.73,6.97;
34.61,6.08,7.22;
56.73,5.46,10.38;
68.22,2.81,14.74;
74.12,2.59,19.37;
69.86,2.49,20.15;
68.25,2.84,18.62;
67.49,3.34,15.89;
61.41,2.72,12.10;
53.14,1.37,7.66;
45.66,0.43,4.04;
33.55,-0.84,0.57;
19.37,-2.14,-2.30;
10.83,-3.45,-3.70;
4.21,-3.89,-5.76;
4.13,-2.43,-7.27;
9.61,-2.46,-6.66;
15.75,-2.54,-3.70;
23.64,-0.86,1.06;
25.61,1.30,4.27;
25.02,2.66,6.54;
20.79,4.88,8.65;
15.74,5.39,11.03;
12.76,5.22,12.50;
11.64,4.79,13.23;
15.23,4.04,14.36;
20.51,3.30,15.31;
23.72,2.72,16.47;
24.96,1.82,17.28;
22.39,1.01,17.87;
17.61,-0.03,18.15;
11.46,-1.56,18.77;
6.97,-2.81,18.74;
5.05,-3.27,19.06;
3.67,-3.54,20.27;
3.05,-4.34,22.10;
2.48,-5.04,23.99;
4.54,-5.77,25.34;
5.15,-6.26,26.44;
3.58,-7.57,28.09;
4.45,-9.99,28.59;
11.90,-13.28,28.15;
19.15,-15.71,26.02;
24.91,-17.91,24.54;
32.45,-20.06,23.87;
37.46,-20.99,22.45;
37.46,-21.16,21.98;
34.39,-21.09,21.72;
24.22,-19.88,21.69;
17.28,-18.81,23.06;
10.65,-17.71,24.57;
-0.26,-16.89,25.22;
-4.75,-16.06,25.20;
-5.44,-14.12,25.55;
-4.25,-11.45,26.93;
-7.04,-9.56,28.35;
-12.78,-8.02,29.77;
-18.92,-6.11,30.77;
-20.85,-5.38,30.67;
-17.01,-4.38,29.18;
-12.45,-3.22,27.05;
-4.74,-1.74,24.25;
4.82,-0.86,22.94;
11.15,0.79,21.17;
15.52,3.40,18.07;
15.29,4.90,16.54;
11.11,7.57,16.15;
6.94,2.85,15.57;
6.22,5.27,14.04;
7.48,3.22,13.35;
8.16,4.00,11.61;
4.03,3.97,9.11;
-2.01,4.50,7.02;
-6.55,5.02,5.46;
-10.77,5.57,4.82;
-13.15,5.50,5.57;
-11.23,5.43,5.54;
-7.06,5.31,4.57;
-2.26,4.40,3.54;
2.91,3.66,2.42;
6.59,3.98,0.13;
6.56,4.88,-2.75;
2.86,6.01,-4.69;
-3.39,6.62,-5.81;
-8.04,5.85,-6.92;
-8.39,5.37,-8.83;
-4.91,5.13,-11.67;
-2.65,4.01,-14.85;
-3.58,2.43,-17.36;
-5.82,2.35,-19.15;
-6.85,2.26,-20.56;
-9.94,2.29,-21.87;
-11.70,1.80,-22.66;
-11.21,2.11,-23.46;
-10.25,2.27,-23.94;
-7.73,1.77,-24.46;
-6.85,1.83,-24.98;
-7.64,1.80,-25.50;
-8.08,2.14,-25.32;
-10.36,2.66,-24.59;
-13.06,2.03,-23.88;
-15.38,2.93,-22.56;
-16.72,2.24,-21.88;
-15.17,2.32,-21.41;
-12.10,2.46,-20.52;
-10.28,2.66,-19.67;
-10.13,2.70,-18.10;
-11.30,3.69,-16.01;
-13.59,4.59,-13.73;
-15.90,5.60,-11.30;
-17.96,6.81,-9.14;
-18.75,7.91,-6.31;
-15.79,7.97,-3.99;
-11.65,8.18,-2.57;
-5.49,8.41,-1.21;
-1.44,7.83,0.15;
0.88,6.90,2.30;
0.61,6.14,4.53;
-1.68,6.52,6.39;
-8.01,1.68,7.48;
-11.88,4.11,9.34;
-17.93,-0.02,9.49;
-18.55,-1.48,9.99;
-16.97,-3.79,10.82;
-14.19,-5.39,11.44;
-10.91,-7.09,12.24;
-8.85,-8.72,12.45;
-9.47,-9.82,12.04;
-9.67,-11.16,11.60;
-9.79,-11.54,11.12;
-10.45,-12.37,10.96;
-12.20,-12.76,10.73;
-14.13,-12.70,10.60;
-15.75,-12.87,10.59;
-17.17,-13.39,10.18;
-16.57,-13.01,10.19;
-14.59,-12.00,9.51;
-10.45,-11.50,9.77;
-9.27,-10.96,9.48;
-8.40,-10.40,9.44;
-8.30,-9.22,9.57;
-7.84,-7.31,9.43;
-7.67,-6.40,10.04;
-9.50,-4.86,11.17;
-8.88,-3.16,12.64;
-6.36,-1.36,13.35;
-2.88,-0.31,14.01;
-1.27,0.85,14.99;
-0.28,2.00,15.57;
1.17,2.88,16.50;
2.74,3.59,17.41;
3.35,4.30,18.27;
3.51,4.95,19.29;
3.81,6.15,20.12;
3.93,6.90,20.38;
2.24,7.79,19.96;
1.28,8.64,19.54;
1.99,9.37,18.96;
3.03,9.50,18.36;
3.40,9.79,17.31;
3.81,9.65,16.39;
2.83,9.20,15.48;
0.62,8.37,15.37;
-1.49,7.83,15.15;
-2.08,7.27,14.96;
-1.33,6.82,14.51;
0.57,6.55,13.73;
4.12,6.11,12.16;
7.37,5.65,10.44;
9.29,5.07,7.90;
9.31,4.23,6.24;
7.12,3.13,3.89;
3.84,2.44,1.75;
1.49,1.65,0.57;
-0.02,0.79,-1.40;
-0.39,0.06,-2.36;
-0.57,-1.04,-3.47;
-0.72,-1.83,-4.05;
-0.52,-2.40,-4.40;
-0.62,-2.87,-4.62;
-1.10,-3.56,-4.82;
-1.67,-3.96,-4.54;
-2.19,-4.28,-4.60;
-2.57,-4.41,-4.52;
-3.12,-4.44,-4.01;
-3.84,-4.34,-3.44;
-4.33,-4.32,-2.94;
-4.65,-4.46,-2.25;
-3.62,-4.14,-1.53;
-2.46,-3.62,-0.45;
-1.07,-3.02,0.12;
-0.59,-2.47,0.82;
-1.17,-1.70,0.67;
-2.17,-1.18,0.74;
-2.74,-0.66,0.56;
-2.63,0.32,0.19;
-1.59,0.67,-0.16;
-0.69,1.22,-0.42;
0.04,1.46,-0.34;
1.15,1.97,-0.16;
1.06,2.08,-0.16;
0.19,2.15,-0.19;
0.07,2.67,-0.57;
-0.01,2.59,-1.14;
-0.14,2.67,-1.20;
-0.02,2.53,-1.58;
0.33,2.41,-1.91;
0.21,2.01,-1.93;
0.73,1.65,-1.67;
1.06,1.14,-1.62;
