0.19,-0.38,-0.09;
0.47,-0.50,0.14;
0.39,-0.50,-0.09;
0.39,-0.56,-0.09;
0.01,-0.11,0.07;
-0.11,0.15,0.35;
0.19,0.25,0.32;
0.10,-0.30,0.26;
-0.23,-0.70,0.04;
0.15,-0.69,0.12;
-0.02,-0.85,0.18;
0.04,-0.38,0.03;
0.18,0.15,-0.11;
0.22,-0.11,0.14;
0.03,-0.30,-0.06;
-0.07,-0.56,-0.23;
-0.14,-0.52,-0.00;
-0.46,-0.58,-0.08;
-0.66,-0.55,-0.14;
-0.33,-0.37,-0.22;
-0.01,-0.29,-0.19;
-0.20,-0.41,-0.12;
-0.16,-0.29,-0.06;
0.74,-0.12,0.14;
0.25,-0.33,0.12;
0.21,-0.29,-0.11;
-0.14,0.00,-0.02;
-0.48,0.18,-0.09;
-0.94,-0.14,-0.00;
-0.81,-0.37,-0.05;
-0.51,-0.44,0.07;
-0.26,-0.58,0.27;
-0.51,-0.62,0.49;
-0.46,-0.18,0.58;
-1.06,0.87,0.32;
-0.39,0.86,-0.02;
-0.30,0.84,-0.02;
-0.17,0.44,-0.22;
0.06,0.23,0.17;
0.03,0.25,0.10;
-0.04,0.64,0.12;
-0.05,1.57,0.26;
0.30,2.09,0.56;
0.25,3.09,1.10;
0.76,3.96,1.26;
1.09,5.25,1.39;
1.14,6.70,1.46;
-0.04,7.31,1.84;
-1.20,6.89,2.94;
-1.26,6.78,3.71;
-1.41,7.22,4.10;
-2.31,9.04,4.87;
-3.23,10.89,5.46;
-3.73,12.66,5.95;
-3.97,15.31,6.88;
-1.56,21.16,7.98;
-2.63,25.80,9.51;
-6.60,32.35,10.43;
-5.41,40.37,10.62;
-0.22,58.54,12.20;
-0.98,72.47,11.40;
-9.59,68.11,11.04;
-15.33,55.13,13.08;
-16.34,59.33,16.21;
-15.47,77.36,19.01;
-19.61,77.44,19.49;
-19.90,62.86,19.83;
-17.21,59.27,23.83;
-3.73,77.19,28.32;
-1.18,88.81,29.39;
-4.86,97.67,31.02;
-17.27,104.84,38.91;
-22.75,82.96,41.80;
-19.23,64.83,38.78;
-19.59,58.89,34.01;
-7.27,50.00,31.31;
-3.15,46.61,33.22;
-5.55,54.72,33.91;
5.31,57.76,34.70;
12.80,73.62,34.00;
17.70,74.21,29.19;
27.52,57.96,21.69;
21.38,62.35,16.21;
25.12,68.32,14.85;
32.93,73.05,16.27;
30.58,86.70,12.04;
26.07,89.91,3.63;
20.04,89.21,1.98;
12.41,79.31,3.33;
-1.49,77.94,7.17;
-14.75,80.73,15.62;
-25.15,78.79,22.18;
-40.37,77.80,21.55;
-46.05,80.15,22.99;
-28.19,77.70,23.07;
-20.46,76.92,21.22;
-10.22,84.95,17.89;
-8.92,83.83,15.13;
-14.80,84.29,8.39;
11.52,76.72,-0.57;
9.48,75.94,-3.22;
13.63,81.38,-3.71;
17.64,86.92,-1.50;
9.41,92.17,-0.60;
-1.61,91.86,-2.28;
-5.13,88.86,0.85;
-6.83,86.83,5.10;
-10.94,84.92,6.52;
-15.10,87.70,10.85;
-9.53,90.06,11.33;
-9.13,88.99,11.08;
-11.41,87.01,10.88;
2.68,88.18,5.17;
2.13,86.57,4.29;
8.19,85.57,7.71;
8.42,87.65,5.22;
6.59,86.75,3.91;
8.30,83.01,5.94;
6.77,81.01,8.24;
3.11,79.99,11.39;
3.22,80.69,9.36;
-2.45,78.90,8.78;
-4.31,75.24,10.07;
-4.83,75.86,9.92;
-2.66,75.67,7.95;
4.54,78.18,5.84;
3.72,77.48,1.19;
-0.80,74.37,-1.42;
-7.70,70.73,-4.03;
-7.30,75.21,-0.37;
-12.98,72.75,-0.70;
-8.33,74.05,1.14;
-12.37,71.94,2.00;
-16.23,71.22,1.42;
-9.20,73.34,1.37;
-13.58,69.80,1.01;
-8.45,72.52,-0.19;
-8.86,72.03,-3.22;
-9.03,70.03,-6.00;
4.70,70.66,-7.24;
0.38,74.90,-0.40;
-4.14,69.10,-1.06;
-2.20,68.61,2.46;
1.29,65.71,1.55;
-2.46,66.17,1.37;
-9.71,63.13,-1.12;
-5.53,65.30,0.73;
-4.45,62.67,1.16;
-6.05,57.65,2.26;
-4.20,56.99,2.14;
-6.92,55.91,3.25;
-9.04,55.63,5.42;
-9.29,55.31,4.03;
-5.29,51.60,3.51;
0.47,48.00,0.94;
4.73,45.68,-0.02;
3.40,41.36,1.42;
0.27,40.02,3.94;
-5.96,37.01,4.90;
-9.84,33.38,3.02;
-8.26,31.54,2.00;
-2.95,28.70,0.36;
3.16,26.35,0.23;
2.03,25.88,-0.05;
0.88,23.65,-0.35;
-1.07,20.52,-1.35;
-1.15,17.31,-1.74;
0.16,14.20,-1.93;
1.48,9.48,-1.82;
0.61,6.67,-2.67;
-0.11,4.43,-2.72;
-0.98,2.34,-3.48;
0.56,-1.59,-5.57;
0.51,-4.30,-6.22;
1.35,-7.31,-6.69;
2.24,-10.59,-6.34;
0.38,-11.95,-6.96;
-0.20,-13.98,-6.72;
-0.66,-17.72,-6.64;
0.19,-22.24,-6.49;
3.96,-25.04,-5.39;
7.14,-29.75,-4.52;
10.64,-32.38,-3.21;
15.61,-34.35,-2.34;
17.28,-37.85,-2.17;
20.64,-41.42,-1.59;
21.20,-44.88,-2.03;
20.74,-47.65,-1.48;
20.03,-49.60,-0.35;
23.75,-56.20,1.26;
22.91,-60.55,2.26;
21.09,-61.31,4.00;
20.62,-64.30,5.34;
18.09,-68.12,5.84;
19.03,-69.72,6.67;
19.95,-69.59,6.84;
22.97,-73.07,6.15;
21.98,-75.89,4.94;
20.06,-75.95,4.14;
20.85,-77.74,3.95;
19.93,-78.14,2.99;
17.16,-79.36,1.48;
12.62,-81.40,0.97;
12.06,-82.79,2.61;
8.85,-83.85,2.67;
3.45,-84.98,2.75;
0.16,-82.47,3.26;
1.52,-82.90,4.49;
4.83,-85.43,6.00;
6.22,-85.02,4.88;
2.41,-85.31,3.30;
5.25,-85.05,3.69;
4.18,-86.72,4.81;
7.63,-85.59,6.53;
6.18,-85.54,6.50;
9.83,-84.66,4.91;
8.35,-84.06,3.19;
6.59,-85.88,1.94;
4.13,-83.01,2.06;
3.26,-83.86,1.23;
0.56,-82.21,0.20;
-6.69,-82.27,-0.92;
-14.43,-83.17,-0.75;
-12.01,-83.65,1.01;
-9.03,-83.45,3.46;
-3.87,-83.92,2.35;
-7.53,-81.22,1.98;
-13.20,-79.24,4.78;
-18.91,-81.77,7.62;
-17.32,-84.58,7.92;
-14.22,-89.66,6.39;
-6.63,-92.35,4.64;
-2.65,-88.32,4.88;
0.16,-86.21,6.06;
-1.96,-81.72,6.97;
-5.85,-81.59,5.91;
-4.98,-84.66,4.61;
5.08,-90.90,1.23;
9.84,-89.80,-1.65;
7.93,-84.35,-2.40;
9.46,-78.06,-1.97;
4.39,-74.66,-3.83;
2.22,-75.75,-6.00;
-16.16,-77.34,-10.61;
-13.38,-72.23,-12.05;
-19.42,-72.96,-11.97;
-18.20,-72.84,-11.91;
-20.25,-70.15,-11.21;
-20.16,-69.97,-11.50;
-28.74,-69.42,-9.88;
-31.68,-70.09,-11.88;
-24.57,-71.54,-11.22;
-33.01,-69.92,-11.13;
-31.59,-69.01,-12.98;
-26.62,-69.11,-11.25;
-11.84,-71.71,-11.73;
-16.65,-68.98,-12.17;
-9.99,-61.85,-15.91;
-6.40,-59.08,-16.54;
-2.89,-61.30,-15.06;
-5.23,-59.60,-12.72;
-6.23,-52.85,-17.71;
-9.41,-52.32,-19.54;
-18.80,-55.17,-14.87;
-23.93,-53.13,-14.34;
-26.39,-48.75,-13.03;
-25.91,-48.98,-12.43;
-22.71,-51.36,-13.35;
-21.23,-46.78,-13.85;
-17.82,-43.50,-13.45;
-11.61,-36.26,-12.02;
-8.05,-38.20,-11.96;
-1.70,-38.14,-16.09;
0.42,-40.08,-16.26;
4.56,-35.28,-14.83;
7.19,-35.60,-15.28;
11.64,-34.38,-16.93;
10.35,-29.75,-20.84;
8.19,-39.34,-22.83;
2.39,-37.72,-21.97;
0.68,-38.24,-20.34;
-3.59,-38.59,-17.93;
-7.78,-40.84,-11.30;
1.05,-40.30,-14.87;
6.44,-33.22,-14.09;
9.54,-32.30,-15.65;
12.96,-32.90,-15.51;
7.35,-25.13,-15.21;
4.70,-26.49,-14.45;
6.18,-29.16,-13.24;
7.89,-23.16,-12.32;
8.42,-25.13,-12.80;
10.27,-28.04,-11.42;
9.06,-23.05,-10.37;
1.58,-22.18,-10.31;
3.19,-26.96,-9.85;
4.88,-22.50,-8.55;
6.96,-17.21,-8.60;
8.09,-17.10,-8.12;
8.19,-19.01,-8.23;
7.11,-19.48,-8.43;
6.39,-17.97,-8.54;
4.30,-19.51,-8.63;
0.22,-23.54,-8.17;
-1.78,-27.71,-8.09;
-3.23,-31.72,-8.90;
-6.51,-36.08,-9.64;
-7.84,-36.78,-8.70;
-1.09,-33.63,-7.12;
4.33,-27.94,-4.55;
7.61,-22.08,-3.06;
5.45,-15.28,-2.61;
1.06,-11.98,-3.57;
-1.96,-13.57,-4.95;
-3.33,-18.47,-4.98;
-4.34,-22.52,-4.26;
-5.88,-27.19,-3.19;
-6.60,-26.41,-1.68;
-2.01,-16.95,-0.84;
1.49,-9.45,-0.86;
1.19,-3.01,-1.22;
2.25,-0.15,-1.36;
3.19,-0.79,-2.12;
0.32,-2.62,-1.96;
-2.89,-5.17,-1.70;
-3.62,-6.76,-0.89;
-2.75,-7.37,-0.23;
-1.99,-5.65,1.13;
-2.17,-2.93,1.80;
-2.05,-0.93,1.19;
-0.80,0.87,1.23;
0.47,0.67,1.02;
0.50,-0.09,1.23;
-0.84,-0.98,0.82;
-2.37,-1.45,0.56;
-3.30,-1.27,0.44;
-3.03,-1.30,0.49;
-1.90,-0.82,0.73;
0.04,0.02,1.11;
1.02,0.87,1.26;
1.81,1.38,0.78;
1.35,1.12,0.91;
0.42,0.89,0.76;
-0.42,0.96,0.72;
-1.06,0.64,0.53;
-1.29,0.49,0.15;
-1.41,0.40,0.36;
-0.45,0.40,0.09;
0.35,-0.06,0.43;
0.54,-0.30,0.59;
1.32,0.34,0.64;
1.55,0.49,0.50;
0.79,0.89,0.36;
0.39,1.13,0.04;
0.13,1.04,0.10;
-0.05,0.52,0.36;
0.32,0.12,0.44;
0.54,0.29,0.17;
0.70,0.14,-0.28;
0.47,-0.08,-0.09;
0.58,-0.14,0.33;
0.79,-0.06,0.10;
0.77,0.08,-0.22;
0.76,-0.26,-0.52;
1.16,-0.01,-0.35;
1.35,0.15,-0.58;
1.32,-0.08,-0.61;
1.22,-0.46,-0.89;
1.37,-1.14,-0.96;
1.20,-1.36,-1.10;
0.88,-1.82,-1.12;
1.35,-1.63,-1.39;
1.80,-1.92,-1.39;
1.64,-1.83,-1.13;
1.72,-1.45,-1.03;
1.87,-1.33,-0.96;
1.55,-1.07,-0.89;
0.74,-1.13,-0.92;
-0.17,-1.19,-1.03;
-0.80,-1.11,-0.80;
-1.17,-1.17,-0.60;
-1.49,-1.01,-0.37;
-1.44,-1.22,-0.41;
-0.98,-0.53,-0.11;
-0.59,-0.14,0.03;
-0.95,0.02,0.04;
-1.01,0.17,-0.31;
-1.10,0.21,0.03;
-0.81,0.05,0.15;
-0.88,0.18,0.03;
-0.86,0.38,0.10;
-1.00,0.46,0.14;
-1.09,0.47,0.18;
-1.67,0.55,-0.02;
-1.85,-0.01,0.26;
-1.21,-0.26,0.41;
-1.29,0.15,0.65;
-1.21,0.34,0.50;
-0.89,0.52,0.39;
-0.86,0.46,-0.06;
-0.74,0.40,-0.26;
-0.42,0.31,-0.22;
0.27,-0.03,-0.28;
0.54,0.00,-0.43;
0.79,0.05,-0.72;
1.00,0.03,-0.40;
0.59,0.32,-0.60;
0.04,0.14,-0.14;
-0.52,0.52,-0.05;
-0.20,0.55,0.14;
0.09,0.50,0.35;
-0.04,0.81,0.56;
-0.54,0.70,0.47;
-1.07,0.92,0.36;
-0.78,0.79,0.43;
-0.31,0.86,0.44;
-0.11,0.73,0.64;
0.04,0.66,0.46;
0.01,0.90,0.72;
0.53,1.16,0.55;
0.24,1.04,0.39;
-0.14,1.10,0.46;
-0.40,0.66,0.23;
-0.26,-0.12,-0.05;
0.29,-0.21,0.20;
0.65,-0.06,-0.08;
0.71,-0.29,0.21;
0.48,0.00,-0.22;
0.51,0.26,-0.22;
0.99,0.03,-0.08;
0.93,0.03,-0.08;
0.94,-0.15,-0.28;
0.70,-0.47,-0.28;
0.99,-0.58,-0.58;
1.05,-0.99,-0.26;
0.97,-0.79,-0.31;
0.87,-0.69,-0.29;
0.76,-0.84,-0.32;
1.08,-0.41,0.01;
0.62,-0.12,-0.06;
0.19,-0.35,-0.22;
0.64,-0.67,0.10;
0.27,-0.79,-0.26;
0.44,-0.78,0.15;
0.77,-0.91,-0.03;
0.44,-0.87,-0.31;
0.93,-0.96,-0.45;
1.32,-0.87,-0.48;
1.38,-1.17,-0.43;
1.43,-1.43,-0.57;
1.81,-1.16,-0.64;
1.66,-0.82,-0.38;
1.17,-0.37,-0.43;
0.59,0.03,-0.14;
0.79,-0.26,0.32;
0.70,-0.41,0.26;
0.27,-0.73,0.21;
-0.02,-0.64,0.14;
-0.52,-0.44,0.52;
-0.42,-0.17,0.64;
-0.22,-0.17,0.29;
-0.14,0.28,0.30;
-0.26,-0.14,0.20;
0.07,-0.29,0.49;
0.36,-0.29,0.38;
0.38,-0.33,0.15;
0.27,-0.50,-0.25;
0.47,-0.35,-0.00;
0.53,-0.06,0.01;
0.42,0.05,0.26;
-0.04,-0.12,-0.09;
-0.20,-0.27,0.15;
-0.42,-0.23,0.20;
-0.40,-0.03,0.15;
-0.26,0.08,0.53;
-0.48,-0.11,0.04;
-0.45,0.09,0.23;
-0.42,0.23,0.20;
-0.22,0.06,-0.02;
-0.31,-0.01,-0.05;
0.16,-0.40,0.03;
0.54,-0.20,0.21;
0.09,0.25,0.23;
-0.43,0.57,0.20;
-0.55,0.49,0.43;
-0.31,0.34,0.15;
-0.74,0.31,0.09;
-0.20,-0.35,0.21;
-0.63,-0.27,0.26;
-1.01,-0.66,0.29;
-0.77,-0.27,0.38;
-0.42,0.08,0.24;
-0.10,0.31,0.36;
0.19,0.60,0.35;
-0.08,0.60,0.46;
-0.52,0.18,0.26;
-0.84,0.06,0.14;
-0.51,0.06,0.41;
-0.77,-0.17,0.18;
-0.34,0.02,0.24;
-0.28,0.35,0.20;
-0.16,0.32,0.39;
0.04,0.34,0.36;
-0.19,0.14,0.14;
-0.30,0.43,-0.26;
-0.08,0.14,-0.19;
1.31,1.25,-0.02;
8.19,9.19,1.08;
11.40,22.29,1.78;
14.76,24.03,1.65;
19.40,27.25,2.91;
23.92,40.93,3.84;
28.68,51.79,5.45;
33.26,57.60,8.07;
40.09,44.34,6.58;
39.11,40.32,8.52;
33.99,37.07,9.48;
35.43,42.64,13.28;
33.20,45.04,11.31;
35.69,49.19,13.57;
33.99,45.48,12.79;
21.16,44.87,11.07;
10.41,43.88,10.43;
-1.32,40.26,9.10;
-14.95,35.36,6.24;
-25.82,32.73,5.45;
-33.18,28.52,3.54;
-37.27,30.64,3.95;
-32.59,31.34,5.78;
-29.53,33.10,8.84;
-33.33,38.76,9.23;
-35.53,39.88,7.43;
-28.77,37.27,8.06;
-24.31,33.18,8.21;
-26.11,31.18,8.90;
-31.55,31.77,8.35;
-32.94,33.13,9.46;
-31.09,32.49,12.26;
-24.92,35.19,14.81;
-21.12,39.70,16.82;
-13.76,42.46,18.90;
-7.78,48.37,22.04;
-2.17,58.81,23.26;
7.70,55.28,22.53;
11.19,52.95,23.33;
16.58,60.87,22.99;
20.99,67.39,23.16;
19.52,59.02,25.26;
8.79,62.20,24.81;
-4.34,68.35,23.22;
-10.84,75.39,25.45;
0.83,70.46,26.64;
0.79,64.34,24.06;
11.60,64.06,20.27;
20.27,67.56,17.77;
16.24,75.73,11.31;
19.95,85.91,9.59;
11.46,94.72,9.92;
10.24,94.09,7.43;
9.70,86.09,5.68;
13.35,78.90,9.80;
1.08,74.58,12.41;
-9.81,81.65,12.30;
-20.05,86.17,16.32;
-27.99,93.18,21.31;
-26.25,90.83,22.39;
-16.89,84.17,19.75;
-10.71,78.52,16.97;
-10.28,80.32,14.20;
-3.78,81.39,4.61;
-5.96,81.47,-3.07;
-16.08,86.89,-3.47;
-9.30,86.72,0.07;
-9.47,88.03,2.61;
-17.88,86.26,5.05;
-9.64,88.21,7.02;
3.40,94.38,8.58;
5.70,97.86,5.89;
-6.88,98.20,2.96;
-3.47,99.39,3.10;
-2.07,99.62,4.78;
-6.68,99.07,7.07;
-13.76,97.82,10.44;
-7.68,96.11,11.94;
-4.62,98.98,8.61;
-6.59,97.68,7.08;
-2.97,94.75,5.11;
5.08,93.70,5.37;
-0.51,91.74,4.94;
4.10,92.08,7.08;
3.55,92.84,7.40;
-4.28,91.99,7.69;
-9.76,90.95,8.96;
-14.88,91.51,8.81;
-16.23,92.18,9.54;
-14.95,94.93,9.23;
-8.75,94.76,10.47;
-15.87,93.36,9.20;
-18.14,94.87,10.70;
-11.93,94.72,9.02;
-15.01,94.37,6.14;
-5.38,98.44,3.54;
-2.55,97.85,2.84;
-3.00,98.61,3.25;
-0.17,98.84,4.15;
-3.47,101.02,4.93;
-3.52,98.05,5.37;
-7.42,97.34,5.22;
-6.33,95.79,6.93;
-11.90,93.13,5.66;
-9.84,94.92,6.43;
-9.47,94.26,4.06;
-2.89,92.60,3.23;
-2.16,90.89,0.75;
0.61,90.43,1.43;
-1.33,84.49,2.10;
-3.62,79.02,3.60;
-10.71,76.35,4.67;
-10.13,75.01,6.88;
-8.94,67.99,6.64;
-3.70,65.89,4.90;
-1.39,64.41,1.23;
-0.78,62.60,-0.08;
-3.20,57.54,-0.45;
-6.72,54.47,-0.11;
-7.53,50.23,-2.77;
-3.99,47.10,-1.82;
-2.74,38.81,-1.86;
-2.83,32.50,-1.68;
-1.82,26.83,-0.61;
-2.26,21.65,0.49;
-2.28,17.77,1.55;
-2.23,11.48,2.03;
0.09,5.33,2.39;
0.68,-0.38,2.29;
2.10,-4.76,2.00;
3.16,-8.50,1.69;
3.84,-11.95,1.68;
4.65,-15.65,1.98;
2.65,-19.01,1.63;
1.75,-22.93,0.73;
2.93,-26.11,0.09;
5.74,-28.72,-1.09;
7.29,-30.95,-2.51;
5.43,-34.11,-3.36;
4.54,-34.88,-4.75;
6.24,-37.94,-5.36;
8.01,-39.94,-6.02;
11.92,-42.11,-7.25;
15.23,-45.72,-8.26;
17.06,-48.70,-11.27;
20.88,-52.26,-12.80;
23.37,-55.72,-12.45;
25.98,-57.86,-11.93;
22.97,-59.85,-13.06;
19.90,-63.08,-13.45;
19.11,-68.53,-10.54;
21.12,-71.50,-5.83;
20.82,-73.75,-4.95;
16.44,-76.41,-5.10;
10.83,-79.30,-4.17;
10.48,-80.82,-2.19;
15.93,-83.24,-0.17;
14.58,-84.87,1.22;
14.35,-88.23,1.31;
13.29,-88.56,2.35;
12.24,-91.31,3.22;
12.56,-91.66,4.36;
12.22,-90.91,4.90;
10.82,-94.00,3.08;
9.49,-93.51,3.48;
10.10,-93.45,4.99;
14.15,-90.18,7.91;
18.35,-90.95,9.40;
17.96,-90.69,6.68;
14.42,-90.47,5.08;
15.95,-89.92,5.22;
16.87,-89.01,6.84;
15.34,-87.77,6.81;
9.89,-85.98,6.90;
5.35,-85.07,6.65;
5.37,-86.18,6.12;
3.63,-84.37,5.28;
3.29,-82.15,5.69;
-1.91,-80.29,7.20;
-0.22,-80.04,8.68;
2.70,-80.53,6.62;
3.11,-80.50,4.70;
2.50,-80.04,4.94;
-3.09,-78.95,3.37;
-6.30,-77.39,2.82;
-5.46,-77.98,2.33;
-7.20,-79.05,2.06;
-10.84,-80.85,1.63;
-13.47,-80.08,0.94;
-11.17,-78.53,1.92;
-13.26,-80.18,2.17;
-2.11,-81.74,3.31;
-4.71,-83.72,2.26;
-3.21,-82.52,2.09;
-8.81,-81.72,1.37;
-8.11,-80.01,2.04;
-5.87,-79.30,2.58;
1.12,-78.81,-0.69;
8.79,-79.13,-3.73;
12.27,-78.23,-4.87;
10.54,-78.88,-5.36;
12.82,-81.04,-8.29;
16.04,-73.63,-9.41;
8.82,-70.67,-9.64;
7.17,-66.76,-5.65;
-4.54,-64.43,-3.68;
-6.34,-63.05,-4.70;
1.86,-61.22,-3.71;
-0.78,-67.05,-7.56;
-24.72,-65.14,-9.99;
-30.43,-68.96,-10.99;
-29.13,-71.83,-10.09;
-31.91,-69.27,-8.05;
-19.36,-69.24,-7.50;
-12.26,-63.75,-6.28;
-8.05,-68.11,-11.12;
1.40,-66.14,-12.74;
5.38,-63.71,-14.55;
-2.42,-62.78,-17.51;
0.85,-60.72,-18.35;
-11.76,-56.73,-16.46;
-5.13,-53.57,-16.26;
-8.63,-51.08,-12.20;
-11.36,-49.31,-9.16;
-6.36,-57.74,-9.51;
-7.52,-58.30,-11.62;
-9.99,-58.11,-11.22;
-12.52,-54.84,-10.72;
-14.59,-56.11,-13.39;
-12.72,-49.05,-9.39;
-10.08,-44.90,-12.06;
-10.19,-45.46,-11.27;
-7.32,-45.42,-13.22;
-8.71,-43.40,-13.48;
-4.88,-36.46,-14.12;
-3.58,-36.00,-16.37;
-0.83,-32.06,-17.42;
-2.77,-32.49,-17.36;
-4.65,-31.97,-13.65;
-6.94,-28.47,-10.28;
-7.75,-25.46,-9.41;
-5.62,-25.65,-10.78;
-6.45,-29.33,-11.22;
-6.19,-28.52,-7.74;
-2.98,-28.33,-11.39;
-4.54,-33.69,-11.64;
-12.49,-34.85,-11.88;
-17.68,-32.61,-11.67;
-13.96,-30.66,-11.35;
-7.90,-33.14,-11.53;
-1.61,-36.00,-11.88;
2.73,-37.98,-13.65;
3.52,-38.58,-16.11;
3.38,-40.17,-18.86;
10.82,-41.39,-18.89;
12.44,-38.15,-18.75;
14.16,-34.27,-17.88;
15.19,-36.47,-15.76;
12.22,-38.49,-13.65;
6.30,-38.12,-11.67;
4.03,-33.46,-12.31;
4.48,-31.43,-14.02;
4.93,-34.62,-13.38;
6.15,-33.86,-11.24;
4.87,-24.56,-9.19;
4.70,-21.56,-7.12;
4.32,-20.91,-5.32;
1.52,-19.89,-4.46;
0.71,-17.95,-5.04;
-0.68,-16.00,-6.12;
-1.91,-14.47,-6.29;
-1.33,-16.91,-5.91;
-1.96,-18.18,-5.30;
-3.20,-18.79,-5.35;
-1.26,-18.61,-6.00;
-3.10,-15.17,-7.10;
-3.59,-16.47,-7.97;
-1.47,-17.30,-6.64;
-0.37,-17.98,-6.14;
1.83,-14.26,-5.73;
5.16,-12.41,-5.94;
5.09,-11.65,-4.67;
4.36,-9.85,-5.01;
4.56,-9.42,-4.63;
3.87,-9.14,-3.45;
4.47,-6.33,-2.78;
6.06,-1.80,-1.77;
2.73,-1.34,-1.53;
-0.43,-1.72,-1.56;
-2.36,-0.44,-1.27;
-3.59,-1.95,-0.95;
-3.94,-3.01,0.27;
-3.64,-3.14,0.27;
-4.74,-3.94,-0.70;
-4.60,-3.34,-1.56;
-3.68,-4.04,-1.30;
-1.00,-3.86,-1.01;
0.54,-2.91,-0.32;
-0.86,-2.33,-1.21;
0.18,-3.74,-1.83;
2.09,-2.91,-1.97;
1.29,-3.46,-2.16;
2.58,-4.35,-1.33;
0.45,-1.77,-0.66;
0.21,0.35,-0.67;
-0.78,-0.12,-0.49;
-0.19,-1.11,-0.08;
-1.39,-2.08,0.85;
-2.55,-1.69,1.05;
-2.14,1.36,1.17;
-2.57,0.52,1.04;
-4.34,-1.14,0.81;
-3.30,-1.39,0.90;
-1.84,-1.27,-0.22;
-0.86,0.05,-0.52;
0.41,0.93,-0.28;
2.07,0.05,1.08;
0.73,1.15,1.43;
-2.13,1.27,1.16;
-3.52,1.25,1.49;
-4.01,1.05,2.12;
-5.81,0.73,1.91;
-5.88,0.02,1.43;
-6.42,2.09,1.69;
-3.78,1.91,1.84;
-0.78,2.83,1.91;
2.62,2.46,2.32;
1.78,3.36,1.45;
-0.23,2.34,0.52;
0.06,1.16,0.79;
0.82,1.28,0.84;
-1.81,3.28,0.65;
-2.25,5.28,1.02;
-0.25,5.73,1.80;
0.41,3.88,2.84;
-1.29,4.17,2.72;
-4.42,2.76,1.95;
-5.99,0.96,2.21;
-5.58,2.29,1.84;
-5.55,3.44,1.60;
-3.42,5.12,1.89;
-1.64,4.38,1.83;
-0.34,4.18,2.00;
-0.17,3.96,1.46;
-0.46,3.70,0.99;
1.29,3.19,0.68;
-0.16,1.25,0.64;
-0.36,4.26,1.10;
1.81,5.28,0.73;
1.55,4.44,0.56;
1.58,2.17,0.38;
0.80,1.85,-0.02;
-0.86,1.91,-0.52;
-0.81,0.93,0.06;
0.53,1.80,0.44;
1.89,2.02,-0.09;
2.12,0.72,-0.80;
3.28,0.69,-0.99;
2.36,0.46,-1.22;
3.00,0.83,-0.69;
3.38,2.46,0.36;
1.87,2.57,0.85;
0.15,2.70,0.79;
-1.97,0.98,0.79;
-2.34,-1.24,0.07;
-2.37,-1.51,-0.02;
-3.47,-0.61,-0.37;
-1.12,0.99,-0.03;
0.96,1.77,0.07;
2.93,1.02,-1.10;
5.12,1.80,-1.21;
4.53,-0.32,-2.05;
5.25,-0.27,-1.76;
5.31,-0.75,-1.86;
5.51,-0.64,-2.64;
4.93,0.49,-2.05;
1.32,0.69,-1.67;
-0.95,0.54,-1.15;
-0.74,0.79,-0.78;
-1.42,-0.44,-1.07;
-2.01,-0.35,-0.12;
-2.59,1.01,-0.08;
-1.68,1.74,-0.02;
-0.95,3.97,1.30;
-2.05,2.69,1.78;
-3.76,1.36,2.30;
-5.15,1.13,2.10;
-6.68,1.96,2.81;
-8.88,2.23,3.34;
-7.82,1.82,3.36;
-5.41,1.68,3.60;
-4.42,0.70,3.02;
-4.01,0.21,1.88;
-1.88,0.21,1.42;
-1.87,0.90,1.19;
-1.15,2.57,0.70;
0.99,3.01,1.48;
2.25,2.52,2.04;
0.85,2.52,1.51;
-0.49,4.40,1.37;
-1.38,3.89,1.30;
-1.65,1.71,1.54;
-1.12,0.14,1.78;
-1.76,0.52,2.09;
-2.51,-0.79,2.01;
-1.93,1.60,1.98;
-1.46,3.22,0.81;
-2.20,4.05,1.31;
-0.20,3.42,1.59;
0.18,3.53,2.06;
-0.86,2.34,1.51;
-2.55,3.36,1.68;
-1.50,2.79,1.11;
-0.88,2.18,1.59;
-1.84,0.41,1.40;
-3.06,0.54,1.42;
-1.29,2.41,1.08;
-1.61,2.47,0.94;
-0.17,2.09,0.91;
-0.62,1.77,0.26;
-1.01,-0.90,-0.55;
-1.87,-1.36,-0.54;
-0.63,-0.58,-0.67;
1.11,0.17,-0.63;
0.73,1.09,-0.75;
0.48,0.37,-0.49;
-0.62,0.52,-0.49;
-1.53,0.54,-0.29;
-0.42,-0.82,-0.40;
0.09,0.46,0.06;
-0.46,0.00,-0.12;
0.21,-1.24,-0.48;
1.69,0.79,-0.81;
2.59,1.28,-1.42;
3.54,0.54,-1.77;
4.48,-0.82,-1.62;
5.17,-2.35,-1.30;
2.74,-2.52,-1.10;
0.76,-0.43,-0.84;
0.03,0.78,-0.72;
0.16,0.38,0.12;
0.18,-0.49,0.61;
-1.09,-1.08,0.39;
-2.42,-2.55,-0.23;
-1.97,-1.50,0.15;
-1.70,-0.38,0.47;
0.35,1.59,0.88;
1.46,0.52,1.02;
0.62,-2.49,0.49;
0.01,-3.21,-0.19;
-1.36,-2.24,-0.70;
-0.97,-0.75,-0.38;
0.01,0.08,-0.20;
1.75,-0.17,0.03;
0.96,-0.55,0.38;
-0.19,-0.50,0.12;
1.37,0.06,-0.19;
-0.30,0.18,-0.25;
-0.08,-1.16,0.17;
0.19,-1.98,-0.14;
-1.67,-2.90,-0.29;
-0.75,-2.18,-0.06;
0.19,1.21,0.39;
1.51,2.61,0.47;
2.16,2.57,0.62;
0.96,0.90,0.72;
-0.71,-0.98,0.20;
-1.88,-2.66,-0.11;
-0.95,-1.50,0.21;
-1.00,-1.45,0.15;
-1.91,-0.30,0.41;
-0.08,0.26,0.78;
1.57,-0.09,0.21;
1.37,0.47,0.20;
2.10,0.79,-0.74;
3.35,0.08,-0.51;
2.10,-0.93,-0.45;
0.15,-2.72,-0.70;
0.61,-2.06,-0.38;
-0.16,-1.14,-0.55;
0.39,-0.33,-0.05;
1.03,2.87,0.15;
2.21,1.09,-0.25;
2.56,-0.72,-0.06;
1.05,-2.82,-0.49;
0.04,-2.90,-0.89;
0.45,-1.37,-0.81;
-0.39,-0.23,-0.58;
0.48,0.26,-0.02;
1.87,1.89,0.20;
1.95,0.15,0.27;
0.65,-1.22,0.10;
-0.36,-1.30,0.29;
0.06,-1.59,0.26;
-1.13,-0.18,0.50;
-2.11,0.99,0.56;
-1.76,1.77,0.32;
-0.95,1.82,0.36;
-0.57,-0.37,0.09;
-0.26,-2.08,-0.11;
1.29,-0.78,0.03;
1.63,1.73,0.29;
2.33,3.07,0.24;
3.25,4.72,1.31;
2.13,5.30,1.86;
2.12,4.81,1.19;
1.00,4.17,1.54;
0.19,4.29,2.58;
-0.36,6.06,3.33;
-1.97,7.54,4.21;
-2.43,10.11,5.19;
-2.94,11.65,5.68;
-3.79,13.74,5.91;
-3.36,15.27,6.14;
-2.37,15.67,6.00;
-0.04,20.63,6.94;
1.57,23.65,7.42;
2.82,25.91,8.27;
2.51,28.95,8.61;
1.86,30.20,9.42;
0.29,31.74,11.51;
-2.55,42.75,15.13;
-8.94,48.89,18.41;
-6.86,50.05,21.08;
-6.48,54.35,24.35;
-9.84,55.53,25.81;
-12.17,54.54,26.18;
-11.20,62.15,28.21;
-10.49,75.19,32.93;
-3.87,77.48,35.37;
3.80,75.05,35.95;
9.06,72.69,36.97;
8.18,76.25,37.57;
6.09,87.73,39.01;
17.41,88.93,40.82;
31.74,81.04,36.03;
32.12,82.89,28.93;
24.03,95.47,22.62;
28.94,104.21,21.52;
48.80,105.02,22.30;
56.65,115.31,21.91;
48.16,116.15,11.45;
35.66,119.07,4.03;
14.83,119.80,1.94;
-4.30,117.77,10.30;
-10.66,106.31,17.40;
-27.46,104.05,23.01;
-38.25,100.72,28.68;
-31.75,108.49,29.31;
-16.72,110.46,27.77;
-10.30,106.90,25.40;
-7.61,101.86,19.36;
-9.26,99.80,17.74;
-8.22,102.95,16.06;
-10.42,105.13,14.10;
-10.01,111.97,11.34;
-9.44,113.41,9.74;
-4.08,115.88,7.68;
-9.97,115.79,4.53;
1.41,116.87,4.29;
-0.89,115.30,2.73;
-0.16,115.38,1.62;
-2.19,112.08,0.23;
-13.17,110.63,-0.31;
-16.52,106.58,4.15;
-24.07,105.27,6.17;
-23.38,104.73,6.44;
-22.40,101.74,7.36;
-21.70,98.23,7.04;
-19.61,99.56,7.51;
-5.82,99.76,7.75;
-0.40,97.02,9.13;
-0.91,96.37,7.59;
1.05,94.67,6.12;
-2.05,98.00,4.41;
-5.01,97.27,4.21;
-0.11,96.76,7.31;
-4.30,94.02,8.88;
-6.39,94.95,11.17;
-8.57,93.13,10.01;
-5.32,100.23,6.56;
-1.81,99.18,3.36;
1.78,100.05,3.80;
5.16,95.33,3.22;
5.26,94.12,1.78;
4.41,93.60,2.03;
-1.13,93.99,2.04;
-1.62,93.07,2.43;
-3.13,91.30,2.73;
-0.63,93.01,2.46;
-3.13,92.21,1.14;
-3.55,89.28,-0.02;
-0.71,87.36,0.12;
-1.71,86.52,-0.05;
-0.43,81.59,-0.67;
-2.19,80.49,1.80;
-6.26,75.99,5.94;
-6.75,74.40,8.12;
-6.46,70.69,6.26;
-8.97,66.05,5.43;
-7.94,61.70,5.04;
-2.77,55.97,5.86;
-2.16,52.12,6.30;
-2.83,49.16,4.39;
-5.73,46.15,2.53;
-5.04,42.41,1.39;
-4.51,35.73,2.24;
-5.35,31.65,3.97;
-5.94,27.59,4.56;
-5.90,23.67,4.75;
-4.68,19.80,3.71;
-2.84,15.99,2.59;
0.35,13.24,1.40;
4.38,9.68,0.23;
7.06,6.21,-1.42;
6.09,2.89,-2.16;
3.29,0.28,-2.45;
1.98,-3.43,-1.32;
1.22,-5.46,-0.48;
-1.26,-7.95,0.24;
-1.39,-11.77,1.39;
0.91,-14.35,2.03;
2.54,-17.21,2.30;
2.97,-19.33,1.89;
2.76,-21.42,1.92;
4.96,-22.85,1.54;
4.79,-26.67,1.07;
3.51,-29.57,1.13;
3.63,-31.72,0.62;
6.36,-33.68,-0.49;
8.58,-34.61,-2.67;
10.94,-37.82,-4.00;
11.35,-38.43,-5.61;
12.27,-40.40,-7.27;
13.03,-42.87,-9.73;
10.27,-45.17,-11.79;
12.30,-48.46,-13.44;
16.93,-52.85,-13.44;
22.03,-55.30,-14.58;
24.29,-57.88,-18.03;
25.48,-62.09,-18.86;
24.53,-66.70,-17.30;
24.12,-68.35,-12.35;
25.52,-73.43,-5.68;
28.50,-75.63,0.61;
24.30,-79.10,2.75;
18.39,-80.95,6.32;
16.33,-80.67,10.36;
16.88,-82.81,14.03;
20.61,-84.95,14.90;
21.87,-84.27,13.17;
18.62,-85.51,10.49;
18.79,-88.56,9.14;
22.45,-88.70,6.49;
21.17,-89.04,5.10;
17.12,-88.87,3.81;
12.70,-87.72,1.51;
8.99,-84.76,-0.34;
4.48,-82.64,-2.05;
2.48,-80.11,-2.84;
2.03,-80.98,-1.83;
0.87,-80.37,0.43;
4.51,-78.20,3.78;
5.60,-77.10,6.27;
7.74,-78.78,8.88;
7.20,-79.08,11.26;
8.30,-76.90,15.02;
12.16,-75.25,16.41;
9.81,-71.28,13.20;
6.18,-70.23,10.88;
8.93,-73.05,13.20;
5.12,-75.24,12.64;
8.18,-74.98,8.70;
2.83,-72.17,5.54;
-1.26,-70.75,3.37;
-7.21,-69.86,2.20;
-13.76,-70.44,-0.23;
-14.81,-70.73,-1.33;
-17.99,-71.77,-2.45;
-16.52,-75.11,-2.46;
-15.39,-76.21,-4.86;
-23.23,-74.55,-4.34;
-24.37,-76.50,-1.45;
-19.24,-76.59,3.49;
-20.98,-77.10,5.01;
-12.69,-81.86,3.80;
-10.33,-85.80,4.82;
-3.23,-86.70,5.55;
-3.94,-86.84,9.25;
2.87,-83.75,16.14;
17.54,-88.26,13.94;
23.70,-88.53,6.87;
20.51,-85.01,-1.07;
25.89,-79.91,-2.45;
19.86,-71.34,-2.58;
17.29,-72.38,-4.23;
8.25,-73.85,-1.38;
13.55,-79.08,0.20;
3.19,-76.23,-0.81;
0.91,-76.59,-6.35;
-6.26,-73.25,-9.45;
-14.46,-70.69,-14.35;
-29.42,-65.54,-19.09;
-37.90,-63.19,-20.64;
-47.73,-60.56,-20.05;
-43.17,-58.14,-12.23;
-32.84,-65.98,-10.58;
-18.45,-68.18,-7.36;
-6.37,-68.37,-11.99;
3.14,-65.72,-11.90;
4.54,-61.45,-13.79;
0.82,-58.79,-15.50;
3.35,-55.75,-16.14;
-4.02,-52.78,-15.50;
-7.10,-55.46,-18.31;
-16.19,-53.91,-17.24;
-13.47,-53.45,-15.54;
-18.14,-50.46,-14.49;
-14.91,-50.47,-14.22;
-15.39,-49.56,-10.75;
-10.98,-48.78,-8.72;
-7.88,-42.76,-5.21;
-10.28,-45.17,-14.72;
-16.69,-38.15,-17.79;
-16.68,-33.72,-17.88;
-17.03,-31.94,-17.07;
-13.64,-28.66,-16.70;
-11.29,-34.38,-15.12;
-9.64,-33.43,-16.86;
-4.46,-30.88,-11.30;
-0.30,-28.73,-9.42;
5.43,-30.55,-10.49;
11.11,-33.31,-12.98;
16.33,-34.26,-13.48;
17.92,-33.19,-14.16;
18.53,-27.74,-14.06;
18.50,-27.11,-13.59;
13.74,-26.53,-13.42;
12.36,-30.73,-14.02;
9.03,-30.26,-12.60;
3.92,-28.24,-9.28;
0.62,-29.66,-9.56;
-4.91,-32.81,-7.33;
-5.81,-29.34,-5.45;
-2.88,-28.84,-5.07;
-3.23,-23.24,-4.64;
-2.16,-19.65,-5.96;
-4.39,-14.88,-6.58;
-0.54,-13.39,-6.90;
2.54,-12.81,-6.08;
5.08,-10.23,-5.04;
14.96,-8.88,-3.71;
17.12,-3.72,-2.70;
14.09,-2.61,-1.39;
10.48,0.15,-0.70;
6.48,-0.08,-0.99;
5.63,-1.66,-0.49;
5.67,-3.16,-0.58;
1.22,-5.21,-1.30;
-0.02,-2.88,-0.46;
2.13,-5.53,-0.09;
4.25,-6.14,0.33;
3.17,-5.56,-0.66;
0.67,-7.40,-2.31;
2.24,-7.86,-4.16;
4.51,-7.57,-4.78;
10.22,-11.24,-5.85;
13.55,-10.30,-4.78;
18.29,-10.33,-3.62;
13.67,-7.13,-3.15;
6.53,-4.26,-2.63;
2.48,-3.79,-2.80;
-1.56,-5.85,-2.29;
-5.09,-5.19,-2.08;
-3.38,-5.07,-1.44;
-2.30,-4.55,-2.00;
0.50,-3.46,-2.84;
4.87,-0.88,-3.19;
8.12,0.29,-3.64;
9.72,1.54,-3.36;
10.54,1.89,-3.71;
8.13,1.22,-4.61;
4.85,0.50,-6.09;
4.58,-2.06,-5.10;
7.26,-0.64,-3.99;
10.58,-2.82,-4.99;
12.38,-3.01,-4.86;
11.84,-5.11,-4.52;
13.52,-6.76,-4.66;
11.48,-8.49,-4.69;
7.83,-10.50,-4.49;
3.26,-12.91,-4.41;
-1.47,-16.62,-4.96;
-5.35,-17.50,-5.85;
-2.52,-12.81,-4.72;
3.98,-14.27,-5.42;
3.70,-12.40,-4.41;
3.12,-10.85,-3.39;
3.16,-11.77,-3.30;
2.29,-14.85,-4.16;
2.39,-18.75,-4.28;
0.56,-23.21,-3.82;
-5.13,-29.14,-4.00;
-4.51,-30.99,-4.87;
-4.28,-32.98,-6.99;
-9.12,-33.43,-8.75;
-13.53,-33.36,-10.06;
-16.91,-34.81,-10.74;
-21.33,-37.80,-11.24;
-25.50,-39.25,-11.64;
-11.04,-16.01,-6.86;
7.17,-13.53,-5.44;
15.81,-11.39,-2.72;
14.45,2.83,2.81;
15.77,7.13,4.53;
7.22,5.34,3.62;
-1.38,2.29,2.04;
-2.94,-1.33,1.63;
-3.73,-1.98,1.19;
-1.03,-0.88,1.34;
1.54,0.70,1.84;
2.45,0.58,2.14;
3.22,0.21,1.80;
7.77,1.50,1.89;
11.81,3.48,1.98;
11.61,3.16,1.71;
7.96,3.86,1.74;
5.35,2.38,1.62;
5.26,4.26,1.60;
10.36,9.10,2.04;
15.80,12.00,3.74;
16.91,11.21,5.28;
14.94,12.03,5.33;
10.01,7.22,4.04;
1.09,0.66,1.95;
-4.83,-4.64,-0.22;
-4.66,-5.92,-1.24;
-2.01,-5.62,-0.84;
3.89,-1.27,0.62;
9.11,0.31,1.11;
10.13,3.05,1.74;
9.25,2.08,1.49;
3.86,-0.18,0.20;
-1.01,-3.46,-0.52;
-4.60,-5.21,-1.18;
-5.36,-5.92,-1.06;
-6.16,-6.33,-0.89;
-7.12,-6.79,-0.98;
-8.52,-8.33,-0.93;
-7.96,-6.95,-1.18;
-1.82,-1.68,-0.98;
1.05,-0.43,-0.72;
-0.46,-1.16,-0.06;
-0.36,-1.01,0.04;
-0.69,-1.51,-0.03;
-1.47,-1.62,-0.31;
1.28,0.23,-0.08;
2.33,1.02,-0.11;
2.13,1.09,-0.52;
3.63,2.66,-0.34;
4.51,1.65,-0.66;
3.80,1.74,-0.32;
2.36,0.81,-0.03;
0.29,-0.06,-0.60;
0.01,0.06,-0.48;
1.45,1.59,-0.48;
1.45,-0.24,-0.80;
-0.28,-0.53,-0.46;
-1.23,-1.71,-0.57;
-1.75,-1.05,-0.67;
-0.42,0.44,-0.66;
0.73,1.05,-0.12;
1.69,1.18,0.17;
0.47,-0.49,0.01;
-2.26,-2.24,-0.77;
-3.23,-2.66,-1.06;
-2.36,-2.73,-1.22;
-0.25,-0.98,-0.70;
1.22,-0.85,-0.49;
1.77,0.03,-0.02;
0.01,-0.59,-0.20;
-1.79,-0.95,-0.03;
-1.00,-0.49,-0.26;
-1.38,-1.14,-0.78;
-2.45,-1.33,-0.40;
-1.59,-0.90,-0.52;
0.54,-0.21,-0.46;
1.46,0.58,-0.03;
1.48,-0.14,-0.23;
1.14,-0.29,-0.61;
0.35,-0.98,-0.45;
0.62,-0.70,-0.95;
-0.02,-0.84,-1.04;
0.10,-1.43,-0.89;
-0.45,-1.43,-0.61;
-0.57,-1.36,-0.54;
0.47,-0.33,-0.00;
0.80,-0.44,-0.03;
-0.14,-0.38,-0.34;
-0.23,-0.40,-0.35;
2.01,1.10,0.09;
3.17,1.92,0.32;
2.39,1.41,0.49;
0.91,1.28,0.17;
0.64,1.36,0.24;
1.98,2.21,0.21;
3.12,2.78,0.41;
3.22,2.18,0.38;
2.32,1.22,0.07;
0.67,0.40,-0.14;
-0.19,-0.82,-0.43;
0.21,-0.23,-0.55;
1.52,0.58,-0.70;
2.21,0.75,-0.31;
2.06,0.50,-0.12;
1.08,-0.85,0.33;
-0.37,-1.85,-0.35;
-1.97,-2.18,-1.06;
-1.55,-2.29,-0.98;
-0.10,-1.83,-1.27;
0.41,-2.56,-0.87;
1.28,-1.56,-0.57;
1.93,-1.48,-0.45;
-0.23,-2.09,-0.31;
-1.24,-2.41,-0.63;
-1.17,-1.80,-0.89;
-0.46,-1.74,-0.57;
-1.09,-2.38,-0.54;
-0.48,-1.10,-0.05;
-0.30,-1.08,-0.16;
0.22,0.50,0.32;
1.90,0.73,0.36;
1.00,-0.04,0.32;
-0.02,-1.17,-0.08;
-1.18,-2.23,0.01;
-0.98,-2.53,-0.49;
-0.23,-1.75,-0.23;
1.63,-0.70,-0.19;
2.39,-0.09,0.03;
2.29,0.25,0.09;
0.87,-0.62,-0.45;
-0.77,-1.86,-0.67;
-2.55,-3.13,-0.96;
-4.31,-3.92,-0.74;
-5.00,-4.21,-0.83;
-5.44,-4.20,-0.78;
-3.73,-3.13,-0.26;
0.47,0.32,0.01;
4.32,2.43,0.64;
5.32,3.04,0.79;
5.16,3.10,0.85;
2.24,1.12,0.56;
0.06,-0.11,0.33;
-1.70,-1.91,-0.34;
-2.08,-1.33,-0.54;
-1.24,-1.39,-0.48;
0.91,-0.35,0.33;
1.38,0.18,0.44;
1.48,0.25,0.24;
0.12,0.09,0.17;
-0.84,-0.62,-0.35;
-2.37,-1.89,-0.49;
-3.38,-2.49,-0.28;
-1.78,-2.03,-0.25;
0.61,-0.90,-0.35;
0.51,-0.81,-0.20;
1.72,0.92,0.30;
2.59,1.38,0.15;
2.30,1.39,0.04;
1.92,1.22,0.06;
1.00,-0.18,-0.28;
-1.12,-1.08,-0.08;
-1.58,-1.57,-0.08;
-0.68,-0.70,-0.00;
0.33,0.28,0.18;
1.75,1.57,0.32;
1.52,0.83,0.33;
0.97,0.20,0.20;
0.59,0.12,0.14;
0.07,-0.12,0.26;
-0.80,-0.52,0.15;
-1.44,-0.99,-0.00;
-1.53,-1.31,-0.11;
-0.74,-1.04,-0.11;
0.77,0.25,0.12;
2.09,0.90,0.03;
1.80,1.42,0.56;
1.22,0.81,0.85;
-1.24,-0.38,0.18;
-3.01,-1.60,-0.22;
-2.14,-0.85,-0.37;
0.24,-0.20,-0.06;
0.65,-0.67,-0.03;
1.37,-0.15,0.30;
0.88,-0.99,-0.05;
-0.88,-1.45,-0.25;
-0.84,-0.87,-0.51;
-0.84,-0.88,-0.46;
-0.89,-1.56,0.04;
-1.21,-1.79,0.07;
-1.07,-0.67,0.43;
-0.34,-0.61,0.12;
0.44,0.34,0.41;
0.67,-0.18,0.10;
-0.36,-0.70,0.14;
-0.28,-0.49,-0.09;
-0.05,-1.21,0.09;
0.99,0.66,0.20;
1.31,1.04,0.20;
1.11,0.75,0.41;
0.22,0.21,0.15;
-1.13,-0.50,0.06;
-2.26,-1.37,-0.45;
-2.81,-1.77,-0.43;
-1.33,-0.73,-0.25;
0.22,-0.46,0.24;
1.12,0.90,0.38;
1.03,0.66,0.59;
-0.16,-0.08,0.04;
-1.21,-0.69,-0.11;
-2.30,-1.63,-0.45;
-2.65,-2.01,-0.40;
-2.46,-2.15,-0.52;
-0.23,-0.37,-0.37;
0.90,-0.01,-0.08;
0.39,0.67,0.59;
0.12,0.50,0.46;
-0.57,0.66,0.38;
-0.43,0.57,0.39;
-0.25,0.44,0.26;
-1.07,-0.58,0.09;
-2.74,-1.40,-0.14;
-2.55,-1.56,-0.08;
-1.39,-1.22,-0.14;
0.64,0.15,0.01;
2.24,1.12,0.12;
1.11,0.23,0.10;
0.73,0.84,0.03;
0.36,0.14,-0.16;
-0.78,-0.46,0.27;
-0.68,-0.41,0.36;
-0.40,-0.84,0.47;
0.07,0.40,0.64;
1.52,0.90,0.07;
1.06,0.76,0.33;
0.18,-0.14,0.09;
-0.68,-0.88,-0.12;
-0.62,-0.99,-0.23;
0.68,-0.29,-0.26;
1.11,0.23,0.07;
0.67,0.23,0.53;
0.13,0.55,0.43;
0.65,0.72,0.17;
1.45,1.80,0.68;
0.91,1.31,0.52;
-0.16,0.57,0.61;
-1.39,-0.37,0.36;
-2.33,-0.53,0.26;
-1.62,0.20,0.52;
-0.66,0.83,0.58;
0.88,1.79,0.94;
1.57,2.11,0.90;
1.55,2.72,0.99;
1.19,1.99,0.70;
-0.28,1.91,0.73;
-0.14,1.73,0.70;
0.15,2.21,0.72;
0.01,2.15,0.91;
-0.10,2.26,1.05;
-0.16,3.10,1.20;
-0.34,3.30,1.23;
0.22,4.64,1.54;
0.67,5.47,1.57;
0.62,6.32,2.01;
2.06,7.92,1.97;
4.01,9.04,2.27;
3.00,9.16,2.47;
2.04,9.39,2.87;
1.11,10.41,2.72;
2.41,14.20,3.39;
5.54,16.46,4.15;
4.58,17.41,5.30;
5.08,19.28,6.01;
5.95,22.05,5.83;
6.36,24.64,6.50;
4.18,23.86,6.36;
1.72,24.81,6.50;
-1.96,26.81,6.29;
-7.21,28.96,5.57;
-11.91,29.79,5.86;
-15.18,29.50,6.55;
-18.66,29.77,7.11;
-21.71,34.63,7.77;
-24.57,38.61,7.80;
-28.84,39.05,8.24;
-31.49,40.12,8.97;
-30.17,41.48,9.33;
-29.97,42.00,8.81;
-30.52,44.61,8.96;
-31.27,47.28,8.78;
-32.92,49.28,9.36;
-27.58,49.10,10.38;
-22.34,49.33,11.66;
-18.46,49.56,13.43;
-18.11,49.48,14.61;
-18.57,52.95,15.23;
-19.99,55.36,17.20;
-17.94,56.67,20.14;
-17.24,58.81,21.51;
-18.16,59.51,21.48;
-9.39,66.49,22.90;
3.49,64.63,27.17;
14.39,61.68,29.71;
8.53,59.88,29.49;
6.18,58.44,28.21;
0.88,68.26,27.78;
-10.22,76.73,23.39;
-8.86,90.96,23.23;
0.19,91.91,23.01;
10.56,100.18,19.72;
17.19,97.18,14.70;
20.06,96.26,8.65;
15.40,96.57,8.49;
6.09,98.89,7.95;
3.19,96.46,8.14;
-1.32,94.69,9.92;
-8.92,90.08,12.52;
-17.84,84.40,14.49;
-18.52,84.66,16.82;
-18.31,89.22,18.53;
-19.32,89.70,14.55;
-13.36,90.66,11.17;
-9.30,91.71,11.22;
-24.91,93.51,9.20;
-24.08,97.22,7.49;
-17.62,99.19,8.04;
-9.81,101.02,8.33;
-0.88,101.74,3.97;
1.14,102.90,-0.58;
8.22,107.50,-2.87;
-1.85,106.60,-2.66;
-2.05,105.65,0.10;
-9.67,103.19,0.47;
-24.74,101.57,3.25;
-26.91,97.65,9.66;
-21.17,99.42,11.02;
-15.47,101.96,8.78;
-16.89,96.14,4.82;
-10.66,96.67,1.98;
-3.58,97.27,2.21;
-1.99,94.63,3.65;
4.47,97.94,6.50;
5.99,98.86,7.77;
0.25,94.21,6.39;
-3.32,96.72,8.03;
-7.94,94.95,6.84;
-9.75,95.04,6.91;
-4.81,93.28,6.85;
-4.52,95.02,6.38;
-1.03,92.67,6.93;
-2.72,91.82,5.48;
-4.20,94.49,3.33;
-5.97,93.65,0.52;
-3.24,93.56,-0.19;
-1.33,93.04,-1.94;
2.38,94.90,-0.90;
0.91,94.09,-3.24;
-3.47,92.06,-3.32;
-7.13,90.81,-1.51;
-12.17,91.12,-1.24;
-12.34,89.62,-0.22;
-12.74,85.24,-0.52;
-8.80,83.01,-0.78;
-6.71,77.96,-0.64;
2.07,76.49,1.04;
0.94,73.36,1.43;
0.44,72.17,3.55;
-2.95,67.82,4.06;
-3.27,64.35,4.33;
-2.63,59.34,3.42;
-5.38,57.47,1.63;
-4.39,52.57,2.06;
-4.55,50.87,3.28;
-5.82,46.92,4.35;
-8.04,44.99,7.23;
-8.10,41.76,8.00;
-8.31,37.79,7.52;
-3.70,35.36,7.28;
-1.29,31.02,4.12;
1.23,27.79,2.91;
2.21,24.06,1.48;
-1.87,22.20,2.65;
-3.36,19.92,2.87;
-2.45,16.43,2.03;
-2.68,14.05,2.49;
-2.66,11.79,2.94;
-2.48,10.72,3.69;
-2.49,7.24,4.91;
-2.80,3.27,4.39;
-1.42,0.72,3.19;
-1.24,-3.02,1.45;
-1.12,-4.66,1.23;
-0.89,-6.84,2.03;
-1.07,-10.20,1.69;
0.65,-12.33,1.31;
0.50,-13.53,0.99;
1.87,-15.83,0.78;
1.96,-18.75,-0.83;
2.25,-19.95,-4.00;
6.50,-20.76,-6.14;
8.62,-23.11,-7.53;
7.86,-26.00,-8.52;
6.82,-27.37,-10.35;
6.76,-30.62,-13.24;
6.96,-31.08,-14.78;
8.33,-34.21,-13.51;
14.13,-39.21,-10.67;
18.39,-40.41,-9.47;
21.66,-46.01,-9.30;
15.77,-51.04,-10.61;
14.13,-53.66,-11.38;
14.53,-61.11,-9.86;
13.51,-67.30,-7.94;
13.03,-71.53,-6.40;
10.27,-77.08,-7.28;
12.15,-80.67,-8.89;
15.08,-83.07,-10.83;
19.69,-87.66,-11.93;
24.51,-90.72,-12.90;
24.87,-92.41,-11.47;
23.41,-94.55,-9.59;
17.22,-97.54,-7.51;
12.80,-103.02,-4.61;
10.07,-103.45,-2.45;
16.09,-104.72,-1.73;
18.77,-105.91,-2.32;
17.74,-105.91,-4.06;
20.54,-106.30,-4.25;
20.54,-104.64,-4.29;
14.67,-101.66,-4.61;
6.74,-98.79,-4.41;
8.56,-99.25,-3.64;
9.14,-97.42,-3.45;
7.19,-98.75,-2.22;
7.86,-94.75,-0.63;
2.56,-92.70,0.64;
2.88,-89.97,2.62;
12.47,-88.69,4.96;
12.97,-88.98,6.03;
12.36,-89.21,8.65;
12.16,-85.53,9.30;
10.41,-84.49,10.12;
17.48,-86.18,10.12;
10.61,-85.71,7.81;
0.82,-85.16,7.25;
-7.82,-84.96,8.96;
-6.95,-83.91,8.79;
-11.06,-82.23,3.83;
-17.88,-83.60,2.85;
-21.09,-84.50,3.63;
-15.76,-84.26,0.17;
-12.51,-83.53,-5.03;
-10.55,-78.66,-7.61;
-20.46,-81.08,-7.13;
-21.32,-82.17,-0.54;
-25.20,-86.49,2.33;
-28.78,-84.18,1.80;
-27.73,-79.46,-1.36;
-23.94,-81.37,-4.38;
-10.60,-79.37,-4.80;
-5.56,-80.47,-7.70;
-8.66,-80.75,-8.74;
-1.35,-78.11,-5.65;
-3.44,-79.79,-5.91;
4.80,-82.18,-6.55;
2.27,-81.17,-9.38;
1.75,-80.61,-9.99;
14.61,-84.43,-10.69;
14.01,-81.51,-12.16;
15.37,-80.66,-10.66;
9.77,-82.79,-14.41;
2.71,-83.31,-14.28;
-2.86,-80.23,-11.48;
-13.03,-81.14,-9.88;
-13.26,-74.26,-7.53;
-21.82,-71.30,-7.65;
-29.68,-67.13,-13.04;
-30.39,-68.23,-12.83;
-24.49,-64.32,-10.98;
-15.76,-60.20,-12.06;
-14.63,-59.28,-12.99;
-6.30,-57.37,-17.27;
-1.17,-51.53,-17.28;
8.13,-48.43,-16.92;
11.19,-51.86,-15.64;
3.19,-51.98,-14.25;
-6.60,-48.08,-14.70;
-5.47,-54.38,-14.61;
-0.66,-51.40,-12.55;
-4.45,-46.95,-13.56;
-0.66,-47.11,-13.51;
-4.72,-49.51,-11.91;
-4.20,-45.24,-13.57;
0.83,-39.19,-13.21;
0.35,-34.56,-14.16;
-4.86,-30.06,-15.54;
-6.91,-34.90,-16.58;
-8.78,-31.85,-15.97;
-13.15,-30.82,-14.54;
-4.74,-30.91,-12.20;
-3.32,-30.17,-8.78;
-2.63,-27.86,-6.95;
-6.91,-21.19,-7.96;
-5.99,-23.83,-9.62;
-5.10,-19.65,-7.67;
-2.20,-21.17,-5.86;
-6.98,-20.11,-7.44;
-8.74,-17.98,-10.17;
-2.31,-22.18,-11.97;
2.48,-21.04,-10.90;
6.91,-18.73,-10.02;
5.49,-17.80,-7.54;
3.02,-20.40,-6.81;
0.59,-17.53,-6.60;
1.12,-15.43,-8.49;
1.19,-17.68,-8.87;
4.04,-12.52,-7.65;
4.36,-10.32,-6.54;
3.95,-11.62,-5.88;
8.94,-10.27,-5.16;
7.32,-11.10,-4.66;
1.77,-7.37,-5.19;
-0.46,-7.62,-6.00;
1.48,-11.13,-4.41;
1.93,-10.23,-2.67;
1.02,-9.28,-2.11;
0.32,-6.76,-3.38;
-1.90,-7.95,-5.71;
-3.01,-9.24,-6.20;
-0.55,-7.21,-4.19;
2.48,-5.86,-3.38;
5.22,-4.43,-2.38;
3.41,-3.05,-2.09;
3.57,-2.41,-2.60;
5.05,-1.37,-2.87;
4.90,-0.59,-3.03;
4.41,-0.96,-2.28;
3.60,-0.50,-1.65;
3.03,-0.47,-0.83;
-1.20,0.37,0.94;
-2.20,0.37,1.16;
-1.42,-2.38,0.65;
-4.36,0.29,-0.38;
-2.19,1.54,-0.87;
0.88,1.38,-0.87;
0.54,0.92,-1.06;
-1.39,-0.75,-0.23;
-2.46,-0.29,-0.58;
-0.97,-0.56,-0.75;
-0.65,0.21,-1.06;
1.45,0.08,-1.35;
2.83,-0.61,-1.03;
4.09,0.18,-0.77;
1.93,-0.99,-0.37;
0.36,-1.01,0.78;
-2.68,-0.23,1.13;
-5.07,0.49,1.26;
-5.88,2.50,1.95;
-5.36,2.57,2.01;
-6.39,1.73,1.84;
-6.54,-0.41,1.77;
-5.97,0.61,2.01;
-4.25,2.17,1.81;
-1.15,2.28,1.80;
0.24,1.01,1.48;
0.62,-0.06,0.87;
-1.56,-1.25,-0.35;
-1.90,-0.79,-0.60;
0.50,-1.33,-0.03;
0.16,-0.04,0.52;
1.19,1.41,0.49;
1.40,0.92,0.56;
-0.49,-0.27,0.20;
-1.13,-0.69,0.68;
-0.33,-0.67,0.97;
-0.45,-0.56,0.87;
-2.13,-0.98,0.38;
-2.26,-0.14,0.17;
1.98,-0.38,0.62;
0.19,-0.46,1.04;
0.24,-0.24,0.59;
0.87,1.21,0.06;
0.76,0.83,-0.00;
-2.13,-0.14,0.52;
-1.44,-0.99,0.87;
-1.30,-0.61,0.09;
-1.50,0.79,0.26;
0.45,1.18,0.58;
-0.07,1.25,1.28;
-0.14,2.29,1.30;
-1.12,1.51,1.42;
-2.54,0.47,0.73;
-1.10,0.55,1.04;
0.21,-0.37,1.05;
0.07,-0.66,0.53;
0.94,0.05,0.36;
0.15,-0.23,-0.00;
-1.10,-0.87,0.12;
0.96,0.26,-0.16;
1.81,1.53,-0.09;
2.06,2.12,-0.06;
2.87,0.57,0.27;
0.39,-0.43,0.33;
-0.95,-0.03,0.06;
0.90,-0.29,0.26;
-0.71,0.32,0.15;
-1.36,0.87,0.24;
-0.30,0.34,0.49;
-1.30,-0.61,0.15;
-1.97,-0.49,0.18;
0.80,0.05,-0.25;
1.22,0.75,-0.25;
1.28,0.28,-0.55;
1.14,-0.81,-1.04;
0.67,-1.07,-1.28;
1.12,-1.04,-1.28;
-0.19,-0.29,-0.99;
-1.00,-0.78,-0.95;
0.41,-0.76,-0.93;
-0.49,0.09,-0.95;
-1.24,-0.26,-1.18;
-0.40,0.21,-0.80;
0.29,-1.48,-1.01;
-0.43,-2.03,-0.69;
-0.49,-1.28,-0.54;
-1.17,-2.33,-1.04;
-0.62,-0.37,-0.96;
1.75,-0.55,-0.46;
0.51,0.03,-0.02;
0.73,-1.48,-0.02;
-0.51,-0.76,0.01;
-2.43,-0.96,-0.19;
-1.07,-0.93,-0.12;
0.29,-0.90,-0.46;
0.03,-1.42,-0.32;
0.24,-1.16,-0.77;
0.29,0.05,-0.43;
0.87,0.26,-0.89;
1.49,-1.30,-0.26;
1.17,-1.98,-0.14;
0.22,-1.97,-0.00;
-0.36,-1.24,-0.11;
-2.07,-1.28,-0.51;
-2.48,-1.60,-0.40;
-1.26,-0.24,-0.37;
0.09,-1.62,-0.00;
0.16,-1.16,-0.75;
0.73,-0.18,-0.87;
2.38,-0.72,-1.54;
0.90,-2.06,-0.80;
1.57,-1.94,-0.98;
-0.05,-1.98,-0.55;
-0.39,-1.98,-0.75;
0.36,-1.66,-0.83;
0.27,-1.10,-1.06;
0.54,-1.01,-0.93;
0.18,-1.57,-0.11;
0.10,-1.60,-0.16;
-1.15,-1.28,-0.38;
-1.09,-0.38,-0.31;
-0.91,-2.24,-0.23;
-1.06,-0.38,0.17;
-1.96,-0.81,-0.22;
-1.42,-0.08,0.33;
-0.72,-0.99,-0.12;
-1.64,-2.01,-0.46;
0.21,-1.10,-0.54;
0.94,-1.51,-0.29;
0.58,-0.66,-0.19;
0.70,-0.11,-0.40;
-0.33,-0.30,-0.55;
-0.65,-0.55,-0.49;
-0.89,-2.41,-0.41;
-1.03,-2.09,-1.13;
0.01,-1.88,-1.74;
0.45,-0.90,-0.98;
0.22,0.41,-1.16;
1.55,1.22,-0.89;
2.38,0.93,-0.09;
2.56,-0.04,-0.03;
2.76,0.70,-0.03;
0.68,0.08,-0.74;
-0.23,-0.06,-0.48;
-0.14,-0.50,-0.03;
-0.48,-0.52,0.58;
-0.60,-0.27,0.68;
-0.89,1.89,-0.08;
-0.07,1.94,-0.11;
1.41,0.06,-0.03;
1.41,0.64,0.12;
1.11,-0.26,0.12;
1.70,-0.95,0.23;
1.26,1.04,-0.37;
0.33,0.50,-0.52;
-0.25,0.03,-0.14;
0.47,0.11,-0.19;
-1.18,0.43,-0.11;
0.64,-0.75,0.30;
0.91,-1.04,0.36;
0.47,-0.03,0.30;
-0.81,-0.21,0.09;
-0.60,1.15,-0.11;
0.21,1.30,-0.41;
-0.36,1.07,0.17;
-0.39,-0.30,-0.00;
0.94,-1.69,-0.00;
0.74,-1.24,0.12;
0.93,-0.90,0.44;
0.45,0.37,-0.06;
0.70,1.36,-0.70;
-0.77,2.37,-0.46;
-0.83,-1.25,0.04;
0.36,-2.20,0.21;
-0.97,-1.04,0.24;
-1.84,1.33,0.49;
-0.55,1.74,0.47;
-0.14,0.83,1.04;
-1.20,-0.37,0.84;
-0.83,-1.57,0.12;
-0.07,-1.54,-0.03;
-1.96,0.38,-0.26;
-1.27,-0.01,-0.00;
0.18,0.23,0.73;
1.87,1.07,0.36;
3.12,1.05,0.29;
2.10,0.95,-0.00;
1.23,0.25,0.18;
-1.26,-0.88,-0.17;
-2.22,-1.19,0.04;
0.16,-0.91,0.41;
1.12,-1.24,0.26;
0.58,0.70,-0.22;
0.47,0.34,-0.08;
1.37,0.58,-0.00;
1.34,-0.72,0.09;
0.24,-0.03,0.49;
0.41,-0.15,0.06;
-0.49,0.89,0.09;
-0.30,0.81,0.17;
-0.46,0.15,-0.02;
1.00,-0.33,0.07;
1.06,-0.85,0.58;
0.45,0.70,0.47;
0.54,-0.21,-0.20;
1.31,0.29,-0.06;
0.59,1.15,0.20;
-0.39,0.23,0.06;
0.77,0.00,0.35;
0.96,-0.15,0.09;
-0.16,-0.37,-0.22;
-0.13,1.73,-0.34;
2.09,0.32,0.23;
1.46,1.05,1.25;
-0.86,1.25,1.31;
-0.95,0.93,1.05;
-1.20,1.27,1.07;
-1.67,2.03,0.68;
0.36,0.93,0.79;
-0.49,-0.88,0.36;
-1.35,-0.09,-0.19;
-1.81,0.60,0.01;
-1.24,1.09,0.09;
2.22,1.63,0.85;
2.33,2.29,0.82;
-0.13,2.02,1.26;
-0.17,0.26,0.53;
-1.33,0.21,0.47;
-1.23,0.73,0.33;
-1.24,2.41,0.33;
1.72,1.91,0.53;
3.26,1.33,1.17;
2.03,0.63,0.24;
1.23,-0.62,-0.34;
2.90,-0.37,-1.13;
3.14,0.61,-1.79;
4.93,1.38,-1.71;
5.87,1.65,-0.66;
5.89,3.74,0.14;
3.96,3.57,0.61;
2.33,3.48,1.31;
0.22,4.58,1.23;
-3.07,5.96,2.09;
-3.88,5.41,2.06;
-3.88,5.25,2.84;
-3.59,6.11,3.20;
-3.04,6.38,3.45;
-4.28,6.55,3.98;
-3.88,6.49,4.07;
-2.39,7.92,4.21;
-0.13,11.48,4.35;
1.75,13.76,3.63;
2.59,13.39,3.98;
4.59,16.31,4.62;
3.61,16.93,4.33;
3.58,16.89,4.26;
3.31,20.14,4.96;
2.90,22.57,4.53;
4.50,22.47,4.46;
4.25,23.45,4.96;
4.39,25.99,5.63;
5.31,27.28,6.61;
3.61,27.24,6.84;
-0.65,27.24,8.26;
-0.07,23.77,9.74;
-0.94,23.96,11.28;
-5.61,28.31,13.43;
-7.00,30.67,14.96;
-8.02,30.43,15.81;
-9.82,33.56,17.91;
-10.17,34.64,19.55;
-9.18,35.86,20.88;
-7.06,41.73,21.74;
-4.04,46.31,22.84;
2.01,49.63,23.51;
7.52,55.77,24.64;
16.94,58.64,23.42;
27.81,55.97,23.69;
34.96,59.22,23.59;
38.90,61.24,22.73;
37.34,62.93,21.51;
39.38,71.28,21.74;
41.14,79.89,21.52;
36.29,95.34,19.62;
42.70,90.67,16.33;
49.48,98.67,15.65;
40.35,105.01,15.81;
36.32,115.97,11.83;
36.80,122.89,4.99;
20.45,119.27,4.59;
3.98,113.28,12.91;
0.18,109.68,21.51;
-5.04,109.19,26.47;
-19.99,101.70,26.06;
-41.17,98.09,20.97;
-35.97,101.22,23.71;
-8.25,103.21,28.29;
-17.15,109.28,21.14;
-28.10,113.42,15.02;
-35.84,113.80,10.64;
-13.52,108.67,7.48;
-14.95,108.49,5.74;
-9.39,115.73,2.23;
-9.97,121.68,-2.23;
-8.54,121.77,-4.38;
-9.76,109.48,-3.42;
-9.38,108.05,-1.30;
-12.43,107.77,2.20;
-17.65,104.69,2.38;
-11.06,102.78,4.17;
-12.25,104.55,4.93;
-17.27,106.99,4.58;
-23.90,101.16,1.74;
-27.55,100.52,2.64;
-21.39,98.52,3.69;
-15.06,96.34,3.28;
-5.76,100.34,0.39;
-5.13,101.24,-1.64;
-6.36,99.59,-3.44;
-2.19,96.63,-1.03;
-6.46,97.19,-1.71;
-3.49,96.40,-0.90;
-5.18,97.44,-0.26;
-6.19,97.12,1.19;
-7.01,97.27,0.97;
-12.04,97.92,0.24;
-14.81,96.58,-1.12;
-13.24,94.25,-1.10;
-3.67,97.51,0.38;
-0.97,96.38,-0.02;
3.06,95.89,0.91;
0.12,94.26,-0.08;
-0.80,97.01,-0.40;
0.24,95.71,0.15;
1.98,93.15,1.23;
-3.88,93.97,2.68;
-4.81,87.71,2.68;
-3.58,83.91,2.55;
-6.68,82.20,2.20;
-7.73,83.57,2.27;
-7.18,81.41,3.23;
-7.67,80.41,5.16;
-12.25,75.88,6.72;
-11.29,72.12,7.14;
-11.52,67.33,5.71;
-10.98,63.59,4.07;
-5.91,59.91,1.48;
1.55,56.50,-1.03;
4.76,53.33,-2.66;
8.38,51.48,-2.09;
3.28,49.89,-0.34;
-5.09,48.92,1.26;
-8.25,47.48,1.23;
-9.81,44.20,0.72;
-9.84,40.58,0.07;
-7.04,37.79,2.55;
-10.46,37.36,4.56;
-11.41,34.57,5.92;
-12.40,31.92,5.04;
-4.52,28.72,4.43;
0.88,24.14,2.53;
2.58,20.06,2.55;
3.32,17.92,4.62;
-0.42,15.15,6.44;
-4.95,12.09,7.68;
-8.28,7.13,7.40;
-6.48,3.77,6.55;
-2.89,0.54,4.72;
0.53,-1.51,4.32;
1.23,-3.77,3.86;
-1.49,-4.90,3.84;
-1.59,-7.19,3.55;
1.11,-9.71,2.33;
2.59,-11.65,1.62;
0.77,-13.66,0.91;
1.66,-16.17,0.55;
-0.55,-16.29,0.56;
-1.84,-17.30,0.72;
-1.27,-18.85,0.03;
-2.10,-21.88,0.52;
-0.04,-23.28,0.52;
0.91,-23.62,0.79;
2.94,-26.38,1.04;
4.82,-28.84,1.04;
8.88,-31.77,-0.77;
11.26,-34.00,-2.67;
9.60,-38.52,-2.78;
5.92,-42.40,0.17;
9.31,-47.17,1.92;
9.02,-50.79,3.48;
8.82,-56.67,4.17;
10.33,-60.01,4.04;
13.41,-65.72,1.92;
19.52,-70.47,-0.00;
27.93,-75.85,-1.33;
35.09,-81.08,-1.88;
32.76,-85.50,-3.64;
27.57,-89.40,-4.08;
19.80,-92.61,-3.22;
12.42,-95.01,0.96;
9.03,-96.70,1.66;
10.64,-98.12,1.49;
11.72,-102.70,0.32;
11.46,-103.91,-3.79;
12.06,-104.29,-4.90;
17.64,-104.43,-4.93;
22.32,-105.51,-4.70;
19.84,-107.60,-4.70;
19.25,-109.79,-4.22;
18.04,-108.53,-3.79;
14.16,-107.89,-2.61;
14.77,-105.14,-0.55;
9.45,-104.70,0.07;
7.40,-104.67,0.96;
3.57,-105.86,0.82;
1.96,-103.62,0.76;
3.19,-102.93,0.85;
5.14,-101.45,1.08;
9.66,-99.77,3.10;
8.12,-99.69,5.65;
9.46,-97.22,6.99;
5.84,-98.08,6.90;
9.05,-98.69,7.02;
8.15,-96.58,8.07;
7.57,-95.33,8.58;
0.88,-93.92,9.88;
1.00,-92.84,11.37;
-4.66,-94.11,10.10;
-0.25,-92.79,7.71;
-2.72,-94.40,5.31;
-2.54,-92.29,2.38;
-6.40,-90.03,0.53;
-12.11,-92.96,-2.05;
-18.95,-89.54,-7.88;
-17.46,-88.55,-9.19;
-17.38,-89.71,-9.22;
-18.14,-90.88,-12.08;
-12.10,-84.55,-11.33;
-18.30,-83.05,-7.80;
-18.04,-80.32,-9.99;
-16.59,-80.93,-11.71;
-19.56,-82.66,-14.93;
-21.27,-81.24,-17.18;
-15.01,-82.76,-15.54;
-10.49,-88.96,-16.60;
5.03,-85.75,-16.74;
11.35,-79.72,-17.96;
11.12,-73.80,-16.22;
-0.28,-73.91,-16.83;
-0.43,-70.98,-16.64;
4.44,-66.87,-14.32;
-1.30,-67.89,-16.37;
-15.58,-66.37,-14.54;
-6.40,-66.46,-14.48;
-4.34,-67.10,-12.86;
-5.97,-60.12,-8.20;
5.06,-64.27,-10.67;
-4.77,-60.95,-10.72;
-1.44,-58.12,-8.98;
8.07,-60.12,-6.96;
3.22,-54.53,-8.26;
1.37,-51.21,-7.77;
-2.05,-51.62,-8.54;
-1.68,-48.27,-9.79;
1.90,-47.82,-12.66;
5.40,-42.85,-13.18;
4.91,-43.37,-12.67;
-0.68,-47.25,-14.17;
-9.70,-44.67,-12.64;
-14.83,-38.26,-11.01;
-19.27,-39.62,-7.01;
-24.83,-47.16,-10.67;
-23.78,-46.33,-7.51;
-25.39,-53.22,-5.12;
-28.51,-49.45,-4.63;
-24.52,-43.36,-4.26;
-13.23,-36.11,-10.75;
-6.54,-39.22,-13.82;
-8.04,-38.49,-14.51;
0.27,-35.43,-15.45;
2.22,-31.68,-13.73;
1.11,-27.68,-10.31;
-0.19,-30.67,-11.44;
-0.37,-34.66,-14.74;
-3.78,-35.86,-14.83;
-3.00,-36.78,-11.96;
-4.43,-34.26,-9.94;
-10.97,-31.56,-10.48;
-11.35,-32.75,-11.68;
-9.36,-30.50,-12.08;
-5.42,-27.71,-13.01;
0.16,-30.15,-14.31;
4.76,-30.14,-16.95;
10.36,-31.19,-13.61;
11.20,-28.26,-16.12;
13.83,-25.79,-14.63;
13.57,-23.72,-14.09;
10.94,-21.77,-13.33;
10.48,-26.85,-12.57;
5.08,-23.79,-11.22;
4.13,-25.40,-12.08;
4.36,-27.65,-11.82;
4.94,-23.48,-10.75;
7.46,-22.37,-10.05;
6.68,-18.44,-8.05;
8.30,-17.05,-8.58;
8.42,-16.73,-8.41;
8.88,-15.69,-7.57;
8.45,-15.34,-7.45;
6.93,-15.07,-7.57;
4.97,-16.35,-8.43;
6.76,-18.37,-8.80;
8.10,-19.11,-9.30;
6.83,-19.46,-11.90;
9.02,-21.97,-13.39;
15.51,-25.85,-13.30;
16.07,-23.51,-12.80;
19.90,-17.82,-13.57;
20.42,-16.29,-12.84;
19.14,-17.08,-11.79;
15.52,-17.28,-11.28;
13.19,-14.75,-10.74;
8.30,-13.74,-9.86;
3.86,-13.69,-7.50;
0.97,-11.21,-4.64;
-5.59,-7.69,-2.22;
-10.49,-7.69,-1.42;
-14.55,-9.02,-0.28;
-16.01,-9.53,1.05;
-15.67,-9.14,1.25;
-12.34,-6.75,1.81;
-9.38,-5.43,0.81;
-6.88,-7.10,-0.52;
-4.60,-9.05,-1.44;
-1.55,-11.69,-3.19;
0.03,-11.86,-3.59;
5.54,-8.11,-3.48;
4.73,-4.44,-4.43;
4.50,-3.79,-3.53;
5.45,-4.52,-2.32;
3.40,-6.93,-1.57;
-0.28,-9.79,-1.24;
-2.94,-11.69,-0.38;
-4.16,-10.76,-0.67;
-5.38,-8.99,-1.16;
-6.13,-6.24,-0.58;
-4.43,-5.71,-0.60;
-2.95,-6.26,-0.31;
-2.19,-7.92,-0.14;
-0.97,-7.71,0.36;
-1.17,-7.43,0.93;
-3.17,-6.50,-0.46;
-3.23,-3.53,-2.34;
-0.22,-2.61,-1.96;
2.94,-3.05,-1.18;
2.96,-3.50,-0.52;
0.22,-4.93,-0.23;
-3.61,-7.82,-0.19;
-6.62,-8.66,-0.12;
-4.40,-7.08,0.09;
-2.30,-2.81,0.23;
0.80,0.03,0.26;
3.17,0.96,0.24;
0.64,0.84,0.24;
-1.99,0.18,0.38;
-3.21,-1.10,0.20;
-4.23,-2.53,0.10;
-2.80,-2.87,0.18;
-2.69,-1.74,0.39;
-2.57,0.43,-0.06;
0.06,1.10,-0.26;
2.53,0.96,-0.37;
2.16,0.66,-0.22;
0.30,0.15,-0.00;
-0.52,-0.12,-0.00;
-0.25,-0.43,-0.05;
0.16,-0.04,0.07;
0.90,-0.47,-0.32;
1.69,-1.04,-0.66;
3.23,-0.90,-0.84;
4.51,-0.85,-0.99;
4.79,-0.78,-0.92;
4.82,-0.75,-1.38;
4.36,-0.98,-1.32;
4.47,-1.01,-1.33;
5.20,-0.99,-2.00;
6.77,-1.07,-2.60;
8.36,-1.39,-3.09;
9.43,-2.46,-3.50;
10.70,-2.95,-4.26;
12.03,-3.30,-4.49;
13.14,-3.31,-4.34;
13.95,-2.43,-4.95;
15.02,-1.92,-4.95;
15.14,-1.80,-4.55;
13.75,-1.54,-3.77;
10.62,-1.62,-2.78;
6.62,-1.45,-1.79;
3.32,-1.63,-0.28;
0.68,-1.91,0.58;
-1.59,-2.12,1.34;
-2.51,-2.01,1.88;
-3.82,-1.59,1.77;
-3.91,-1.33,1.84;
-3.53,-1.13,1.48;
-2.48,-0.79,1.31;
-0.49,-0.75,0.75;
1.77,-1.05,0.06;
3.95,-1.07,-0.81;
5.48,-1.24,-1.12;
6.30,-1.02,-1.38;
6.35,-1.27,-1.65;
5.99,-0.99,-1.88;
5.89,-0.96,-1.67;
5.12,-0.64,-1.27;
3.95,-0.76,-1.09;
2.45,-0.81,-0.40;
0.97,-0.40,0.03;
-0.33,-0.24,0.59;
-1.27,-0.03,0.73;
-1.50,-0.09,0.73;
-1.49,0.00,0.70;
-1.01,0.06,0.58;
-1.06,-0.09,0.91;
-1.01,0.06,0.49;
-0.37,-0.20,0.56;
0.06,-0.06,0.52;
0.65,0.18,0.17;
0.87,0.29,-0.03;
1.06,0.70,-0.14;
1.09,0.61,-0.29;
1.19,0.32,-0.06;
0.70,-0.03,-0.25;
0.25,-0.32,0.03;
0.45,-0.38,-0.00;
-0.13,-0.43,0.15;
-0.48,-0.01,0.36;
-0.78,0.03,0.56;
-0.74,0.17,0.43;
-0.33,-0.08,0.52;
0.03,-0.21,-0.05;
0.18,-0.32,0.27;
0.59,-0.49,-0.14;
0.54,-0.33,-0.46;
0.65,-0.43,-0.20;
0.53,-0.20,-0.25;
0.68,-0.17,-0.38;
0.68,-0.11,-0.02;
0.13,-0.20,-0.06;
0.12,0.05,0.32;
0.01,0.05,0.44;
-0.16,-0.01,0.39;
-0.20,0.08,0.33;
-0.45,-0.26,0.36;
-0.26,-0.35,0.70;
-0.36,-0.30,0.62;
-0.49,-0.23,0.32;
-0.43,-0.09,-0.05;
-0.05,-0.14,0.10;
0.09,-0.11,-0.08;
0.58,-0.29,-0.11;
0.77,-0.35,-0.72;
1.22,-0.37,-0.28;
1.41,-0.37,-0.25;
1.22,-0.49,-0.23;
0.91,-0.44,-0.31;
0.47,-0.30,-0.49;
0.25,-0.56,-0.29;
0.58,-0.67,0.10;
0.45,-0.73,-0.06;
0.51,-0.30,0.30;
0.30,-0.12,0.24;
0.16,-0.15,0.32;
0.06,-0.15,-0.12;
0.24,-0.49,-0.28;
0.06,-0.43,-0.70;
0.62,-0.85,-0.25;
1.05,-0.58,-0.31;
1.16,-0.24,-0.37;
0.67,-0.04,-0.19;
0.44,-0.17,-0.41;
0.13,-0.09,-0.38;
0.35,0.00,-0.29;
0.58,-0.17,-0.23;
0.45,-0.24,-0.38;
0.27,-0.23,-0.45;
0.10,-0.21,-0.34;
0.21,-0.24,-0.37;
0.30,-0.33,-0.37;
0.41,-0.06,-0.63;
0.38,0.06,-0.49;
0.68,-0.09,-0.58;
0.68,0.20,-0.51;
0.83,-0.04,-0.38;
0.74,-0.08,-0.48;
0.99,0.06,-0.54;
0.29,0.05,-0.48;
0.22,0.14,-0.23;
-0.23,0.03,-0.22;
-0.51,-0.41,-0.38;
-0.42,-0.32,-0.25;
-0.25,-0.12,-0.54;
0.09,-0.04,-0.34;
-0.08,-0.08,-0.22;
-0.07,0.21,-0.08;
0.27,0.20,-0.06;
0.30,0.41,-0.23;
-0.08,0.15,-0.19;
-0.83,0.11,-0.16;
-0.65,0.12,0.12;
-0.78,-0.06,0.52;
-0.88,-0.17,0.87;
-1.13,0.44,0.81;
-1.50,0.66,0.84;
-1.30,0.38,0.58;
-1.12,0.12,0.32;
-0.75,0.02,0.50;
-0.37,-0.29,0.35;
0.33,-0.08,0.20;
0.18,0.12,0.29;
-0.01,0.49,0.15;
-0.02,0.50,0.14;
0.21,0.12,-0.09;
0.19,-0.09,-0.26;
0.30,-0.29,-0.03;
0.30,-0.27,0.04;
0.18,-0.33,-0.05;
0.21,-0.06,0.17;
0.01,0.06,0.23;
-0.36,0.02,0.47;
-0.31,0.05,0.35;
0.06,-0.11,0.21;
0.22,-0.20,0.35;
0.03,-0.18,0.30;
-0.08,-0.26,0.35;
-0.11,-0.23,0.62;
-0.20,-0.35,0.24;
-0.08,-0.46,0.39;
0.04,-0.44,0.53;
-0.02,-0.38,0.70;
-0.33,-0.29,0.32;
-0.07,-0.38,0.50;
-0.04,-0.40,0.33;
-0.04,-0.35,0.21;
0.06,-0.27,0.12;
-0.08,-0.49,0.26;
0.19,-0.50,0.20;
0.36,-0.53,0.12;
0.33,-0.23,0.24;
-0.05,0.00,0.26;
-0.37,-0.24,-0.03;
0.33,-0.56,0.49;
-0.36,-0.46,0.35;
0.01,-0.37,0.43;
-0.20,-0.44,0.78;
-0.51,-0.72,0.23;
-0.08,-0.70,0.33;
0.04,-0.50,0.10;
-0.14,-0.70,0.18;
0.27,-0.47,0.09;
0.58,-0.64,0.17;
0.22,-0.43,0.18;
0.32,-0.27,-0.08;
0.30,-0.15,-0.35;
0.61,-0.44,-0.11;
0.50,-0.44,-0.08;
0.61,-0.41,-0.28;
0.67,-0.49,-0.26;
0.67,-0.15,-0.03;
0.39,-0.03,-0.17;
0.33,-0.41,-0.14;
0.22,-0.32,-0.16;
-0.11,-0.29,-0.29;
-0.02,-0.23,-0.03;
-0.02,-0.18,0.17;
0.07,-0.14,-0.02;
-0.17,-0.18,0.06;
0.06,-0.24,0.03;
-0.23,-0.30,0.14;
-0.45,-0.53,-0.14;
-0.37,-0.52,0.21;
-0.63,-0.46,0.07;
-0.65,-0.27,0.38;
-0.19,-0.40,0.20;
-0.02,-0.41,0.07;
-0.11,-0.21,-0.29;
-0.04,-0.44,-0.06;
0.24,-0.52,-0.49;
0.62,-0.69,-0.51;
0.25,-0.33,-0.41;
0.21,-0.29,-0.49;
0.47,-0.46,-0.41;
0.80,-0.23,-0.25;
0.39,-0.27,-0.16;
0.15,-0.23,-0.09;
-0.17,-0.01,-0.16;
-0.25,-0.17,-0.06;
0.12,-0.33,-0.08;
0.38,-0.32,-0.19;
0.09,-0.37,-0.22;
0.21,-0.37,-0.20;
0.15,-0.29,-0.23;
0.04,-0.15,-0.20;
-0.10,-0.11,0.12;
-0.36,0.03,-0.06;
-0.33,-0.26,-0.02;
-0.20,-0.33,0.09;
0.03,-0.12,-0.19;
0.30,0.20,-0.17;
0.48,0.11,0.04;
0.38,0.11,-0.11;
0.29,0.23,-0.17;
0.39,-0.06,-0.17;
0.10,-0.20,-0.16;
0.25,-0.15,-0.14;
0.21,0.02,-0.16;
0.15,0.15,0.07;
0.07,0.02,0.21;
-0.05,-0.12,0.17;
-0.11,-0.24,0.23;
-0.04,-0.01,-0.17;
0.18,-0.09,-0.05;
0.09,-0.41,-0.00;
0.10,-0.06,0.21;
0.29,0.06,0.07;
0.07,0.26,-0.00;
-0.02,0.06,0.18;
-0.19,0.08,0.04;
-0.22,0.03,0.56;
-0.16,0.02,0.56;
-0.78,0.20,0.41;
-0.89,0.31,0.23;
-0.49,-0.11,0.46;
-0.22,0.05,0.79;
-0.31,0.12,0.47;
-0.23,0.31,0.47;
-0.49,0.28,0.29;
-0.39,0.00,0.23;
-0.08,-0.18,0.10;
0.07,-0.53,-0.00;
0.16,-0.58,-0.16;
0.45,-0.43,-0.03;
0.73,-0.24,-0.09;
0.16,0.08,-0.03;
-0.02,0.08,-0.16;
-0.20,-0.17,0.01;
-0.07,-0.47,-0.11;
-0.14,-0.61,-0.31;
0.35,-0.27,0.36;
0.58,-0.01,0.03;
0.38,-0.01,0.14;
0.27,0.00,0.12;
0.38,0.03,0.04;
0.35,-0.30,0.21;
0.27,-0.23,0.04;
0.16,-0.41,0.21;
0.25,-0.03,-0.00;
0.24,-0.08,-0.00;
0.09,0.06,-0.08;
-0.01,-0.09,-0.06;
-0.14,-0.03,0.07;
-0.10,-0.08,0.29;
-0.40,-0.30,-0.02;
-0.40,0.02,0.10;
-0.55,-0.06,0.12;
-0.46,-0.17,-0.06;
-0.36,-0.04,-0.08;
-0.26,-0.15,-0.08;
0.03,0.18,0.01;
0.09,0.20,0.09;
-0.11,0.14,0.23;
-0.80,0.17,0.26;
-0.55,0.09,0.27;
-0.33,-0.17,0.38;
-0.59,0.11,0.38;
-0.31,0.09,0.18;
-0.37,0.00,0.03;
-0.33,-0.14,-0.09;
0.03,-0.40,0.06;
-0.05,-0.55,-0.11;
0.18,-0.73,-0.02;
0.59,-0.44,-0.14;
0.33,-0.09,-0.09;
0.01,-0.15,-0.12;
-0.31,-0.03,-0.23;
-0.31,-0.30,0.15;
0.13,-0.33,-0.12;
0.39,-0.27,-0.03;
0.68,-0.17,0.06;
0.50,0.15,0.14;
0.19,0.09,-0.11;
0.04,-0.21,-0.08;
-0.02,-0.37,-0.12;
0.09,-0.23,-0.03;
-0.10,-0.20,0.06;
-0.05,0.11,0.10;
-0.22,0.44,0.24;
-0.23,0.20,0.23;
-0.51,-0.03,0.36;
-0.77,0.17,0.35;
-0.81,-0.18,0.10;
-0.51,-0.06,0.03;
-0.39,0.14,0.20;
-0.46,0.03,0.24;
-0.31,0.09,0.39;
-0.19,-0.40,-0.03;
0.18,-0.44,-0.19;
0.35,-0.61,-0.29;
0.41,-0.59,-0.00;
-0.10,-0.43,-0.38;
-0.33,-0.35,-0.38;
-0.22,-0.49,-0.02;
0.15,-0.52,0.07;
-0.25,-0.82,0.24;
0.04,-0.58,-0.09;
-0.04,-0.37,0.14;
-0.04,-0.82,-0.20;
0.16,-0.72,-0.11;
0.25,-1.01,-0.46;
0.83,-0.91,-0.28;
1.35,-0.85,-0.51;
1.26,-0.61,-0.09;
0.87,-0.38,-0.00;
-0.08,-0.40,-0.17;
-0.37,-0.49,-0.34;
-0.14,-0.85,0.18;
-0.28,-0.87,-0.12;
0.04,-0.81,-0.06;
0.39,-0.59,0.32;
0.32,-0.32,-0.02;
0.41,-0.32,0.21;
0.09,-0.43,0.15;
0.07,-0.76,-0.02;
-0.08,-0.55,0.10;
-0.20,-0.66,0.23;
0.01,-0.37,0.18;
0.07,-0.40,0.17;
-0.16,-0.33,0.03;
-0.54,-0.64,0.03;
-0.37,-0.59,0.12;
-0.81,-0.53,0.18;
-0.66,-0.46,0.35;
-0.59,-0.55,0.23;
-0.33,-0.35,0.17;
-0.14,-0.21,-0.03;
0.09,-0.49,-0.11;
0.47,-0.50,-0.20;
0.62,-0.61,-0.16;
0.18,-0.33,-0.41;
-0.55,-0.64,-0.28;
-0.33,-0.55,-0.14;
-0.14,-0.46,-0.12;
-0.39,-0.88,0.18;
-0.22,-0.47,0.03;
-0.48,-0.41,0.15;
-0.54,-0.64,-0.11;
-0.23,-0.49,-0.00;
-0.33,-0.78,-0.25;
0.06,-0.73,-0.05;
0.27,-0.64,-0.09;
0.21,-0.72,-0.45;
0.04,-0.79,-0.20;
-0.17,-0.52,-0.20;
-0.14,-0.37,-0.23;
-0.25,-0.66,-0.28;
0.21,-0.82,-0.12;
0.64,-0.62,-0.06;
0.38,-0.78,0.12;
0.25,-0.67,-0.25;
0.16,-0.62,-0.20;
-0.14,-0.73,-0.12;
0.04,-0.47,-0.17;
-0.01,-0.58,-0.23;
-0.04,-0.81,0.09;
0.01,-0.59,-0.00;
-0.05,-0.56,-0.05;
-0.26,-0.49,0.15;
-0.63,-0.55,0.14;
-0.69,-0.49,0.14;
-0.84,-0.53,0.23;
-0.71,-0.56,-0.12;
-0.49,-0.64,0.30;
-0.33,-0.50,0.07;
-0.51,-0.33,0.23;
-0.23,-0.52,0.04;
-0.05,-0.46,-0.20;
0.56,-0.30,-0.08;
0.56,-0.29,-0.23;
-0.13,-0.44,-0.25;
-0.20,-0.76,-0.05;
-0.48,-0.64,0.07;
-0.31,-0.87,0.10;
-0.42,-0.64,-0.03;
-0.19,-0.41,0.01;
-0.45,-0.44,0.10;
0.01,-0.32,-0.06;
0.06,-0.53,-0.28;
0.35,-0.61,-0.17;
0.50,-0.55,-0.22;
0.50,-0.66,-0.03;
0.04,-0.43,0.18;
0.19,-0.20,-0.02;
0.24,-0.15,-0.09;
0.24,-0.12,-0.05;
0.18,-0.58,-0.02;
-0.02,-0.53,0.14;
-0.02,-0.53,0.15;
-0.19,-0.30,0.33;
-0.25,-0.35,0.10;
-0.19,-0.17,0.32;
-0.22,-0.37,0.09;
0.01,-0.27,0.17;
0.29,-0.12,0.10;
0.03,-0.37,0.15;
0.07,-0.23,0.53;
-0.08,-0.03,0.41;
-0.26,-0.01,0.29;
-0.39,-0.11,0.50;
-0.42,0.00,0.41;
-0.46,-0.03,0.21;
-0.46,0.08,0.21;
-0.37,-0.23,0.10;
-0.08,-0.11,0.10;
-0.10,-0.06,-0.05;
-0.04,-0.03,0.15;
-0.07,0.34,-0.00;
0.19,0.29,-0.03;
0.15,0.26,0.20;
-0.31,0.11,-0.03;
-0.68,0.05,-0.08;
-0.46,-0.27,0.46;
-0.33,-0.33,0.81;
-0.62,0.08,0.56;
-0.72,0.14,0.50;
-0.71,0.17,0.55;
-0.54,0.18,0.30;
-0.52,-0.04,0.52;
-0.45,-0.43,0.38;
0.01,-0.49,0.09;
-0.23,-0.35,0.09;
-0.33,-0.24,0.27;
-0.25,-0.09,0.17;
-0.55,0.08,0.30;
-0.25,-0.18,0.04;
-0.04,-0.50,0.20;
-0.11,-0.24,0.07;
0.09,-0.17,0.04;
0.06,-0.23,-0.25;
0.25,-0.18,-0.06;
0.47,-0.20,-0.17;
0.61,-0.30,-0.14;
0.58,-0.18,-0.09;
0.42,-0.41,-0.11;
0.12,-0.29,0.32;
0.06,-0.33,0.20;
-0.37,-0.01,0.24;
-0.68,0.00,0.30;
-0.57,-0.11,0.35;
-0.75,-0.14,0.12;
-0.92,-0.04,0.44;
-0.60,0.21,0.26;
-0.62,-0.03,0.18;
-0.36,0.17,0.21;
0.01,0.31,0.04;
0.39,0.15,-0.08;
0.22,0.34,0.04;
0.16,0.08,-0.02;
0.27,-0.12,0.01;
0.04,0.06,0.29;
-0.36,0.25,0.09;
-0.83,0.05,0.21;
-0.37,-0.21,0.44;
-0.28,-0.18,0.62;
-0.37,0.05,0.27;
-0.49,0.26,0.20;
-0.59,0.00,0.20;
-0.11,-0.03,-0.03;
0.41,-0.23,-0.17;
0.27,-0.18,-0.20;
0.56,-0.41,-0.32;
0.74,-0.27,-0.22;
0.61,-0.18,-0.20;
0.39,-0.18,0.04;
-0.13,0.12,0.06;
-0.43,-0.11,-0.12;
-0.42,-0.44,-0.11;
-0.34,-0.47,0.21;
0.24,-0.38,0.01;
0.41,-0.26,0.17;
0.33,0.15,-0.05;
0.15,0.11,0.09;
-0.01,-0.06,0.07;
-0.11,-0.06,0.06;
0.32,-0.27,0.23;
0.15,-0.30,0.36;
0.01,-0.21,0.18;
-0.13,-0.15,-0.09;
-0.28,-0.09,0.15;
-0.45,-0.21,0.27;
-0.75,-0.14,0.35;
-0.83,-0.26,0.61;
-0.88,-0.26,0.39;
-0.69,-0.20,0.38;
-0.81,-0.08,0.44;
-0.71,-0.21,0.56;
-0.34,-0.40,0.39;
-0.16,0.00,0.44;
0.01,0.02,0.30;
0.15,0.03,-0.16;
0.19,-0.14,-0.08;
0.03,-0.30,-0.05;
-0.16,0.00,0.24;
-0.72,-0.32,-0.05;
-0.89,-0.50,0.27;
-0.66,-0.38,0.72;
-0.40,-0.40,0.47;
0.03,-0.06,0.24;
-0.45,0.32,0.44;
-0.22,0.00,0.06;
0.04,-0.17,-0.14;
0.24,-0.44,-0.09;
0.82,-0.81,-0.35;
0.94,-0.56,-0.20;
0.70,-0.46,-0.32;
0.48,-0.44,-0.32;
-0.07,-0.29,-0.00;
-0.16,-0.29,-0.02;
-0.22,-0.26,-0.34;
0.33,-0.37,-0.17;
0.48,-0.49,0.21;
0.30,-0.47,0.18;
0.10,-0.24,-0.09;
-0.04,-0.52,-0.09;
-0.19,-0.29,0.09;
0.09,-0.23,0.01;
-0.04,-0.08,0.17;
-0.14,-0.17,0.14;
-0.13,-0.12,0.35;
-0.13,-0.11,-0.08;
-0.46,-0.20,0.21;
-0.46,-0.14,0.06;
-0.52,-0.24,-0.11;
-0.54,-0.37,-0.11;
-0.59,-0.08,0.17;
-0.48,-0.32,-0.02;
